  3600.00000     8.8914e-15 
  3602.00000     8.8869e-15 
  3604.00000     8.8825e-15 
  3606.00000     8.8781e-15 
  3608.00000     8.8736e-15 
  3610.00000     8.8692e-15 
  3612.00000     8.8648e-15 
  3614.00000     8.8604e-15 
  3616.00000     8.8560e-15 
  3618.00000     8.8516e-15 
  3620.00000     8.8472e-15 
  3622.00000     8.8428e-15 
  3624.00000     8.8384e-15 
  3626.00000     8.8340e-15 
  3628.00000     8.8296e-15 
  3630.00000     8.8252e-15 
  3632.00000     8.8208e-15 
  3634.00000     8.8165e-15 
  3636.00000     8.8121e-15 
  3638.00000     8.8078e-15 
  3640.00000     8.8034e-15 
  3642.00000     8.7990e-15 
  3644.00000     8.7947e-15 
  3646.00000     8.7904e-15 
  3648.00000     8.7860e-15 
  3650.00000     8.7817e-15 
  3652.00000     8.7774e-15 
  3654.00000     8.7730e-15 
  3656.00000     8.7687e-15 
  3658.00000     8.7644e-15 
  3660.00000     8.7601e-15 
  3662.00000     8.7558e-15 
  3664.00000     8.7515e-15 
  3666.00000     8.7472e-15 
  3668.00000     8.7429e-15 
  3670.00000     8.7386e-15 
  3672.00000     8.7343e-15 
  3674.00000     8.7300e-15 
  3676.00000     8.7258e-15 
  3678.00000     8.7215e-15 
  3680.00000     8.7172e-15 
  3682.00000     8.7130e-15 
  3684.00000     8.7087e-15 
  3686.00000     8.7045e-15 
  3688.00000     8.7002e-15 
  3690.00000     8.6960e-15 
  3692.00000     8.6917e-15 
  3694.00000     8.6875e-15 
  3696.00000     8.6833e-15 
  3698.00000     8.6790e-15 
  3700.00000     8.6748e-15 
  3702.00000     8.6706e-15 
  3704.00000     8.6664e-15 
  3706.00000     8.6622e-15 
  3708.00000     8.6580e-15 
  3710.00000     8.6538e-15 
  3712.00000     8.6496e-15 
  3714.00000     8.6454e-15 
  3716.00000     8.6412e-15 
  3718.00000     8.6370e-15 
  3720.00000     8.6328e-15 
  3722.00000     8.6287e-15 
  3724.00000     8.6245e-15 
  3726.00000     8.6203e-15 
  3728.00000     8.6162e-15 
  3730.00000     8.6120e-15 
  3732.00000     8.6078e-15 
  3734.00000     8.6037e-15 
  3736.00000     8.5995e-15 
  3738.00000     8.5954e-15 
  3740.00000     8.5913e-15 
  3742.00000     8.5871e-15 
  3744.00000     8.5830e-15 
  3746.00000     8.5789e-15 
  3748.00000     8.5748e-15 
  3750.00000     8.5706e-15 
  3752.00000     8.5665e-15 
  3754.00000     8.5624e-15 
  3756.00000     8.5583e-15 
  3758.00000     8.5542e-15 
  3760.00000     8.5501e-15 
  3762.00000     8.5460e-15 
  3764.00000     8.5419e-15 
  3766.00000     8.5379e-15 
  3768.00000     8.5338e-15 
  3770.00000     8.5297e-15 
  3772.00000     8.5256e-15 
  3774.00000     8.5216e-15 
  3776.00000     8.5175e-15 
  3778.00000     8.5135e-15 
  3780.00000     8.5094e-15 
  3782.00000     8.5054e-15 
  3784.00000     8.5013e-15 
  3786.00000     8.4973e-15 
  3788.00000     8.4932e-15 
  3790.00000     8.4892e-15 
  3792.00000     8.4852e-15 
  3794.00000     8.4811e-15 
  3796.00000     8.4771e-15 
  3798.00000     8.4731e-15 
  3800.00000     8.4691e-15 
  3802.00000     8.4651e-15 
  3804.00000     8.4611e-15 
  3806.00000     8.4571e-15 
  3808.00000     8.4531e-15 
  3810.00000     8.4491e-15 
  3812.00000     8.4451e-15 
  3814.00000     8.4411e-15 
  3816.00000     8.4371e-15 
  3818.00000     8.4331e-15 
  3820.00000     8.4292e-15 
  3822.00000     8.4252e-15 
  3824.00000     8.4212e-15 
  3826.00000     8.4173e-15 
  3828.00000     8.4133e-15 
  3830.00000     8.4094e-15 
  3832.00000     8.4054e-15 
  3834.00000     8.4015e-15 
  3836.00000     8.3975e-15 
  3838.00000     8.3936e-15 
  3840.00000     8.3896e-15 
  3842.00000     8.3857e-15 
  3844.00000     8.3818e-15 
  3846.00000     8.3779e-15 
  3848.00000     8.3739e-15 
  3850.00000     8.3700e-15 
  3852.00000     8.3661e-15 
  3854.00000     8.3622e-15 
  3856.00000     8.3583e-15 
  3858.00000     8.3544e-15 
  3860.00000     8.3505e-15 
  3862.00000     8.3466e-15 
  3864.00000     8.3427e-15 
  3866.00000     8.3388e-15 
  3868.00000     8.3350e-15 
  3870.00000     8.3311e-15 
  3872.00000     8.3272e-15 
  3874.00000     8.3233e-15 
  3876.00000     8.3195e-15 
  3878.00000     8.3156e-15 
  3880.00000     8.3118e-15 
  3882.00000     8.3079e-15 
  3884.00000     8.3041e-15 
  3886.00000     8.3002e-15 
  3888.00000     8.2964e-15 
  3890.00000     8.2925e-15 
  3892.00000     8.2887e-15 
  3894.00000     8.2849e-15 
  3896.00000     8.2810e-15 
  3898.00000     8.2772e-15 
  3900.00000     8.2734e-15 
  3902.00000     8.2696e-15 
  3904.00000     8.2658e-15 
  3906.00000     8.2620e-15 
  3908.00000     8.2581e-15 
  3910.00000     8.2543e-15 
  3912.00000     8.2505e-15 
  3914.00000     8.2468e-15 
  3916.00000     8.2430e-15 
  3918.00000     8.2392e-15 
  3920.00000     8.2354e-15 
  3922.00000     8.2316e-15 
  3924.00000     8.2278e-15 
  3926.00000     8.2241e-15 
  3928.00000     8.2203e-15 
  3930.00000     8.2165e-15 
  3932.00000     8.2128e-15 
  3934.00000     8.2090e-15 
  3936.00000     8.2053e-15 
  3938.00000     8.2015e-15 
  3940.00000     8.1978e-15 
  3942.00000     8.1940e-15 
  3944.00000     8.1903e-15 
  3946.00000     8.1865e-15 
  3948.00000     8.1828e-15 
  3950.00000     8.1791e-15 
  3952.00000     8.1754e-15 
  3954.00000     8.1716e-15 
  3956.00000     8.1679e-15 
  3958.00000     8.1642e-15 
  3960.00000     8.1605e-15 
  3962.00000     8.1568e-15 
  3964.00000     8.1531e-15 
  3966.00000     8.1494e-15 
  3968.00000     8.1457e-15 
  3970.00000     8.1420e-15 
  3972.00000     8.1383e-15 
  3974.00000     8.1346e-15 
  3976.00000     8.1309e-15 
  3978.00000     8.1272e-15 
  3980.00000     8.1236e-15 
  3982.00000     8.1199e-15 
  3984.00000     8.1162e-15 
  3986.00000     8.1126e-15 
  3988.00000     8.1089e-15 
  3990.00000     8.1052e-15 
  3992.00000     8.1016e-15 
  3994.00000     8.0979e-15 
  3996.00000     8.0943e-15 
  3998.00000     8.0906e-15 
  4000.00000     8.0870e-15 
  4002.00000     8.0834e-15 
  4004.00000     8.0797e-15 
  4006.00000     8.0761e-15 
  4008.00000     8.0725e-15 
  4010.00000     8.0689e-15 
  4012.00000     8.0652e-15 
  4014.00000     8.0616e-15 
  4016.00000     8.0580e-15 
  4018.00000     8.0544e-15 
  4020.00000     8.0508e-15 
  4022.00000     8.0472e-15 
  4024.00000     8.0436e-15 
  4026.00000     8.0400e-15 
  4028.00000     8.0364e-15 
  4030.00000     8.0328e-15 
  4032.00000     8.0292e-15 
  4034.00000     8.0256e-15 
  4036.00000     8.0221e-15 
  4038.00000     8.0185e-15 
  4040.00000     8.0149e-15 
  4042.00000     8.0113e-15 
  4044.00000     8.0078e-15 
  4046.00000     8.0042e-15 
  4048.00000     8.0006e-15 
  4050.00000     7.9971e-15 
  4052.00000     7.9935e-15 
  4054.00000     7.9900e-15 
  4056.00000     7.9864e-15 
  4058.00000     7.9829e-15 
  4060.00000     7.9794e-15 
  4062.00000     7.9758e-15 
  4064.00000     7.9723e-15 
  4066.00000     7.9688e-15 
  4068.00000     7.9652e-15 
  4070.00000     7.9617e-15 
  4072.00000     7.9582e-15 
  4074.00000     7.9547e-15 
  4076.00000     7.9512e-15 
  4078.00000     7.9477e-15 
  4080.00000     7.9442e-15 
  4082.00000     7.9406e-15 
  4084.00000     7.9371e-15 
  4086.00000     7.9337e-15 
  4088.00000     7.9302e-15 
  4090.00000     7.9267e-15 
  4092.00000     7.9232e-15 
  4094.00000     7.9197e-15 
  4096.00000     7.9162e-15 
  4098.00000     7.9127e-15 
  4100.00000     7.9093e-15 
  4102.00000     7.9058e-15 
  4104.00000     7.9023e-15 
  4106.00000     7.8989e-15 
  4108.00000     7.8954e-15 
  4110.00000     7.8919e-15 
  4112.00000     7.8885e-15 
  4114.00000     7.8850e-15 
  4116.00000     7.8816e-15 
  4118.00000     7.8781e-15 
  4120.00000     7.8747e-15 
  4122.00000     7.8713e-15 
  4124.00000     7.8678e-15 
  4126.00000     7.8644e-15 
  4128.00000     7.8610e-15 
  4130.00000     7.8575e-15 
  4132.00000     7.8541e-15 
  4134.00000     7.8507e-15 
  4136.00000     7.8473e-15 
  4138.00000     7.8439e-15 
  4140.00000     7.8405e-15 
  4142.00000     7.8370e-15 
  4144.00000     7.8336e-15 
  4146.00000     7.8302e-15 
  4148.00000     7.8268e-15 
  4150.00000     7.8235e-15 
  4152.00000     7.8201e-15 
  4154.00000     7.8167e-15 
  4156.00000     7.8133e-15 
  4158.00000     7.8099e-15 
  4160.00000     7.8065e-15 
  4162.00000     7.8031e-15 
  4164.00000     7.7998e-15 
  4166.00000     7.7964e-15 
  4168.00000     7.7930e-15 
  4170.00000     7.7897e-15 
  4172.00000     7.7863e-15 
  4174.00000     7.7830e-15 
  4176.00000     7.7796e-15 
  4178.00000     7.7762e-15 
  4180.00000     7.7729e-15 
  4182.00000     7.7696e-15 
  4184.00000     7.7662e-15 
  4186.00000     7.7629e-15 
  4188.00000     7.7595e-15 
  4190.00000     7.7562e-15 
  4192.00000     7.7529e-15 
  4194.00000     7.7495e-15 
  4196.00000     7.7462e-15 
  4198.00000     7.7429e-15 
  4200.00000     7.7396e-15 
  4202.00000     7.7363e-15 
  4204.00000     7.7330e-15 
  4206.00000     7.7296e-15 
  4208.00000     7.7263e-15 
  4210.00000     7.7230e-15 
  4212.00000     7.7197e-15 
  4214.00000     7.7164e-15 
  4216.00000     7.7131e-15 
  4218.00000     7.7098e-15 
  4220.00000     7.7066e-15 
  4222.00000     7.7033e-15 
  4224.00000     7.7000e-15 
  4226.00000     7.6967e-15 
  4228.00000     7.6934e-15 
  4230.00000     7.6902e-15 
  4232.00000     7.6869e-15 
  4234.00000     7.6836e-15 
  4236.00000     7.6804e-15 
  4238.00000     7.6771e-15 
  4240.00000     7.6738e-15 
  4242.00000     7.6706e-15 
  4244.00000     7.6673e-15 
  4246.00000     7.6641e-15 
  4248.00000     7.6608e-15 
  4250.00000     7.6576e-15 
  4252.00000     7.6543e-15 
  4254.00000     7.6511e-15 
  4256.00000     7.6479e-15 
  4258.00000     7.6446e-15 
  4260.00000     7.6414e-15 
  4262.00000     7.6382e-15 
  4264.00000     7.6349e-15 
  4266.00000     7.6317e-15 
  4268.00000     7.6285e-15 
  4270.00000     7.6253e-15 
  4272.00000     7.6221e-15 
  4274.00000     7.6189e-15 
  4276.00000     7.6157e-15 
  4278.00000     7.6125e-15 
  4280.00000     7.6093e-15 
  4282.00000     7.6061e-15 
  4284.00000     7.6029e-15 
  4286.00000     7.5997e-15 
  4288.00000     7.5965e-15 
  4290.00000     7.5933e-15 
  4292.00000     7.5901e-15 
  4294.00000     7.5869e-15 
  4296.00000     7.5837e-15 
  4298.00000     7.5806e-15 
  4300.00000     7.5774e-15 
  4302.00000     7.5742e-15 
  4304.00000     7.5711e-15 
  4306.00000     7.5679e-15 
  4308.00000     7.5647e-15 
  4310.00000     7.5616e-15 
  4312.00000     7.5584e-15 
  4314.00000     7.5553e-15 
  4316.00000     7.5521e-15 
  4318.00000     7.5490e-15 
  4320.00000     7.5458e-15 
  4322.00000     7.5427e-15 
  4324.00000     7.5395e-15 
  4326.00000     7.5364e-15 
  4328.00000     7.5333e-15 
  4330.00000     7.5301e-15 
  4332.00000     7.5270e-15 
  4334.00000     7.5239e-15 
  4336.00000     7.5208e-15 
  4338.00000     7.5176e-15 
  4340.00000     7.5145e-15 
  4342.00000     7.5114e-15 
  4344.00000     7.5083e-15 
  4346.00000     7.5052e-15 
  4348.00000     7.5021e-15 
  4350.00000     7.4990e-15 
  4352.00000     7.4959e-15 
  4354.00000     7.4928e-15 
  4356.00000     7.4897e-15 
  4358.00000     7.4866e-15 
  4360.00000     7.4835e-15 
  4362.00000     7.4804e-15 
  4364.00000     7.4773e-15 
  4366.00000     7.4742e-15 
  4368.00000     7.4711e-15 
  4370.00000     7.4681e-15 
  4372.00000     7.4650e-15 
  4374.00000     7.4619e-15 
  4376.00000     7.4589e-15 
  4378.00000     7.4558e-15 
  4380.00000     7.4527e-15 
  4382.00000     7.4497e-15 
  4384.00000     7.4466e-15 
  4386.00000     7.4435e-15 
  4388.00000     7.4405e-15 
  4390.00000     7.4374e-15 
  4392.00000     7.4344e-15 
  4394.00000     7.4313e-15 
  4396.00000     7.4283e-15 
  4398.00000     7.4253e-15 
  4400.00000     7.4222e-15 
  4402.00000     7.4192e-15 
  4404.00000     7.4162e-15 
  4406.00000     7.4131e-15 
  4408.00000     7.4101e-15 
  4410.00000     7.4071e-15 
  4412.00000     7.4041e-15 
  4414.00000     7.4010e-15 
  4416.00000     7.3980e-15 
  4418.00000     7.3950e-15 
  4420.00000     7.3920e-15 
  4422.00000     7.3890e-15 
  4424.00000     7.3860e-15 
  4426.00000     7.3830e-15 
  4428.00000     7.3800e-15 
  4430.00000     7.3770e-15 
  4432.00000     7.3740e-15 
  4434.00000     7.3710e-15 
  4436.00000     7.3680e-15 
  4438.00000     7.3650e-15 
  4440.00000     7.3620e-15 
  4442.00000     7.3590e-15 
  4444.00000     7.3561e-15 
  4446.00000     7.3531e-15 
  4448.00000     7.3501e-15 
  4450.00000     7.3471e-15 
  4452.00000     7.3442e-15 
  4454.00000     7.3412e-15 
  4456.00000     7.3382e-15 
  4458.00000     7.3353e-15 
  4460.00000     7.3323e-15 
  4462.00000     7.3293e-15 
  4464.00000     7.3264e-15 
  4466.00000     7.3234e-15 
  4468.00000     7.3205e-15 
  4470.00000     7.3175e-15 
  4472.00000     7.3146e-15 
  4474.00000     7.3116e-15 
  4476.00000     7.3087e-15 
  4478.00000     7.3058e-15 
  4480.00000     7.3028e-15 
  4482.00000     7.2999e-15 
  4484.00000     7.2970e-15 
  4486.00000     7.2940e-15 
  4488.00000     7.2911e-15 
  4490.00000     7.2882e-15 
  4492.00000     7.2853e-15 
  4494.00000     7.2824e-15 
  4496.00000     7.2794e-15 
  4498.00000     7.2765e-15 
  4500.00000     7.2736e-15 
  4502.00000     7.2707e-15 
  4504.00000     7.2678e-15 
  4506.00000     7.2649e-15 
  4508.00000     7.2620e-15 
  4510.00000     7.2591e-15 
  4512.00000     7.2562e-15 
  4514.00000     7.2533e-15 
  4516.00000     7.2504e-15 
  4518.00000     7.2475e-15 
  4520.00000     7.2446e-15 
  4522.00000     7.2418e-15 
  4524.00000     7.2389e-15 
  4526.00000     7.2360e-15 
  4528.00000     7.2331e-15 
  4530.00000     7.2302e-15 
  4532.00000     7.2274e-15 
  4534.00000     7.2245e-15 
  4536.00000     7.2216e-15 
  4538.00000     7.2188e-15 
  4540.00000     7.2159e-15 
  4542.00000     7.2131e-15 
  4544.00000     7.2102e-15 
  4546.00000     7.2073e-15 
  4548.00000     7.2045e-15 
  4550.00000     7.2016e-15 
  4552.00000     7.1988e-15 
  4554.00000     7.1959e-15 
  4556.00000     7.1931e-15 
  4558.00000     7.1903e-15 
  4560.00000     7.1874e-15 
  4562.00000     7.1846e-15 
  4564.00000     7.1818e-15 
  4566.00000     7.1789e-15 
  4568.00000     7.1761e-15 
  4570.00000     7.1733e-15 
  4572.00000     7.1704e-15 
  4574.00000     7.1676e-15 
  4576.00000     7.1648e-15 
  4578.00000     7.1620e-15 
  4580.00000     7.1592e-15 
  4582.00000     7.1564e-15 
  4584.00000     7.1535e-15 
  4586.00000     7.1507e-15 
  4588.00000     7.1479e-15 
  4590.00000     7.1451e-15 
  4592.00000     7.1423e-15 
  4594.00000     7.1395e-15 
  4596.00000     7.1367e-15 
  4598.00000     7.1339e-15 
  4600.00000     7.1312e-15 
  4602.00000     7.1284e-15 
  4604.00000     7.1256e-15 
  4606.00000     7.1228e-15 
  4608.00000     7.1200e-15 
  4610.00000     7.1172e-15 
  4612.00000     7.1144e-15 
  4614.00000     7.1117e-15 
  4616.00000     7.1089e-15 
  4618.00000     7.1061e-15 
  4620.00000     7.1034e-15 
  4622.00000     7.1006e-15 
  4624.00000     7.0978e-15 
  4626.00000     7.0951e-15 
  4628.00000     7.0923e-15 
  4630.00000     7.0896e-15 
  4632.00000     7.0868e-15 
  4634.00000     7.0840e-15 
  4636.00000     7.0813e-15 
  4638.00000     7.0785e-15 
  4640.00000     7.0758e-15 
  4642.00000     7.0731e-15 
  4644.00000     7.0703e-15 
  4646.00000     7.0676e-15 
  4648.00000     7.0648e-15 
  4650.00000     7.0621e-15 
  4652.00000     7.0594e-15 
  4654.00000     7.0566e-15 
  4656.00000     7.0539e-15 
  4658.00000     7.0512e-15 
  4660.00000     7.0485e-15 
  4662.00000     7.0457e-15 
  4664.00000     7.0430e-15 
  4666.00000     7.0403e-15 
  4668.00000     7.0376e-15 
  4670.00000     7.0349e-15 
  4672.00000     7.0322e-15 
  4674.00000     7.0295e-15 
  4676.00000     7.0268e-15 
  4678.00000     7.0240e-15 
  4680.00000     7.0213e-15 
  4682.00000     7.0186e-15 
  4684.00000     7.0159e-15 
  4686.00000     7.0133e-15 
  4688.00000     7.0106e-15 
  4690.00000     7.0079e-15 
  4692.00000     7.0052e-15 
  4694.00000     7.0025e-15 
  4696.00000     6.9998e-15 
  4698.00000     6.9971e-15 
  4700.00000     6.9945e-15 
  4702.00000     6.9918e-15 
  4704.00000     6.9891e-15 
  4706.00000     6.9864e-15 
  4708.00000     6.9838e-15 
  4710.00000     6.9811e-15 
  4712.00000     6.9784e-15 
  4714.00000     6.9758e-15 
  4716.00000     6.9731e-15 
  4718.00000     6.9704e-15 
  4720.00000     6.9678e-15 
  4722.00000     6.9651e-15 
  4724.00000     6.9625e-15 
  4726.00000     6.9598e-15 
  4728.00000     6.9572e-15 
  4730.00000     6.9545e-15 
  4732.00000     6.9519e-15 
  4734.00000     6.9492e-15 
  4736.00000     6.9466e-15 
  4738.00000     6.9439e-15 
  4740.00000     6.9413e-15 
  4742.00000     6.9387e-15 
  4744.00000     6.9360e-15 
  4746.00000     6.9334e-15 
  4748.00000     6.9308e-15 
  4750.00000     6.9282e-15 
  4752.00000     6.9255e-15 
  4754.00000     6.9229e-15 
  4756.00000     6.9203e-15 
  4758.00000     6.9177e-15 
  4760.00000     6.9151e-15 
  4762.00000     6.9124e-15 
  4764.00000     6.9098e-15 
  4766.00000     6.9072e-15 
  4768.00000     6.9046e-15 
  4770.00000     6.9020e-15 
  4772.00000     6.8994e-15 
  4774.00000     6.8968e-15 
  4776.00000     6.8942e-15 
  4778.00000     6.8916e-15 
  4780.00000     6.8890e-15 
  4782.00000     6.8864e-15 
  4784.00000     6.8838e-15 
  4786.00000     6.8812e-15 
  4788.00000     6.8786e-15 
  4790.00000     6.8761e-15 
  4792.00000     6.8735e-15 
  4794.00000     6.8709e-15 
  4796.00000     6.8683e-15 
  4798.00000     6.8657e-15 
  4800.00000     6.8632e-15 
  4802.00000     6.8606e-15 
  4804.00000     6.8580e-15 
  4806.00000     6.8555e-15 
  4808.00000     6.8529e-15 
  4810.00000     6.8503e-15 
  4812.00000     6.8478e-15 
  4814.00000     6.8452e-15 
  4816.00000     6.8426e-15 
  4818.00000     6.8401e-15 
  4820.00000     6.8375e-15 
  4822.00000     6.8350e-15 
  4824.00000     6.8324e-15 
  4826.00000     6.8299e-15 
  4828.00000     6.8273e-15 
  4830.00000     6.8248e-15 
  4832.00000     6.8222e-15 
  4834.00000     6.8197e-15 
  4836.00000     6.8172e-15 
  4838.00000     6.8146e-15 
  4840.00000     6.8121e-15 
  4842.00000     6.8096e-15 
  4844.00000     6.8070e-15 
  4846.00000     6.8045e-15 
  4848.00000     6.8020e-15 
  4850.00000     6.7995e-15 
  4852.00000     6.7969e-15 
  4854.00000     6.7944e-15 
  4856.00000     6.7919e-15 
  4858.00000     6.7894e-15 
  4860.00000     6.7869e-15 
  4862.00000     6.7843e-15 
  4864.00000     6.7818e-15 
  4866.00000     6.7793e-15 
  4868.00000     6.7768e-15 
  4870.00000     6.7743e-15 
  4872.00000     6.7718e-15 
  4874.00000     6.7693e-15 
  4876.00000     6.7668e-15 
  4878.00000     6.7643e-15 
  4880.00000     6.7618e-15 
  4882.00000     6.7593e-15 
  4884.00000     6.7568e-15 
  4886.00000     6.7543e-15 
  4888.00000     6.7519e-15 
  4890.00000     6.7494e-15 
  4892.00000     6.7469e-15 
  4894.00000     6.7444e-15 
  4896.00000     6.7419e-15 
  4898.00000     6.7395e-15 
  4900.00000     6.7370e-15 
  4902.00000     6.7345e-15 
  4904.00000     6.7320e-15 
  4906.00000     6.7296e-15 
  4908.00000     6.7271e-15 
  4910.00000     6.7246e-15 
  4912.00000     6.7222e-15 
  4914.00000     6.7197e-15 
  4916.00000     6.7172e-15 
  4918.00000     6.7148e-15 
  4920.00000     6.7123e-15 
  4922.00000     6.7099e-15 
  4924.00000     6.7074e-15 
  4926.00000     6.7050e-15 
  4928.00000     6.7025e-15 
  4930.00000     6.7001e-15 
  4932.00000     6.6976e-15 
  4934.00000     6.6952e-15 
  4936.00000     6.6927e-15 
  4938.00000     6.6903e-15 
  4940.00000     6.6879e-15 
  4942.00000     6.6854e-15 
  4944.00000     6.6830e-15 
  4946.00000     6.6806e-15 
  4948.00000     6.6781e-15 
  4950.00000     6.6757e-15 
  4952.00000     6.6733e-15 
  4954.00000     6.6709e-15 
  4956.00000     6.6684e-15 
  4958.00000     6.6660e-15 
  4960.00000     6.6636e-15 
  4962.00000     6.6612e-15 
  4964.00000     6.6588e-15 
  4966.00000     6.6563e-15 
  4968.00000     6.6539e-15 
  4970.00000     6.6515e-15 
  4972.00000     6.6491e-15 
  4974.00000     6.6467e-15 
  4976.00000     6.6443e-15 
  4978.00000     6.6419e-15 
  4980.00000     6.6395e-15 
  4982.00000     6.6371e-15 
  4984.00000     6.6347e-15 
  4986.00000     6.6323e-15 
  4988.00000     6.6299e-15 
  4990.00000     6.6275e-15 
  4992.00000     6.6251e-15 
  4994.00000     6.6227e-15 
  4996.00000     6.6204e-15 
  4998.00000     6.6180e-15 
  5000.00000     6.6156e-15 
  5002.00000     6.6132e-15 
  5004.00000     6.6108e-15 
  5006.00000     6.6085e-15 
  5008.00000     6.6061e-15 
  5010.00000     6.6037e-15 
  5012.00000     6.6013e-15 
  5014.00000     6.5990e-15 
  5016.00000     6.5966e-15 
  5018.00000     6.5942e-15 
  5020.00000     6.5919e-15 
  5022.00000     6.5895e-15 
  5024.00000     6.5871e-15 
  5026.00000     6.5848e-15 
  5028.00000     6.5824e-15 
  5030.00000     6.5801e-15 
  5032.00000     6.5777e-15 
  5034.00000     6.5754e-15 
  5036.00000     6.5730e-15 
  5038.00000     6.5707e-15 
  5040.00000     6.5683e-15 
  5042.00000     6.5660e-15 
  5044.00000     6.5636e-15 
  5046.00000     6.5613e-15 
  5048.00000     6.5589e-15 
  5050.00000     6.5566e-15 
  5052.00000     6.5543e-15 
  5054.00000     6.5519e-15 
  5056.00000     6.5496e-15 
  5058.00000     6.5473e-15 
  5060.00000     6.5449e-15 
  5062.00000     6.5426e-15 
  5064.00000     6.5403e-15 
  5066.00000     6.5380e-15 
  5068.00000     6.5356e-15 
  5070.00000     6.5333e-15 
  5072.00000     6.5310e-15 
  5074.00000     6.5287e-15 
  5076.00000     6.5264e-15 
  5078.00000     6.5241e-15 
  5080.00000     6.5218e-15 
  5082.00000     6.5194e-15 
  5084.00000     6.5171e-15 
  5086.00000     6.5148e-15 
  5088.00000     6.5125e-15 
  5090.00000     6.5102e-15 
  5092.00000     6.5079e-15 
  5094.00000     6.5056e-15 
  5096.00000     6.5033e-15 
  5098.00000     6.5010e-15 
  5100.00000     6.4987e-15 
  5102.00000     6.4964e-15 
  5104.00000     6.4941e-15 
  5106.00000     6.4919e-15 
  5108.00000     6.4896e-15 
  5110.00000     6.4873e-15 
  5112.00000     6.4850e-15 
  5114.00000     6.4827e-15 
  5116.00000     6.4804e-15 
  5118.00000     6.4782e-15 
  5120.00000     6.4759e-15 
  5122.00000     6.4736e-15 
  5124.00000     6.4713e-15 
  5126.00000     6.4691e-15 
  5128.00000     6.4668e-15 
  5130.00000     6.4645e-15 
  5132.00000     6.4622e-15 
  5134.00000     6.4600e-15 
  5136.00000     6.4577e-15 
  5138.00000     6.4555e-15 
  5140.00000     6.4532e-15 
  5142.00000     6.4509e-15 
  5144.00000     6.4487e-15 
  5146.00000     6.4464e-15 
  5148.00000     6.4442e-15 
  5150.00000     6.4419e-15 
  5152.00000     6.4397e-15 
  5154.00000     6.4374e-15 
  5156.00000     6.4352e-15 
  5158.00000     6.4329e-15 
  5160.00000     6.4307e-15 
  5162.00000     6.4284e-15 
  5164.00000     6.4262e-15 
  5166.00000     6.4240e-15 
  5168.00000     6.4217e-15 
  5170.00000     6.4195e-15 
  5172.00000     6.4173e-15 
  5174.00000     6.4150e-15 
  5176.00000     6.4128e-15 
  5178.00000     6.4106e-15 
  5180.00000     6.4083e-15 
  5182.00000     6.4061e-15 
  5184.00000     6.4039e-15 
  5186.00000     6.4017e-15 
  5188.00000     6.3994e-15 
  5190.00000     6.3972e-15 
  5192.00000     6.3950e-15 
  5194.00000     6.3928e-15 
  5196.00000     6.3906e-15 
  5198.00000     6.3884e-15 
  5200.00000     6.3861e-15 
  5202.00000     6.3839e-15 
  5204.00000     6.3817e-15 
  5206.00000     6.3795e-15 
  5208.00000     6.3773e-15 
  5210.00000     6.3751e-15 
  5212.00000     6.3729e-15 
  5214.00000     6.3707e-15 
  5216.00000     6.3685e-15 
  5218.00000     6.3663e-15 
  5220.00000     6.3641e-15 
  5222.00000     6.3619e-15 
  5224.00000     6.3597e-15 
  5226.00000     6.3575e-15 
  5228.00000     6.3554e-15 
  5230.00000     6.3532e-15 
  5232.00000     6.3510e-15 
  5234.00000     6.3488e-15 
  5236.00000     6.3466e-15 
  5238.00000     6.3444e-15 
  5240.00000     6.3423e-15 
  5242.00000     6.3401e-15 
  5244.00000     6.3379e-15 
  5246.00000     6.3357e-15 
  5248.00000     6.3336e-15 
  5250.00000     6.3314e-15 
  5252.00000     6.3292e-15 
  5254.00000     6.3270e-15 
  5256.00000     6.3249e-15 
  5258.00000     6.3227e-15 
  5260.00000     6.3205e-15 
  5262.00000     6.3184e-15 
  5264.00000     6.3162e-15 
  5266.00000     6.3141e-15 
  5268.00000     6.3119e-15 
  5270.00000     6.3097e-15 
  5272.00000     6.3076e-15 
  5274.00000     6.3054e-15 
  5276.00000     6.3033e-15 
  5278.00000     6.3011e-15 
  5280.00000     6.2990e-15 
  5282.00000     6.2968e-15 
  5284.00000     6.2947e-15 
  5286.00000     6.2926e-15 
  5288.00000     6.2904e-15 
  5290.00000     6.2883e-15 
  5292.00000     6.2861e-15 
  5294.00000     6.2840e-15 
  5296.00000     6.2819e-15 
  5298.00000     6.2797e-15 
  5300.00000     6.2776e-15 
  5302.00000     6.2755e-15 
  5304.00000     6.2733e-15 
  5306.00000     6.2712e-15 
  5308.00000     6.2691e-15 
  5310.00000     6.2670e-15 
  5312.00000     6.2648e-15 
  5314.00000     6.2627e-15 
  5316.00000     6.2606e-15 
  5318.00000     6.2585e-15 
  5320.00000     6.2564e-15 
  5322.00000     6.2542e-15 
  5324.00000     6.2521e-15 
  5326.00000     6.2500e-15 
  5328.00000     6.2479e-15 
  5330.00000     6.2458e-15 
  5332.00000     6.2437e-15 
  5334.00000     6.2416e-15 
  5336.00000     6.2395e-15 
  5338.00000     6.2374e-15 
  5340.00000     6.2353e-15 
  5342.00000     6.2332e-15 
  5344.00000     6.2311e-15 
  5346.00000     6.2290e-15 
  5348.00000     6.2269e-15 
  5350.00000     6.2248e-15 
  5352.00000     6.2227e-15 
  5354.00000     6.2206e-15 
  5356.00000     6.2185e-15 
  5358.00000     6.2164e-15 
  5360.00000     6.2143e-15 
  5362.00000     6.2122e-15 
  5364.00000     6.2101e-15 
  5366.00000     6.2081e-15 
  5368.00000     6.2060e-15 
  5370.00000     6.2039e-15 
  5372.00000     6.2018e-15 
  5374.00000     6.1997e-15 
  5376.00000     6.1977e-15 
  5378.00000     6.1956e-15 
  5380.00000     6.1935e-15 
  5382.00000     6.1914e-15 
  5384.00000     6.1894e-15 
  5386.00000     6.1873e-15 
  5388.00000     6.1852e-15 
  5390.00000     6.1832e-15 
  5392.00000     6.1811e-15 
  5394.00000     6.1791e-15 
  5396.00000     6.1770e-15 
  5398.00000     6.1749e-15 
  5400.00000     6.1729e-15 
  5402.00000     6.1708e-15 
  5404.00000     6.1688e-15 
  5406.00000     6.1667e-15 
  5408.00000     6.1647e-15 
  5410.00000     6.1626e-15 
  5412.00000     6.1606e-15 
  5414.00000     6.1585e-15 
  5416.00000     6.1565e-15 
  5418.00000     6.1544e-15 
  5420.00000     6.1524e-15 
  5422.00000     6.1503e-15 
  5424.00000     6.1483e-15 
  5426.00000     6.1462e-15 
  5428.00000     6.1442e-15 
  5430.00000     6.1422e-15 
  5432.00000     6.1401e-15 
  5434.00000     6.1381e-15 
  5436.00000     6.1361e-15 
  5438.00000     6.1340e-15 
  5440.00000     6.1320e-15 
  5442.00000     6.1300e-15 
  5444.00000     6.1280e-15 
  5446.00000     6.1259e-15 
  5448.00000     6.1239e-15 
  5450.00000     6.1219e-15 
  5452.00000     6.1199e-15 
  5454.00000     6.1178e-15 
  5456.00000     6.1158e-15 
  5458.00000     6.1138e-15 
  5460.00000     6.1118e-15 
  5462.00000     6.1098e-15 
  5464.00000     6.1078e-15 
  5466.00000     6.1057e-15 
  5468.00000     6.1037e-15 
  5470.00000     6.1017e-15 
  5472.00000     6.0997e-15 
  5474.00000     6.0977e-15 
  5476.00000     6.0957e-15 
  5478.00000     6.0937e-15 
  5480.00000     6.0917e-15 
  5482.00000     6.0897e-15 
  5484.00000     6.0877e-15 
  5486.00000     6.0857e-15 
  5488.00000     6.0837e-15 
  5490.00000     6.0817e-15 
  5492.00000     6.0797e-15 
  5494.00000     6.0777e-15 
  5496.00000     6.0757e-15 
  5498.00000     6.0738e-15 
  5500.00000     6.0718e-15 
  5502.00000     6.0698e-15 
  5504.00000     6.0678e-15 
  5506.00000     6.0658e-15 
  5508.00000     6.0638e-15 
  5510.00000     6.0619e-15 
  5512.00000     6.0599e-15 
  5514.00000     6.0579e-15 
  5516.00000     6.0559e-15 
  5518.00000     6.0539e-15 
  5520.00000     6.0520e-15 
  5522.00000     6.0500e-15 
  5524.00000     6.0480e-15 
  5526.00000     6.0461e-15 
  5528.00000     6.0441e-15 
  5530.00000     6.0421e-15 
  5532.00000     6.0401e-15 
  5534.00000     6.0382e-15 
  5536.00000     6.0362e-15 
  5538.00000     6.0343e-15 
  5540.00000     6.0323e-15 
  5542.00000     6.0303e-15 
  5544.00000     6.0284e-15 
  5546.00000     6.0264e-15 
  5548.00000     6.0245e-15 
  5550.00000     6.0225e-15 
  5552.00000     6.0206e-15 
  5554.00000     6.0186e-15 
  5556.00000     6.0167e-15 
  5558.00000     6.0147e-15 
  5560.00000     6.0128e-15 
  5562.00000     6.0108e-15 
  5564.00000     6.0089e-15 
  5566.00000     6.0069e-15 
  5568.00000     6.0050e-15 
  5570.00000     6.0031e-15 
  5572.00000     6.0011e-15 
  5574.00000     5.9992e-15 
  5576.00000     5.9972e-15 
  5578.00000     5.9953e-15 
  5580.00000     5.9934e-15 
  5582.00000     5.9914e-15 
  5584.00000     5.9895e-15 
  5586.00000     5.9876e-15 
  5588.00000     5.9856e-15 
  5590.00000     5.9837e-15 
  5592.00000     5.9818e-15 
  5594.00000     5.9799e-15 
  5596.00000     5.9779e-15 
  5598.00000     5.9760e-15 
  5600.00000     5.9741e-15 
  5602.00000     5.9722e-15 
  5604.00000     5.9703e-15 
  5606.00000     5.9683e-15 
  5608.00000     5.9664e-15 
  5610.00000     5.9645e-15 
  5612.00000     5.9626e-15 
  5614.00000     5.9607e-15 
  5616.00000     5.9588e-15 
  5618.00000     5.9569e-15 
  5620.00000     5.9550e-15 
  5622.00000     5.9531e-15 
  5624.00000     5.9511e-15 
  5626.00000     5.9492e-15 
  5628.00000     5.9473e-15 
  5630.00000     5.9454e-15 
  5632.00000     5.9435e-15 
  5634.00000     5.9416e-15 
  5636.00000     5.9397e-15 
  5638.00000     5.9378e-15 
  5640.00000     5.9360e-15 
  5642.00000     5.9341e-15 
  5644.00000     5.9322e-15 
  5646.00000     5.9303e-15 
  5648.00000     5.9284e-15 
  5650.00000     5.9265e-15 
  5652.00000     5.9246e-15 
  5654.00000     5.9227e-15 
  5656.00000     5.9208e-15 
  5658.00000     5.9190e-15 
  5660.00000     5.9171e-15 
  5662.00000     5.9152e-15 
  5664.00000     5.9133e-15 
  5666.00000     5.9114e-15 
  5668.00000     5.9096e-15 
  5670.00000     5.9077e-15 
  5672.00000     5.9058e-15 
  5674.00000     5.9039e-15 
  5676.00000     5.9021e-15 
  5678.00000     5.9002e-15 
  5680.00000     5.8983e-15 
  5682.00000     5.8964e-15 
  5684.00000     5.8946e-15 
  5686.00000     5.8927e-15 
  5688.00000     5.8909e-15 
  5690.00000     5.8890e-15 
  5692.00000     5.8871e-15 
  5694.00000     5.8853e-15 
  5696.00000     5.8834e-15 
  5698.00000     5.8815e-15 
  5700.00000     5.8797e-15 
  5702.00000     5.8778e-15 
  5704.00000     5.8760e-15 
  5706.00000     5.8741e-15 
  5708.00000     5.8723e-15 
  5710.00000     5.8704e-15 
  5712.00000     5.8686e-15 
  5714.00000     5.8667e-15 
  5716.00000     5.8649e-15 
  5718.00000     5.8630e-15 
  5720.00000     5.8612e-15 
  5722.00000     5.8593e-15 
  5724.00000     5.8575e-15 
  5726.00000     5.8557e-15 
  5728.00000     5.8538e-15 
  5730.00000     5.8520e-15 
  5732.00000     5.8501e-15 
  5734.00000     5.8483e-15 
  5736.00000     5.8465e-15 
  5738.00000     5.8446e-15 
  5740.00000     5.8428e-15 
  5742.00000     5.8410e-15 
  5744.00000     5.8391e-15 
  5746.00000     5.8373e-15 
  5748.00000     5.8355e-15 
  5750.00000     5.8337e-15 
  5752.00000     5.8318e-15 
  5754.00000     5.8300e-15 
  5756.00000     5.8282e-15 
  5758.00000     5.8264e-15 
  5760.00000     5.8245e-15 
  5762.00000     5.8227e-15 
  5764.00000     5.8209e-15 
  5766.00000     5.8191e-15 
  5768.00000     5.8173e-15 
  5770.00000     5.8155e-15 
  5772.00000     5.8136e-15 
  5774.00000     5.8118e-15 
  5776.00000     5.8100e-15 
  5778.00000     5.8082e-15 
  5780.00000     5.8064e-15 
  5782.00000     5.8046e-15 
  5784.00000     5.8028e-15 
  5786.00000     5.8010e-15 
  5788.00000     5.7992e-15 
  5790.00000     5.7974e-15 
  5792.00000     5.7956e-15 
  5794.00000     5.7938e-15 
  5796.00000     5.7920e-15 
  5798.00000     5.7902e-15 
  5800.00000     5.7884e-15 
  5802.00000     5.7866e-15 
  5804.00000     5.7848e-15 
  5806.00000     5.7830e-15 
  5808.00000     5.7812e-15 
  5810.00000     5.7794e-15 
  5812.00000     5.7776e-15 
  5814.00000     5.7758e-15 
  5816.00000     5.7740e-15 
  5818.00000     5.7723e-15 
  5820.00000     5.7705e-15 
  5822.00000     5.7687e-15 
  5824.00000     5.7669e-15 
  5826.00000     5.7651e-15 
  5828.00000     5.7633e-15 
  5830.00000     5.7616e-15 
  5832.00000     5.7598e-15 
  5834.00000     5.7580e-15 
  5836.00000     5.7562e-15 
  5838.00000     5.7545e-15 
  5840.00000     5.7527e-15 
  5842.00000     5.7509e-15 
  5844.00000     5.7491e-15 
  5846.00000     5.7474e-15 
  5848.00000     5.7456e-15 
  5850.00000     5.7438e-15 
  5852.00000     5.7421e-15 
  5854.00000     5.7403e-15 
  5856.00000     5.7385e-15 
  5858.00000     5.7368e-15 
  5860.00000     5.7350e-15 
  5862.00000     5.7332e-15 
  5864.00000     5.7315e-15 
  5866.00000     5.7297e-15 
  5868.00000     5.7280e-15 
  5870.00000     5.7262e-15 
  5872.00000     5.7245e-15 
  5874.00000     5.7227e-15 
  5876.00000     5.7209e-15 
  5878.00000     5.7192e-15 
  5880.00000     5.7174e-15 
  5882.00000     5.7157e-15 
  5884.00000     5.7139e-15 
  5886.00000     5.7122e-15 
  5888.00000     5.7105e-15 
  5890.00000     5.7087e-15 
  5892.00000     5.7070e-15 
  5894.00000     5.7052e-15 
  5896.00000     5.7035e-15 
  5898.00000     5.7017e-15 
  5900.00000     5.7000e-15 
  5902.00000     5.6983e-15 
  5904.00000     5.6965e-15 
  5906.00000     5.6948e-15 
  5908.00000     5.6931e-15 
  5910.00000     5.6913e-15 
  5912.00000     5.6896e-15 
  5914.00000     5.6879e-15 
  5916.00000     5.6861e-15 
  5918.00000     5.6844e-15 
  5920.00000     5.6827e-15 
  5922.00000     5.6809e-15 
  5924.00000     5.6792e-15 
  5926.00000     5.6775e-15 
  5928.00000     5.6758e-15 
  5930.00000     5.6740e-15 
  5932.00000     5.6723e-15 
  5934.00000     5.6706e-15 
  5936.00000     5.6689e-15 
  5938.00000     5.6672e-15 
  5940.00000     5.6654e-15 
  5942.00000     5.6637e-15 
  5944.00000     5.6620e-15 
  5946.00000     5.6603e-15 
  5948.00000     5.6586e-15 
  5950.00000     5.6569e-15 
  5952.00000     5.6552e-15 
  5954.00000     5.6535e-15 
  5956.00000     5.6517e-15 
  5958.00000     5.6500e-15 
  5960.00000     5.6483e-15 
  5962.00000     5.6466e-15 
  5964.00000     5.6449e-15 
  5966.00000     5.6432e-15 
  5968.00000     5.6415e-15 
  5970.00000     5.6398e-15 
  5972.00000     5.6381e-15 
  5974.00000     5.6364e-15 
  5976.00000     5.6347e-15 
  5978.00000     5.6330e-15 
  5980.00000     5.6313e-15 
  5982.00000     5.6296e-15 
  5984.00000     5.6279e-15 
  5986.00000     5.6262e-15 
  5988.00000     5.6246e-15 
  5990.00000     5.6229e-15 
  5992.00000     5.6212e-15 
  5994.00000     5.6195e-15 
  5996.00000     5.6178e-15 
  5998.00000     5.6161e-15 
  6000.00000     5.6144e-15 
  6002.00000     5.6127e-15 
  6004.00000     5.6111e-15 
  6006.00000     5.6094e-15 
  6008.00000     5.6077e-15 
  6010.00000     5.6060e-15 
  6012.00000     5.6043e-15 
  6014.00000     5.6027e-15 
  6016.00000     5.6010e-15 
  6018.00000     5.5993e-15 
  6020.00000     5.5976e-15 
  6022.00000     5.5960e-15 
  6024.00000     5.5943e-15 
  6026.00000     5.5926e-15 
  6028.00000     5.5910e-15 
  6030.00000     5.5893e-15 
  6032.00000     5.5876e-15 
  6034.00000     5.5859e-15 
  6036.00000     5.5843e-15 
  6038.00000     5.5826e-15 
  6040.00000     5.5810e-15 
  6042.00000     5.5793e-15 
  6044.00000     5.5776e-15 
  6046.00000     5.5760e-15 
  6048.00000     5.5743e-15 
  6050.00000     5.5727e-15 
  6052.00000     5.5710e-15 
  6054.00000     5.5693e-15 
  6056.00000     5.5677e-15 
  6058.00000     5.5660e-15 
  6060.00000     5.5644e-15 
  6062.00000     5.5627e-15 
  6064.00000     5.5611e-15 
  6066.00000     5.5594e-15 
  6068.00000     5.5578e-15 
  6070.00000     5.5561e-15 
  6072.00000     5.5545e-15 
  6074.00000     5.5528e-15 
  6076.00000     5.5512e-15 
  6078.00000     5.5495e-15 
  6080.00000     5.5479e-15 
  6082.00000     5.5463e-15 
  6084.00000     5.5446e-15 
  6086.00000     5.5430e-15 
  6088.00000     5.5413e-15 
  6090.00000     5.5397e-15 
  6092.00000     5.5381e-15 
  6094.00000     5.5364e-15 
  6096.00000     5.5348e-15 
  6098.00000     5.5332e-15 
  6100.00000     5.5315e-15 
  6102.00000     5.5299e-15 
  6104.00000     5.5283e-15 
  6106.00000     5.5266e-15 
  6108.00000     5.5250e-15 
  6110.00000     5.5234e-15 
  6112.00000     5.5217e-15 
  6114.00000     5.5201e-15 
  6116.00000     5.5185e-15 
  6118.00000     5.5169e-15 
  6120.00000     5.5153e-15 
  6122.00000     5.5136e-15 
  6124.00000     5.5120e-15 
  6126.00000     5.5104e-15 
  6128.00000     5.5088e-15 
  6130.00000     5.5072e-15 
  6132.00000     5.5055e-15 
  6134.00000     5.5039e-15 
  6136.00000     5.5023e-15 
  6138.00000     5.5007e-15 
  6140.00000     5.4991e-15 
  6142.00000     5.4975e-15 
  6144.00000     5.4959e-15 
  6146.00000     5.4942e-15 
  6148.00000     5.4926e-15 
  6150.00000     5.4910e-15 
  6152.00000     5.4894e-15 
  6154.00000     5.4878e-15 
  6156.00000     5.4862e-15 
  6158.00000     5.4846e-15 
  6160.00000     5.4830e-15 
  6162.00000     5.4814e-15 
  6164.00000     5.4798e-15 
  6166.00000     5.4782e-15 
  6168.00000     5.4766e-15 
  6170.00000     5.4750e-15 
  6172.00000     5.4734e-15 
  6174.00000     5.4718e-15 
  6176.00000     5.4702e-15 
  6178.00000     5.4686e-15 
  6180.00000     5.4670e-15 
  6182.00000     5.4654e-15 
  6184.00000     5.4639e-15 
  6186.00000     5.4623e-15 
  6188.00000     5.4607e-15 
  6190.00000     5.4591e-15 
  6192.00000     5.4575e-15 
  6194.00000     5.4559e-15 
  6196.00000     5.4543e-15 
  6198.00000     5.4527e-15 
  6200.00000     5.4512e-15 
  6202.00000     5.4496e-15 
  6204.00000     5.4480e-15 
  6206.00000     5.4464e-15 
  6208.00000     5.4448e-15 
  6210.00000     5.4433e-15 
  6212.00000     5.4417e-15 
  6214.00000     5.4401e-15 
  6216.00000     5.4385e-15 
  6218.00000     5.4370e-15 
  6220.00000     5.4354e-15 
  6222.00000     5.4338e-15 
  6224.00000     5.4322e-15 
  6226.00000     5.4307e-15 
  6228.00000     5.4291e-15 
  6230.00000     5.4275e-15 
  6232.00000     5.4260e-15 
  6234.00000     5.4244e-15 
  6236.00000     5.4228e-15 
  6238.00000     5.4213e-15 
  6240.00000     5.4197e-15 
  6242.00000     5.4181e-15 
  6244.00000     5.4166e-15 
  6246.00000     5.4150e-15 
  6248.00000     5.4135e-15 
  6250.00000     5.4119e-15 
  6252.00000     5.4103e-15 
  6254.00000     5.4088e-15 
  6256.00000     5.4072e-15 
  6258.00000     5.4057e-15 
  6260.00000     5.4041e-15 
  6262.00000     5.4026e-15 
  6264.00000     5.4010e-15 
  6266.00000     5.3995e-15 
  6268.00000     5.3979e-15 
  6270.00000     5.3964e-15 
  6272.00000     5.3948e-15 
  6274.00000     5.3933e-15 
  6276.00000     5.3917e-15 
  6278.00000     5.3902e-15 
  6280.00000     5.3886e-15 
  6282.00000     5.3871e-15 
  6284.00000     5.3855e-15 
  6286.00000     5.3840e-15 
  6288.00000     5.3825e-15 
  6290.00000     5.3809e-15 
  6292.00000     5.3794e-15 
  6294.00000     5.3778e-15 
  6296.00000     5.3763e-15 
  6298.00000     5.3748e-15 
  6300.00000     5.3732e-15 
  6302.00000     5.3717e-15 
  6304.00000     5.3702e-15 
  6306.00000     5.3686e-15 
  6308.00000     5.3671e-15 
  6310.00000     5.3656e-15 
  6312.00000     5.3640e-15 
  6314.00000     5.3625e-15 
  6316.00000     5.3610e-15 
  6318.00000     5.3594e-15 
  6320.00000     5.3579e-15 
  6322.00000     5.3564e-15 
  6324.00000     5.3549e-15 
  6326.00000     5.3533e-15 
  6328.00000     5.3518e-15 
  6330.00000     5.3503e-15 
  6332.00000     5.3488e-15 
  6334.00000     5.3473e-15 
  6336.00000     5.3457e-15 
  6338.00000     5.3442e-15 
  6340.00000     5.3427e-15 
  6342.00000     5.3412e-15 
  6344.00000     5.3397e-15 
  6346.00000     5.3382e-15 
  6348.00000     5.3366e-15 
  6350.00000     5.3351e-15 
  6352.00000     5.3336e-15 
  6354.00000     5.3321e-15 
  6356.00000     5.3306e-15 
  6358.00000     5.3291e-15 
  6360.00000     5.3276e-15 
  6362.00000     5.3261e-15 
  6364.00000     5.3246e-15 
  6366.00000     5.3231e-15 
  6368.00000     5.3216e-15 
  6370.00000     5.3201e-15 
  6372.00000     5.3186e-15 
  6374.00000     5.3171e-15 
  6376.00000     5.3155e-15 
  6378.00000     5.3140e-15 
  6380.00000     5.3126e-15 
  6382.00000     5.3111e-15 
  6384.00000     5.3096e-15 
  6386.00000     5.3081e-15 
  6388.00000     5.3066e-15 
  6390.00000     5.3051e-15 
  6392.00000     5.3036e-15 
  6394.00000     5.3021e-15 
  6396.00000     5.3006e-15 
  6398.00000     5.2991e-15 
  6400.00000     5.2976e-15 
  6402.00000     5.2961e-15 
  6404.00000     5.2946e-15 
  6406.00000     5.2931e-15 
  6408.00000     5.2917e-15 
  6410.00000     5.2902e-15 
  6412.00000     5.2887e-15 
  6414.00000     5.2872e-15 
  6416.00000     5.2857e-15 
  6418.00000     5.2842e-15 
  6420.00000     5.2828e-15 
  6422.00000     5.2813e-15 
  6424.00000     5.2798e-15 
  6426.00000     5.2783e-15 
  6428.00000     5.2768e-15 
  6430.00000     5.2754e-15 
  6432.00000     5.2739e-15 
  6434.00000     5.2724e-15 
  6436.00000     5.2709e-15 
  6438.00000     5.2695e-15 
  6440.00000     5.2680e-15 
  6442.00000     5.2665e-15 
  6444.00000     5.2650e-15 
  6446.00000     5.2636e-15 
  6448.00000     5.2621e-15 
  6450.00000     5.2606e-15 
  6452.00000     5.2592e-15 
  6454.00000     5.2577e-15 
  6456.00000     5.2562e-15 
  6458.00000     5.2548e-15 
  6460.00000     5.2533e-15 
  6462.00000     5.2518e-15 
  6464.00000     5.2504e-15 
  6466.00000     5.2489e-15 
  6468.00000     5.2475e-15 
  6470.00000     5.2460e-15 
  6472.00000     5.2445e-15 
  6474.00000     5.2431e-15 
  6476.00000     5.2416e-15 
  6478.00000     5.2402e-15 
  6480.00000     5.2387e-15 
  6482.00000     5.2373e-15 
  6484.00000     5.2358e-15 
  6486.00000     5.2343e-15 
  6488.00000     5.2329e-15 
  6490.00000     5.2314e-15 
  6492.00000     5.2300e-15 
  6494.00000     5.2285e-15 
  6496.00000     5.2271e-15 
  6498.00000     5.2256e-15 
  6500.00000     5.2242e-15 
  6502.00000     5.2228e-15 
  6504.00000     5.2213e-15 
  6506.00000     5.2199e-15 
  6508.00000     5.2184e-15 
  6510.00000     5.2170e-15 
  6512.00000     5.2155e-15 
  6514.00000     5.2141e-15 
  6516.00000     5.2127e-15 
  6518.00000     5.2112e-15 
  6520.00000     5.2098e-15 
  6522.00000     5.2083e-15 
  6524.00000     5.2069e-15 
  6526.00000     5.2055e-15 
  6528.00000     5.2040e-15 
  6530.00000     5.2026e-15 
  6532.00000     5.2012e-15 
  6534.00000     5.1997e-15 
  6536.00000     5.1983e-15 
  6538.00000     5.1969e-15 
  6540.00000     5.1954e-15 
  6542.00000     5.1940e-15 
  6544.00000     5.1926e-15 
  6546.00000     5.1911e-15 
  6548.00000     5.1897e-15 
  6550.00000     5.1883e-15 
  6552.00000     5.1869e-15 
  6554.00000     5.1854e-15 
  6556.00000     5.1840e-15 
  6558.00000     5.1826e-15 
  6560.00000     5.1812e-15 
  6562.00000     5.1798e-15 
  6564.00000     5.1783e-15 
  6566.00000     5.1769e-15 
  6568.00000     5.1755e-15 
  6570.00000     5.1741e-15 
  6572.00000     5.1727e-15 
  6574.00000     5.1712e-15 
  6576.00000     5.1698e-15 
  6578.00000     5.1684e-15 
  6580.00000     5.1670e-15 
  6582.00000     5.1656e-15 
  6584.00000     5.1642e-15 
  6586.00000     5.1628e-15 
  6588.00000     5.1614e-15 
  6590.00000     5.1599e-15 
  6592.00000     5.1585e-15 
  6594.00000     5.1571e-15 
  6596.00000     5.1557e-15 
  6598.00000     5.1543e-15 
  6600.00000     5.1529e-15 
  6602.00000     5.1515e-15 
  6604.00000     5.1501e-15 
  6606.00000     5.1487e-15 
  6608.00000     5.1473e-15 
  6610.00000     5.1459e-15 
  6612.00000     5.1445e-15 
  6614.00000     5.1431e-15 
  6616.00000     5.1417e-15 
  6618.00000     5.1403e-15 
  6620.00000     5.1389e-15 
  6622.00000     5.1375e-15 
  6624.00000     5.1361e-15 
  6626.00000     5.1347e-15 
  6628.00000     5.1333e-15 
  6630.00000     5.1319e-15 
  6632.00000     5.1305e-15 
  6634.00000     5.1291e-15 
  6636.00000     5.1277e-15 
  6638.00000     5.1263e-15 
  6640.00000     5.1250e-15 
  6642.00000     5.1236e-15 
  6644.00000     5.1222e-15 
  6646.00000     5.1208e-15 
  6648.00000     5.1194e-15 
  6650.00000     5.1180e-15 
  6652.00000     5.1166e-15 
  6654.00000     5.1153e-15 
  6656.00000     5.1139e-15 
  6658.00000     5.1125e-15 
  6660.00000     5.1111e-15 
  6662.00000     5.1097e-15 
  6664.00000     5.1083e-15 
  6666.00000     5.1070e-15 
  6668.00000     5.1056e-15 
  6670.00000     5.1042e-15 
  6672.00000     5.1028e-15 
  6674.00000     5.1015e-15 
  6676.00000     5.1001e-15 
  6678.00000     5.0987e-15 
  6680.00000     5.0973e-15 
  6682.00000     5.0960e-15 
  6684.00000     5.0946e-15 
  6686.00000     5.0932e-15 
  6688.00000     5.0918e-15 
  6690.00000     5.0905e-15 
  6692.00000     5.0891e-15 
  6694.00000     5.0877e-15 
  6696.00000     5.0864e-15 
  6698.00000     5.0850e-15 
  6700.00000     5.0836e-15 
  6702.00000     5.0823e-15 
  6704.00000     5.0809e-15 
  6706.00000     5.0795e-15 
  6708.00000     5.0782e-15 
  6710.00000     5.0768e-15 
  6712.00000     5.0755e-15 
  6714.00000     5.0741e-15 
  6716.00000     5.0727e-15 
  6718.00000     5.0714e-15 
  6720.00000     5.0700e-15 
  6722.00000     5.0687e-15 
  6724.00000     5.0673e-15 
  6726.00000     5.0659e-15 
  6728.00000     5.0646e-15 
  6730.00000     5.0632e-15 
  6732.00000     5.0619e-15 
  6734.00000     5.0605e-15 
  6736.00000     5.0592e-15 
  6738.00000     5.0578e-15 
  6740.00000     5.0565e-15 
  6742.00000     5.0551e-15 
  6744.00000     5.0538e-15 
  6746.00000     5.0524e-15 
  6748.00000     5.0511e-15 
  6750.00000     5.0497e-15 
  6752.00000     5.0484e-15 
  6754.00000     5.0470e-15 
  6756.00000     5.0457e-15 
  6758.00000     5.0444e-15 
  6760.00000     5.0430e-15 
  6762.00000     5.0417e-15 
  6764.00000     5.0403e-15 
  6766.00000     5.0390e-15 
  6768.00000     5.0376e-15 
  6770.00000     5.0363e-15 
  6772.00000     5.0350e-15 
  6774.00000     5.0336e-15 
  6776.00000     5.0323e-15 
  6778.00000     5.0310e-15 
  6780.00000     5.0296e-15 
  6782.00000     5.0283e-15 
  6784.00000     5.0269e-15 
  6786.00000     5.0256e-15 
  6788.00000     5.0243e-15 
  6790.00000     5.0230e-15 
  6792.00000     5.0216e-15 
  6794.00000     5.0203e-15 
  6796.00000     5.0190e-15 
  6798.00000     5.0176e-15 
  6800.00000     5.0163e-15 
  6802.00000     5.0150e-15 
  6804.00000     5.0136e-15 
  6806.00000     5.0123e-15 
  6808.00000     5.0110e-15 
  6810.00000     5.0097e-15 
  6812.00000     5.0083e-15 
  6814.00000     5.0070e-15 
  6816.00000     5.0057e-15 
  6818.00000     5.0044e-15 
  6820.00000     5.0031e-15 
  6822.00000     5.0017e-15 
  6824.00000     5.0004e-15 
  6826.00000     4.9991e-15 
  6828.00000     4.9978e-15 
  6830.00000     4.9965e-15 
  6832.00000     4.9952e-15 
  6834.00000     4.9938e-15 
  6836.00000     4.9925e-15 
  6838.00000     4.9912e-15 
  6840.00000     4.9899e-15 
  6842.00000     4.9886e-15 
  6844.00000     4.9873e-15 
  6846.00000     4.9860e-15 
  6848.00000     4.9846e-15 
  6850.00000     4.9833e-15 
  6852.00000     4.9820e-15 
  6854.00000     4.9807e-15 
  6856.00000     4.9794e-15 
  6858.00000     4.9781e-15 
  6860.00000     4.9768e-15 
  6862.00000     4.9755e-15 
  6864.00000     4.9742e-15 
  6866.00000     4.9729e-15 
  6868.00000     4.9716e-15 
  6870.00000     4.9703e-15 
  6872.00000     4.9690e-15 
  6874.00000     4.9677e-15 
  6876.00000     4.9664e-15 
  6878.00000     4.9651e-15 
  6880.00000     4.9638e-15 
  6882.00000     4.9625e-15 
  6884.00000     4.9612e-15 
  6886.00000     4.9599e-15 
  6888.00000     4.9586e-15 
  6890.00000     4.9573e-15 
  6892.00000     4.9560e-15 
  6894.00000     4.9547e-15 
  6896.00000     4.9534e-15 
  6898.00000     4.9521e-15 
  6900.00000     4.9508e-15 
  6902.00000     4.9495e-15 
  6904.00000     4.9482e-15 
  6906.00000     4.9470e-15 
  6908.00000     4.9457e-15 
  6910.00000     4.9444e-15 
  6912.00000     4.9431e-15 
  6914.00000     4.9418e-15 
  6916.00000     4.9405e-15 
  6918.00000     4.9392e-15 
  6920.00000     4.9379e-15 
  6922.00000     4.9367e-15 
  6924.00000     4.9354e-15 
  6926.00000     4.9341e-15 
  6928.00000     4.9328e-15 
  6930.00000     4.9315e-15 
  6932.00000     4.9303e-15 
  6934.00000     4.9290e-15 
  6936.00000     4.9277e-15 
  6938.00000     4.9264e-15 
  6940.00000     4.9251e-15 
  6942.00000     4.9239e-15 
  6944.00000     4.9226e-15 
  6946.00000     4.9213e-15 
  6948.00000     4.9200e-15 
  6950.00000     4.9188e-15 
  6952.00000     4.9175e-15 
  6954.00000     4.9162e-15 
  6956.00000     4.9149e-15 
  6958.00000     4.9137e-15 
  6960.00000     4.9124e-15 
  6962.00000     4.9111e-15 
  6964.00000     4.9099e-15 
  6966.00000     4.9086e-15 
  6968.00000     4.9073e-15 
  6970.00000     4.9061e-15 
  6972.00000     4.9048e-15 
  6974.00000     4.9035e-15 
  6976.00000     4.9023e-15 
  6978.00000     4.9010e-15 
  6980.00000     4.8997e-15 
  6982.00000     4.8985e-15 
  6984.00000     4.8972e-15 
  6986.00000     4.8959e-15 
  6988.00000     4.8947e-15 
  6990.00000     4.8934e-15 
  6992.00000     4.8922e-15 
  6994.00000     4.8909e-15 
  6996.00000     4.8896e-15 
  6998.00000     4.8884e-15 
  7000.00000     4.8871e-15 
  7002.00000     4.8859e-15 
  7004.00000     4.8846e-15 
  7006.00000     4.8834e-15 
  7008.00000     4.8821e-15 
  7010.00000     4.8808e-15 
  7012.00000     4.8796e-15 
  7014.00000     4.8783e-15 
  7016.00000     4.8771e-15 
  7018.00000     4.8758e-15 
  7020.00000     4.8746e-15 
  7022.00000     4.8733e-15 
  7024.00000     4.8721e-15 
  7026.00000     4.8708e-15 
  7028.00000     4.8696e-15 
  7030.00000     4.8684e-15 
  7032.00000     4.8671e-15 
  7034.00000     4.8659e-15 
  7036.00000     4.8646e-15 
  7038.00000     4.8634e-15 
  7040.00000     4.8621e-15 
  7042.00000     4.8609e-15 
  7044.00000     4.8596e-15 
  7046.00000     4.8584e-15 
  7048.00000     4.8572e-15 
  7050.00000     4.8559e-15 
  7052.00000     4.8547e-15 
  7054.00000     4.8534e-15 
  7056.00000     4.8522e-15 
  7058.00000     4.8510e-15 
  7060.00000     4.8497e-15 
  7062.00000     4.8485e-15 
  7064.00000     4.8473e-15 
  7066.00000     4.8460e-15 
  7068.00000     4.8448e-15 
  7070.00000     4.8436e-15 
  7072.00000     4.8423e-15 
  7074.00000     4.8411e-15 
  7076.00000     4.8399e-15 
  7078.00000     4.8386e-15 
  7080.00000     4.8374e-15 
  7082.00000     4.8362e-15 
  7084.00000     4.8349e-15 
  7086.00000     4.8337e-15 
  7088.00000     4.8325e-15 
  7090.00000     4.8313e-15 
  7092.00000     4.8300e-15 
  7094.00000     4.8288e-15 
  7096.00000     4.8276e-15 
  7098.00000     4.8264e-15 
  7100.00000     4.8251e-15 
  7102.00000     4.8239e-15 
  7104.00000     4.8227e-15 
  7106.00000     4.8215e-15 
  7108.00000     4.8202e-15 
  7110.00000     4.8190e-15 
  7112.00000     4.8178e-15 
  7114.00000     4.8166e-15 
  7116.00000     4.8154e-15 
  7118.00000     4.8141e-15 
  7120.00000     4.8129e-15 
  7122.00000     4.8117e-15 
  7124.00000     4.8105e-15 
  7126.00000     4.8093e-15 
  7128.00000     4.8081e-15 
  7130.00000     4.8069e-15 
  7132.00000     4.8056e-15 
  7134.00000     4.8044e-15 
  7136.00000     4.8032e-15 
  7138.00000     4.8020e-15 
  7140.00000     4.8008e-15 
  7142.00000     4.7996e-15 
  7144.00000     4.7984e-15 
  7146.00000     4.7972e-15 
  7148.00000     4.7960e-15 
  7150.00000     4.7948e-15 
  7152.00000     4.7935e-15 
  7154.00000     4.7923e-15 
  7156.00000     4.7911e-15 
  7158.00000     4.7899e-15 
  7160.00000     4.7887e-15 
  7162.00000     4.7875e-15 
  7164.00000     4.7863e-15 
  7166.00000     4.7851e-15 
  7168.00000     4.7839e-15 
  7170.00000     4.7827e-15 
  7172.00000     4.7815e-15 
  7174.00000     4.7803e-15 
  7176.00000     4.7791e-15 
  7178.00000     4.7779e-15 
  7180.00000     4.7767e-15 
  7182.00000     4.7755e-15 
  7184.00000     4.7743e-15 
  7186.00000     4.7731e-15 
  7188.00000     4.7719e-15 
  7190.00000     4.7707e-15 
  7192.00000     4.7695e-15 
  7194.00000     4.7684e-15 
  7196.00000     4.7672e-15 
  7198.00000     4.7660e-15 
  7200.00000     4.7648e-15 
  7202.00000     4.7636e-15 
  7204.00000     4.7624e-15 
  7206.00000     4.7612e-15 
  7208.00000     4.7600e-15 
  7210.00000     4.7588e-15 
  7212.00000     4.7576e-15 
  7214.00000     4.7565e-15 
  7216.00000     4.7553e-15 
  7218.00000     4.7541e-15 
  7220.00000     4.7529e-15 
  7222.00000     4.7517e-15 
  7224.00000     4.7505e-15 
  7226.00000     4.7493e-15 
  7228.00000     4.7482e-15 
  7230.00000     4.7470e-15 
  7232.00000     4.7458e-15 
  7234.00000     4.7446e-15 
  7236.00000     4.7434e-15 
  7238.00000     4.7423e-15 
  7240.00000     4.7411e-15 
  7242.00000     4.7399e-15 
  7244.00000     4.7387e-15 
  7246.00000     4.7375e-15 
  7248.00000     4.7364e-15 
  7250.00000     4.7352e-15 
  7252.00000     4.7340e-15 
  7254.00000     4.7328e-15 
  7256.00000     4.7317e-15 
  7258.00000     4.7305e-15 
  7260.00000     4.7293e-15 
  7262.00000     4.7281e-15 
  7264.00000     4.7270e-15 
  7266.00000     4.7258e-15 
  7268.00000     4.7246e-15 
  7270.00000     4.7235e-15 
  7272.00000     4.7223e-15 
  7274.00000     4.7211e-15 
  7276.00000     4.7200e-15 
  7278.00000     4.7188e-15 
  7280.00000     4.7176e-15 
  7282.00000     4.7165e-15 
  7284.00000     4.7153e-15 
  7286.00000     4.7141e-15 
  7288.00000     4.7130e-15 
  7290.00000     4.7118e-15 
  7292.00000     4.7106e-15 
  7294.00000     4.7095e-15 
  7296.00000     4.7083e-15 
  7298.00000     4.7072e-15 
  7300.00000     4.7060e-15 
  7302.00000     4.7048e-15 
  7304.00000     4.7037e-15 
  7306.00000     4.7025e-15 
  7308.00000     4.7014e-15 
  7310.00000     4.7002e-15 
  7312.00000     4.6990e-15 
  7314.00000     4.6979e-15 
  7316.00000     4.6967e-15 
  7318.00000     4.6956e-15 
  7320.00000     4.6944e-15 
  7322.00000     4.6933e-15 
  7324.00000     4.6921e-15 
  7326.00000     4.6910e-15 
  7328.00000     4.6898e-15 
  7330.00000     4.6887e-15 
  7332.00000     4.6875e-15 
  7334.00000     4.6864e-15 
  7336.00000     4.6852e-15 
  7338.00000     4.6841e-15 
  7340.00000     4.6829e-15 
  7342.00000     4.6818e-15 
  7344.00000     4.6806e-15 
  7346.00000     4.6795e-15 
  7348.00000     4.6783e-15 
  7350.00000     4.6772e-15 
  7352.00000     4.6760e-15 
  7354.00000     4.6749e-15 
  7356.00000     4.6737e-15 
  7358.00000     4.6726e-15 
  7360.00000     4.6714e-15 
  7362.00000     4.6703e-15 
  7364.00000     4.6692e-15 
  7366.00000     4.6680e-15 
  7368.00000     4.6669e-15 
  7370.00000     4.6657e-15 
  7372.00000     4.6646e-15 
  7374.00000     4.6635e-15 
  7376.00000     4.6623e-15 
  7378.00000     4.6612e-15 
  7380.00000     4.6601e-15 
  7382.00000     4.6589e-15 
  7384.00000     4.6578e-15 
  7386.00000     4.6566e-15 
  7388.00000     4.6555e-15 
  7390.00000     4.6544e-15 
  7392.00000     4.6532e-15 
  7394.00000     4.6521e-15 
  7396.00000     4.6510e-15 
  7398.00000     4.6498e-15 
  7400.00000     4.6487e-15 
  7402.00000     4.6476e-15 
  7404.00000     4.6465e-15 
  7406.00000     4.6453e-15 
  7408.00000     4.6442e-15 
  7410.00000     4.6431e-15 
  7412.00000     4.6419e-15 
  7414.00000     4.6408e-15 
  7416.00000     4.6397e-15 
  7418.00000     4.6386e-15 
  7420.00000     4.6374e-15 
  7422.00000     4.6363e-15 
  7424.00000     4.6352e-15 
  7426.00000     4.6341e-15 
  7428.00000     4.6329e-15 
  7430.00000     4.6318e-15 
  7432.00000     4.6307e-15 
  7434.00000     4.6296e-15 
  7436.00000     4.6285e-15 
  7438.00000     4.6273e-15 
  7440.00000     4.6262e-15 
  7442.00000     4.6251e-15 
  7444.00000     4.6240e-15 
  7446.00000     4.6229e-15 
  7448.00000     4.6217e-15 
  7450.00000     4.6206e-15 
  7452.00000     4.6195e-15 
  7454.00000     4.6184e-15 
  7456.00000     4.6173e-15 
  7458.00000     4.6162e-15 
  7460.00000     4.6151e-15 
  7462.00000     4.6139e-15 
  7464.00000     4.6128e-15 
  7466.00000     4.6117e-15 
  7468.00000     4.6106e-15 
  7470.00000     4.6095e-15 
  7472.00000     4.6084e-15 
  7474.00000     4.6073e-15 
  7476.00000     4.6062e-15 
  7478.00000     4.6051e-15 
  7480.00000     4.6039e-15 
  7482.00000     4.6028e-15 
  7484.00000     4.6017e-15 
  7486.00000     4.6006e-15 
  7488.00000     4.5995e-15 
  7490.00000     4.5984e-15 
  7492.00000     4.5973e-15 
  7494.00000     4.5962e-15 
  7496.00000     4.5951e-15 
  7498.00000     4.5940e-15 
  7500.00000     4.5929e-15 
  7502.00000     4.5918e-15 
  7504.00000     4.5907e-15 
  7506.00000     4.5896e-15 
  7508.00000     4.5885e-15 
  7510.00000     4.5874e-15 
  7512.00000     4.5863e-15 
  7514.00000     4.5852e-15 
  7516.00000     4.5841e-15 
  7518.00000     4.5830e-15 
  7520.00000     4.5819e-15 
  7522.00000     4.5808e-15 
  7524.00000     4.5797e-15 
  7526.00000     4.5786e-15 
  7528.00000     4.5775e-15 
  7530.00000     4.5764e-15 
  7532.00000     4.5753e-15 
  7534.00000     4.5742e-15 
  7536.00000     4.5731e-15 
  7538.00000     4.5721e-15 
  7540.00000     4.5710e-15 
  7542.00000     4.5699e-15 
  7544.00000     4.5688e-15 
  7546.00000     4.5677e-15 
  7548.00000     4.5666e-15 
  7550.00000     4.5655e-15 
  7552.00000     4.5644e-15 
  7554.00000     4.5633e-15 
  7556.00000     4.5622e-15 
  7558.00000     4.5612e-15 
  7560.00000     4.5601e-15 
  7562.00000     4.5590e-15 
  7564.00000     4.5579e-15 
  7566.00000     4.5568e-15 
  7568.00000     4.5557e-15 
  7570.00000     4.5547e-15 
  7572.00000     4.5536e-15 
  7574.00000     4.5525e-15 
  7576.00000     4.5514e-15 
  7578.00000     4.5503e-15 
  7580.00000     4.5492e-15 
  7582.00000     4.5482e-15 
  7584.00000     4.5471e-15 
  7586.00000     4.5460e-15 
  7588.00000     4.5449e-15 
  7590.00000     4.5439e-15 
  7592.00000     4.5428e-15 
  7594.00000     4.5417e-15 
  7596.00000     4.5406e-15 
  7598.00000     4.5395e-15 
  7600.00000     4.5385e-15 
  7602.00000     4.5374e-15 
  7604.00000     4.5363e-15 
  7606.00000     4.5352e-15 
  7608.00000     4.5342e-15 
  7610.00000     4.5331e-15 
  7612.00000     4.5320e-15 
  7614.00000     4.5310e-15 
  7616.00000     4.5299e-15 
  7618.00000     4.5288e-15 
  7620.00000     4.5277e-15 
  7622.00000     4.5267e-15 
  7624.00000     4.5256e-15 
  7626.00000     4.5245e-15 
  7628.00000     4.5235e-15 
  7630.00000     4.5224e-15 
  7632.00000     4.5213e-15 
  7634.00000     4.5203e-15 
  7636.00000     4.5192e-15 
  7638.00000     4.5181e-15 
  7640.00000     4.5171e-15 
  7642.00000     4.5160e-15 
  7644.00000     4.5150e-15 
  7646.00000     4.5139e-15 
  7648.00000     4.5128e-15 
  7650.00000     4.5118e-15 
  7652.00000     4.5107e-15 
  7654.00000     4.5096e-15 
  7656.00000     4.5086e-15 
  7658.00000     4.5075e-15 
  7660.00000     4.5065e-15 
  7662.00000     4.5054e-15 
  7664.00000     4.5043e-15 
  7666.00000     4.5033e-15 
  7668.00000     4.5022e-15 
  7670.00000     4.5012e-15 
  7672.00000     4.5001e-15 
  7674.00000     4.4991e-15 
  7676.00000     4.4980e-15 
  7678.00000     4.4970e-15 
  7680.00000     4.4959e-15 
  7682.00000     4.4948e-15 
  7684.00000     4.4938e-15 
  7686.00000     4.4927e-15 
  7688.00000     4.4917e-15 
  7690.00000     4.4906e-15 
  7692.00000     4.4896e-15 
  7694.00000     4.4885e-15 
  7696.00000     4.4875e-15 
  7698.00000     4.4864e-15 
  7700.00000     4.4854e-15 
  7702.00000     4.4843e-15 
  7704.00000     4.4833e-15 
  7706.00000     4.4822e-15 
  7708.00000     4.4812e-15 
  7710.00000     4.4802e-15 
  7712.00000     4.4791e-15 
  7714.00000     4.4781e-15 
  7716.00000     4.4770e-15 
  7718.00000     4.4760e-15 
  7720.00000     4.4749e-15 
  7722.00000     4.4739e-15 
  7724.00000     4.4728e-15 
  7726.00000     4.4718e-15 
  7728.00000     4.4708e-15 
  7730.00000     4.4697e-15 
  7732.00000     4.4687e-15 
  7734.00000     4.4676e-15 
  7736.00000     4.4666e-15 
  7738.00000     4.4656e-15 
  7740.00000     4.4645e-15 
  7742.00000     4.4635e-15 
  7744.00000     4.4624e-15 
  7746.00000     4.4614e-15 
  7748.00000     4.4604e-15 
  7750.00000     4.4593e-15 
  7752.00000     4.4583e-15 
  7754.00000     4.4573e-15 
  7756.00000     4.4562e-15 
  7758.00000     4.4552e-15 
  7760.00000     4.4542e-15 
  7762.00000     4.4531e-15 
  7764.00000     4.4521e-15 
  7766.00000     4.4511e-15 
  7768.00000     4.4500e-15 
  7770.00000     4.4490e-15 
  7772.00000     4.4480e-15 
  7774.00000     4.4469e-15 
  7776.00000     4.4459e-15 
  7778.00000     4.4449e-15 
  7780.00000     4.4439e-15 
  7782.00000     4.4428e-15 
  7784.00000     4.4418e-15 
  7786.00000     4.4408e-15 
  7788.00000     4.4397e-15 
  7790.00000     4.4387e-15 
  7792.00000     4.4377e-15 
  7794.00000     4.4367e-15 
  7796.00000     4.4356e-15 
  7798.00000     4.4346e-15 
  7800.00000     4.4336e-15 
  7802.00000     4.4326e-15 
  7804.00000     4.4316e-15 
  7806.00000     4.4305e-15 
  7808.00000     4.4295e-15 
  7810.00000     4.4285e-15 
  7812.00000     4.4275e-15 
  7814.00000     4.4265e-15 
  7816.00000     4.4254e-15 
  7818.00000     4.4244e-15 
  7820.00000     4.4234e-15 
  7822.00000     4.4224e-15 
  7824.00000     4.4214e-15 
  7826.00000     4.4203e-15 
  7828.00000     4.4193e-15 
  7830.00000     4.4183e-15 
  7832.00000     4.4173e-15 
  7834.00000     4.4163e-15 
  7836.00000     4.4153e-15 
  7838.00000     4.4143e-15 
  7840.00000     4.4132e-15 
  7842.00000     4.4122e-15 
  7844.00000     4.4112e-15 
  7846.00000     4.4102e-15 
  7848.00000     4.4092e-15 
  7850.00000     4.4082e-15 
  7852.00000     4.4072e-15 
  7854.00000     4.4062e-15 
  7856.00000     4.4051e-15 
  7858.00000     4.4041e-15 
  7860.00000     4.4031e-15 
  7862.00000     4.4021e-15 
  7864.00000     4.4011e-15 
  7866.00000     4.4001e-15 
  7868.00000     4.3991e-15 
  7870.00000     4.3981e-15 
  7872.00000     4.3971e-15 
  7874.00000     4.3961e-15 
  7876.00000     4.3951e-15 
  7878.00000     4.3941e-15 
  7880.00000     4.3931e-15 
  7882.00000     4.3921e-15 
  7884.00000     4.3911e-15 
  7886.00000     4.3901e-15 
  7888.00000     4.3891e-15 
  7890.00000     4.3881e-15 
  7892.00000     4.3871e-15 
  7894.00000     4.3861e-15 
  7896.00000     4.3851e-15 
  7898.00000     4.3841e-15 
  7900.00000     4.3831e-15 
  7902.00000     4.3821e-15 
  7904.00000     4.3811e-15 
  7906.00000     4.3801e-15 
  7908.00000     4.3791e-15 
  7910.00000     4.3781e-15 
  7912.00000     4.3771e-15 
  7914.00000     4.3761e-15 
  7916.00000     4.3751e-15 
  7918.00000     4.3741e-15 
  7920.00000     4.3731e-15 
  7922.00000     4.3721e-15 
  7924.00000     4.3711e-15 
  7926.00000     4.3701e-15 
  7928.00000     4.3691e-15 
  7930.00000     4.3681e-15 
  7932.00000     4.3671e-15 
  7934.00000     4.3662e-15 
  7936.00000     4.3652e-15 
  7938.00000     4.3642e-15 
  7940.00000     4.3632e-15 
  7942.00000     4.3622e-15 
  7944.00000     4.3612e-15 
  7946.00000     4.3602e-15 
  7948.00000     4.3592e-15 
  7950.00000     4.3582e-15 
  7952.00000     4.3573e-15 
  7954.00000     4.3563e-15 
  7956.00000     4.3553e-15 
  7958.00000     4.3543e-15 
  7960.00000     4.3533e-15 
  7962.00000     4.3523e-15 
  7964.00000     4.3513e-15 
  7966.00000     4.3504e-15 
  7968.00000     4.3494e-15 
  7970.00000     4.3484e-15 
  7972.00000     4.3474e-15 
  7974.00000     4.3464e-15 
  7976.00000     4.3455e-15 
  7978.00000     4.3445e-15 
  7980.00000     4.3435e-15 
  7982.00000     4.3425e-15 
  7984.00000     4.3415e-15 
  7986.00000     4.3406e-15 
  7988.00000     4.3396e-15 
  7990.00000     4.3386e-15 
  7992.00000     4.3376e-15 
  7994.00000     4.3366e-15 
  7996.00000     4.3357e-15 
  7998.00000     4.3347e-15 
  8000.00000     4.3337e-15 
  8002.00000     4.3327e-15 
  8004.00000     4.3318e-15 
  8006.00000     4.3308e-15 
  8008.00000     4.3298e-15 
  8010.00000     4.3288e-15 
  8012.00000     4.3279e-15 
  8014.00000     4.3269e-15 
  8016.00000     4.3259e-15 
  8018.00000     4.3250e-15 
  8020.00000     4.3240e-15 
  8022.00000     4.3230e-15 
  8024.00000     4.3221e-15 
  8026.00000     4.3211e-15 
  8028.00000     4.3201e-15 
  8030.00000     4.3191e-15 
  8032.00000     4.3182e-15 
  8034.00000     4.3172e-15 
  8036.00000     4.3162e-15 
  8038.00000     4.3153e-15 
  8040.00000     4.3143e-15 
  8042.00000     4.3133e-15 
  8044.00000     4.3124e-15 
  8046.00000     4.3114e-15 
  8048.00000     4.3104e-15 
  8050.00000     4.3095e-15 
  8052.00000     4.3085e-15 
  8054.00000     4.3076e-15 
  8056.00000     4.3066e-15 
  8058.00000     4.3056e-15 
  8060.00000     4.3047e-15 
  8062.00000     4.3037e-15 
  8064.00000     4.3028e-15 
  8066.00000     4.3018e-15 
  8068.00000     4.3008e-15 
  8070.00000     4.2999e-15 
  8072.00000     4.2989e-15 
  8074.00000     4.2980e-15 
  8076.00000     4.2970e-15 
  8078.00000     4.2960e-15 
  8080.00000     4.2951e-15 
  8082.00000     4.2941e-15 
  8084.00000     4.2932e-15 
  8086.00000     4.2922e-15 
  8088.00000     4.2913e-15 
  8090.00000     4.2903e-15 
  8092.00000     4.2893e-15 
  8094.00000     4.2884e-15 
  8096.00000     4.2874e-15 
  8098.00000     4.2865e-15 
  8100.00000     4.2855e-15 
  8102.00000     4.2846e-15 
  8104.00000     4.2836e-15 
  8106.00000     4.2827e-15 
  8108.00000     4.2817e-15 
  8110.00000     4.2808e-15 
  8112.00000     4.2798e-15 
  8114.00000     4.2789e-15 
  8116.00000     4.2779e-15 
  8118.00000     4.2770e-15 
  8120.00000     4.2760e-15 
  8122.00000     4.2751e-15 
  8124.00000     4.2741e-15 
  8126.00000     4.2732e-15 
  8128.00000     4.2722e-15 
  8130.00000     4.2713e-15 
  8132.00000     4.2704e-15 
  8134.00000     4.2694e-15 
  8136.00000     4.2685e-15 
  8138.00000     4.2675e-15 
  8140.00000     4.2666e-15 
  8142.00000     4.2656e-15 
  8144.00000     4.2647e-15 
  8146.00000     4.2637e-15 
  8148.00000     4.2628e-15 
  8150.00000     4.2619e-15 
  8152.00000     4.2609e-15 
  8154.00000     4.2600e-15 
  8156.00000     4.2590e-15 
  8158.00000     4.2581e-15 
  8160.00000     4.2572e-15 
  8162.00000     4.2562e-15 
  8164.00000     4.2553e-15 
  8166.00000     4.2544e-15 
  8168.00000     4.2534e-15 
  8170.00000     4.2525e-15 
  8172.00000     4.2515e-15 
  8174.00000     4.2506e-15 
  8176.00000     4.2497e-15 
  8178.00000     4.2487e-15 
  8180.00000     4.2478e-15 
  8182.00000     4.2469e-15 
  8184.00000     4.2459e-15 
  8186.00000     4.2450e-15 
  8188.00000     4.2441e-15 
  8190.00000     4.2431e-15 
  8192.00000     4.2422e-15 
  8194.00000     4.2413e-15 
  8196.00000     4.2403e-15 
  8198.00000     4.2394e-15 
  8200.00000     4.2385e-15 
