  1400.00    2.0159E-13
  1403.00    1.9895E-13
  1406.00    2.0027E-13
  1409.00    1.9964E-13
  1412.00    1.9749E-13
  1415.00    1.9767E-13
  1418.00    1.9695E-13
  1421.00    1.9632E-13
  1424.00    1.9498E-13
  1427.00    1.9385E-13
  1430.00    1.9288E-13
  1433.00    1.9292E-13
  1436.00    1.9132E-13
  1439.00    1.9113E-13
  1442.00    1.9032E-13
  1445.00    1.8952E-13
  1448.00    1.9078E-13
  1451.00    1.8874E-13
  1454.00    1.8781E-13
  1457.00    1.8692E-13
  1460.00    1.8630E-13
  1463.00    1.8715E-13
  1466.00    1.8349E-13
  1469.00    1.8424E-13
  1472.00    1.8321E-13
  1475.00    1.8279E-13
  1478.00    1.8252E-13
  1481.00    1.8293E-13
  1484.00    1.8067E-13
  1487.00    1.8256E-13
  1490.00    1.7970E-13
  1493.00    1.8059E-13
  1496.00    1.7854E-13
  1499.00    1.7857E-13
  1502.00    1.7770E-13
  1505.00    1.7719E-13
  1508.00    1.7650E-13
  1511.00    1.7684E-13
  1514.00    1.7481E-13
  1517.00    1.7500E-13
  1520.00    1.7400E-13
  1523.00    1.7356E-13
  1526.00    1.7336E-13
  1529.00    1.7192E-13
  1532.00    1.7268E-13
  1535.00    1.7142E-13
  1538.00    1.7075E-13
  1541.00    1.7078E-13
  1544.00    1.7046E-13
  1547.00    1.6953E-13
  1550.00    1.6829E-13
  1553.00    1.6711E-13
  1556.00    1.6785E-13
  1559.00    1.6703E-13
  1562.00    1.6615E-13
  1565.00    1.6561E-13
  1568.00    1.6466E-13
  1571.00    1.6482E-13
  1574.00    1.6413E-13
  1577.00    1.6441E-13
  1580.00    1.6470E-13
  1583.00    1.6222E-13
  1586.00    1.6235E-13
  1589.00    1.6286E-13
  1592.00    1.6186E-13
  1595.00    1.6103E-13
  1598.00    1.6193E-13
  1601.00    1.6048E-13
  1604.00    1.5904E-13
  1607.00    1.5792E-13
  1610.00    1.5919E-13
  1613.00    1.5731E-13
  1616.00    1.5783E-13
  1619.00    1.5682E-13
  1622.00    1.5657E-13
  1625.00    1.5582E-13
  1628.00    1.5528E-13
  1631.00    1.5490E-13
  1634.00    1.5508E-13
  1637.00    1.5491E-13
  1640.00    1.5294E-13
  1643.00    1.5250E-13
  1646.00    1.5323E-13
  1649.00    1.5281E-13
  1652.00    1.5227E-13
  1655.00    1.5236E-13
  1658.00    1.5041E-13
  1661.00    1.5041E-13
  1664.00    1.4936E-13
  1667.00    1.4871E-13
  1670.00    1.4720E-13
  1673.00    1.4755E-13
  1676.00    1.4919E-13
  1679.00    1.4658E-13
  1682.00    1.4728E-13
  1685.00    1.4529E-13
  1688.00    1.4499E-13
  1691.00    1.4483E-13
  1694.00    1.4490E-13
  1697.00    1.4350E-13
  1700.00    1.4447E-13
  1703.00    1.4392E-13
  1706.00    1.4368E-13
  1709.00    1.4268E-13
  1712.00    1.4268E-13
  1715.00    1.4140E-13
  1718.00    1.4080E-13
  1721.00    1.4186E-13
  1724.00    1.4117E-13
  1727.00    1.3994E-13
  1730.00    1.3872E-13
  1733.00    1.3864E-13
  1736.00    1.3975E-13
  1739.00    1.3826E-13
  1742.00    1.3827E-13
  1745.00    1.3719E-13
  1748.00    1.3823E-13
  1751.00    1.3724E-13
  1754.00    1.3707E-13
  1757.00    1.3633E-13
  1760.00    1.3582E-13
  1763.00    1.3478E-13
  1766.00    1.3529E-13
  1769.00    1.3527E-13
  1772.00    1.3460E-13
  1775.00    1.3385E-13
  1778.00    1.3325E-13
  1781.00    1.3341E-13
  1784.00    1.3284E-13
  1787.00    1.3183E-13
  1790.00    1.3169E-13
  1793.00    1.3149E-13
  1796.00    1.3108E-13
  1799.00    1.3014E-13
  1802.00    1.3205E-13
  1805.00    1.3055E-13
  1808.00    1.2934E-13
  1811.00    1.2885E-13
  1814.00    1.2948E-13
  1817.00    1.2708E-13
  1820.00    1.2911E-13
  1823.00    1.2691E-13
  1826.00    1.2809E-13
  1829.00    1.2697E-13
  1832.00    1.2626E-13
  1835.00    1.2823E-13
  1838.00    1.2628E-13
  1841.00    1.2497E-13
  1844.00    1.2499E-13
  1847.00    1.2503E-13
  1850.00    1.2471E-13
  1853.00    1.2355E-13
  1856.00    1.2487E-13
  1859.00    1.2332E-13
  1862.00    1.2366E-13
  1865.00    1.2300E-13
  1868.00    1.2106E-13
  1871.00    1.2269E-13
  1874.00    1.2220E-13
  1877.00    1.2189E-13
  1880.00    1.2154E-13
  1883.00    1.2145E-13
  1886.00    1.1995E-13
  1889.00    1.2107E-13
  1892.00    1.1939E-13
  1895.00    1.1971E-13
  1898.00    1.1861E-13
  1901.00    1.2086E-13
  1904.00    1.1961E-13
  1907.00    1.1834E-13
  1910.00    1.1860E-13
  1913.00    1.1838E-13
  1916.00    1.1715E-13
  1919.00    1.1756E-13
  1922.00    1.1734E-13
  1925.00    1.1693E-13
  1928.00    1.1603E-13
  1931.00    1.1595E-13
  1934.00    1.1516E-13
  1937.00    1.1609E-13
  1940.00    1.1561E-13
  1943.00    1.1389E-13
  1946.00    1.1568E-13
  1949.00    1.1463E-13
  1952.00    1.1383E-13
  1955.00    1.1392E-13
  1958.00    1.1241E-13
  1961.00    1.1321E-13
  1964.00    1.1235E-13
  1967.00    1.1208E-13
  1970.00    1.1274E-13
  1973.00    1.1215E-13
  1976.00    1.1138E-13
  1979.00    1.1244E-13
  1982.00    1.1171E-13
  1985.00    1.1162E-13
  1988.00    1.0914E-13
  1991.00    1.0978E-13
  1994.00    1.0984E-13
  1997.00    1.0956E-13
  2000.00    1.0892E-13
  2003.00    1.0897E-13
  2006.00    1.0924E-13
  2009.00    1.0889E-13
  2012.00    1.0810E-13
  2015.00    1.0750E-13
  2018.00    1.0782E-13
  2021.00    1.0653E-13
  2024.00    1.0720E-13
  2027.00    1.0819E-13
  2030.00    1.0772E-13
  2033.00    1.0735E-13
  2036.00    1.0615E-13
  2039.00    1.0572E-13
  2042.00    1.0466E-13
  2045.00    1.0544E-13
  2048.00    1.0539E-13
  2051.00    1.0438E-13
  2054.00    1.0416E-13
  2057.00    1.0339E-13
  2060.00    1.0510E-13
  2063.00    1.0433E-13
  2066.00    1.0413E-13
  2069.00    1.0252E-13
  2072.00    1.0236E-13
  2075.00    1.0247E-13
  2078.00    1.0210E-13
  2081.00    1.0284E-13
  2084.00    1.0198E-13
  2087.00    1.0265E-13
  2090.00    1.0191E-13
  2093.00    1.0195E-13
  2096.00    1.0145E-13
  2099.00    1.0078E-13
  2102.00    1.0109E-13
  2105.00    1.0085E-13
  2108.00    1.0063E-13
  2111.00    9.8629E-14
  2114.00    9.9510E-14
  2117.00    9.8938E-14
  2120.00    1.0045E-13
  2123.00    1.0023E-13
  2126.00    9.7687E-14
  2129.00    9.8542E-14
  2132.00    9.7756E-14
  2135.00    9.7813E-14
  2138.00    9.8367E-14
  2141.00    9.8578E-14
  2144.00    9.6808E-14
  2147.00    9.7027E-14
  2150.00    9.7645E-14
  2153.00    9.6938E-14
  2156.00    9.5347E-14
  2159.00    9.5976E-14
  2162.00    9.5570E-14
  2165.00    9.4041E-14
  2168.00    9.5013E-14
  2171.00    9.4067E-14
  2174.00    9.4636E-14
  2177.00    9.4497E-14
  2180.00    9.4609E-14
  2183.00    9.2906E-14
  2186.00    9.3957E-14
  2189.00    9.4306E-14
  2192.00    9.2022E-14
  2195.00    9.2769E-14
  2198.00    9.3876E-14
  2201.00    9.2296E-14
  2204.00    9.2082E-14
  2207.00    9.2489E-14
  2210.00    9.2057E-14
  2213.00    9.2673E-14
  2216.00    9.2091E-14
  2219.00    9.1053E-14
  2222.00    9.1680E-14
  2225.00    9.0713E-14
  2228.00    9.1969E-14
  2231.00    9.0581E-14
  2234.00    9.1161E-14
  2237.00    8.9189E-14
  2240.00    9.1180E-14
  2243.00    8.9556E-14
  2246.00    8.9138E-14
  2249.00    8.8744E-14
  2252.00    8.9852E-14
  2255.00    8.8942E-14
  2258.00    8.9404E-14
  2261.00    9.0071E-14
  2264.00    8.7830E-14
  2267.00    8.8059E-14
  2270.00    8.6768E-14
  2273.00    8.8170E-14
  2276.00    8.7815E-14
  2279.00    8.7854E-14
  2282.00    8.6997E-14
  2285.00    8.7422E-14
  2288.00    8.7581E-14
  2291.00    8.7203E-14
  2294.00    8.7435E-14
  2297.00    8.6732E-14
  2300.00    8.6859E-14
  2303.00    8.6279E-14
  2306.00    8.6193E-14
  2309.00    8.5161E-14
  2312.00    8.6469E-14
  2315.00    8.5455E-14
  2318.00    8.4563E-14
  2321.00    8.4525E-14
  2324.00    8.4045E-14
  2327.00    8.3751E-14
  2330.00    8.3840E-14
  2333.00    8.3316E-14
  2336.00    8.4279E-14
  2339.00    8.3980E-14
  2342.00    8.2587E-14
  2345.00    8.3461E-14
  2348.00    8.2438E-14
  2351.00    8.3819E-14
  2354.00    8.2834E-14
  2357.00    8.2123E-14
  2360.00    8.3396E-14
  2363.00    8.1939E-14
  2366.00    8.2605E-14
  2369.00    8.2355E-14
  2372.00    8.1555E-14
  2375.00    8.2305E-14
  2378.00    8.2000E-14
  2381.00    8.1546E-14
  2384.00    8.0791E-14
  2387.00    8.0727E-14
  2390.00    8.0865E-14
  2393.00    8.1342E-14
  2396.00    8.0895E-14
  2399.00    8.0769E-14
  2402.00    7.9243E-14
  2405.00    8.0993E-14
  2408.00    7.8899E-14
  2411.00    7.9821E-14
  2414.00    7.9930E-14
  2417.00    7.9539E-14
  2420.00    7.8520E-14
  2423.00    7.8542E-14
  2426.00    8.0104E-14
  2429.00    7.7883E-14
  2432.00    7.8127E-14
  2435.00    7.8268E-14
  2438.00    7.7796E-14
  2441.00    7.7616E-14
  2444.00    7.7223E-14
  2447.00    7.7550E-14
  2450.00    7.7520E-14
  2453.00    7.6757E-14
  2456.00    7.7086E-14
  2459.00    7.7563E-14
  2462.00    7.6360E-14
  2465.00    7.7465E-14
  2468.00    7.6413E-14
  2471.00    7.6297E-14
  2474.00    7.6907E-14
  2477.00    7.5757E-14
  2480.00    7.5640E-14
  2483.00    7.6308E-14
  2486.00    7.5837E-14
  2489.00    7.5369E-14
  2492.00    7.4657E-14
  2495.00    7.6037E-14
  2498.00    7.4701E-14
  2501.00    7.4209E-14
  2504.00    7.5532E-14
  2507.00    7.4240E-14
  2510.00    7.3749E-14
  2513.00    7.4554E-14
  2516.00    7.2068E-14
  2519.00    7.3758E-14
  2522.00    7.5282E-14
  2525.00    7.3662E-14
  2528.00    7.3088E-14
  2531.00    7.3716E-14
  2534.00    7.2941E-14
  2537.00    7.2539E-14
  2540.00    7.2768E-14
  2543.00    7.3211E-14
  2546.00    7.2349E-14
  2549.00    7.2951E-14
  2552.00    7.2011E-14
  2555.00    7.1135E-14
  2558.00    7.1426E-14
  2561.00    7.0993E-14
  2564.00    7.0925E-14
  2567.00    7.2305E-14
  2570.00    7.1753E-14
  2573.00    7.0844E-14
  2576.00    7.1339E-14
  2579.00    7.1436E-14
  2582.00    7.0817E-14
  2585.00    6.9673E-14
  2588.00    7.1464E-14
  2591.00    7.0409E-14
  2594.00    6.9726E-14
  2597.00    7.0466E-14
  2600.00    6.9981E-14
  2603.00    6.8689E-14
  2606.00    6.9131E-14
  2609.00    6.9798E-14
  2612.00    7.0075E-14
  2615.00    6.8062E-14
  2618.00    6.9058E-14
  2621.00    6.8856E-14
  2624.00    7.0050E-14
  2627.00    6.8605E-14
  2630.00    6.9689E-14
  2633.00    6.9129E-14
  2636.00    6.8534E-14
  2639.00    6.7862E-14
  2642.00    6.7292E-14
  2645.00    6.7981E-14
  2648.00    6.8017E-14
  2651.00    6.7542E-14
  2654.00    6.8001E-14
  2657.00    6.7978E-14
  2660.00    6.8133E-14
  2663.00    6.7581E-14
  2666.00    6.5365E-14
  2669.00    6.6995E-14
  2672.00    6.7112E-14
  2675.00    6.6599E-14
  2678.00    6.6380E-14
  2681.00    6.6175E-14
  2684.00    6.6467E-14
  2687.00    6.6733E-14
  2690.00    6.6055E-14
  2693.00    6.5104E-14
  2696.00    6.5377E-14
  2699.00    6.6386E-14
  2702.00    6.7006E-14
  2705.00    6.5536E-14
  2708.00    6.5480E-14
  2711.00    6.5307E-14
  2714.00    6.5252E-14
  2717.00    6.5490E-14
  2720.00    6.5489E-14
  2723.00    6.4906E-14
  2726.00    6.4120E-14
  2729.00    6.3319E-14
  2732.00    6.3574E-14
  2735.00    6.4835E-14
  2738.00    6.5477E-14
  2741.00    6.5424E-14
  2744.00    6.2929E-14
  2747.00    6.2844E-14
  2750.00    6.3726E-14
  2753.00    6.3243E-14
  2756.00    6.3279E-14
  2759.00    6.2660E-14
  2762.00    6.3855E-14
  2765.00    6.2809E-14
  2768.00    6.1882E-14
  2771.00    6.3354E-14
  2774.00    6.3065E-14
  2777.00    6.2766E-14
  2780.00    6.2045E-14
  2783.00    6.2873E-14
  2786.00    6.3299E-14
  2789.00    6.1600E-14
  2792.00    6.2972E-14
  2795.00    6.1547E-14
  2798.00    6.2212E-14
  2801.00    6.1923E-14
  2804.00    6.0331E-14
  2807.00    6.2129E-14
  2810.00    6.0609E-14
  2813.00    6.2090E-14
  2816.00    6.1470E-14
  2819.00    6.1078E-14
  2822.00    6.1524E-14
  2825.00    6.1357E-14
  2828.00    5.9710E-14
  2831.00    6.0979E-14
  2834.00    6.0588E-14
  2837.00    6.0199E-14
  2840.00    6.1164E-14
  2843.00    5.9824E-14
  2846.00    6.1611E-14
  2849.00    5.9077E-14
  2852.00    6.0037E-14
  2855.00    6.1065E-14
  2858.00    5.9782E-14
  2861.00    5.8998E-14
  2864.00    5.9527E-14
  2867.00    5.9450E-14
  2870.00    5.9633E-14
  2873.00    5.8980E-14
  2876.00    5.8611E-14
  2879.00    5.9918E-14
  2882.00    5.9178E-14
  2885.00    5.8022E-14
  2888.00    5.8336E-14
  2891.00    5.7897E-14
  2894.00    5.7929E-14
  2897.00    6.0280E-14
  2900.00    5.8274E-14
  2903.00    5.7921E-14
  2906.00    5.7570E-14
  2909.00    5.7667E-14
  2912.00    5.7500E-14
  2915.00    5.8460E-14
  2918.00    5.6128E-14
  2921.00    5.7438E-14
  2924.00    5.7806E-14
  2927.00    5.5801E-14
  2930.00    5.7202E-14
  2933.00    5.7947E-14
  2936.00    5.6549E-14
  2939.00    5.7300E-14
  2942.00    5.5863E-14
  2945.00    5.7001E-14
  2948.00    5.7394E-14
  2951.00    5.6470E-14
  2954.00    5.6134E-14
  2957.00    5.5839E-14
  2960.00    5.5873E-14
  2963.00    5.5318E-14
  2966.00    5.6438E-14
  2969.00    5.6782E-14
  2972.00    5.4719E-14
  2975.00    5.4983E-14
  2978.00    5.5710E-14
  2981.00    5.5622E-14
  2984.00    5.5251E-14
  2987.00    5.5527E-14
  2990.00    5.5347E-14
  2993.00    5.5421E-14
  2996.00    5.4083E-14
  2999.00    5.5526E-14
  3002.00    5.4775E-14
  3005.00    5.4240E-14
  3008.00    5.4582E-14
  3011.00    5.4568E-14
  3014.00    5.4554E-14
  3017.00    5.4041E-14
  3020.00    5.3875E-14
  3023.00    5.4514E-14
  3026.00    5.3204E-14
  3029.00    5.4380E-14
  3032.00    5.4624E-14
  3035.00    5.2720E-14
  3038.00    5.3291E-14
  3041.00    5.3725E-14
  3044.00    5.2969E-14
  3047.00    5.3661E-14
  3050.00    5.3375E-14
  3053.00    5.2569E-14
  3056.00    5.3812E-14
  3059.00    5.3716E-14
  3062.00    5.3513E-14
  3065.00    5.2926E-14
  3068.00    5.2802E-14
  3071.00    5.3701E-14
  3074.00    5.1992E-14
  3077.00    5.2639E-14
  3080.00    5.3245E-14
  3083.00    5.1743E-14
  3086.00    5.2751E-14
  3089.00    5.1350E-14
  3092.00    5.1702E-14
  3095.00    5.1463E-14
  3098.00    5.2467E-14
  3101.00    5.2095E-14
  3104.00    5.0668E-14
  3107.00    5.2189E-14
  3110.00    5.1918E-14
  3113.00    5.1938E-14
  3116.00    5.1774E-14
  3119.00    5.0895E-14
  3122.00    5.1679E-14
  3125.00    5.2354E-14
  3128.00    5.0931E-14
  3131.00    5.2187E-14
  3134.00    5.1311E-14
  3137.00    5.1047E-14
  3140.00    5.0729E-14
  3143.00    5.0713E-14
  3146.00    4.9318E-14
  3149.00    5.0140E-14
  3152.00    5.0497E-14
  3155.00    5.0243E-14
  3158.00    5.0672E-14
  3161.00    5.0671E-14
  3164.00    4.9965E-14
  3167.00    4.9897E-14
  3170.00    4.8860E-14
  3173.00    5.0264E-14
  3176.00    4.9670E-14
  3179.00    4.9925E-14
  3182.00    5.1253E-14
  3185.00    4.9534E-14
  3188.00    4.9234E-14
  3191.00    4.8459E-14
  3194.00    4.9276E-14
  3197.00    4.8770E-14
  3200.00    4.8305E-14
  3203.00    4.9620E-14
  3206.00    4.8525E-14
  3209.00    4.9809E-14
  3212.00    4.9042E-14
  3215.00    4.8281E-14
  3218.00    4.8762E-14
  3221.00    4.9295E-14
  3224.00    4.7030E-14
  3227.00    4.9052E-14
  3230.00    4.8968E-14
  3233.00    4.8531E-14
  3236.00    4.7695E-14
  3239.00    4.9393E-14
  3242.00    4.8477E-14
  3245.00    4.8071E-14
  3248.00    4.7511E-14
  3251.00    4.8014E-14
  3254.00    4.8258E-14
  3257.00    4.8071E-14
  3260.00    4.6357E-14
  3263.00    4.8215E-14
  3266.00    4.9174E-14
  3269.00    4.7278E-14
  3272.00    4.7363E-14
  3275.00    4.7298E-14
  3278.00    4.6547E-14
  3281.00    4.6418E-14
  3284.00    4.6581E-14
  3287.00    4.6786E-14
  3290.00    4.7010E-14
  3293.00    4.6926E-14
  3296.00    4.6623E-14
  3299.00    4.6435E-14
  3302.00    4.7360E-14
  3305.00    4.5919E-14
  3308.00    4.5893E-14
  3311.00    4.6828E-14
  3314.00    4.5779E-14
  3317.00    4.7029E-14
  3320.00    4.7150E-14
  3323.00    4.6971E-14
  3326.00    4.6945E-14
  3329.00    4.5545E-14
  3332.00    4.5444E-14
  3335.00    4.5176E-14
  3338.00    4.6303E-14
  3341.00    4.5197E-14
  3344.00    4.5844E-14
  3347.00    4.5144E-14
  3350.00    4.4747E-14
  3353.00    4.5964E-14
  3356.00    4.4887E-14
  3359.00    4.5306E-14
  3362.00    4.4920E-14
  3365.00    4.5441E-14
  3368.00    4.6590E-14
  3371.00    4.5342E-14
  3374.00    4.5540E-14
  3377.00    4.5031E-14
  3380.00    4.4826E-14
  3383.00    4.4019E-14
  3386.00    4.5660E-14
  3389.00    4.4618E-14
  3392.00    4.5188E-14
  3395.00    4.4917E-14
  3398.00    4.4990E-14
  3401.00    4.4931E-14
  3404.00    4.3891E-14
  3407.00    4.4141E-14
  3410.00    4.4047E-14
  3413.00    4.4218E-14
  3416.00    4.3792E-14
  3419.00    4.4284E-14
  3422.00    4.3798E-14
  3425.00    4.3457E-14
  3428.00    4.4519E-14
  3431.00    4.3468E-14
  3434.00    4.3826E-14
  3437.00    4.3666E-14
  3440.00    4.3015E-14
  3443.00    4.3519E-14
  3446.00    4.3712E-14
  3449.00    4.3173E-14
  3452.00    4.3709E-14
  3455.00    4.3584E-14
  3458.00    4.2434E-14
  3461.00    4.2587E-14
  3464.00    4.2508E-14
  3467.00    4.3212E-14
  3470.00    4.2487E-14
  3473.00    4.3133E-14
  3476.00    4.2369E-14
  3479.00    4.1921E-14
  3482.00    4.2485E-14
  3485.00    4.2885E-14
  3488.00    4.1543E-14
  3491.00    4.2678E-14
  3494.00    4.2442E-14
  3497.00    4.2512E-14
  3500.00    4.3211E-14
  3503.00    4.1478E-14
  3506.00    4.2980E-14
  3509.00    4.2053E-14
  3512.00    4.2555E-14
  3515.00    4.2723E-14
  3518.00    4.2655E-14
  3521.00    4.1994E-14
  3524.00    4.2969E-14
  3527.00    4.0552E-14
  3530.00    4.1585E-14
  3533.00    4.2639E-14
  3536.00    4.1215E-14
  3539.00    4.0691E-14
  3542.00    4.0680E-14
  3545.00    4.1139E-14
  3548.00    4.2415E-14
  3551.00    4.1237E-14
  3554.00    4.0246E-14
  3557.00    4.0895E-14
  3560.00    3.9613E-14
  3563.00    4.0514E-14
  3566.00    4.1179E-14
  3569.00    4.2400E-14
  3572.00    4.1891E-14
  3575.00    4.0837E-14
  3578.00    4.0161E-14
  3581.00    4.1449E-14
  3584.00    4.2394E-14
  3587.00    4.0919E-14
  3590.00    4.0003E-14
  3593.00    3.9207E-14
  3596.00    3.9541E-14
  3599.00    4.0466E-14
  3602.00    4.0217E-14
  3605.00    4.0082E-14
  3608.00    4.0046E-14
  3611.00    4.1201E-14
  3614.00    3.9343E-14
  3617.00    3.9935E-14
  3620.00    4.0331E-14
  3623.00    3.9520E-14
  3626.00    3.9145E-14
  3629.00    4.0597E-14
  3632.00    3.9230E-14
  3635.00    3.9081E-14
  3638.00    3.9556E-14
  3641.00    3.8433E-14
  3644.00    3.9244E-14
  3647.00    3.8975E-14
  3650.00    3.7857E-14
  3653.00    4.0067E-14
  3656.00    4.0677E-14
  3659.00    3.9506E-14
  3662.00    3.8508E-14
  3665.00    3.9748E-14
  3668.00    3.8982E-14
  3671.00    3.9066E-14
  3674.00    3.9241E-14
  3677.00    3.9018E-14
  3680.00    3.8897E-14
  3683.00    3.9102E-14
  3686.00    3.8744E-14
  3689.00    3.8535E-14
  3692.00    3.8787E-14
  3695.00    3.8852E-14
  3698.00    3.7631E-14
  3701.00    3.8263E-14
  3704.00    3.8388E-14
  3707.00    3.8070E-14
  3710.00    3.8929E-14
  3713.00    3.6866E-14
  3716.00    3.8403E-14
  3719.00    3.6808E-14
  3722.00    3.8079E-14
  3725.00    3.8185E-14
  3728.00    3.8037E-14
  3731.00    3.7398E-14
  3734.00    3.8276E-14
  3737.00    3.7182E-14
  3740.00    3.8480E-14
  3743.00    3.7848E-14
  3746.00    3.7080E-14
  3749.00    3.6528E-14
  3752.00    3.7483E-14
  3755.00    3.7677E-14
  3758.00    3.6220E-14
  3761.00    3.6056E-14
  3764.00    3.6916E-14
  3767.00    3.7887E-14
  3770.00    3.7552E-14
  3773.00    3.8301E-14
  3776.00    3.6351E-14
  3779.00    3.5619E-14
  3782.00    3.6494E-14
  3785.00    3.7531E-14
  3788.00    3.7064E-14
  3791.00    3.7103E-14
  3794.00    3.6153E-14
  3797.00    3.6142E-14
  3800.00    3.6726E-14
  3803.00    3.6554E-14
  3806.00    3.6896E-14
  3809.00    3.7801E-14
  3812.00    3.6345E-14
  3815.00    3.5909E-14
  3818.00    3.7340E-14
  3821.00    3.5021E-14
  3824.00    3.6290E-14
  3827.00    3.5846E-14
  3830.00    3.6977E-14
  3833.00    3.7454E-14
  3836.00    3.4652E-14
  3839.00    3.6223E-14
  3842.00    3.5003E-14
  3845.00    3.5754E-14
  3848.00    3.5934E-14
  3851.00    3.4611E-14
  3854.00    3.5851E-14
  3857.00    3.5831E-14
  3860.00    3.6755E-14
  3863.00    3.6486E-14
  3866.00    3.5750E-14
  3869.00    3.6775E-14
  3872.00    3.4606E-14
  3875.00    3.5470E-14
  3878.00    3.5977E-14
  3881.00    3.5976E-14
  3884.00    3.4057E-14
  3887.00    3.5777E-14
  3890.00    3.4939E-14
  3893.00    3.4694E-14
  3896.00    3.5481E-14
  3899.00    3.5160E-14
  3902.00    3.4739E-14
  3905.00    3.5561E-14
  3908.00    3.4927E-14
  3911.00    3.4984E-14
  3914.00    3.4773E-14
  3917.00    3.4953E-14
  3920.00    3.4497E-14
  3923.00    3.4844E-14
  3926.00    3.5188E-14
  3929.00    3.4548E-14
  3932.00    3.3676E-14
  3935.00    3.5445E-14
  3938.00    3.5620E-14
  3941.00    3.4215E-14
  3944.00    3.4375E-14
  3947.00    3.5184E-14
  3950.00    3.5449E-14
  3953.00    3.4454E-14
  3956.00    3.4421E-14
  3959.00    3.4602E-14
  3962.00    3.4633E-14
  3965.00    3.3977E-14
  3968.00    3.3818E-14
  3971.00    3.3900E-14
  3974.00    3.3712E-14
  3977.00    3.4681E-14
  3980.00    3.3597E-14
  3983.00    3.4287E-14
  3986.00    3.3280E-14
  3989.00    3.4285E-14
  3992.00    3.3569E-14
  3995.00    3.3412E-14
  3998.00    3.4928E-14
  4001.00    3.3353E-14
  4004.00    3.2154E-14
  4007.00    3.3870E-14
  4010.00    3.4739E-14
  4013.00    3.3415E-14
  4016.00    3.2275E-14
  4019.00    3.4433E-14
  4022.00    3.3400E-14
  4025.00    3.2723E-14
  4028.00    3.3095E-14
  4031.00    3.3966E-14
  4034.00    3.2867E-14
  4037.00    3.3435E-14
  4040.00    3.2785E-14
  4043.00    3.2188E-14
  4046.00    3.3809E-14
  4049.00    3.3145E-14
  4052.00    3.2848E-14
  4055.00    3.2593E-14
  4058.00    3.2734E-14
  4061.00    3.3161E-14
  4064.00    3.2864E-14
  4067.00    3.3733E-14
  4070.00    3.3465E-14
  4073.00    3.2694E-14
  4076.00    3.1507E-14
  4079.00    3.3193E-14
  4082.00    3.2681E-14
  4085.00    3.2252E-14
  4088.00    3.1289E-14
  4091.00    3.4235E-14
  4094.00    3.2394E-14
  4097.00    3.2421E-14
  4100.00    3.2991E-14
  4103.00    3.1152E-14
  4106.00    3.2116E-14
  4109.00    3.2410E-14
  4112.00    3.2592E-14
  4115.00    3.1946E-14
  4118.00    3.2085E-14
  4121.00    3.1746E-14
  4124.00    3.2011E-14
  4127.00    3.1903E-14
  4130.00    3.1990E-14
  4133.00    3.1594E-14
  4136.00    3.1665E-14
  4139.00    3.1050E-14
  4142.00    3.2263E-14
  4145.00    3.1566E-14
  4148.00    3.2323E-14
  4151.00    3.0785E-14
  4154.00    3.2288E-14
  4157.00    3.0273E-14
  4160.00    3.2200E-14
  4163.00    3.0841E-14
  4166.00    3.0978E-14
  4169.00    3.1703E-14
  4172.00    3.1441E-14
  4175.00    3.0869E-14
  4178.00    3.0584E-14
  4181.00    3.1928E-14
  4184.00    3.1099E-14
  4187.00    3.0895E-14
  4190.00    3.0641E-14
  4193.00    3.1308E-14
  4196.00    3.1108E-14
  4199.00    3.1059E-14
  4202.00    3.0740E-14
  4205.00    2.9870E-14
  4208.00    2.9749E-14
  4211.00    3.0056E-14
  4214.00    3.1635E-14
  4217.00    3.0120E-14
  4220.00    3.1055E-14
  4223.00    3.0387E-14
  4226.00    2.9760E-14
  4229.00    3.0693E-14
  4232.00    2.8825E-14
  4235.00    2.9796E-14
  4238.00    3.0766E-14
  4241.00    3.0799E-14
  4244.00    2.9341E-14
  4247.00    3.1678E-14
  4250.00    3.0368E-14
  4253.00    3.0122E-14
  4256.00    3.0712E-14
  4259.00    3.0422E-14
  4262.00    3.0827E-14
  4265.00    3.0592E-14
  4268.00    2.9799E-14
  4271.00    3.1461E-14
  4274.00    3.0472E-14
  4277.00    2.9760E-14
  4280.00    2.9280E-14
  4283.00    2.9114E-14
  4286.00    3.0181E-14
  4289.00    3.0159E-14
  4292.00    3.0174E-14
  4295.00    3.1043E-14
  4298.00    3.0146E-14
  4301.00    2.9295E-14
  4304.00    2.9995E-14
  4307.00    3.1234E-14
  4310.00    3.0367E-14
  4313.00    2.9495E-14
  4316.00    2.9206E-14
  4319.00    2.8726E-14
  4322.00    2.9187E-14
  4325.00    2.9092E-14
  4328.00    2.9707E-14
  4331.00    2.9357E-14
  4334.00    3.0155E-14
  4337.00    2.9206E-14
  4340.00    2.8794E-14
  4343.00    2.9927E-14
  4346.00    2.9173E-14
  4349.00    2.9600E-14
  4352.00    2.9907E-14
  4355.00    3.0592E-14
  4358.00    2.8739E-14
  4361.00    2.8987E-14
  4364.00    2.9583E-14
  4367.00    2.8608E-14
  4370.00    2.8109E-14
  4373.00    2.8162E-14
  4376.00    2.9031E-14
  4379.00    2.8955E-14
  4382.00    2.8628E-14
  4385.00    2.8941E-14
  4388.00    2.8011E-14
  4391.00    2.9978E-14
  4394.00    2.8513E-14
  4397.00    2.8807E-14
  4400.00    2.8976E-14
  4403.00    2.8124E-14
  4406.00    2.8365E-14
  4409.00    2.8501E-14
  4412.00    2.9806E-14
  4415.00    2.7981E-14
  4418.00    2.8290E-14
  4421.00    2.9476E-14
  4424.00    2.7340E-14
  4427.00    2.8456E-14
  4430.00    2.7309E-14
  4433.00    2.6964E-14
  4436.00    2.7675E-14
  4439.00    2.8005E-14
  4442.00    2.8047E-14
  4445.00    2.8690E-14
  4448.00    2.7680E-14
  4451.00    2.8607E-14
  4454.00    2.8411E-14
  4457.00    2.7921E-14
  4460.00    2.7670E-14
  4463.00    2.7766E-14
  4466.00    2.8054E-14
  4469.00    2.8492E-14
  4472.00    2.8355E-14
  4475.00    2.7733E-14
  4478.00    2.7135E-14
  4481.00    2.8806E-14
  4484.00    2.7573E-14
  4487.00    2.9367E-14
  4490.00    2.6813E-14
  4493.00    2.6667E-14
  4496.00    2.7865E-14
  4499.00    2.8491E-14
  4502.00    2.7526E-14
  4505.00    2.6209E-14
  4508.00    2.8282E-14
  4511.00    2.6770E-14
  4514.00    2.7968E-14
  4517.00    2.8113E-14
  4520.00    2.7725E-14
  4523.00    2.6869E-14
  4526.00    2.7073E-14
  4529.00    2.6833E-14
  4532.00    2.5793E-14
  4535.00    2.6274E-14
  4538.00    2.7342E-14
  4541.00    2.5897E-14
  4544.00    2.5592E-14
  4547.00    2.7461E-14
  4550.00    2.6744E-14
  4553.00    2.5503E-14
  4556.00    2.6976E-14
  4559.00    2.6827E-14
  4562.00    2.5775E-14
  4565.00    2.7584E-14
  4568.00    2.6440E-14
  4571.00    2.6975E-14
  4574.00    2.5989E-14
  4577.00    2.5919E-14
  4580.00    2.5983E-14
  4583.00    2.6930E-14
  4586.00    2.6383E-14
  4589.00    2.5266E-14
  4592.00    2.6941E-14
  4595.00    2.5364E-14
  4598.00    2.7282E-14
  4601.00    2.7057E-14
  4604.00    2.7087E-14
  4607.00    2.5390E-14
  4610.00    2.6720E-14
  4613.00    2.7171E-14
  4616.00    2.7763E-14
  4619.00    2.6719E-14
  4622.00    2.6606E-14
  4625.00    2.6869E-14
  4628.00    2.7554E-14
  4631.00    2.6708E-14
  4634.00    2.4835E-14
  4637.00    2.6236E-14
  4640.00    2.5818E-14
  4643.00    2.7044E-14
  4646.00    2.6924E-14
  4649.00    2.7277E-14
  4652.00    2.7048E-14
  4655.00    2.7059E-14
  4658.00    2.6530E-14
  4661.00    2.4545E-14
  4664.00    2.7358E-14
  4667.00    2.4619E-14
  4670.00    2.7001E-14
  4673.00    2.4143E-14
  4676.00    2.6339E-14
  4679.00    2.5698E-14
  4682.00    2.5502E-14
  4685.00    2.5673E-14
  4688.00    2.4386E-14
  4691.00    2.3785E-14
  4694.00    2.4896E-14
  4697.00    2.6300E-14
  4700.00    2.6460E-14
  4703.00    2.5222E-14
  4706.00    2.5848E-14
  4709.00    2.5381E-14
  4712.00    2.4925E-14
  4715.00    2.4138E-14
  4718.00    2.6713E-14
  4721.00    2.5893E-14
  4724.00    2.5281E-14
  4727.00    2.4813E-14
  4730.00    2.6076E-14
  4733.00    2.4778E-14
  4736.00    2.5030E-14
  4739.00    2.5525E-14
  4742.00    2.5062E-14
  4745.00    2.4013E-14
  4748.00    2.6705E-14
  4751.00    2.3944E-14
  4754.00    2.5212E-14
  4757.00    2.4365E-14
  4760.00    2.5086E-14
  4763.00    2.5423E-14
  4766.00    2.3760E-14
  4769.00    2.5398E-14
  4772.00    2.6245E-14
  4775.00    2.4376E-14
  4778.00    2.3888E-14
  4781.00    2.5997E-14
  4784.00    2.4422E-14
  4787.00    2.5753E-14
  4790.00    2.3634E-14
  4793.00    2.3534E-14
  4796.00    2.4890E-14
  4799.00    2.4738E-14
  4802.00    2.4735E-14
  4805.00    2.3927E-14
  4808.00    2.4263E-14
  4811.00    2.4913E-14
  4814.00    2.3631E-14
  4817.00    2.4039E-14
  4820.00    2.4742E-14
  4823.00    2.4710E-14
  4826.00    2.4508E-14
  4829.00    2.5634E-14
  4832.00    2.4171E-14
  4835.00    2.4112E-14
  4838.00    2.4004E-14
  4841.00    2.4558E-14
  4844.00    2.3649E-14
  4847.00    2.4170E-14
  4850.00    2.5240E-14
  4853.00    2.5378E-14
  4856.00    2.4985E-14
  4859.00    2.4347E-14
  4862.00    2.3277E-14
  4865.00    2.3866E-14
  4868.00    2.4442E-14
  4871.00    2.2690E-14
  4874.00    2.5376E-14
  4877.00    2.4557E-14
  4880.00    2.3887E-14
  4883.00    2.4923E-14
  4886.00    2.4966E-14
  4889.00    2.3782E-14
  4892.00    2.4764E-14
  4895.00    2.4233E-14
  4898.00    2.3428E-14
  4901.00    2.3626E-14
  4904.00    2.3419E-14
  4907.00    2.5203E-14
  4910.00    2.2705E-14
  4913.00    2.3373E-14
  4916.00    2.3141E-14
  4919.00    2.3713E-14
  4922.00    2.2785E-14
  4925.00    2.3743E-14
  4928.00    2.3551E-14
  4931.00    2.5272E-14
  4934.00    2.4603E-14
  4937.00    2.2977E-14
  4940.00    2.3948E-14
  4943.00    2.3821E-14
  4946.00    2.4110E-14
  4949.00    2.3097E-14
  4952.00    2.3652E-14
  4955.00    2.4279E-14
  4958.00    2.4425E-14
  4961.00    2.2706E-14
  4964.00    2.4760E-14
  4967.00    2.2938E-14
  4970.00    2.4006E-14
  4973.00    2.2808E-14
  4976.00    2.2923E-14
  4979.00    2.3254E-14
  4982.00    2.2897E-14
  4985.00    2.3172E-14
  4988.00    2.3217E-14
  4991.00    2.3773E-14
  4994.00    2.3140E-14
  4997.00    2.2940E-14
  5000.00    2.3895E-14
  5003.00    2.2880E-14
  5006.00    2.3793E-14
  5009.00    2.3908E-14
  5012.00    2.2297E-14
  5015.00    2.1957E-14
  5018.00    2.2584E-14
  5021.00    2.1585E-14
  5024.00    2.3058E-14
  5027.00    2.2637E-14
  5030.00    2.2153E-14
  5033.00    2.1603E-14
  5036.00    2.4039E-14
  5039.00    2.3352E-14
  5042.00    2.2153E-14
  5045.00    2.3439E-14
  5048.00    2.2482E-14
  5051.00    2.2747E-14
  5054.00    2.2246E-14
  5057.00    2.1720E-14
  5060.00    2.2580E-14
  5063.00    2.3226E-14
  5066.00    2.1676E-14
  5069.00    2.1194E-14
  5072.00    2.2624E-14
  5075.00    2.1614E-14
  5078.00    2.3448E-14
  5081.00    2.2989E-14
  5084.00    2.2367E-14
  5087.00    2.2024E-14
  5090.00    2.1979E-14
  5093.00    2.2421E-14
  5096.00    2.1650E-14
  5099.00    2.2630E-14
  5102.00    2.1378E-14
  5105.00    2.2138E-14
  5108.00    2.2134E-14
  5111.00    2.2082E-14
  5114.00    2.1294E-14
  5117.00    2.3580E-14
  5120.00    2.1549E-14
  5123.00    2.1608E-14
  5126.00    2.2671E-14
  5129.00    2.1679E-14
  5132.00    2.2054E-14
  5135.00    2.0917E-14
  5138.00    2.1534E-14
  5141.00    2.1493E-14
  5144.00    2.1491E-14
  5147.00    2.0789E-14
  5150.00    2.0955E-14
  5153.00    2.2169E-14
  5156.00    2.2999E-14
  5159.00    2.3167E-14
  5162.00    2.1206E-14
  5165.00    2.2699E-14
  5168.00    2.2143E-14
  5171.00    2.2201E-14
  5174.00    1.9589E-14
  5177.00    2.3098E-14
  5180.00    2.2047E-14
  5183.00    2.2634E-14
  5186.00    2.1131E-14
  5189.00    2.1738E-14
  5192.00    2.1351E-14
  5195.00    2.0048E-14
  5198.00    2.0744E-14
  5201.00    2.1432E-14
  5204.00    2.2025E-14
  5207.00    2.1705E-14
  5210.00    2.1583E-14
  5213.00    2.1445E-14
  5216.00    2.1227E-14
  5219.00    1.9797E-14
  5222.00    2.1812E-14
  5225.00    2.0431E-14
  5228.00    2.1462E-14
  5231.00    2.1425E-14
  5234.00    2.0950E-14
  5237.00    2.1686E-14
  5240.00    2.0968E-14
  5243.00    2.2435E-14
  5246.00    2.2120E-14
  5249.00    1.9849E-14
  5252.00    2.0967E-14
  5255.00    2.0786E-14
  5258.00    1.9847E-14
  5261.00    2.2529E-14
  5264.00    2.1632E-14
  5267.00    2.0668E-14
  5270.00    1.9498E-14
  5273.00    2.0426E-14
  5276.00    2.1670E-14
  5279.00    2.1399E-14
  5282.00    2.1361E-14
  5285.00    2.0463E-14
  5288.00    2.0946E-14
  5291.00    1.9800E-14
  5294.00    2.0166E-14
  5297.00    2.0708E-14
  5300.00    2.0968E-14
  5303.00    2.1720E-14
  5306.00    1.9904E-14
  5309.00    2.0824E-14
  5312.00    2.0498E-14
  5315.00    2.0918E-14
  5318.00    2.0288E-14
  5321.00    2.1496E-14
  5324.00    2.1043E-14
  5327.00    2.0954E-14
  5330.00    2.0398E-14
  5333.00    2.2029E-14
  5336.00    2.0627E-14
  5339.00    2.0210E-14
  5342.00    2.0194E-14
  5345.00    2.0792E-14
  5348.00    2.0626E-14
  5351.00    2.0865E-14
  5354.00    1.9557E-14
  5357.00    1.9866E-14
  5360.00    1.9936E-14
  5363.00    2.0493E-14
  5366.00    2.0368E-14
  5369.00    2.0651E-14
  5372.00    2.0416E-14
  5375.00    2.0125E-14
  5378.00    2.0830E-14
  5381.00    2.0570E-14
  5384.00    1.9993E-14
  5387.00    2.0029E-14
  5390.00    1.8816E-14
  5393.00    2.1657E-14
  5396.00    2.0014E-14
  5399.00    2.1005E-14
  5402.00    2.0241E-14
  5405.00    2.0429E-14
  5408.00    1.9659E-14
  5411.00    2.0235E-14
  5414.00    2.0356E-14
  5417.00    2.0159E-14
  5420.00    2.0310E-14
  5423.00    1.9993E-14
  5426.00    2.0080E-14
  5429.00    2.1977E-14
  5432.00    2.1104E-14
  5435.00    2.1197E-14
  5438.00    2.0073E-14
  5441.00    1.9444E-14
  5444.00    2.0251E-14
  5447.00    2.1750E-14
  5450.00    1.9800E-14
  5453.00    2.0936E-14
  5456.00    1.9636E-14
  5459.00    1.9981E-14
  5462.00    2.0143E-14
  5465.00    1.9738E-14
  5468.00    1.9567E-14
  5471.00    1.8544E-14
  5474.00    2.0975E-14
  5477.00    2.0084E-14
  5480.00    1.9489E-14
  5483.00    1.9752E-14
  5486.00    1.9847E-14
  5489.00    1.9493E-14
  5492.00    2.0217E-14
  5495.00    2.0212E-14
  5498.00    1.9183E-14
  5501.00    1.9158E-14
  5504.00    1.8876E-14
  5507.00    1.8475E-14
  5510.00    1.9157E-14
  5513.00    2.0707E-14
  5516.00    1.8724E-14
  5519.00    2.0351E-14
  5522.00    1.8602E-14
  5525.00    1.8994E-14
  5528.00    1.9100E-14
  5531.00    1.9505E-14
  5534.00    1.9851E-14
  5537.00    1.9810E-14
  5540.00    1.8444E-14
  5543.00    1.9459E-14
  5546.00    1.8500E-14
  5549.00    1.9625E-14
  5552.00    1.8939E-14
  5555.00    1.9360E-14
  5558.00    1.9375E-14
  5561.00    1.9528E-14
  5564.00    1.9871E-14
  5567.00    2.0178E-14
  5570.00    2.0232E-14
  5573.00    1.9928E-14
  5576.00    1.9291E-14
  5579.00    1.8487E-14
  5582.00    1.9454E-14
  5585.00    1.9918E-14
  5588.00    1.8929E-14
  5591.00    1.9085E-14
  5594.00    1.9053E-14
  5597.00    1.8648E-14
  5600.00    2.0161E-14
  5603.00    1.8842E-14
  5606.00    1.8338E-14
  5609.00    1.9247E-14
  5612.00    1.7957E-14
  5615.00    2.0116E-14
  5618.00    1.9076E-14
  5621.00    1.8209E-14
  5624.00    1.9133E-14
  5627.00    1.8226E-14
  5630.00    1.8869E-14
  5633.00    1.9231E-14
  5636.00    1.9700E-14
  5639.00    1.7966E-14
  5642.00    1.8541E-14
  5645.00    1.8296E-14
  5648.00    2.0172E-14
  5651.00    1.8475E-14
  5654.00    1.8820E-14
  5657.00    1.8762E-14
  5660.00    1.7567E-14
  5663.00    1.7578E-14
  5666.00    1.9519E-14
  5669.00    1.8573E-14
  5672.00    1.9377E-14
  5675.00    1.8287E-14
  5678.00    1.7481E-14
  5681.00    1.8331E-14
  5684.00    1.9393E-14
  5687.00    1.8567E-14
  5690.00    1.8237E-14
  5693.00    1.8450E-14
  5696.00    1.8288E-14
  5699.00    1.8353E-14
  5702.00    1.8167E-14
  5705.00    1.9025E-14
  5708.00    1.8586E-14
  5711.00    1.8464E-14
  5714.00    1.9319E-14
  5717.00    1.7679E-14
  5720.00    1.8683E-14
  5723.00    1.8209E-14
  5726.00    1.7566E-14
  5729.00    1.9978E-14
  5732.00    1.8067E-14
  5735.00    1.6821E-14
  5738.00    1.8680E-14
  5741.00    1.8315E-14
  5744.00    1.8351E-14
  5747.00    1.6842E-14
  5750.00    1.7875E-14
  5753.00    1.8202E-14
  5756.00    1.7637E-14
  5759.00    1.8520E-14
  5762.00    1.8210E-14
  5765.00    1.8357E-14
  5768.00    1.8539E-14
  5771.00    1.7954E-14
  5774.00    1.7821E-14
  5777.00    1.7776E-14
  5780.00    1.8515E-14
  5783.00    1.7851E-14
  5786.00    1.9231E-14
  5789.00    1.7510E-14
  5792.00    1.7880E-14
  5795.00    1.7994E-14
  5798.00    1.8632E-14
  5801.00    1.6610E-14
  5804.00    1.7747E-14
  5807.00    1.8561E-14
  5810.00    1.6865E-14
  5813.00    1.8116E-14
  5816.00    1.8379E-14
  5819.00    1.7210E-14
  5822.00    1.7699E-14
  5825.00    1.7900E-14
  5828.00    1.7433E-14
  5831.00    1.7246E-14
  5834.00    1.7940E-14
  5837.00    1.7322E-14
  5840.00    1.6793E-14
  5843.00    1.8101E-14
  5846.00    1.6837E-14
  5849.00    1.7864E-14
  5852.00    1.7811E-14
  5855.00    1.7667E-14
  5858.00    1.8601E-14
  5861.00    1.6735E-14
  5864.00    1.7206E-14
  5867.00    1.6838E-14
  5870.00    1.8467E-14
  5873.00    1.7530E-14
  5876.00    1.7177E-14
  5879.00    1.6535E-14
  5882.00    1.7798E-14
  5885.00    1.6357E-14
  5888.00    1.7280E-14
  5891.00    1.7515E-14
  5894.00    1.6445E-14
  5897.00    1.7931E-14
  5900.00    1.7555E-14
  5903.00    1.6244E-14
  5906.00    1.6277E-14
  5909.00    1.8090E-14
  5912.00    1.7264E-14
  5915.00    1.8132E-14
  5918.00    1.7423E-14
  5921.00    1.7141E-14
  5924.00    1.7242E-14
  5927.00    1.6835E-14
  5930.00    1.9098E-14
  5933.00    1.7119E-14
  5936.00    1.7775E-14
  5939.00    1.6487E-14
  5942.00    1.7797E-14
  5945.00    1.8817E-14
  5948.00    1.8486E-14
  5951.00    1.7698E-14
  5954.00    1.7702E-14
  5957.00    1.7616E-14
  5960.00    1.7573E-14
  5963.00    1.6540E-14
  5966.00    1.7601E-14
  5969.00    1.7186E-14
  5972.00    1.7985E-14
  5975.00    1.6017E-14
  5978.00    1.7222E-14
  5981.00    1.6934E-14
  5984.00    1.7200E-14
  5987.00    1.7594E-14
  5990.00    1.7487E-14
  5993.00    1.6701E-14
  5996.00    1.6400E-14
  5999.00    1.6921E-14
  6002.00    1.6596E-14
  6005.00    1.6957E-14
  6008.00    1.6713E-14
  6011.00    1.6202E-14
  6014.00    1.6086E-14
  6017.00    1.6609E-14
  6020.00    1.6543E-14
  6023.00    1.7223E-14
  6026.00    1.6519E-14
  6029.00    1.7279E-14
  6032.00    1.6047E-14
  6035.00    1.6601E-14
  6038.00    1.7163E-14
  6041.00    1.6633E-14
  6044.00    1.6376E-14
  6047.00    1.6883E-14
  6050.00    1.6813E-14
  6053.00    1.7071E-14
  6056.00    1.8033E-14
  6059.00    1.6825E-14
  6062.00    1.6507E-14
  6065.00    1.6010E-14
  6068.00    1.6841E-14
  6071.00    1.5715E-14
  6074.00    1.6750E-14
  6077.00    1.6159E-14
  6080.00    1.7132E-14
  6083.00    1.8159E-14
  6086.00    1.6139E-14
  6089.00    1.6902E-14
  6092.00    1.6131E-14
  6095.00    1.6172E-14
  6098.00    1.6885E-14
  6101.00    1.7181E-14
  6104.00    1.6778E-14
  6107.00    1.7748E-14
  6110.00    1.6687E-14
  6113.00    1.5704E-14
  6116.00    1.6394E-14
  6119.00    1.6963E-14
  6122.00    1.6705E-14
  6125.00    1.6357E-14
  6128.00    1.4919E-14
  6131.00    1.7324E-14
  6134.00    1.5480E-14
  6137.00    1.6853E-14
  6140.00    1.6350E-14
  6143.00    1.6498E-14
  6146.00    1.7059E-14
  6149.00    1.6472E-14
  6152.00    1.4416E-14
  6155.00    1.5109E-14
  6158.00    1.6150E-14
  6161.00    1.5952E-14
  6164.00    1.6893E-14
  6167.00    1.7310E-14
  6170.00    1.5385E-14
  6173.00    1.6085E-14
  6176.00    1.5547E-14
  6179.00    1.5724E-14
  6182.00    1.5962E-14
  6185.00    1.5947E-14
  6188.00    1.7560E-14
  6191.00    1.5553E-14
  6194.00    1.6603E-14
  6197.00    1.5384E-14
  6200.00    1.5979E-14
  6203.00    1.5637E-14
  6206.00    1.4973E-14
  6209.00    1.4494E-14
  6212.00    1.5507E-14
  6215.00    1.6221E-14
  6218.00    1.5625E-14
  6221.00    1.6121E-14
  6224.00    1.5796E-14
  6227.00    1.5822E-14
  6230.00    1.5526E-14
  6233.00    1.6730E-14
  6236.00    1.4635E-14
  6239.00    1.5172E-14
  6242.00    1.5171E-14
  6245.00    1.5291E-14
  6248.00    1.6317E-14
  6251.00    1.5632E-14
  6254.00    1.6870E-14
  6257.00    1.6061E-14
  6260.00    1.6954E-14
  6263.00    1.6377E-14
  6266.00    1.5316E-14
  6269.00    1.6696E-14
  6272.00    1.5729E-14
  6275.00    1.4821E-14
  6278.00    1.4585E-14
  6281.00    1.5638E-14
  6284.00    1.6234E-14
  6287.00    1.4832E-14
  6290.00    1.4800E-14
  6293.00    1.6539E-14
  6296.00    1.5174E-14
  6299.00    1.5186E-14
  6302.00    1.5646E-14
  6305.00    1.5128E-14
  6308.00    1.6468E-14
  6311.00    1.5691E-14
  6314.00    1.4517E-14
  6317.00    1.4896E-14
  6320.00    1.4864E-14
  6323.00    1.5294E-14
  6326.00    1.5866E-14
  6329.00    1.5717E-14
  6332.00    1.5914E-14
  6335.00    1.5923E-14
  6338.00    1.4121E-14
  6341.00    1.6149E-14
  6344.00    1.6111E-14
  6347.00    1.5980E-14
  6350.00    1.5577E-14
  6353.00    1.6188E-14
  6356.00    1.6137E-14
  6359.00    1.4924E-14
  6362.00    1.5864E-14
  6365.00    1.5636E-14
  6368.00    1.5192E-14
  6371.00    1.4902E-14
  6374.00    1.3814E-14
  6377.00    1.6257E-14
  6380.00    1.5701E-14
  6383.00    1.4081E-14
  6386.00    1.4760E-14
  6389.00    1.5311E-14
  6392.00    1.4758E-14
  6395.00    1.5272E-14
  6398.00    1.5657E-14
  6401.00    1.4659E-14
  6404.00    1.5519E-14
  6407.00    1.5043E-14
  6410.00    1.5301E-14
  6413.00    1.5977E-14
  6416.00    1.5288E-14
  6419.00    1.5121E-14
  6422.00    1.5026E-14
  6425.00    1.3975E-14
  6428.00    1.4575E-14
  6431.00    1.6509E-14
  6434.00    1.5243E-14
  6437.00    1.3893E-14
  6440.00    1.5068E-14
  6443.00    1.5466E-14
  6446.00    1.5178E-14
  6449.00    1.4792E-14
  6452.00    1.4984E-14
  6455.00    1.5490E-14
  6458.00    1.4897E-14
  6461.00    1.5465E-14
  6464.00    1.4599E-14
  6467.00    1.3083E-14
  6470.00    1.4489E-14
  6473.00    1.4925E-14
  6476.00    1.5948E-14
  6479.00    1.5658E-14
  6482.00    1.5109E-14
  6485.00    1.6353E-14
  6488.00    1.4662E-14
  6491.00    1.4552E-14
  6494.00    1.4143E-14
  6497.00    1.4638E-14
  6500.00    1.4853E-14
  6503.00    1.3988E-14
  6506.00    1.5406E-14
  6509.00    1.2855E-14
  6512.00    1.3854E-14
  6515.00    1.4174E-14
  6518.00    1.5125E-14
  6521.00    1.5098E-14
  6524.00    1.4335E-14
  6527.00    1.5032E-14
  6530.00    1.4462E-14
  6533.00    1.5260E-14
  6536.00    1.4699E-14
  6539.00    1.4507E-14
  6542.00    1.4567E-14
  6545.00    1.4537E-14
  6548.00    1.4642E-14
  6551.00    1.4988E-14
  6554.00    1.5227E-14
  6557.00    1.5085E-14
  6560.00    1.4483E-14
  6563.00    1.4300E-14
  6566.00    1.5208E-14
  6569.00    1.4145E-14
  6572.00    1.4728E-14
  6575.00    1.4906E-14
  6578.00    1.3426E-14
  6581.00    1.3982E-14
  6584.00    1.4838E-14
  6587.00    1.3929E-14
  6590.00    1.3815E-14
  6593.00    1.4675E-14
  6596.00    1.4674E-14
  6599.00    1.4267E-14
  6602.00    1.3504E-14
  6605.00    1.4078E-14
  6608.00    1.4214E-14
  6611.00    1.4390E-14
  6614.00    1.4654E-14
  6617.00    1.3742E-14
  6620.00    1.3966E-14
  6623.00    1.5238E-14
  6626.00    1.4848E-14
  6629.00    1.4772E-14
  6632.00    1.5859E-14
  6635.00    1.4110E-14
  6638.00    1.3476E-14
  6641.00    1.4587E-14
  6644.00    1.4394E-14
  6647.00    1.5522E-14
  6650.00    1.4602E-14
  6653.00    1.4148E-14
  6656.00    1.3808E-14
  6659.00    1.4862E-14
  6662.00    1.4806E-14
  6665.00    1.3040E-14
  6668.00    1.3310E-14
  6671.00    1.2956E-14
  6674.00    1.3716E-14
  6677.00    1.3944E-14
  6680.00    1.2932E-14
  6683.00    1.4223E-14
  6686.00    1.3961E-14
  6689.00    1.4887E-14
  6692.00    1.4373E-14
  6695.00    1.3508E-14
  6698.00    1.3847E-14
  6701.00    1.3590E-14
  6704.00    1.4557E-14
  6707.00    1.4405E-14
  6710.00    1.2623E-14
  6713.00    1.3435E-14
  6716.00    1.4028E-14
  6719.00    1.4211E-14
  6722.00    1.4495E-14
  6725.00    1.4400E-14
  6728.00    1.3360E-14
  6731.00    1.3491E-14
  6734.00    1.4150E-14
  6737.00    1.4292E-14
  6740.00    1.4470E-14
  6743.00    1.3814E-14
  6746.00    1.3886E-14
  6749.00    1.3612E-14
  6752.00    1.3127E-14
  6755.00    1.3941E-14
  6758.00    1.3236E-14
  6761.00    1.3652E-14
  6764.00    1.2985E-14
  6767.00    1.2798E-14
  6770.00    1.3907E-14
  6773.00    1.3747E-14
  6776.00    1.3278E-14
  6779.00    1.2786E-14
  6782.00    1.3892E-14
  6785.00    1.3720E-14
  6788.00    1.3189E-14
  6791.00    1.3406E-14
  6794.00    1.4304E-14
  6797.00    1.3738E-14
  6800.00    1.3149E-14
  6803.00    1.3607E-14
  6806.00    1.2419E-14
  6809.00    1.3475E-14
  6812.00    1.3683E-14
  6815.00    1.4896E-14
  6818.00    1.3543E-14
  6821.00    1.4263E-14
  6824.00    1.3140E-14
  6827.00    1.4104E-14
  6830.00    1.4548E-14
  6833.00    1.3135E-14
  6836.00    1.3513E-14
  6839.00    1.2737E-14
  6842.00    1.4505E-14
  6845.00    1.3332E-14
  6848.00    1.2475E-14
  6851.00    1.3067E-14
  6854.00    1.2929E-14
  6857.00    1.4019E-14
  6860.00    1.2895E-14
  6863.00    1.4028E-14
  6866.00    1.3862E-14
  6869.00    1.3502E-14
  6872.00    1.3506E-14
  6875.00    1.3804E-14
  6878.00    1.3397E-14
  6881.00    1.4422E-14
  6884.00    1.3191E-14
  6887.00    1.4430E-14
  6890.00    1.4273E-14
  6893.00    1.3800E-14
  6896.00    1.4009E-14
  6899.00    1.3384E-14
  6902.00    1.2768E-14
  6905.00    1.2973E-14
  6908.00    1.3617E-14
  6911.00    1.2357E-14
  6914.00    1.3574E-14
  6917.00    1.2682E-14
  6920.00    1.3063E-14
  6923.00    1.4093E-14
  6926.00    1.3940E-14
  6929.00    1.3757E-14
  6932.00    1.3988E-14
  6935.00    1.2377E-14
  6938.00    1.4065E-14
  6941.00    1.2855E-14
  6944.00    1.4242E-14
  6947.00    1.3647E-14
  6950.00    1.2121E-14
  6953.00    1.3358E-14
  6956.00    1.2973E-14
  6959.00    1.2719E-14
  6962.00    1.2946E-14
  6965.00    1.2111E-14
  6968.00    1.3199E-14
  6971.00    1.3953E-14
  6974.00    1.3783E-14
  6977.00    1.2641E-14
  6980.00    1.3915E-14
  6983.00    1.4474E-14
  6986.00    1.2711E-14
  6989.00    1.4664E-14
  6992.00    1.4064E-14
  6995.00    1.2510E-14
  6998.00    1.1981E-14
  7001.00    1.3146E-14
  7004.00    1.3550E-14
  7007.00    1.2372E-14
  7010.00    1.2968E-14
  7013.00    1.3789E-14
  7016.00    1.3611E-14
  7019.00    1.2661E-14
  7022.00    1.2741E-14
  7025.00    1.2872E-14
  7028.00    1.3172E-14
  7031.00    1.2000E-14
  7034.00    1.2499E-14
  7037.00    1.1846E-14
  7040.00    1.3117E-14
  7043.00    1.2801E-14
  7046.00    1.3776E-14
  7049.00    1.3745E-14
  7052.00    1.2487E-14
  7055.00    1.3993E-14
  7058.00    1.1859E-14
  7061.00    1.2292E-14
  7064.00    1.2622E-14
  7067.00    1.3758E-14
  7070.00    1.2952E-14
  7073.00    1.2096E-14
  7076.00    1.0918E-14
  7079.00    1.3103E-14
  7082.00    1.3592E-14
  7085.00    1.3597E-14
  7088.00    1.3229E-14
  7091.00    1.2410E-14
  7094.00    1.2577E-14
  7097.00    1.2189E-14
  7100.00    1.1857E-14
  7103.00    1.2787E-14
  7106.00    1.2129E-14
  7109.00    1.1989E-14
  7112.00    1.3069E-14
  7115.00    1.3368E-14
  7118.00    1.1912E-14
  7121.00    1.2443E-14
  7124.00    1.2949E-14
  7127.00    1.3518E-14
  7130.00    1.1603E-14
  7133.00    1.1985E-14
  7136.00    1.4230E-14
  7139.00    1.3381E-14
  7142.00    1.3665E-14
  7145.00    1.3604E-14
  7148.00    1.1887E-14
  7151.00    1.2466E-14
  7154.00    1.2373E-14
  7157.00    1.3928E-14
  7160.00    1.2042E-14
  7163.00    1.1676E-14
  7166.00    1.3072E-14
  7169.00    1.1993E-14
  7172.00    1.2258E-14
  7175.00    1.3005E-14
  7178.00    1.2986E-14
  7181.00    1.3343E-14
  7184.00    1.2178E-14
  7187.00    1.3979E-14
  7190.00    1.1435E-14
  7193.00    1.2431E-14
  7196.00    1.1381E-14
  7199.00    1.1860E-14
  7202.00    1.3474E-14
  7205.00    1.1595E-14
  7208.00    1.2086E-14
  7211.00    1.1079E-14
  7214.00    1.2121E-14
  7217.00    1.3013E-14
  7220.00    1.3158E-14
  7223.00    1.1556E-14
  7226.00    1.2058E-14
  7229.00    1.1804E-14
  7232.00    1.2278E-14
  7235.00    1.2188E-14
  7238.00    1.1571E-14
  7241.00    1.1982E-14
  7244.00    1.2007E-14
  7247.00    1.3399E-14
  7250.00    1.2184E-14
  7253.00    1.2954E-14
  7256.00    1.2709E-14
  7259.00    1.2505E-14
  7262.00    1.2095E-14
  7265.00    1.2219E-14
  7268.00    1.1903E-14
  7271.00    1.2486E-14
  7274.00    1.2411E-14
  7277.00    1.1639E-14
  7280.00    1.2114E-14
  7283.00    1.1589E-14
  7286.00    1.2328E-14
  7289.00    1.2326E-14
  7292.00    1.1920E-14
  7295.00    1.2626E-14
  7298.00    1.1906E-14
  7301.00    1.2543E-14
  7304.00    1.2487E-14
  7307.00    1.1459E-14
  7310.00    1.2252E-14
  7313.00    1.2157E-14
  7316.00    1.2415E-14
  7319.00    1.1709E-14
  7322.00    1.1201E-14
  7325.00    1.2218E-14
  7328.00    1.1725E-14
  7331.00    1.2869E-14
  7334.00    1.2358E-14
  7337.00    1.3059E-14
  7340.00    1.2104E-14
  7343.00    1.1914E-14
  7346.00    1.1529E-14
  7349.00    1.2133E-14
  7352.00    1.2275E-14
  7355.00    1.2723E-14
  7358.00    1.1494E-14
  7361.00    1.1389E-14
  7364.00    1.2789E-14
  7367.00    1.2370E-14
  7370.00    1.0938E-14
  7373.00    1.2043E-14
  7376.00    1.2524E-14
  7379.00    1.1410E-14
  7382.00    1.2365E-14
  7385.00    1.1940E-14
  7388.00    1.1756E-14
  7391.00    1.1593E-14
  7394.00    1.1692E-14
  7397.00    1.3020E-14
  7400.00    1.1257E-14
  7403.00    1.0843E-14
  7406.00    1.1899E-14
  7409.00    1.1984E-14
  7412.00    1.1935E-14
  7415.00    1.1022E-14
  7418.00    1.2206E-14
  7421.00    1.2356E-14
  7424.00    1.1902E-14
  7427.00    1.1471E-14
  7430.00    1.2796E-14
  7433.00    1.3065E-14
  7436.00    1.2641E-14
  7439.00    1.1543E-14
  7442.00    1.2451E-14
  7445.00    1.1617E-14
  7448.00    1.1101E-14
  7451.00    1.2349E-14
  7454.00    1.0679E-14
  7457.00    1.1592E-14
  7460.00    1.1448E-14
  7463.00    1.1019E-14
  7466.00    1.1525E-14
  7469.00    1.1270E-14
  7472.00    1.3033E-14
  7475.00    1.1310E-14
  7478.00    1.0722E-14
  7481.00    1.0599E-14
  7484.00    1.0835E-14
  7487.00    1.1774E-14
  7490.00    1.1220E-14
  7493.00    1.2258E-14
  7496.00    1.1495E-14
  7499.00    9.8146E-15
  7502.00    1.2045E-14
  7505.00    1.1055E-14
  7508.00    1.2752E-14
  7511.00    1.0489E-14
  7514.00    1.0529E-14
  7517.00    1.2233E-14
  7520.00    1.2429E-14
  7523.00    1.2549E-14
  7526.00    1.1466E-14
  7529.00    1.1089E-14
  7532.00    1.1898E-14
  7535.00    1.0805E-14
  7538.00    1.1043E-14
  7541.00    1.1969E-14
  7544.00    1.0896E-14
  7547.00    1.1511E-14
  7550.00    1.1245E-14
  7553.00    1.2027E-14
  7556.00    1.0520E-14
  7559.00    1.2139E-14
  7562.00    1.2765E-14
  7565.00    1.0729E-14
  7568.00    1.2781E-14
  7571.00    1.0587E-14
  7574.00    1.0801E-14
  7577.00    1.1399E-14
  7580.00    1.0113E-14
  7583.00    1.0766E-14
  7586.00    1.2763E-14
  7589.00    1.1446E-14
  7592.00    1.2403E-14
  7595.00    1.1547E-14
  7598.00    1.2708E-14
  7601.00    1.0400E-14
  7604.00    1.1645E-14
  7607.00    1.1619E-14
  7610.00    1.0748E-14
  7613.00    1.1709E-14
  7616.00    1.2504E-14
  7619.00    1.0953E-14
  7622.00    1.1514E-14
  7625.00    1.2269E-14
  7628.00    1.1843E-14
  7631.00    1.1874E-14
  7634.00    1.1924E-14
  7637.00    1.2911E-14
  7640.00    1.0239E-14
  7643.00    1.1876E-14
  7646.00    1.2281E-14
  7649.00    1.0348E-14
  7652.00    1.0325E-14
  7655.00    1.1392E-14
  7658.00    1.2673E-14
  7661.00    1.0917E-14
  7664.00    1.1937E-14
  7667.00    1.0218E-14
  7670.00    1.1120E-14
  7673.00    1.0929E-14
  7676.00    1.2190E-14
  7679.00    1.0720E-14
  7682.00    1.0861E-14
  7685.00    1.2404E-14
  7688.00    1.0714E-14
  7691.00    1.1737E-14
  7694.00    1.1745E-14
  7697.00    1.1750E-14
  7700.00    1.0838E-14
  7703.00    1.1338E-14
  7706.00    1.0047E-14
  7709.00    1.0744E-14
  7712.00    1.1754E-14
  7715.00    1.0680E-14
  7718.00    1.0879E-14
  7721.00    1.0665E-14
  7724.00    1.0393E-14
  7727.00    1.1695E-14
  7730.00    1.1533E-14
  7733.00    9.0119E-15
  7736.00    1.1285E-14
  7739.00    1.0626E-14
  7742.00    1.0697E-14
  7745.00    1.1825E-14
  7748.00    1.0934E-14
  7751.00    1.0605E-14
  7754.00    1.1423E-14
  7757.00    1.1967E-14
  7760.00    9.2139E-15
  7763.00    1.0079E-14
  7766.00    1.1377E-14
  7769.00    9.9878E-15
  7772.00    1.1008E-14
  7775.00    1.1830E-14
  7778.00    1.1588E-14
  7781.00    1.2854E-14
  7784.00    1.1135E-14
  7787.00    1.0366E-14
  7790.00    1.1551E-14
  7793.00    1.0321E-14
  7796.00    1.1094E-14
  7799.00    1.1968E-14
  7802.00    1.1091E-14
  7805.00    1.1318E-14
  7808.00    1.1202E-14
  7811.00    1.0394E-14
  7814.00    1.1122E-14
  7817.00    1.0691E-14
  7820.00    1.0092E-14
  7823.00    1.0527E-14
  7826.00    1.0328E-14
  7829.00    1.1238E-14
  7832.00    1.0429E-14
  7835.00    1.1338E-14
  7838.00    9.6980E-15
  7841.00    1.0237E-14
  7844.00    1.0381E-14
  7847.00    1.0653E-14
  7850.00    9.6829E-15
  7853.00    1.0399E-14
  7856.00    1.0929E-14
  7859.00    1.1489E-14
  7862.00    1.1178E-14
  7865.00    1.0648E-14
  7868.00    1.0812E-14
  7871.00    1.1013E-14
  7874.00    1.0074E-14
  7877.00    1.0530E-14
  7880.00    9.9192E-15
  7883.00    1.0228E-14
  7886.00    8.3038E-15
  7889.00    9.2488E-15
  7892.00    9.7768E-15
  7895.00    1.1457E-14
  7898.00    1.1142E-14
  7901.00    1.0497E-14
  7904.00    1.0019E-14
  7907.00    1.1022E-14
  7910.00    1.0401E-14
  7913.00    9.9255E-15
  7916.00    1.0064E-14
  7919.00    1.1353E-14
  7922.00    1.1121E-14
  7925.00    1.0275E-14
  7928.00    1.0828E-14
  7931.00    1.0914E-14
  7934.00    1.0050E-14
  7937.00    1.1407E-14
  7940.00    1.0839E-14
  7943.00    1.0562E-14
  7946.00    1.1222E-14
  7949.00    1.0512E-14
  7952.00    1.0561E-14
  7955.00    1.0610E-14
  7958.00    1.0307E-14
  7961.00    1.0693E-14
  7964.00    9.7127E-15
  7967.00    1.0462E-14
  7970.00    9.5982E-15
  7973.00    1.0987E-14
  7976.00    9.7911E-15
  7979.00    9.5181E-15
  7982.00    1.1734E-14
  7985.00    1.0274E-14
  7988.00    1.0772E-14
  7991.00    1.1288E-14
  7994.00    9.7607E-15
  7997.00    9.9043E-15
  8000.00    1.0995E-14
  8003.00    1.0598E-14
  8006.00    1.1904E-14
  8009.00    1.0356E-14
  8012.00    1.0725E-14
  8015.00    1.1209E-14
  8018.00    9.3886E-15
  8021.00    1.0284E-14
  8024.00    9.6977E-15
  8027.00    8.9430E-15
  8030.00    1.0670E-14
  8033.00    1.1068E-14
  8036.00    1.0120E-14
  8039.00    1.0643E-14
  8042.00    9.6864E-15
  8045.00    1.1968E-14
  8048.00    9.3395E-15
  8051.00    9.5326E-15
  8054.00    1.0380E-14
  8057.00    9.6775E-15
  8060.00    1.0735E-14
  8063.00    1.0800E-14
  8066.00    1.0183E-14
  8069.00    1.0835E-14
  8072.00    1.0106E-14
  8075.00    1.0461E-14
  8078.00    1.1042E-14
  8081.00    1.1113E-14
  8084.00    9.0916E-15
  8087.00    9.8019E-15
  8090.00    9.7040E-15
  8093.00    1.0325E-14
  8096.00    1.0753E-14
  8099.00    9.7274E-15
  8102.00    9.6217E-15
  8105.00    1.0364E-14
  8108.00    1.1052E-14
  8111.00    1.1963E-14
  8114.00    9.9705E-15
  8117.00    9.7713E-15
  8120.00    9.9713E-15
  8123.00    1.0595E-14
  8126.00    1.0126E-14
  8129.00    1.0480E-14
  8132.00    1.0529E-14
  8135.00    9.7411E-15
  8138.00    9.4828E-15
  8141.00    9.7927E-15
  8144.00    9.4037E-15
  8147.00    8.6327E-15
  8150.00    9.6859E-15
  8153.00    1.0213E-14
  8156.00    9.9985E-15
  8159.00    9.1283E-15
  8162.00    8.3783E-15
  8165.00    1.0969E-14
  8168.00    1.0368E-14
  8171.00    9.3554E-15
  8174.00    9.2866E-15
  8177.00    9.8246E-15
  8180.00    9.9929E-15
  8183.00    1.0953E-14
  8186.00    9.4178E-15
  8189.00    1.0106E-14
  8192.00    1.0325E-14
  8195.00    9.4612E-15
  8198.00    9.3185E-15
  8201.00    9.6021E-15
  8204.00    1.0064E-14
  8207.00    9.6845E-15
  8210.00    1.0597E-14
  8213.00    8.7617E-15
  8216.00    9.9627E-15
  8219.00    9.9915E-15
  8222.00    9.4321E-15
  8225.00    8.9806E-15
  8228.00    9.9416E-15
  8231.00    9.5598E-15
  8234.00    9.5331E-15
  8237.00    1.0844E-14
  8240.00    1.0715E-14
  8243.00    1.0470E-14
  8246.00    1.0762E-14
  8249.00    8.9075E-15
  8252.00    1.0437E-14
  8255.00    1.1103E-14
  8258.00    1.0854E-14
  8261.00    1.0056E-14
  8264.00    1.0356E-14
  8267.00    1.0002E-14
  8270.00    9.8198E-15
  8273.00    8.5352E-15
  8276.00    9.4621E-15
  8279.00    1.0988E-14
  8282.00    9.2312E-15
  8285.00    1.0076E-14
  8288.00    1.0356E-14
  8291.00    1.0350E-14
  8294.00    9.4516E-15
  8297.00    1.0275E-14
  8300.00    9.7076E-15
  8303.00    1.0611E-14
  8306.00    1.0823E-14
  8309.00    8.1967E-15
  8312.00    9.5729E-15
  8315.00    1.0562E-14
  8318.00    9.6411E-15
  8321.00    9.5680E-15
  8324.00    9.1964E-15
  8327.00    1.0628E-14
  8330.00    9.7731E-15
  8333.00    9.8004E-15
  8336.00    9.4279E-15
  8339.00    1.0142E-14
  8342.00    1.0061E-14
  8345.00    8.8779E-15
  8348.00    1.0121E-14
  8351.00    8.4810E-15
  8354.00    9.4090E-15
  8357.00    1.1208E-14
  8360.00    1.0546E-14
  8363.00    8.3061E-15
  8366.00    9.7613E-15
  8369.00    9.8171E-15
  8372.00    9.1136E-15
  8375.00    1.0662E-14
  8378.00    1.0227E-14
  8381.00    1.0399E-14
  8384.00    8.3947E-15
  8387.00    8.4188E-15
  8390.00    9.4728E-15
  8393.00    9.6473E-15
  8396.00    8.5646E-15
  8399.00    9.3970E-15
  8402.00    8.9464E-15
  8405.00    9.4315E-15
  8408.00    9.5663E-15
  8411.00    9.1639E-15
  8414.00    9.6151E-15
  8417.00    1.0223E-14
  8420.00    8.7518E-15
  8423.00    9.9540E-15
  8426.00    9.6684E-15
  8429.00    9.5139E-15
  8432.00    9.6183E-15
  8435.00    9.3621E-15
  8438.00    8.3567E-15
  8441.00    1.1015E-14
  8444.00    8.1284E-15
  8447.00    9.2038E-15
  8450.00    1.0175E-14
  8453.00    8.1070E-15
  8456.00    9.3724E-15
  8459.00    8.0260E-15
  8462.00    1.0421E-14
  8465.00    9.9569E-15
  8468.00    9.5551E-15
  8471.00    9.4014E-15
  8474.00    8.8450E-15
  8477.00    9.3612E-15
  8480.00    9.6233E-15
  8483.00    9.8697E-15
  8486.00    9.5097E-15
  8489.00    9.2372E-15
  8492.00    7.9926E-15
  8495.00    8.6285E-15
  8498.00    1.0415E-14
  8501.00    9.8710E-15
  8504.00    8.9077E-15
  8507.00    8.8645E-15
  8510.00    9.7105E-15
  8513.00    8.2182E-15
  8516.00    9.3690E-15
  8519.00    9.4333E-15
  8522.00    9.0102E-15
  8525.00    1.0297E-14
  8528.00    8.2444E-15
  8531.00    9.4881E-15
  8534.00    1.0652E-14
  8537.00    8.0939E-15
  8540.00    8.9927E-15
  8543.00    8.6107E-15
  8546.00    9.3492E-15
  8549.00    9.9552E-15
  8552.00    9.0809E-15
  8555.00    9.4506E-15
  8558.00    8.2038E-15
  8561.00    9.6392E-15
  8564.00    9.3875E-15
  8567.00    9.5853E-15
  8570.00    9.8710E-15
  8573.00    9.7423E-15
  8576.00    8.9026E-15
  8579.00    9.0114E-15
  8582.00    8.9551E-15
  8585.00    9.6604E-15
  8588.00    9.2686E-15
  8591.00    9.4043E-15
  8594.00    9.4195E-15
  8597.00    9.8576E-15
  8600.00    9.2331E-15
  8603.00    1.0123E-14
  8606.00    8.1972E-15
  8609.00    9.6418E-15
  8612.00    7.9438E-15
  8615.00    8.7416E-15
  8618.00    9.6027E-15
  8621.00    9.3509E-15
  8624.00    1.0013E-14
  8627.00    9.4497E-15
  8630.00    9.7657E-15
  8633.00    1.0819E-14
  8636.00    9.3561E-15
  8639.00    9.4690E-15
  8642.00    9.3964E-15
  8645.00    9.8181E-15
  8648.00    7.9378E-15
  8651.00    9.7241E-15
  8654.00    8.8301E-15
  8657.00    9.5501E-15
  8660.00    9.0956E-15
  8663.00    8.8672E-15
  8666.00    9.0824E-15
  8669.00    8.4037E-15
  8672.00    9.1709E-15
  8675.00    9.3039E-15
  8678.00    1.0086E-14
  8681.00    9.1014E-15
  8684.00    8.8163E-15
  8687.00    8.6384E-15
  8690.00    8.1865E-15
  8693.00    7.9091E-15
  8696.00    8.9869E-15
  8699.00    8.4315E-15
  8702.00    9.5312E-15
  8705.00    7.3504E-15
  8708.00    8.7755E-15
  8711.00    8.4252E-15
  8714.00    8.3948E-15
  8717.00    8.9094E-15
  8720.00    8.9507E-15
  8723.00    8.5717E-15
  8726.00    8.7581E-15
  8729.00    9.7388E-15
  8732.00    8.7630E-15
  8735.00    9.3913E-15
  8738.00    9.0330E-15
  8741.00    7.0233E-15
  8744.00    8.8747E-15
  8747.00    9.3297E-15
  8750.00    1.0302E-14
  8753.00    9.7437E-15
  8756.00    9.2822E-15
  8759.00    9.2852E-15
  8762.00    9.7740E-15
  8765.00    9.2767E-15
  8768.00    1.0370E-14
  8771.00    8.0932E-15
  8774.00    8.8251E-15
  8777.00    9.2816E-15
  8780.00    7.9762E-15
  8783.00    9.2481E-15
  8786.00    1.0244E-14
  8789.00    9.8791E-15
  8792.00    8.3250E-15
  8795.00    1.0108E-14
  8798.00    8.6988E-15
  8801.00    8.6290E-15
  8804.00    8.7985E-15
  8807.00    9.3429E-15
  8810.00    9.8452E-15
  8813.00    8.1487E-15
  8816.00    8.8399E-15
  8819.00    8.0483E-15
  8822.00    8.9890E-15
  8825.00    9.4638E-15
  8828.00    8.6055E-15
  8831.00    9.9438E-15
  8834.00    8.9174E-15
  8837.00    8.7385E-15
  8840.00    8.7494E-15
  8843.00    8.3841E-15
  8846.00    9.1920E-15
  8849.00    8.5165E-15
  8852.00    8.7929E-15
  8855.00    8.7251E-15
  8858.00    8.7358E-15
  8861.00    8.2005E-15
  8864.00    9.3774E-15
  8867.00    9.8670E-15
  8870.00    8.7073E-15
  8873.00    8.3650E-15
  8876.00    9.3043E-15
  8879.00    9.3098E-15
  8882.00    9.1239E-15
  8885.00    1.0304E-14
  8888.00    8.4397E-15
  8891.00    8.7225E-15
  8894.00    8.2341E-15
  8897.00    7.6594E-15
  8900.00    8.8321E-15
  8903.00    7.7758E-15
  8906.00    8.4059E-15
  8909.00    8.0314E-15
  8912.00    9.5564E-15
  8915.00    8.1738E-15
  8918.00    8.1250E-15
  8921.00    7.5069E-15
  8924.00    9.5561E-15
  8927.00    8.1997E-15
  8930.00    1.0055E-14
  8933.00    9.9135E-15
  8936.00    8.7882E-15
  8939.00    8.0555E-15
  8942.00    8.4197E-15
  8945.00    8.7309E-15
  8948.00    8.5241E-15
  8951.00    8.6416E-15
  8954.00    9.2229E-15
  8957.00    8.4028E-15
  8960.00    9.0017E-15
  8963.00    8.9410E-15
  8966.00    9.4588E-15
  8969.00    8.7134E-15
  8972.00    8.1719E-15
  8975.00    7.7707E-15
  8978.00    8.9083E-15
  8981.00    9.2171E-15
  8984.00    9.5400E-15
  8987.00    8.8697E-15
  8990.00    8.9429E-15
  8993.00    8.1834E-15
  8996.00    7.5462E-15
  8999.00    8.0756E-15
  9002.00    9.5745E-15
  9005.00    8.0191E-15
  9008.00    8.0980E-15
  9011.00    9.7510E-15
  9014.00    7.2536E-15
  9017.00    7.0566E-15
  9020.00    8.2658E-15
  9023.00    9.0782E-15
  9026.00    8.9061E-15
  9029.00    8.6602E-15
  9032.00    8.1595E-15
  9035.00    9.2407E-15
  9038.00    8.2934E-15
  9041.00    8.7711E-15
  9044.00    8.6252E-15
  9047.00    9.1452E-15
  9050.00    7.4046E-15
  9053.00    9.2683E-15
  9056.00    7.8878E-15
  9059.00    9.3618E-15
  9062.00    8.4880E-15
  9065.00    8.2412E-15
  9068.00    8.4258E-15
  9071.00    8.9652E-15
  9074.00    8.1525E-15
  9077.00    9.4832E-15
  9080.00    8.5307E-15
  9083.00    8.5881E-15
  9086.00    8.7471E-15
  9089.00    8.5517E-15
  9092.00    9.7112E-15
  9095.00    7.0410E-15
  9098.00    7.7437E-15
  9101.00    7.9275E-15
  9104.00    7.6540E-15
  9107.00    8.4155E-15
  9110.00    1.0529E-14
  9113.00    8.0094E-15
  9116.00    8.6342E-15
  9119.00    9.3089E-15
  9122.00    7.3152E-15
  9125.00    8.3490E-15
  9128.00    7.4168E-15
  9131.00    8.7915E-15
  9134.00    7.0557E-15
  9137.00    8.2147E-15
  9140.00    8.2276E-15
  9143.00    7.9116E-15
  9146.00    9.4484E-15
  9149.00    7.1859E-15
  9152.00    7.9889E-15
  9155.00    9.2647E-15
  9158.00    7.0547E-15
  9161.00    9.6007E-15
  9164.00    7.5734E-15
  9167.00    7.6671E-15
  9170.00    8.5327E-15
  9173.00    8.3546E-15
  9176.00    8.6108E-15
  9179.00    7.4177E-15
  9182.00    6.7686E-15
  9185.00    8.7142E-15
  9188.00    8.5915E-15
  9191.00    9.3924E-15
  9194.00    9.1652E-15
  9197.00    7.7371E-15
  9200.00    8.2116E-15
  9203.00    6.6824E-15
  9206.00    8.8442E-15
  9209.00    7.9029E-15
  9212.00    8.4175E-15
  9215.00    8.1708E-15
  9218.00    8.3923E-15
  9221.00    7.9528E-15
  9224.00    8.3314E-15
  9227.00    7.5056E-15
  9230.00    7.7381E-15
  9233.00    7.7448E-15
  9236.00    7.9204E-15
  9239.00    8.5117E-15
  9242.00    9.4099E-15
  9245.00    7.7739E-15
  9248.00    7.7550E-15
  9251.00    8.7120E-15
  9254.00    6.9992E-15
  9257.00    7.0431E-15
  9260.00    8.9792E-15
  9263.00    7.6425E-15
  9266.00    7.0597E-15
  9269.00    7.2532E-15
  9272.00    6.7024E-15
  9275.00    8.1689E-15
  9278.00    8.6128E-15
  9281.00    9.1183E-15
  9284.00    8.2360E-15
  9287.00    9.6581E-15
  9290.00    7.7621E-15
  9293.00    7.2306E-15
  9296.00    8.0807E-15
  9299.00    8.9915E-15
  9302.00    8.4362E-15
  9305.00    7.8003E-15
  9308.00    6.9217E-15
  9311.00    8.3946E-15
  9314.00    9.9635E-15
  9317.00    8.2205E-15
  9320.00    8.5618E-15
  9323.00    7.1593E-15
  9326.00    6.2981E-15
  9329.00    7.4150E-15
  9332.00    7.7314E-15
  9335.00    6.9986E-15
  9338.00    7.6186E-15
  9341.00    8.3715E-15
  9344.00    8.2497E-15
  9347.00    8.3290E-15
  9350.00    7.1373E-15
  9353.00    6.8409E-15
  9356.00    8.6520E-15
  9359.00    7.0868E-15
  9362.00    7.4449E-15
  9365.00    9.0060E-15
  9368.00    9.2720E-15
  9371.00    7.9106E-15
  9374.00    7.9971E-15
  9377.00    7.2171E-15
  9380.00    6.3467E-15
  9383.00    7.7985E-15
  9386.00    8.2163E-15
  9389.00    7.5322E-15
  9392.00    7.6752E-15
  9395.00    8.1794E-15
  9398.00    7.0377E-15
  9401.00    8.0060E-15
  9404.00    7.3181E-15
  9407.00    7.8879E-15
  9410.00    6.9727E-15
  9413.00    7.1591E-15
  9416.00    8.4783E-15
  9419.00    7.7182E-15
  9422.00    8.5999E-15
  9425.00    8.8120E-15
  9428.00    7.2445E-15
  9431.00    7.4631E-15
  9434.00    7.6690E-15
  9437.00    7.8730E-15
  9440.00    7.1922E-15
  9443.00    7.6869E-15
  9446.00    7.2908E-15
  9449.00    8.0497E-15
  9452.00    8.6888E-15
  9455.00    7.8576E-15
  9458.00    8.5699E-15
  9461.00    7.2078E-15
  9464.00    8.7212E-15
  9467.00    8.3530E-15
  9470.00    8.0290E-15
  9473.00    7.3323E-15
  9476.00    7.9189E-15
  9479.00    7.8325E-15
  9482.00    7.0276E-15
  9485.00    8.9861E-15
  9488.00    8.1940E-15
  9491.00    7.5235E-15
  9494.00    8.2857E-15
  9497.00    8.3804E-15
  9500.00    8.2013E-15
  9503.00    7.1848E-15
  9506.00    8.2153E-15
  9509.00    6.9861E-15
  9512.00    7.2341E-15
  9515.00    7.7549E-15
  9518.00    7.4117E-15
  9521.00    8.3789E-15
  9524.00    7.0483E-15
  9527.00    7.9645E-15
  9530.00    8.0664E-15
  9533.00    8.0374E-15
  9536.00    7.7725E-15
  9539.00    7.3106E-15
  9542.00    7.2930E-15
  9545.00    7.1288E-15
  9548.00    7.7538E-15
  9551.00    6.6647E-15
  9554.00    7.2023E-15
  9557.00    6.8774E-15
  9560.00    8.7686E-15
  9563.00    8.6095E-15
  9566.00    8.1771E-15
  9569.00    8.3962E-15
  9572.00    8.4881E-15
  9575.00    6.7202E-15
  9578.00    6.4683E-15
  9581.00    8.0865E-15
  9584.00    7.3560E-15
  9587.00    8.2086E-15
  9590.00    7.4365E-15
  9593.00    6.8484E-15
  9596.00    6.6945E-15
  9599.00    6.0408E-15
  9602.00    7.5755E-15
  9605.00    7.3204E-15
  9608.00    6.5604E-15
  9611.00    8.1441E-15
  9614.00    8.3066E-15
  9617.00    7.5364E-15
  9620.00    7.2959E-15
  9623.00    8.0309E-15
  9626.00    7.2558E-15
  9629.00    8.3525E-15
  9632.00    9.2478E-15
  9635.00    6.8735E-15
  9638.00    7.9695E-15
  9641.00    7.7846E-15
  9644.00    6.9470E-15
  9647.00    7.9168E-15
  9650.00    7.3975E-15
  9653.00    7.3352E-15
  9656.00    7.4615E-15
  9659.00    7.6056E-15
  9662.00    7.6496E-15
  9665.00    7.1252E-15
  9668.00    7.2274E-15
  9671.00    7.2012E-15
  9674.00    7.4354E-15
  9677.00    7.3189E-15
  9680.00    5.8183E-15
  9683.00    7.7641E-15
  9686.00    6.7334E-15
  9689.00    9.1278E-15
  9692.00    9.1582E-15
  9695.00    6.5754E-15
  9698.00    6.9787E-15
  9701.00    6.1083E-15
  9704.00    7.9300E-15
  9707.00    7.5884E-15
  9710.00    6.9736E-15
  9713.00    7.5246E-15
  9716.00    6.7907E-15
  9719.00    7.7650E-15
  9722.00    7.1411E-15
  9725.00    7.9479E-15
  9728.00    6.7176E-15
  9731.00    5.9989E-15
  9734.00    7.7226E-15
  9737.00    7.4128E-15
  9740.00    6.3366E-15
  9743.00    8.2851E-15
  9746.00    8.0507E-15
  9749.00    7.2353E-15
  9752.00    6.5453E-15
  9755.00    8.6052E-15
  9758.00    7.5905E-15
  9761.00    7.4786E-15
  9764.00    7.4126E-15
  9767.00    7.8517E-15
  9770.00    7.2511E-15
  9773.00    7.5641E-15
  9776.00    7.8366E-15
  9779.00    7.4560E-15
  9782.00    6.3815E-15
  9785.00    7.6883E-15
  9788.00    7.6450E-15
  9791.00    7.9265E-15
  9794.00    7.7462E-15
  9797.00    7.3620E-15
  9800.00    6.6824E-15
  9803.00    6.3416E-15
  9806.00    6.7015E-15
  9809.00    6.7914E-15
  9812.00    7.0090E-15
  9815.00    6.0696E-15
  9818.00    7.0000E-15
  9821.00    6.0509E-15
  9824.00    7.6943E-15
  9827.00    6.7594E-15
  9830.00    7.4131E-15
  9833.00    7.6560E-15
  9836.00    7.4670E-15
  9839.00    7.3407E-15
  9842.00    7.5213E-15
  9845.00    7.1527E-15
  9848.00    8.3210E-15
  9851.00    7.8147E-15
  9854.00    8.2140E-15
  9857.00    6.0610E-15
  9860.00    8.5571E-15
  9863.00    7.4176E-15
  9866.00    7.0148E-15
  9869.00    7.2858E-15
  9872.00    7.0025E-15
  9875.00    6.2434E-15
  9878.00    7.5055E-15
  9881.00    7.6392E-15
  9884.00    7.1972E-15
  9887.00    6.5088E-15
  9890.00    6.7151E-15
  9893.00    6.2937E-15
  9896.00    7.5069E-15
  9899.00    6.2601E-15
  9902.00    8.3420E-15
  9905.00    8.3680E-15
  9908.00    8.0875E-15
  9911.00    7.6816E-15
  9914.00    6.8541E-15
  9917.00    7.6408E-15
  9920.00    6.3302E-15
  9923.00    6.0164E-15
  9926.00    6.3446E-15
  9929.00    8.2948E-15
  9932.00    6.6767E-15
  9935.00    7.3885E-15
  9938.00    6.1209E-15
  9941.00    7.5302E-15
  9944.00    7.2128E-15
  9947.00    7.4307E-15
  9950.00    7.1365E-15
  9953.00    6.3948E-15
  9956.00    7.9755E-15
  9959.00    7.9651E-15
  9962.00    6.7222E-15
  9965.00    7.4614E-15
  9968.00    7.5748E-15
  9971.00    6.7185E-15
  9974.00    8.4073E-15
  9977.00    7.5799E-15
  9980.00    7.9106E-15
  9983.00    8.1969E-15
  9986.00    8.2916E-15
  9989.00    6.1696E-15
  9992.00    7.4203E-15
  9995.00    8.0433E-15
  9998.00    7.3449E-15
 10001.00    6.2593E-15
 10004.00    6.4712E-15
 10007.00    6.9562E-15
 10010.00    7.7816E-15
 10013.00    7.3109E-15
 10016.00    7.1735E-15
 10019.00    6.6899E-15
 10022.00    7.2845E-15
 10025.00    6.9568E-15
 10028.00    5.9677E-15
 10031.00    5.9820E-15
 10034.00    7.3871E-15
 10037.00    7.5023E-15
 10040.00    6.1255E-15
 10043.00    5.9057E-15
 10046.00    7.7666E-15
 10049.00    8.0335E-15
 10052.00    6.7458E-15
 10055.00    6.5052E-15
 10058.00    6.5044E-15
 10061.00    7.2043E-15
 10064.00    8.4781E-15
 10067.00    7.0788E-15
 10070.00    7.0878E-15
 10073.00    7.4885E-15
 10076.00    6.7790E-15
 10079.00    6.0789E-15
 10082.00    6.2197E-15
 10085.00    7.0786E-15
 10088.00    6.0045E-15
 10091.00    6.2366E-15
 10094.00    7.1635E-15
 10097.00    6.8275E-15
 10100.00    7.4997E-15
 10103.00    8.0505E-15
 10106.00    6.6050E-15
 10109.00    6.3016E-15
 10112.00    6.2524E-15
 10115.00    6.8243E-15
 10118.00    6.9929E-15
 10121.00    6.6138E-15
 10124.00    6.7301E-15
 10127.00    6.5768E-15
 10130.00    6.8929E-15
 10133.00    7.5151E-15
 10136.00    6.3997E-15
 10139.00    7.3055E-15
 10142.00    7.0344E-15
 10145.00    5.9837E-15
 10148.00    6.3573E-15
 10151.00    6.9323E-15
 10154.00    6.9391E-15
 10157.00    7.6843E-15
 10160.00    7.4892E-15
 10163.00    7.5619E-15
 10166.00    6.8310E-15
 10169.00    5.9856E-15
 10172.00    6.2117E-15
 10175.00    7.0297E-15
 10178.00    7.6153E-15
 10181.00    6.2646E-15
 10184.00    6.9023E-15
 10187.00    6.1766E-15
 10190.00    6.2731E-15
 10193.00    5.4143E-15
 10196.00    8.0575E-15
 10199.00    5.7861E-15
 10202.00    7.4817E-15
 10205.00    6.9693E-15
 10208.00    5.6428E-15
 10211.00    7.1299E-15
 10214.00    6.5089E-15
 10217.00    6.7143E-15
 10220.00    7.8466E-15
 10223.00    6.0138E-15
 10226.00    7.3142E-15
 10229.00    6.0096E-15
 10232.00    6.9028E-15
 10235.00    6.5624E-15
 10238.00    7.0453E-15
 10241.00    6.6637E-15
 10244.00    6.5534E-15
 10247.00    5.9803E-15
 10250.00    6.4106E-15
 10253.00    5.9387E-15
 10256.00    6.4893E-15
 10259.00    8.0649E-15
 10262.00    6.3759E-15
 10265.00    4.2635E-15
 10268.00    6.9209E-15
 10271.00    6.1809E-15
 10274.00    7.1767E-15
 10277.00    7.1290E-15
 10280.00    6.6248E-15
 10283.00    5.2524E-15
 10286.00    6.3364E-15
 10289.00    7.0509E-15
 10292.00    7.0749E-15
 10295.00    6.7814E-15
 10298.00    6.9760E-15
 10301.00    6.3479E-15
 10304.00    6.4977E-15
 10307.00    7.9395E-15
 10310.00    6.6470E-15
 10313.00    6.6863E-15
 10316.00    6.0971E-15
 10319.00    6.9858E-15
 10322.00    7.2309E-15
 10325.00    5.8591E-15
 10328.00    5.4762E-15
 10331.00    5.7067E-15
 10334.00    5.6703E-15
 10337.00    7.2509E-15
 10340.00    6.8834E-15
 10343.00    7.2293E-15
 10346.00    7.2398E-15
 10349.00    5.6436E-15
 10352.00    8.0087E-15
 10355.00    6.4581E-15
 10358.00    6.4177E-15
 10361.00    7.3995E-15
 10364.00    6.6082E-15
 10367.00    6.1436E-15
 10370.00    7.4283E-15
 10373.00    6.5865E-15
 10376.00    6.0376E-15
 10379.00    8.1198E-15
 10382.00    7.1965E-15
 10385.00    6.7185E-15
 10388.00    7.5048E-15
 10391.00    6.3025E-15
 10394.00    5.7797E-15
 10397.00    7.0599E-15
 10400.00    7.2848E-15
 10403.00    6.3660E-15
 10406.00    6.4470E-15
 10409.00    8.0907E-15
 10412.00    6.4924E-15
 10415.00    7.8267E-15
 10418.00    7.2271E-15
 10421.00    6.5846E-15
 10424.00    7.1407E-15
 10427.00    5.9079E-15
 10430.00    6.6970E-15
 10433.00    6.3951E-15
 10436.00    7.4186E-15
 10439.00    5.1818E-15
 10442.00    7.7683E-15
 10445.00    6.9173E-15
 10448.00    6.0978E-15
 10451.00    7.2140E-15
 10454.00    6.4609E-15
 10457.00    7.3440E-15
 10460.00    6.6249E-15
 10463.00    6.7179E-15
 10466.00    5.9328E-15
 10469.00    5.7299E-15
 10472.00    6.4417E-15
 10475.00    6.4573E-15
 10478.00    6.7740E-15
 10481.00    6.0382E-15
 10484.00    6.6591E-15
 10487.00    8.2131E-15
 10490.00    5.0361E-15
 10493.00    5.8143E-15
 10496.00    6.0422E-15
 10499.00    6.9741E-15
 10502.00    6.3495E-15
 10505.00    5.9830E-15
 10508.00    7.0239E-15
 10511.00    5.3381E-15
 10514.00    7.1896E-15
 10517.00    7.1515E-15
 10520.00    7.5061E-15
 10523.00    6.3158E-15
 10526.00    5.8371E-15
 10529.00    6.6777E-15
 10532.00    5.9699E-15
 10535.00    7.6151E-15
 10538.00    6.3220E-15
 10541.00    6.4906E-15
 10544.00    6.1414E-15
 10547.00    6.6726E-15
 10550.00    6.2690E-15
 10553.00    5.8833E-15
 10556.00    4.8522E-15
 10559.00    7.4065E-15
 10562.00    7.6388E-15
 10565.00    5.5701E-15
 10568.00    6.4356E-15
 10571.00    6.7924E-15
 10574.00    6.5791E-15
 10577.00    6.4812E-15
 10580.00    7.2281E-15
 10583.00    6.5313E-15
 10586.00    6.0234E-15
 10589.00    5.7153E-15
 10592.00    6.0365E-15
 10595.00    6.8583E-15
 10598.00    7.9866E-15
 10601.00    5.9069E-15
 10604.00    7.7670E-15
 10607.00    7.3369E-15
 10610.00    6.5561E-15
 10613.00    5.4405E-15
 10616.00    6.4452E-15
 10619.00    6.9562E-15
 10622.00    6.8304E-15
 10625.00    7.1457E-15
 10628.00    6.2252E-15
 10631.00    6.6851E-15
 10634.00    5.5259E-15
 10637.00    6.4085E-15
 10640.00    7.1225E-15
 10643.00    5.9510E-15
 10646.00    6.3595E-15
 10649.00    6.2299E-15
 10652.00    5.0314E-15
 10655.00    6.1908E-15
 10658.00    5.2136E-15
 10661.00    6.4228E-15
 10664.00    6.5276E-15
 10667.00    5.9565E-15
 10670.00    5.6696E-15
 10673.00    6.0513E-15
 10676.00    7.6198E-15
 10679.00    5.4911E-15
 10682.00    6.7026E-15
 10685.00    6.9154E-15
 10688.00    7.1288E-15
 10691.00    7.6604E-15
 10694.00    4.8559E-15
 10697.00    6.7123E-15
 10700.00    6.6173E-15
 10703.00    6.2580E-15
 10706.00    6.8563E-15
 10709.00    6.3683E-15
 10712.00    6.9531E-15
 10715.00    6.3472E-15
 10718.00    5.3886E-15
 10721.00    6.2101E-15
 10724.00    5.6786E-15
 10727.00    7.5285E-15
 10730.00    6.9463E-15
 10733.00    4.6218E-15
 10736.00    7.1732E-15
 10739.00    5.9112E-15
 10742.00    6.9111E-15
 10745.00    6.2651E-15
 10748.00    5.8576E-15
 10751.00    5.5299E-15
 10754.00    5.4199E-15
 10757.00    7.0114E-15
 10760.00    6.2903E-15
 10763.00    5.9889E-15
 10766.00    6.3434E-15
 10769.00    6.9245E-15
 10772.00    6.1937E-15
 10775.00    5.8957E-15
 10778.00    5.5041E-15
 10781.00    6.3999E-15
 10784.00    5.6468E-15
 10787.00    6.6957E-15
 10790.00    7.1408E-15
 10793.00    6.0317E-15
 10796.00    6.6130E-15
 10799.00    7.0117E-15
 10802.00    6.4388E-15
 10805.00    5.6187E-15
 10808.00    5.8355E-15
 10811.00    6.3953E-15
 10814.00    7.1983E-15
 10817.00    5.9494E-15
 10820.00    6.1804E-15
 10823.00    5.2581E-15
 10826.00    6.7817E-15
 10829.00    5.9580E-15
 10832.00    5.8540E-15
 10835.00    6.6909E-15
 10838.00    6.0354E-15
 10841.00    5.4791E-15
 10844.00    5.2051E-15
 10847.00    7.1413E-15
 10850.00    7.4856E-15
 10853.00    6.2248E-15
 10856.00    5.9469E-15
 10859.00    6.2331E-15
 10862.00    6.8199E-15
 10865.00    4.8844E-15
 10868.00    5.5197E-15
 10871.00    6.5016E-15
 10874.00    6.5975E-15
 10877.00    6.5179E-15
 10880.00    6.0693E-15
 10883.00    5.1136E-15
 10886.00    5.5000E-15
 10889.00    6.9897E-15
 10892.00    5.0818E-15
 10895.00    5.9929E-15
 10898.00    6.7121E-15
 10901.00    6.4886E-15
 10904.00    5.4319E-15
 10907.00    7.8976E-15
 10910.00    6.2182E-15
 10913.00    5.2973E-15
 10916.00    6.2781E-15
 10919.00    5.1789E-15
 10922.00    7.0046E-15
 10925.00    5.8144E-15
 10928.00    7.1133E-15
 10931.00    5.9355E-15
 10934.00    5.9669E-15
 10937.00    5.8329E-15
 10940.00    7.0299E-15
 10943.00    5.6459E-15
 10946.00    6.1184E-15
 10949.00    6.3406E-15
 10952.00    6.5587E-15
 10955.00    5.6606E-15
 10958.00    7.1093E-15
 10961.00    6.4108E-15
 10964.00    5.1990E-15
 10967.00    7.4378E-15
 10970.00    5.0888E-15
 10973.00    6.8452E-15
 10976.00    5.3737E-15
 10979.00    5.5806E-15
 10982.00    6.1362E-15
 10985.00    5.7748E-15
 10988.00    6.1900E-15
 10991.00    6.5713E-15
 10994.00    7.2691E-15
 10997.00    5.6795E-15
 11000.00    6.8129E-15
 11003.00    5.4629E-15
 11006.00    6.0693E-15
 11009.00    5.1229E-15
 11012.00    7.2726E-15
 11015.00    5.4326E-15
 11018.00    6.9856E-15
 11021.00    6.7962E-15
 11024.00    6.0679E-15
 11027.00    5.7090E-15
 11030.00    6.0486E-15
 11033.00    5.1854E-15
 11036.00    5.1665E-15
 11039.00    6.3105E-15
 11042.00    6.2963E-15
 11045.00    6.2167E-15
 11048.00    6.3603E-15
 11051.00    6.0125E-15
 11054.00    6.9246E-15
 11057.00    6.6034E-15
 11060.00    5.7973E-15
 11063.00    5.2487E-15
 11066.00    5.7183E-15
 11069.00    5.4119E-15
 11072.00    6.4074E-15
 11075.00    6.4300E-15
 11078.00    6.4403E-15
 11081.00    5.7645E-15
 11084.00    6.3788E-15
 11087.00    5.2612E-15
 11090.00    6.5422E-15
 11093.00    6.8337E-15
 11096.00    7.0802E-15
 11099.00    6.8550E-15
 11102.00    5.4443E-15
 11105.00    4.6623E-15
 11108.00    6.0228E-15
 11111.00    5.9879E-15
 11114.00    5.8666E-15
 11117.00    4.7130E-15
 11120.00    5.4583E-15
 11123.00    6.3008E-15
 11126.00    5.2843E-15
 11129.00    5.5258E-15
 11132.00    6.4240E-15
 11135.00    6.1685E-15
 11138.00    6.1447E-15
 11141.00    6.2234E-15
 11144.00    4.8590E-15
 11147.00    6.9533E-15
 11150.00    5.9713E-15
 11153.00    6.4848E-15
 11156.00    7.0861E-15
 11159.00    6.1094E-15
 11162.00    5.5307E-15
 11165.00    6.0297E-15
 11168.00    6.3882E-15
 11171.00    4.6047E-15
 11174.00    6.6440E-15
 11177.00    6.5196E-15
 11180.00    6.1773E-15
 11183.00    6.3072E-15
 11186.00    4.4023E-15
 11189.00    5.8820E-15
 11192.00    5.7212E-15
 11195.00    5.9907E-15
 11198.00    6.0577E-15
 11201.00    5.9650E-15
 11204.00    6.1308E-15
 11207.00    6.1550E-15
 11210.00    5.4389E-15
 11213.00    5.4581E-15
 11216.00    6.6755E-15
 11219.00    7.3618E-15
 11222.00    5.6342E-15
 11225.00    7.2442E-15
 11228.00    7.0297E-15
 11231.00    5.5321E-15
 11234.00    5.1929E-15
 11237.00    5.1235E-15
 11240.00    5.2814E-15
 11243.00    5.6816E-15
 11246.00    6.5238E-15
 11249.00    4.3940E-15
 11252.00    5.9016E-15
 11255.00    4.9516E-15
 11258.00    5.2676E-15
 11261.00    5.8242E-15
 11264.00    7.0090E-15
 11267.00    6.1901E-15
 11270.00    6.2226E-15
 11273.00    5.8188E-15
 11276.00    6.4004E-15
 11279.00    5.6875E-15
 11282.00    4.6598E-15
 11285.00    4.6144E-15
 11288.00    5.7592E-15
 11291.00    6.3041E-15
 11294.00    5.3735E-15
 11297.00    5.9731E-15
 11300.00    5.6794E-15
 11303.00    6.0965E-15
 11306.00    5.8674E-15
 11309.00    5.3870E-15
 11312.00    4.8034E-15
 11315.00    5.3372E-15
 11318.00    6.7660E-15
 11321.00    6.4705E-15
 11324.00    5.6389E-15
 11327.00    6.0300E-15
 11330.00    5.5497E-15
 11333.00    5.2930E-15
 11336.00    5.9614E-15
 11339.00    5.5296E-15
 11342.00    6.3568E-15
 11345.00    5.4698E-15
 11348.00    7.2454E-15
 11351.00    5.2989E-15
 11354.00    5.7666E-15
 11357.00    5.1540E-15
 11360.00    5.1610E-15
 11363.00    5.8359E-15
 11366.00    4.7451E-15
 11369.00    6.1823E-15
 11372.00    5.0419E-15
 11375.00    4.9580E-15
 11378.00    6.6427E-15
 11381.00    5.5685E-15
 11384.00    5.3802E-15
 11387.00    6.7369E-15
 11390.00    4.6219E-15
 11393.00    6.2022E-15
 11396.00    5.3865E-15
 11399.00    6.0752E-15
 11402.00    4.5550E-15
 11405.00    4.5271E-15
 11408.00    4.5477E-15
 11411.00    5.7730E-15
 11414.00    5.9490E-15
 11417.00    6.1660E-15
 11420.00    5.1761E-15
 11423.00    5.9664E-15
 11426.00    5.7344E-15
 11429.00    4.5191E-15
 11432.00    5.8278E-15
 11435.00    5.6100E-15
 11438.00    5.9847E-15
 11441.00    5.3155E-15
 11444.00    4.3854E-15
 11447.00    5.5083E-15
 11450.00    5.9993E-15
 11453.00    5.7092E-15
 11456.00    4.9541E-15
 11459.00    5.7024E-15
 11462.00    5.6981E-15
 11465.00    4.8632E-15
 11468.00    5.0417E-15
 11471.00    5.9863E-15
 11474.00    6.0639E-15
 11477.00    4.6636E-15
 11480.00    6.0912E-15
 11483.00    6.0268E-15
 11486.00    5.0422E-15
 11489.00    5.4834E-15
 11492.00    4.7790E-15
 11495.00    6.2520E-15
 11498.00    4.8991E-15
 11501.00    6.1150E-15
 11504.00    6.0689E-15
 11507.00    5.8635E-15
 11510.00    5.2202E-15
 11513.00    5.8812E-15
 11516.00    2.9558E-15
 11519.00    5.3659E-15
 11522.00    5.3357E-15
 11525.00    5.7255E-15
 11528.00    4.8924E-15
 11531.00    5.4985E-15
 11534.00    5.3737E-15
 11537.00    5.7173E-15
 11540.00    5.6627E-15
 11543.00    4.7181E-15
 11546.00    6.2092E-15
 11549.00    5.7667E-15
 11552.00    5.4363E-15
 11555.00    6.3975E-15
 11558.00    5.6556E-15
 11561.00    4.5571E-15
 11564.00    6.3026E-15
 11567.00    6.1712E-15
 11570.00    6.2245E-15
 11573.00    5.9012E-15
 11576.00    4.5529E-15
 11579.00    5.6925E-15
 11582.00    6.2401E-15
 11585.00    4.7086E-15
 11588.00    5.9450E-15
 11591.00    5.3384E-15
 11594.00    6.7708E-15
 11597.00    5.1102E-15
 11600.00    5.8006E-15
 11603.00    5.6540E-15
 11606.00    4.3267E-15
 11609.00    5.9049E-15
 11612.00    5.2837E-15
 11615.00    4.1223E-15
 11618.00    4.5784E-15
 11621.00    5.4098E-15
 11624.00    5.1283E-15
 11627.00    5.6120E-15
 11630.00    5.7602E-15
 11633.00    6.1955E-15
 11636.00    6.0479E-15
 11639.00    5.0447E-15
 11642.00    4.7007E-15
 11645.00    5.8321E-15
 11648.00    4.7721E-15
 11651.00    4.4642E-15
 11654.00    5.0769E-15
 11657.00    6.8324E-15
 11660.00    6.3171E-15
 11663.00    5.4341E-15
 11666.00    4.6403E-15
 11669.00    5.1845E-15
 11672.00    6.3464E-15
 11675.00    6.9135E-15
 11678.00    5.1566E-15
 11681.00    5.7181E-15
 11684.00    5.5539E-15
 11687.00    5.5009E-15
 11690.00    4.4976E-15
 11693.00    7.2901E-15
 11696.00    4.6271E-15
 11699.00    4.7592E-15
 11702.00    5.5950E-15
 11705.00    4.0797E-15
 11708.00    4.7018E-15
 11711.00    6.0368E-15
 11714.00    5.0460E-15
 11717.00    5.8240E-15
 11720.00    6.9336E-15
 11723.00    6.2549E-15
 11726.00    6.0818E-15
 11729.00    5.4214E-15
 11732.00    4.8413E-15
 11735.00    5.1389E-15
 11738.00    5.5624E-15
 11741.00    4.5976E-15
 11744.00    5.6467E-15
 11747.00    6.7313E-15
 11750.00    5.7543E-15
 11753.00    4.6639E-15
 11756.00    5.0990E-15
 11759.00    4.3039E-15
 11762.00    5.2764E-15
 11765.00    5.5642E-15
 11768.00    6.4949E-15
 11771.00    4.7212E-15
 11774.00    5.7007E-15
 11777.00    4.9221E-15
 11780.00    5.9242E-15
 11783.00    6.1980E-15
 11786.00    5.2359E-15
 11789.00    4.9093E-15
 11792.00    6.1003E-15
 11795.00    4.4748E-15
 11798.00    5.5595E-15
 11801.00    4.9081E-15
 11804.00    5.8230E-15
 11807.00    5.9981E-15
 11810.00    5.2878E-15
 11813.00    5.5660E-15
 11816.00    5.3883E-15
 11819.00    4.8395E-15
 11822.00    5.9885E-15
 11825.00    5.0027E-15
 11828.00    5.2102E-15
 11831.00    5.2098E-15
 11834.00    4.6962E-15
 11837.00    6.1460E-15
 11840.00    6.1985E-15
 11843.00    4.5384E-15
 11846.00    5.5976E-15
 11849.00    5.7553E-15
 11852.00    5.8460E-15
 11855.00    5.3710E-15
 11858.00    3.7442E-15
 11861.00    5.3099E-15
 11864.00    4.5828E-15
 11867.00    4.8407E-15
 11870.00    5.0480E-15
 11873.00    4.5633E-15
 11876.00    5.3646E-15
 11879.00    4.3402E-15
 11882.00    5.3034E-15
 11885.00    5.3376E-15
 11888.00    5.3218E-15
 11891.00    6.6633E-15
 11894.00    5.7998E-15
 11897.00    5.3653E-15
 11900.00    4.9509E-15
 11903.00    5.6167E-15
 11906.00    5.1661E-15
 11909.00    5.4068E-15
 11912.00    4.8476E-15
 11915.00    5.5671E-15
 11918.00    6.6633E-15
 11921.00    5.7522E-15
 11924.00    5.5487E-15
 11927.00    5.2736E-15
 11930.00    4.5072E-15
 11933.00    5.8103E-15
 11936.00    4.7599E-15
 11939.00    6.5495E-15
 11942.00    5.4749E-15
 11945.00    6.9210E-15
 11948.00    5.4488E-15
 11951.00    4.2513E-15
 11954.00    5.1529E-15
 11957.00    5.9767E-15
 11960.00    6.1756E-15
 11963.00    5.5273E-15
 11966.00    6.3902E-15
 11969.00    5.2820E-15
 11972.00    5.6706E-15
 11975.00    5.3375E-15
 11978.00    5.9799E-15
 11981.00    5.8175E-15
 11984.00    6.4414E-15
 11987.00    4.8432E-15
 11990.00    3.8784E-15
 11993.00    4.6512E-15
 11996.00    3.7935E-15
 11999.00    4.6913E-15
