  4300.00000     3.5045e-16     1.0305e-16 
  4301.25000     3.5255e-16     2.7824e-17 
  4302.50000     3.4788e-16     2.3010e-17 
  4303.75000     3.4474e-16     6.9682e-17 
  4305.00000     3.3745e-16     4.8134e-17 
  4306.25000     3.4176e-16     6.2316e-17 
  4307.50000     3.4951e-16    -1.4705e-16 
  4308.75000     3.4360e-16    -3.6855e-16 
  4310.00000     3.4760e-16     4.5625e-17 
  4311.25000     3.4085e-16     1.7517e-17 
  4312.50000     3.4071e-16     1.8389e-17 
  4313.75000     3.5385e-16    -6.6854e-18 
  4315.00000     3.4610e-16    -4.0178e-17 
  4316.25000     3.4923e-16     1.5071e-18 
  4317.50000     3.5262e-16     2.2333e-17 
  4318.75000     3.3953e-16     1.4741e-17 
  4320.00000     3.4008e-16     2.0847e-17 
  4321.25000     3.5009e-16     2.8279e-17 
  4322.50000     3.2769e-16     3.8436e-17 
  4323.75000     3.3668e-16     2.3627e-17 
  4325.00000     3.4198e-16     1.6570e-17 
  4326.25000     3.3406e-16     2.7033e-17 
  4327.50000     3.4467e-16     2.5766e-17 
  4328.75000     3.4134e-16     6.3651e-17 
  4330.00000     3.6080e-16     6.3936e-17 
  4331.25000     3.4969e-16     2.5595e-17 
  4332.50000     3.4467e-16     1.6726e-17 
  4333.75000     3.5485e-16     1.5969e-17 
  4335.00000     3.4273e-16     1.3531e-17 
  4336.25000     3.5024e-16     2.0532e-17 
  4337.50000     3.4193e-16     3.1555e-17 
  4338.75000     3.5329e-16     3.5206e-17 
  4340.00000     3.3934e-16    -2.4577e-17 
  4341.25000     3.4538e-16     3.5003e-16 
  4342.50000     3.6368e-16     5.3123e-16 
  4343.75000     3.5080e-16    -1.4074e-17 
  4345.00000     3.4766e-16     3.1156e-17 
  4346.25000     3.4560e-16     1.7430e-17 
  4347.50000     3.3693e-16     9.4455e-18 
  4348.75000     3.3101e-16     1.5989e-17 
  4350.00000     3.4277e-16    -6.9429e-17 
  4351.25000     3.2921e-16    -2.4895e-17 
  4352.50000     3.3522e-16     1.8785e-17 
  4353.75000     3.4306e-16     2.0502e-17 
  4355.00000     3.3776e-16     1.6338e-17 
  4356.25000     3.4128e-16     1.0834e-17 
  4357.50000     3.4450e-16     1.1483e-17 
  4358.75000     3.4237e-16     1.2330e-17 
  4360.00000     3.4704e-16     1.9469e-17 
  4361.25000     3.4564e-16     2.8369e-17 
  4362.50000     3.3126e-16     1.6974e-17 
  4363.75000     3.4515e-16     3.2565e-17 
  4365.00000     3.4964e-16     2.5051e-17 
  4366.25000     3.4951e-16     2.8800e-17 
  4367.50000     3.4942e-16     1.7203e-17 
  4368.75000     3.5707e-16     2.0261e-17 
  4370.00000     3.3049e-16     2.1007e-17 
  4371.25000     3.4628e-16     1.8371e-17 
  4372.50000     3.4485e-16     1.8790e-17 
  4373.75000     3.4164e-16     3.7990e-17 
  4375.00000     3.4204e-16     3.4929e-17 
  4376.25000     3.4871e-16     1.3419e-17 
  4377.50000     3.5273e-16     1.7922e-17 
  4378.75000     3.5399e-16     3.1685e-17 
  4380.00000     3.4946e-16     2.6753e-17 
  4381.25000     3.4033e-16     3.4118e-17 
  4382.50000     3.4603e-16     4.9452e-17 
  4383.75000     3.4138e-16     2.3708e-17 
  4385.00000     3.6012e-16     1.6629e-17 
  4386.25000     3.5449e-16     1.8344e-17 
  4387.50000     3.5509e-16     1.6898e-17 
  4388.75000     3.5125e-16     1.2516e-17 
  4390.00000     3.4938e-16     2.4051e-17 
  4391.25000     3.3979e-16     6.7808e-17 
  4392.50000     3.4638e-16    -2.1034e-17 
  4393.75000     3.3990e-16     1.7234e-17 
  4395.00000     3.3908e-16     1.6688e-17 
  4396.25000     3.2624e-16    -1.1617e-18 
  4397.50000     3.4630e-16    -1.3284e-17 
  4398.75000     3.5286e-16     4.2214e-17 
  4400.00000     3.4376e-16     3.0821e-17 
  4401.25000     3.2573e-16     3.0611e-17 
  4402.50000     3.4181e-16     4.0289e-17 
  4403.75000     3.4058e-16     5.1877e-17 
  4405.00000     3.4798e-16     1.7054e-17 
  4406.25000     3.4850e-16     1.3450e-17 
  4407.50000     3.4730e-16     1.1635e-17 
  4408.75000     3.4750e-16     1.0929e-17 
  4410.00000     3.5497e-16     1.0326e-17 
  4411.25000     3.4452e-16     1.3839e-17 
  4412.50000     3.3739e-16     2.5121e-17 
  4413.75000     3.5491e-16     2.1201e-17 
  4415.00000     3.3777e-16     2.2820e-17 
  4416.25000     3.4935e-16     4.5734e-17 
  4417.50000     3.3996e-16     3.5327e-17 
  4418.75000     3.4617e-16     6.4382e-17 
  4420.00000     3.4074e-16     2.7427e-17 
  4421.25000     3.5481e-16     2.6937e-17 
  4422.50000     3.4226e-16     2.0813e-17 
  4423.75000     3.5003e-16     1.6007e-17 
  4425.00000     3.6294e-16     1.9185e-17 
  4426.25000     3.5715e-16     2.4201e-17 
  4427.50000     3.4244e-16     2.3128e-17 
  4428.75000     3.5124e-16     3.1489e-17 
  4430.00000     3.6462e-16     1.3528e-17 
  4431.25000     3.3435e-16     1.3925e-17 
  4432.50000     3.4925e-16     1.5596e-17 
  4433.75000     3.5346e-16     2.1847e-17 
  4435.00000     3.3841e-16     2.2682e-17 
  4436.25000     3.4198e-16     1.0195e-17 
  4437.50000     3.2854e-16     8.4857e-18 
  4438.75000     3.5358e-16     2.1245e-17 
  4440.00000     3.5868e-16     3.0858e-17 
  4441.25000     3.3548e-16     1.8948e-17 
  4442.50000     3.4398e-16     1.6336e-17 
  4443.75000     3.4860e-16     2.1718e-17 
  4445.00000     3.4495e-16     1.4033e-17 
  4446.25000     3.6196e-16     1.0422e-17 
  4447.50000     3.4641e-16     9.8045e-18 
  4448.75000     3.3501e-16     9.4482e-18 
  4450.00000     3.5062e-16     1.2452e-17 
  4451.25000     3.4874e-16     1.3503e-17 
  4452.50000     3.4866e-16     1.3819e-17 
  4453.75000     3.5374e-16     1.5284e-17 
  4455.00000     3.4989e-16     1.1655e-17 
  4456.25000     3.5519e-16     1.1443e-17 
  4457.50000     3.3529e-16     1.0571e-17 
  4458.75000     3.5800e-16     1.0758e-17 
  4460.00000     3.4821e-16     1.1449e-17 
  4461.25000     3.5181e-16     1.3287e-17 
  4462.50000     3.5912e-16     1.2715e-17 
  4463.75000     3.3967e-16     2.3805e-17 
  4465.00000     3.5418e-16     5.9904e-17 
  4466.25000     3.4362e-16     2.2376e-17 
  4467.50000     3.5059e-16     1.9470e-16 
  4468.75000     3.3927e-16     1.8038e-16 
  4470.00000     3.6403e-16     2.9564e-17 
  4471.25000     3.3918e-16     1.5884e-17 
  4472.50000     3.5266e-16     1.5571e-17 
  4473.75000     3.4515e-16     1.0352e-17 
  4475.00000     3.3838e-16     2.3613e-17 
  4476.25000     3.4582e-16     9.1720e-17 
  4477.50000     3.4894e-16     3.5107e-17 
  4478.75000     3.4271e-16     1.7997e-17 
  4480.00000     3.5884e-16     2.0731e-17 
  4481.25000     3.4087e-16     1.6146e-17 
  4482.50000     3.4269e-16     2.9671e-17 
  4483.75000     3.4863e-16     1.4910e-17 
  4485.00000     3.5025e-16     1.3772e-17 
  4486.25000     3.3499e-16     3.7071e-17 
  4487.50000     3.4043e-16    -1.1022e-16 
  4488.75000     3.5090e-16    -2.8922e-16 
  4490.00000     3.5009e-16     2.8349e-17 
  4491.25000     3.5621e-16     5.1072e-18 
  4492.50000     3.4567e-16     3.8281e-17 
  4493.75000     3.4777e-16     1.6846e-17 
  4495.00000     3.5723e-16    -1.1268e-17 
  4496.25000     3.4732e-16     2.5571e-17 
  4497.50000     3.4556e-16     1.3068e-17 
  4498.75000     3.4747e-16     1.3618e-17 
  4500.00000     3.4862e-16     1.5763e-17 
  4501.25000     3.4753e-16     1.0729e-17 
  4502.50000     3.4273e-16     1.0119e-17 
  4503.75000     3.4285e-16     1.2871e-17 
  4505.00000     3.3982e-16     1.1586e-17 
  4506.25000     3.4783e-16     1.6057e-17 
  4507.50000     3.3978e-16     2.9542e-17 
  4508.75000     3.3935e-16     1.7187e-17 
  4510.00000     3.4078e-16     1.5159e-17 
  4511.25000     3.5428e-16     1.6795e-17 
  4512.50000     3.5328e-16     1.1964e-17 
  4513.75000     3.4351e-16     9.1713e-18 
  4515.00000     3.5491e-16     1.3647e-17 
  4516.25000     3.3898e-16     2.0964e-17 
  4517.50000     3.4171e-16     1.8524e-17 
  4518.75000     3.3807e-16     1.1144e-17 
  4520.00000     3.4859e-16     9.2123e-18 
  4521.25000     3.4971e-16     1.6150e-17 
  4522.50000     3.4588e-16     2.2507e-17 
  4523.75000     3.3429e-16     1.5096e-17 
  4525.00000     3.4971e-16     8.8337e-18 
  4526.25000     3.4884e-16     9.0232e-18 
  4527.50000     3.4635e-16     8.6797e-18 
  4528.75000     3.3693e-16     1.1648e-17 
  4530.00000     3.2857e-16     9.9360e-18 
  4531.25000     3.3904e-16     1.1235e-17 
  4532.50000     3.4010e-16     3.1123e-17 
  4533.75000     3.4170e-16     1.8375e-17 
  4535.00000     3.3953e-16     8.0701e-18 
  4536.25000     3.4924e-16     1.2100e-17 
  4537.50000     3.4515e-16     9.4779e-18 
  4538.75000     3.4480e-16     9.9089e-18 
  4540.00000     3.4026e-16     1.4888e-17 
  4541.25000     3.5145e-16     1.8649e-17 
  4542.50000     3.3877e-16     1.8176e-17 
  4543.75000     3.5245e-16     1.0316e-17 
  4545.00000     3.5364e-16     1.0838e-17 
  4546.25000     3.4278e-16     1.6240e-17 
  4547.50000     3.5573e-16     1.2357e-17 
  4548.75000     3.4792e-16     8.4247e-18 
  4550.00000     3.5102e-16     1.1319e-17 
  4551.25000     3.5163e-16     2.0444e-17 
  4552.50000     3.4341e-16     2.1528e-17 
  4553.75000     3.4786e-16     1.7964e-17 
  4555.00000     3.4723e-16     1.6994e-17 
  4556.25000     3.4299e-16     1.0520e-17 
  4557.50000     3.5142e-16     7.9158e-18 
  4558.75000     3.4759e-16     1.1651e-17 
  4560.00000     3.4873e-16     9.9604e-18 
  4561.25000     3.4782e-16     1.2539e-17 
  4562.50000     3.4359e-16     1.2509e-17 
  4563.75000     3.4278e-16     9.6417e-18 
  4565.00000     3.2567e-16     1.0632e-17 
  4566.25000     3.4836e-16     1.5086e-17 
  4567.50000     3.4821e-16     1.6326e-17 
  4568.75000     3.6322e-16     3.2083e-17 
  4570.00000     3.3436e-16     1.6290e-17 
  4571.25000     3.4629e-16     9.3556e-18 
  4572.50000     3.3666e-16     8.1207e-18 
  4573.75000     3.4264e-16     1.0104e-17 
  4575.00000     3.4735e-16     8.8453e-18 
  4576.25000     3.5264e-16     1.2413e-17 
  4577.50000     3.4558e-16     1.5716e-17 
  4578.75000     3.4050e-16     9.9015e-18 
  4580.00000     3.4844e-16     1.8659e-17 
  4581.25000     3.4289e-16     3.4393e-17 
  4582.50000     3.4531e-16     2.4775e-17 
  4583.75000     3.2866e-16     8.3754e-18 
  4585.00000     3.3880e-16     7.2687e-18 
  4586.25000     3.4975e-16     7.2704e-18 
  4587.50000     3.4843e-16     9.7697e-18 
  4588.75000     3.4608e-16     9.3421e-18 
  4590.00000     3.4736e-16     1.1054e-17 
  4591.25000     3.4359e-16     1.1684e-17 
  4592.50000     3.4350e-16     2.1222e-17 
  4593.75000     3.4594e-16     3.1699e-17 
  4595.00000     3.5045e-16     6.0668e-17 
  4596.25000     3.3893e-16     5.0245e-17 
  4597.50000     3.4762e-16     2.5396e-17 
  4598.75000     3.6407e-16     1.6859e-17 
  4600.00000     3.4917e-16     1.1755e-17 
  4601.25000     3.4516e-16     9.6500e-18 
  4602.50000     3.3332e-16     8.5103e-18 
  4603.75000     3.3661e-16     8.1340e-18 
  4605.00000     3.3766e-16     7.7021e-18 
  4606.25000     3.3985e-16     6.1157e-18 
  4607.50000     3.4892e-16     6.5892e-18 
  4608.75000     3.5001e-16     9.1581e-18 
  4610.00000     3.4967e-16     9.7795e-18 
  4611.25000     3.4030e-16     8.9829e-18 
  4612.50000     3.4555e-16     8.5947e-18 
  4613.75000     3.4307e-16     7.1693e-18 
  4615.00000     3.3396e-16     5.7592e-18 
  4616.25000     3.4835e-16     8.2025e-18 
  4617.50000     3.4596e-16     7.5012e-18 
  4618.75000     3.4652e-16     6.4076e-18 
  4620.00000     3.5998e-16     7.3361e-18 
  4621.25000     3.5558e-16     1.1203e-17 
  4622.50000     3.6117e-16     8.8842e-18 
  4623.75000     3.4678e-16     5.4339e-18 
  4625.00000     3.4312e-16     6.3479e-18 
  4626.25000     3.4067e-16     9.0304e-18 
  4627.50000     3.4441e-16     6.2749e-18 
  4628.75000     3.4332e-16     5.1173e-18 
  4630.00000     3.4754e-16     5.5315e-18 
  4631.25000     3.4925e-16     5.7238e-18 
  4632.50000     3.5361e-16     6.5185e-18 
  4633.75000     3.6323e-16     9.4531e-18 
  4635.00000     3.4015e-16     8.2798e-18 
  4636.25000     3.5283e-16     6.0175e-18 
  4637.50000     3.5689e-16     6.7592e-18 
  4638.75000     3.5122e-16     5.4232e-18 
  4640.00000     3.4351e-16     5.1871e-18 
  4641.25000     3.4116e-16     6.3181e-18 
  4642.50000     3.4883e-16     6.7249e-18 
  4643.75000     3.5348e-16     6.6122e-18 
  4645.00000     3.4094e-16     5.5817e-18 
  4646.25000     3.4482e-16     5.4685e-18 
  4647.50000     3.5179e-16     4.9930e-18 
  4648.75000     3.4010e-16     4.4317e-18 
  4650.00000     3.5853e-16     6.2698e-18 
  4651.25000     3.5690e-16     8.4071e-18 
  4652.50000     3.5472e-16     8.0727e-18 
  4653.75000     3.5863e-16     6.0074e-18 
  4655.00000     3.4275e-16     6.5221e-18 
  4656.25000     3.5426e-16     9.7735e-18 
  4657.50000     3.5490e-16     6.5322e-18 
  4658.75000     3.5318e-16     6.1083e-18 
  4660.00000     3.4385e-16     6.0657e-18 
  4661.25000     3.4201e-16     5.0870e-18 
  4662.50000     3.6964e-16     5.1055e-18 
  4663.75000     3.5130e-16     5.9140e-18 
  4665.00000     3.3280e-16     7.3953e-18 
  4666.25000     3.4190e-16     1.0965e-17 
  4667.50000     3.5223e-16     9.3183e-18 
  4668.75000     3.5597e-16     4.2252e-18 
  4670.00000     3.5591e-16     6.2547e-18 
  4671.25000     3.5007e-16     9.3268e-18 
  4672.50000     3.4695e-16     5.9733e-18 
  4673.75000     3.4409e-16     4.5634e-18 
  4675.00000     3.4750e-16     5.0295e-18 
  4676.25000     3.5250e-16     3.7785e-18 
  4677.50000     3.4445e-16     3.2985e-18 
  4678.75000     3.3255e-16     2.8371e-18 
  4680.00000     3.4856e-16     2.8223e-18 
  4681.25000     3.4193e-16     3.1085e-18 
  4682.50000     3.5357e-16     3.4604e-18 
  4683.75000     3.4495e-16     3.8228e-18 
  4685.00000     3.4763e-16     4.1913e-18 
  4686.25000     3.4567e-16     4.0123e-18 
  4687.50000     3.5612e-16     3.7198e-18 
  4688.75000     3.5428e-16     3.1841e-18 
  4690.00000     3.5794e-16     6.8023e-18 
  4691.25000     3.5706e-16    -4.9056e-18 
  4692.50000     3.4579e-16    -5.2885e-17 
  4693.75000     3.3013e-16     2.2052e-17 
  4695.00000     3.5470e-16     1.1524e-17 
  4696.25000     3.5214e-16     4.4322e-18 
  4697.50000     3.5189e-16     3.5338e-18 
  4698.75000     3.4566e-16     2.9174e-18 
  4700.00000     3.4203e-16     1.9215e-18 
  4701.25000     3.4401e-16     1.6169e-18 
  4702.50000     3.3262e-16     1.8895e-18 
  4703.75000     3.5143e-16     5.2523e-18 
  4705.00000     3.4355e-16     7.2393e-18 
  4706.25000     3.4313e-16     5.6431e-18 
  4707.50000     3.5437e-16     4.0841e-18 
  4708.75000     3.3676e-16     2.3046e-18 
  4710.00000     3.4411e-16     2.1245e-18 
  4711.25000     3.3665e-16     2.0041e-18 
  4712.50000     3.4208e-16     1.7740e-18 
  4713.75000     3.5066e-16     1.8927e-18 
  4715.00000     3.4992e-16     2.1844e-18 
  4716.25000     3.4471e-16     2.1355e-18 
  4717.50000     3.4808e-16     2.3488e-18 
  4718.75000     3.3030e-16     2.3814e-18 
  4720.00000     3.6379e-16     2.6942e-18 
  4721.25000     3.3937e-16     2.4169e-18 
  4722.50000     3.2694e-16     2.2728e-18 
  4723.75000     3.5577e-16     2.5735e-18 
  4725.00000     3.6818e-16     3.0958e-18 
  4726.25000     3.5928e-16     3.4973e-18 
  4727.50000     3.4929e-16     3.9302e-18 
  4728.75000     3.4377e-16     3.2826e-18 
  4730.00000     3.4625e-16     3.1143e-18 
  4731.25000     3.4654e-16     3.5242e-18 
  4732.50000     3.5953e-16     3.9811e-18 
  4733.75000     3.6028e-16     4.0634e-18 
  4735.00000     3.6039e-16     4.0561e-18 
  4736.25000     3.4881e-16     3.9000e-18 
  4737.50000     3.6766e-16     4.1213e-18 
  4738.75000     3.5158e-16     4.1415e-18 
  4740.00000     3.6662e-16     4.0949e-18 
  4741.25000     3.3780e-16     3.6558e-18 
  4742.50000     3.5311e-16     3.8186e-18 
  4743.75000     3.3306e-16     4.0847e-18 
  4745.00000     3.4750e-16     4.7392e-18 
  4746.25000     3.5969e-16     5.4979e-18 
  4747.50000     3.5483e-16     5.8151e-18 
  4748.75000     3.4791e-16     8.9059e-18 
  4750.00000     3.5073e-16     7.0230e-18 
  4751.25000     3.4279e-16     5.1459e-18 
  4752.50000     3.4390e-16     4.0854e-18 
  4753.75000     3.6384e-16     4.4480e-18 
  4755.00000     3.4257e-16     4.2107e-18 
  4756.25000     3.3644e-16     4.0614e-18 
  4757.50000     3.4726e-16     4.5806e-18 
  4758.75000     3.4462e-16     4.8460e-18 
  4760.00000     3.5124e-16     4.5760e-18 
  4761.25000     3.3924e-16     4.4197e-18 
  4762.50000     3.4783e-16     4.3492e-18 
  4763.75000     3.5131e-16     4.9116e-18 
  4765.00000     3.3852e-16     4.9471e-18 
  4766.25000     3.4309e-16     5.2673e-18 
  4767.50000     3.4693e-16     5.2049e-18 
  4768.75000     3.4333e-16     4.7982e-18 
  4770.00000     3.4276e-16     6.8410e-18 
  4771.25000     3.5485e-16     8.8095e-18 
  4772.50000     3.4918e-16     3.8572e-17 
  4773.75000     3.4324e-16     3.0739e-17 
  4775.00000     3.3910e-16     1.1968e-17 
  4776.25000     3.4688e-16     9.8211e-18 
  4777.50000     3.4392e-16     6.8866e-18 
  4778.75000     3.5623e-16     5.2418e-18 
  4780.00000     3.4024e-16     5.1595e-18 
  4781.25000     3.4766e-16     4.7648e-18 
  4782.50000     3.3993e-16     5.8060e-18 
  4783.75000     3.5615e-16     1.5701e-17 
  4785.00000     3.5512e-16     3.2605e-17 
  4786.25000     3.3370e-16     3.7224e-17 
  4787.50000     3.5292e-16     3.8590e-17 
  4788.75000     3.4972e-16     7.2624e-18 
  4790.00000     3.5264e-16     3.7840e-18 
  4791.25000     3.4417e-16     3.9661e-18 
  4792.50000     3.4835e-16     4.3560e-18 
  4793.75000     3.4642e-16     4.3131e-18 
  4795.00000     3.4147e-16     4.7753e-18 
  4796.25000     3.4768e-16     4.6339e-18 
  4797.50000     3.5873e-16     5.5495e-18 
  4798.75000     3.4349e-16     7.7976e-18 
  4800.00000     3.4940e-16     6.4767e-18 
  4801.25000     3.3177e-16     4.6982e-18 
  4802.50000     3.4937e-16     4.3544e-18 
  4803.75000     3.3602e-16     3.8063e-18 
  4805.00000     3.3307e-16     4.0261e-18 
  4806.25000     3.4726e-16     4.3566e-18 
  4807.50000     3.6746e-16     4.6046e-18 
  4808.75000     3.5098e-16     4.3696e-18 
  4810.00000     3.5339e-16     4.9311e-18 
  4811.25000     3.3760e-16     4.5965e-18 
  4812.50000     3.4699e-16     4.6143e-18 
  4813.75000     3.5434e-16     4.7612e-18 
  4815.00000     3.4357e-16     5.1435e-18 
  4816.25000     3.6070e-16     4.7918e-18 
  4817.50000     3.4940e-16     5.2390e-18 
  4818.75000     3.4020e-16     5.7701e-18 
  4820.00000     3.4919e-16     6.0226e-18 
  4821.25000     3.4764e-16     6.2040e-18 
  4822.50000     3.5412e-16     6.3444e-18 
  4823.75000     3.6100e-16     6.1656e-18 
  4825.00000     3.4730e-16     5.1166e-18 
  4826.25000     3.5142e-16     4.9545e-18 
  4827.50000     3.5327e-16     6.3627e-18 
  4828.75000     3.4854e-16     6.2618e-18 
  4830.00000     3.5209e-16     5.6935e-18 
  4831.25000     3.5836e-16     6.5661e-18 
  4832.50000     3.5001e-16     6.3761e-18 
  4833.75000     3.4385e-16     5.8411e-18 
  4835.00000     3.6239e-16     7.0333e-18 
  4836.25000     3.4266e-16     6.0986e-18 
  4837.50000     3.4286e-16     4.4439e-18 
  4838.75000     3.4352e-16     4.8070e-18 
  4840.00000     3.5669e-16     5.8266e-18 
  4841.25000     3.4494e-16     5.5199e-18 
  4842.50000     3.5101e-16     6.0882e-18 
  4843.75000     3.5133e-16     7.2584e-18 
  4845.00000     3.4513e-16     6.4671e-18 
  4846.25000     3.3471e-16     6.8235e-18 
  4847.50000     3.5022e-16     7.7709e-18 
  4848.75000     3.4950e-16     6.0451e-18 
  4850.00000     3.4374e-16     7.2760e-18 
  4851.25000     3.6507e-16     1.0006e-17 
  4852.50000     3.6378e-16     8.1945e-18 
  4853.75000     3.6311e-16     5.4711e-18 
  4855.00000     3.4910e-16     6.3408e-18 
  4856.25000     3.5470e-16     7.2198e-18 
  4857.50000     3.4810e-16     7.8183e-18 
  4858.75000     3.4913e-16     8.6953e-18 
  4860.00000     3.5114e-16     9.1849e-18 
  4861.25000     3.4149e-16     1.0029e-17 
  4862.50000     3.3410e-16     7.3213e-18 
  4863.75000     3.4426e-16     7.3859e-18 
  4865.00000     3.4766e-16     8.6359e-18 
  4866.25000     3.7091e-16     8.6305e-18 
  4867.50000     3.3999e-16     6.7533e-18 
  4868.75000     3.4165e-16     8.4222e-18 
  4870.00000     3.5898e-16     1.0724e-17 
  4871.25000     3.7015e-16     9.0057e-18 
  4872.50000     3.5568e-16     6.5437e-18 
  4873.75000     3.6119e-16     6.2670e-18 
  4875.00000     3.3281e-16     6.1856e-18 
  4876.25000     3.5072e-16     7.0217e-18 
  4877.50000     3.4670e-16     5.9051e-18 
  4878.75000     3.4588e-16     7.5660e-18 
  4880.00000     3.5920e-16     7.9698e-18 
  4881.25000     3.4346e-16     7.3361e-18 
  4882.50000     3.5593e-16     7.1500e-18 
  4883.75000     3.5397e-16     5.6209e-18 
  4885.00000     3.4060e-16     5.8693e-18 
  4886.25000     3.5143e-16     7.4268e-18 
  4887.50000     3.3913e-16     7.9872e-18 
  4888.75000     3.4447e-16     8.7257e-18 
  4890.00000     3.5172e-16     7.6306e-18 
  4891.25000     3.6411e-16     6.6225e-18 
  4892.50000     3.3673e-16     6.5416e-18 
  4893.75000     3.4362e-16     6.1723e-18 
  4895.00000     3.3716e-16     6.8600e-18 
  4896.25000     3.5878e-16     8.3523e-18 
  4897.50000     3.6999e-16     8.1072e-18 
  4898.75000     3.3221e-16     9.7905e-18 
  4900.00000     3.4962e-16     7.9640e-18 
  4901.25000     3.5807e-16     7.4791e-18 
  4902.50000     3.4616e-16     8.3605e-18 
  4903.75000     3.5133e-16     8.4114e-18 
  4905.00000     3.4491e-16     7.7679e-18 
  4906.25000     3.4373e-16     7.1326e-18 
  4907.50000     3.4827e-16     6.0870e-18 
  4908.75000     3.3785e-16     5.8578e-18 
  4910.00000     3.5790e-16     8.8731e-18 
  4911.25000     3.3900e-16     1.1904e-17 
  4912.50000     3.4844e-16     1.1115e-17 
  4913.75000     3.5633e-16     8.2718e-18 
  4915.00000     3.4172e-16     6.0656e-18 
  4916.25000     3.4255e-16     7.1833e-18 
  4917.50000     3.6156e-16     7.3692e-18 
  4918.75000     3.4225e-16     5.6718e-18 
  4920.00000     3.4774e-16     7.6470e-18 
  4921.25000     3.4865e-16     8.2741e-18 
  4922.50000     3.5062e-16     7.0603e-18 
  4923.75000     3.4907e-16     6.4082e-18 
  4925.00000     3.5385e-16     6.3383e-18 
  4926.25000     3.5259e-16     9.3668e-18 
  4927.50000     3.4772e-16     8.2640e-18 
  4928.75000     3.5404e-16     7.8356e-18 
  4930.00000     3.4925e-16     6.8069e-18 
  4931.25000     3.4346e-16     7.5169e-18 
  4932.50000     3.5039e-16     9.4548e-18 
  4933.75000     3.6043e-16     8.6898e-18 
  4935.00000     3.5697e-16     8.3321e-18 
  4936.25000     3.6574e-16     8.3422e-18 
  4937.50000     3.3889e-16     6.4344e-18 
  4938.75000     3.5320e-16     7.1231e-18 
  4940.00000     3.4506e-16     9.6005e-18 
  4941.25000     3.4730e-16     1.0954e-17 
  4942.50000     3.5685e-16     1.0680e-17 
  4943.75000     3.4890e-16     8.9059e-18 
  4945.00000     3.5105e-16     6.0511e-18 
  4946.25000     3.5077e-16     6.4721e-18 
  4947.50000     3.4768e-16     7.6360e-18 
  4948.75000     3.5169e-16     1.1543e-17 
  4950.00000     3.4961e-16     1.0364e-17 
  4951.25000     3.5350e-16     9.6885e-18 
  4952.50000     3.3692e-16     9.0693e-18 
  4953.75000     3.3461e-16     9.4179e-18 
  4955.00000     3.6280e-16     9.8694e-18 
  4956.25000     3.6804e-16     7.5273e-18 
  4957.50000     3.5135e-16     7.0213e-18 
  4958.75000     3.6482e-16     9.2969e-18 
  4960.00000     3.4961e-16     9.6020e-18 
  4961.25000     3.3485e-16     7.9246e-18 
  4962.50000     3.4188e-16     7.3525e-18 
  4963.75000     3.3765e-16     7.2630e-18 
  4965.00000     3.3706e-16     7.9899e-18 
  4966.25000     3.3884e-16     7.2429e-18 
  4967.50000     3.4878e-16     7.1238e-18 
  4968.75000     3.4325e-16     5.6365e-18 
  4970.00000     3.4242e-16     5.2492e-18 
  4971.25000     3.7201e-16     9.0993e-18 
  4972.50000     3.6921e-16     1.1611e-17 
  4973.75000     3.5431e-16     8.3249e-18 
  4975.00000     3.5239e-16     7.4817e-18 
  4976.25000     3.4952e-16     8.7023e-18 
  4977.50000     3.4598e-16     7.7105e-18 
  4978.75000     3.6120e-16     8.0078e-18 
  4980.00000     3.5333e-16     7.4665e-18 
  4981.25000     3.5534e-16     7.1969e-18 
  4982.50000     3.5890e-16     7.5067e-18 
  4983.75000     3.5385e-16     6.7632e-18 
  4985.00000     3.5456e-16     5.9437e-18 
  4986.25000     3.6182e-16     7.3260e-18 
  4987.50000     3.4687e-16     9.3628e-18 
  4988.75000     3.5240e-16     9.2829e-18 
  4990.00000     3.4475e-16     7.6439e-18 
  4991.25000     3.5051e-16     6.6220e-18 
  4992.50000     3.5583e-16     7.7168e-18 
  4993.75000     3.5725e-16     7.2858e-18 
  4995.00000     3.4333e-16     6.8898e-18 
  4996.25000     3.4652e-16     6.8396e-18 
  4997.50000     3.3979e-16     6.4158e-18 
  4998.75000     3.4388e-16     6.5654e-18 
  5000.00000     3.4035e-16     6.6443e-18 
  5001.25000     3.4357e-16     5.9085e-18 
  5002.50000     3.5962e-16     5.7730e-18 
  5003.75000     3.6928e-16     7.7771e-18 
  5005.00000     3.6058e-16     8.7457e-18 
  5006.25000     3.7060e-16     7.2689e-18 
  5007.50000     3.5552e-16     5.7918e-18 
  5008.75000     3.4163e-16     6.8547e-18 
  5010.00000     3.5496e-16     7.1964e-18 
  5011.25000     3.6271e-16     7.3692e-18 
  5012.50000     3.5028e-16     8.1993e-18 
  5013.75000     3.4146e-16     7.9567e-18 
  5015.00000     3.4428e-16     6.2240e-18 
  5016.25000     3.4624e-16     6.2435e-18 
  5017.50000     3.5988e-16     6.5272e-18 
  5018.75000     3.4672e-16     5.4794e-18 
  5020.00000     3.5493e-16     6.9780e-18 
  5021.25000     3.4977e-16     9.1886e-18 
  5022.50000     3.3839e-16     5.8738e-18 
  5023.75000     3.3863e-16     5.5215e-18 
  5025.00000     3.5191e-16     7.1690e-18 
  5026.25000     3.6006e-16     7.7559e-18 
  5027.50000     3.2696e-16     6.5660e-18 
  5028.75000     3.4372e-16     6.5107e-18 
  5030.00000     3.5713e-16     5.6084e-18 
  5031.25000     3.4475e-16     5.9106e-18 
  5032.50000     3.4302e-16     8.4486e-18 
  5033.75000     3.4323e-16     1.0614e-17 
  5035.00000     3.4840e-16     8.4725e-18 
  5036.25000     3.5869e-16     8.6846e-18 
  5037.50000     3.4717e-16     1.0599e-17 
  5038.75000     3.5252e-16     7.9703e-18 
  5040.00000     3.4222e-16     6.2656e-18 
  5041.25000     3.4115e-16     6.9315e-18 
  5042.50000     3.4228e-16     8.2131e-18 
  5043.75000     3.5553e-16     7.4717e-18 
  5045.00000     3.4430e-16     6.4305e-18 
  5046.25000     3.5682e-16     6.4739e-18 
  5047.50000     3.5590e-16     7.3130e-18 
  5048.75000     3.5685e-16     7.3274e-18 
  5050.00000     3.4304e-16     7.0590e-18 
  5051.25000     3.5357e-16     6.1928e-18 
  5052.50000     3.5316e-16     6.8961e-18 
  5053.75000     3.4222e-16     7.2253e-18 
  5055.00000     3.6744e-16     8.8079e-18 
  5056.25000     3.4917e-16     6.6604e-18 
  5057.50000     3.3475e-16     6.4014e-18 
  5058.75000     3.4457e-16     7.9882e-18 
  5060.00000     3.6061e-16     8.6845e-18 
  5061.25000     3.4970e-16     6.8730e-18 
  5062.50000     3.6006e-16     6.5028e-18 
  5063.75000     3.5708e-16     7.0479e-18 
  5065.00000     3.4392e-16     6.8820e-18 
  5066.25000     3.5972e-16     7.2062e-18 
  5067.50000     3.5779e-16     7.5422e-18 
  5068.75000     3.6435e-16     8.5237e-18 
  5070.00000     3.5515e-16     9.6364e-18 
  5071.25000     3.5576e-16     8.2373e-18 
  5072.50000     3.5794e-16     8.8257e-18 
  5073.75000     3.5699e-16     8.3011e-18 
  5075.00000     3.4656e-16     7.2932e-18 
  5076.25000     3.3647e-16     7.1556e-18 
  5077.50000     3.5749e-16     6.0649e-18 
  5078.75000     3.5655e-16     6.0871e-18 
  5080.00000     3.5581e-16     8.8437e-18 
  5081.25000     3.4163e-16     8.3927e-18 
  5082.50000     3.4355e-16     6.0931e-18 
  5083.75000     3.5606e-16     9.3677e-18 
  5085.00000     3.4808e-16     1.1623e-17 
  5086.25000     3.6468e-16     6.6321e-18 
  5087.50000     3.6173e-16     6.1713e-18 
  5088.75000     3.4986e-16     7.7995e-18 
  5090.00000     3.4473e-16     9.1050e-18 
  5091.25000     3.3737e-16     7.2060e-18 
  5092.50000     3.5763e-16     7.1011e-18 
  5093.75000     3.5898e-16     7.6106e-18 
  5095.00000     3.5739e-16     8.8617e-18 
  5096.25000     3.4799e-16     1.3154e-17 
  5097.50000     3.6304e-16     1.2228e-17 
  5098.75000     3.2923e-16     6.5757e-18 
  5100.00000     3.5289e-16     7.4413e-18 
  5101.25000     3.4410e-16     7.9012e-18 
  5102.50000     3.4902e-16     7.4036e-18 
  5103.75000     3.3856e-16     8.8875e-18 
  5105.00000     3.4092e-16     7.0419e-18 
  5106.25000     3.5525e-16     5.1326e-18 
  5107.50000     3.4839e-16     6.0635e-18 
  5108.75000     3.3820e-16     7.9455e-18 
  5110.00000     3.3851e-16     8.0845e-18 
  5111.25000     3.3690e-16     9.2058e-18 
  5112.50000     3.4765e-16     7.6926e-18 
  5113.75000     3.4759e-16     7.5387e-18 
  5115.00000     3.4225e-16     7.0857e-18 
  5116.25000     3.6412e-16     6.8752e-18 
  5117.50000     3.5392e-16     8.4475e-18 
  5118.75000     3.5142e-16     7.1751e-18 
  5120.00000     3.5811e-16     5.8382e-18 
  5121.25000     3.4079e-16     6.5188e-18 
  5122.50000     3.5057e-16     6.9338e-18 
  5123.75000     3.5599e-16     6.6999e-18 
  5125.00000     3.4592e-16     6.5865e-18 
  5126.25000     3.3199e-16     1.3178e-17 
  5127.50000     3.4328e-16     1.5089e-17 
  5128.75000     3.4930e-16     7.3398e-18 
  5130.00000     3.3587e-16     5.1574e-18 
  5131.25000     3.4922e-16     6.8776e-18 
  5132.50000     3.5596e-16     6.0384e-18 
  5133.75000     3.4547e-16     6.9287e-18 
  5135.00000     3.6343e-16     1.0354e-17 
  5136.25000     3.4676e-16     8.3685e-18 
  5137.50000     3.4631e-16     7.8764e-18 
  5138.75000     3.5956e-16     7.2215e-18 
  5140.00000     3.3567e-16     6.7145e-18 
  5141.25000     3.4010e-16     7.5685e-18 
  5142.50000     3.3764e-16     8.7668e-18 
  5143.75000     3.5245e-16     8.0261e-18 
  5145.00000     3.3970e-16     6.3392e-18 
  5146.25000     3.4596e-16     6.5836e-18 
  5147.50000     3.4190e-16     6.1033e-18 
  5148.75000     3.4472e-16     6.4103e-18 
  5150.00000     3.5427e-16     8.0194e-18 
  5151.25000     3.3490e-16     5.8405e-18 
  5152.50000     3.5072e-16     7.1482e-18 
  5153.75000     3.6030e-16     2.1295e-17 
  5155.00000     3.4382e-16     1.8641e-17 
  5156.25000     3.4481e-16     6.0894e-18 
  5157.50000     3.4790e-16     8.5359e-18 
  5158.75000     3.5665e-16     8.0966e-18 
  5160.00000     3.4693e-16     7.3062e-18 
  5161.25000     3.5592e-16     8.7910e-18 
  5162.50000     3.5294e-16     7.6999e-18 
  5163.75000     3.4440e-16     7.1558e-18 
  5165.00000     3.6518e-16     6.6052e-18 
  5166.25000     3.4890e-16     6.9272e-18 
  5167.50000     3.6196e-16     9.2211e-18 
  5168.75000     3.5941e-16     9.9185e-18 
  5170.00000     3.5258e-16     7.5473e-18 
  5171.25000     3.5733e-16     7.5202e-18 
  5172.50000     3.4632e-16     7.9701e-18 
  5173.75000     3.5188e-16     9.3863e-18 
  5175.00000     3.4593e-16     8.8877e-18 
  5176.25000     3.5360e-16     8.0224e-18 
  5177.50000     3.4776e-16     8.6774e-18 
  5178.75000     3.4150e-16     7.9146e-18 
  5180.00000     3.5311e-16     6.3396e-18 
  5181.25000     3.4818e-16     8.2616e-18 
  5182.50000     3.5295e-16     1.0132e-17 
  5183.75000     3.4374e-16     8.8516e-18 
  5185.00000     3.5310e-16     6.9406e-18 
  5186.25000     3.4734e-16     7.4268e-18 
  5187.50000     3.4431e-16     1.0609e-17 
  5188.75000     3.6627e-16     1.0306e-17 
  5190.00000     3.5509e-16     8.0896e-18 
  5191.25000     3.4948e-16     8.0418e-18 
  5192.50000     3.4964e-16     9.0358e-18 
  5193.75000     3.5391e-16     7.8114e-18 
  5195.00000     3.5177e-16     6.2021e-18 
  5196.25000     3.5684e-16     5.7762e-18 
  5197.50000     3.5357e-16     5.6575e-18 
  5198.75000     3.4733e-16     7.0482e-18 
  5200.00000     3.5761e-16     7.9700e-18 
  5201.25000     3.5984e-16     7.4065e-18 
  5202.50000     3.4961e-16     8.6769e-18 
  5203.75000     3.4473e-16     8.3245e-18 
  5205.00000     3.6031e-16     7.8457e-18 
  5206.25000     3.6162e-16     8.3243e-18 
  5207.50000     3.4798e-16     6.7793e-18 
  5208.75000     3.5912e-16     8.7518e-18 
  5210.00000     3.4332e-16     1.2476e-17 
  5211.25000     3.4778e-16     8.7713e-18 
  5212.50000     3.4645e-16     8.1335e-18 
  5213.75000     3.3560e-16     8.2226e-18 
  5215.00000     3.5970e-16     9.5290e-18 
  5216.25000     3.4705e-16     1.0026e-17 
  5217.50000     3.4406e-16     1.0037e-17 
  5218.75000     3.4245e-16     1.2745e-17 
  5220.00000     3.6421e-16     1.6145e-17 
  5221.25000     3.4629e-16     1.4247e-17 
  5222.50000     3.5490e-16     9.8937e-18 
  5223.75000     3.5064e-16     1.1027e-17 
  5225.00000     3.5409e-16     2.2202e-17 
  5226.25000     3.5569e-16     1.3620e-17 
  5227.50000     3.5193e-16     1.1862e-17 
  5228.75000     3.6054e-16     1.0385e-17 
  5230.00000     3.4145e-16     7.5960e-18 
  5231.25000     3.6699e-16     9.7833e-18 
  5232.50000     3.5771e-16     7.7372e-18 
  5233.75000     3.5541e-16     7.8486e-18 
  5235.00000     3.4804e-16     6.7916e-18 
  5236.25000     3.5305e-16     6.7916e-18 
  5237.50000     3.6977e-16     6.6708e-18 
  5238.75000     3.5445e-16     6.2504e-18 
  5240.00000     3.6341e-16     6.5065e-18 
  5241.25000     3.7291e-16     6.8065e-18 
  5242.50000     3.4550e-16     5.8891e-18 
  5243.75000     3.5366e-16     6.1633e-18 
  5245.00000     3.5009e-16     6.5682e-18 
  5246.25000     3.6052e-16     8.2973e-18 
  5247.50000     3.4220e-16     7.0632e-18 
  5248.75000     3.6690e-16     6.5116e-18 
  5250.00000     3.5123e-16     5.7254e-18 
  5251.25000     3.5996e-16     5.7965e-18 
  5252.50000     3.4663e-16     7.3096e-18 
  5253.75000     3.4211e-16     7.1573e-18 
  5255.00000     3.5583e-16     7.5223e-18 
  5256.25000     3.4274e-16     6.5198e-18 
  5257.50000     3.5246e-16     5.7459e-18 
  5258.75000     3.4359e-16     5.6258e-18 
  5260.00000     3.4681e-16     6.0683e-18 
  5261.25000     3.5950e-16     7.0741e-18 
  5262.50000     3.5437e-16     6.7106e-18 
  5263.75000     3.6467e-16     6.2107e-18 
  5265.00000     3.4691e-16     7.4660e-18 
  5266.25000     3.4842e-16     9.1148e-18 
  5267.50000     3.5329e-16     1.0856e-17 
  5268.75000     3.4457e-16     6.9490e-18 
  5270.00000     3.5883e-16     7.0282e-18 
  5271.25000     3.5362e-16     6.2099e-18 
  5272.50000     3.4992e-16     6.6478e-18 
  5273.75000     3.4200e-16     8.3229e-18 
  5275.00000     3.5789e-16     7.4399e-18 
  5276.25000     3.4612e-16     5.9496e-18 
  5277.50000     3.4253e-16     8.8439e-18 
  5278.75000     3.5211e-16     8.1550e-18 
  5280.00000     3.5130e-16     5.4400e-18 
  5281.25000     3.5113e-16     5.6027e-18 
  5282.50000     3.4166e-16     6.3920e-18 
  5283.75000     3.5575e-16     6.4338e-18 
  5285.00000     3.3131e-16     5.7810e-18 
  5286.25000     3.4255e-16     7.7299e-18 
  5287.50000     3.4494e-16     6.1491e-18 
  5288.75000     3.4739e-16     8.7352e-18 
  5290.00000     3.6548e-16     8.5314e-18 
  5291.25000     3.4518e-16     5.4435e-18 
  5292.50000     3.4603e-16     5.8476e-18 
  5293.75000     3.4931e-16     8.1623e-18 
  5295.00000     3.3862e-16     7.2700e-18 
  5296.25000     3.4962e-16     7.0105e-18 
  5297.50000     3.5876e-16     6.4541e-18 
  5298.75000     3.6156e-16     6.8748e-18 
  5300.00000     3.5520e-16     7.6612e-18 
  5301.25000     3.3942e-16     6.2046e-18 
  5302.50000     3.5266e-16     6.0282e-18 
  5303.75000     3.5029e-16     7.5871e-18 
  5305.00000     3.5874e-16     7.7573e-18 
  5306.25000     3.5039e-16     6.3700e-18 
  5307.50000     3.5390e-16     6.9091e-18 
  5308.75000     3.4695e-16     6.2529e-18 
  5310.00000     3.4244e-16     6.1751e-18 
  5311.25000     3.6905e-16     9.6263e-18 
  5312.50000     3.6102e-16     9.4822e-18 
  5313.75000     3.4045e-16     6.2116e-18 
  5315.00000     3.6208e-16     6.3784e-18 
  5316.25000     3.2642e-16     6.0122e-18 
  5317.50000     3.7185e-16     6.3331e-18 
  5318.75000     3.5822e-16     5.9616e-18 
  5320.00000     3.6121e-16     7.4222e-18 
  5321.25000     3.4308e-16     6.2563e-18 
  5322.50000     3.5688e-16     5.3476e-18 
  5323.75000     3.5053e-16     5.3696e-18 
  5325.00000     3.4938e-16     4.7652e-18 
  5326.25000     3.4503e-16     4.5045e-18 
  5327.50000     3.5437e-16     5.8420e-18 
  5328.75000     3.4369e-16     6.6165e-18 
  5330.00000     3.4821e-16     6.7877e-18 
  5331.25000     3.4583e-16     7.2070e-18 
  5332.50000     3.6230e-16     7.2335e-18 
  5333.75000     3.5153e-16     5.8001e-18 
  5335.00000     3.5110e-16     6.4350e-18 
  5336.25000     3.3502e-16     6.5537e-18 
  5337.50000     3.6761e-16     6.0490e-18 
  5338.75000     3.6108e-16     6.7598e-18 
  5340.00000     3.6660e-16     6.8634e-18 
  5341.25000     3.4403e-16     5.3971e-18 
  5342.50000     3.4275e-16     5.2180e-18 
  5343.75000     3.4226e-16     5.2751e-18 
  5345.00000     3.5182e-16     6.4749e-18 
  5346.25000     3.5688e-16     5.9877e-18 
  5347.50000     3.5058e-16     5.2368e-18 
  5348.75000     3.6853e-16     4.8557e-18 
  5350.00000     3.6836e-16     5.2327e-18 
  5351.25000     3.6465e-16     5.4979e-18 
  5352.50000     3.5524e-16     5.8924e-18 
  5353.75000     3.3563e-16     6.7246e-18 
  5355.00000     3.6471e-16     7.8167e-18 
  5356.25000     3.4649e-16     5.9813e-18 
  5357.50000     3.5092e-16     5.5951e-18 
  5358.75000     3.4390e-16     5.4573e-18 
  5360.00000     3.5004e-16     5.5987e-18 
  5361.25000     3.7104e-16     7.8980e-18 
  5362.50000     3.3690e-16     6.8894e-18 
  5363.75000     3.6799e-16     6.3251e-18 
  5365.00000     3.4451e-16     5.8743e-18 
  5366.25000     3.4223e-16     4.9732e-18 
  5367.50000     3.4378e-16     5.8792e-18 
  5368.75000     3.5660e-16     7.1915e-18 
  5370.00000     3.5487e-16     6.0244e-18 
  5371.25000     3.6171e-16     6.1802e-18 
  5372.50000     3.5115e-16     1.0672e-17 
  5373.75000     3.4394e-16     7.8856e-18 
  5375.00000     3.5110e-16     6.9381e-18 
  5376.25000     3.3937e-16     6.6958e-18 
  5377.50000     3.6000e-16     6.6004e-18 
  5378.75000     3.6581e-16     6.3933e-18 
  5380.00000     3.6091e-16     5.7613e-18 
  5381.25000     3.5550e-16     5.5469e-18 
  5382.50000     3.4275e-16     5.7142e-18 
  5383.75000     3.6094e-16     6.2888e-18 
  5385.00000     3.5429e-16     6.5299e-18 
  5386.25000     3.5650e-16     6.3238e-18 
  5387.50000     3.5926e-16     6.2825e-18 
  5388.75000     3.5529e-16     6.1365e-18 
  5390.00000     3.6096e-16     8.2461e-18 
  5391.25000     3.4884e-16     8.9373e-18 
  5392.50000     3.4992e-16     7.9719e-18 
  5393.75000     3.6196e-16     8.0131e-18 
  5395.00000     3.4477e-16     6.2191e-18 
  5396.25000     3.4686e-16     5.7947e-18 
  5397.50000     3.4941e-16     9.3957e-18 
  5398.75000     3.4361e-16     9.4154e-18 
  5400.00000     3.5226e-16     8.7968e-18 
  5401.25000     3.4770e-16     9.1078e-18 
  5402.50000     3.3932e-16     1.0125e-17 
  5403.75000     3.5331e-16     7.5384e-18 
  5405.00000     3.5912e-16     5.9053e-18 
  5406.25000     3.6092e-16     7.5077e-18 
  5407.50000     3.5477e-16     7.9745e-18 
  5408.75000     3.4927e-16     1.1550e-17 
  5410.00000     3.4936e-16     8.9258e-18 
  5411.25000     3.3805e-16     7.3568e-18 
  5412.50000     3.4235e-16     8.4573e-18 
  5413.75000     3.5290e-16     7.2743e-18 
  5415.00000     3.4166e-16     7.1416e-18 
  5416.25000     3.6279e-16     7.2209e-18 
  5417.50000     3.5055e-16     7.8323e-18 
  5418.75000     3.4575e-16     9.1801e-18 
  5420.00000     3.5337e-16     8.2890e-18 
  5421.25000     3.3933e-16     7.1791e-18 
  5422.50000     3.2778e-16     6.1920e-18 
  5423.75000     3.6208e-16     6.1699e-18 
  5425.00000     3.5459e-16     5.8571e-18 
  5426.25000     3.5574e-16     7.2003e-18 
  5427.50000     3.6046e-16     8.7237e-18 
  5428.75000     3.6562e-16     7.9258e-18 
  5430.00000     3.4746e-16     7.2514e-18 
  5431.25000     3.5934e-16     8.4441e-18 
  5432.50000     3.6342e-16     7.5988e-18 
  5433.75000     3.5243e-16     1.0103e-17 
  5435.00000     3.5633e-16     1.0888e-17 
  5436.25000     3.5679e-16     7.4938e-18 
  5437.50000     3.5621e-16     7.7763e-18 
  5438.75000     3.4710e-16     7.7630e-18 
  5440.00000     3.6154e-16     8.2020e-18 
  5441.25000     3.5684e-16     6.1348e-18 
  5442.50000     3.5904e-16     6.1543e-18 
  5443.75000     3.5243e-16     7.6476e-18 
  5445.00000     3.4949e-16     7.7771e-18 
  5446.25000     3.4373e-16     8.3112e-18 
  5447.50000     3.4924e-16     8.1930e-18 
  5448.75000     3.5169e-16     5.9183e-18 
  5450.00000     3.5220e-16     6.3027e-18 
  5451.25000     3.5810e-16     7.7626e-18 
  5452.50000     3.5270e-16     6.5356e-18 
  5453.75000     3.5496e-16     6.6599e-18 
  5455.00000     3.4201e-16     7.6472e-18 
  5456.25000     3.5316e-16     7.9000e-18 
  5457.50000     3.5189e-16     7.9404e-18 
  5458.75000     3.4362e-16     7.1344e-18 
  5460.00000     3.6124e-16     6.9293e-18 
  5461.25000     3.5291e-16     7.4904e-18 
  5462.50000     3.5823e-16     6.2649e-18 
  5463.75000     3.4183e-16     5.6853e-18 
  5465.00000     3.4783e-16     5.8845e-18 
  5466.25000     3.6070e-16     6.6595e-18 
  5467.50000     3.5387e-16     6.3472e-18 
  5468.75000     3.4438e-16     8.4414e-18 
  5470.00000     3.5194e-16     9.7411e-18 
  5471.25000     3.5510e-16     8.8279e-18 
  5472.50000     3.4494e-16     8.1820e-18 
  5473.75000     3.5371e-16     6.4399e-18 
  5475.00000     3.5740e-16     6.4445e-18 
  5476.25000     3.4548e-16     7.8609e-18 
  5477.50000     3.4209e-16     9.5409e-18 
  5478.75000     3.6717e-16     1.1495e-17 
  5480.00000     3.4979e-16     1.0456e-17 
  5481.25000     3.4955e-16     8.6469e-18 
  5482.50000     3.4255e-16     6.4807e-18 
  5483.75000     3.6611e-16     5.4578e-18 
  5485.00000     3.4750e-16     5.7203e-18 
  5486.25000     3.4550e-16     7.7146e-18 
  5487.50000     3.4719e-16     6.8500e-18 
  5488.75000     3.6584e-16     6.7506e-18 
  5490.00000     3.5392e-16     8.8816e-18 
  5491.25000     3.6359e-16     7.6744e-18 
  5492.50000     3.6233e-16     6.0682e-18 
  5493.75000     3.5420e-16     6.6845e-18 
  5495.00000     3.4507e-16     7.1457e-18 
  5496.25000     3.3758e-16     7.9688e-18 
  5497.50000     3.7068e-16     8.7000e-18 
  5498.75000     3.5399e-16     6.4199e-18 
  5500.00000     3.4827e-16     6.2948e-18 
  5501.25000     3.4306e-16     6.7078e-18 
  5502.50000     3.7117e-16     7.5087e-18 
  5503.75000     3.5587e-16     6.7168e-18 
  5505.00000     3.4717e-16     7.4074e-18 
  5506.25000     3.5230e-16     5.4877e-18 
  5507.50000     3.5644e-16     5.0379e-18 
  5508.75000     3.6213e-16     5.5366e-18 
  5510.00000     3.4550e-16     6.8183e-18 
  5511.25000     3.6343e-16     8.0740e-18 
  5512.50000     3.2914e-16     6.4374e-18 
  5513.75000     3.5061e-16     7.1878e-18 
  5515.00000     3.3408e-16     7.7150e-18 
  5516.25000     3.4922e-16     8.0974e-18 
  5517.50000     3.4655e-16     6.6308e-18 
  5518.75000     3.5379e-16     6.5175e-18 
  5520.00000     3.5130e-16     7.5642e-18 
  5521.25000     3.5887e-16     6.6054e-18 
  5522.50000     3.4528e-16     5.7445e-18 
  5523.75000     3.5605e-16     6.1565e-18 
  5525.00000     3.4381e-16     6.3736e-18 
  5526.25000     3.4084e-16     6.1310e-18 
  5527.50000     3.4959e-16     5.3280e-18 
  5528.75000     3.6787e-16     5.6167e-18 
  5530.00000     3.5194e-16     5.9595e-18 
  5531.25000     3.6835e-16     6.5853e-18 
  5532.50000     3.6314e-16     5.9300e-18 
  5533.75000     3.5489e-16     6.0179e-18 
  5535.00000     3.5998e-16     7.2587e-18 
  5536.25000     3.4700e-16     6.4573e-18 
  5537.50000     3.6661e-16     7.9396e-18 
  5538.75000     3.6202e-16     8.6431e-18 
  5540.00000     3.3401e-16     6.8891e-18 
  5541.25000     3.4746e-16     6.8341e-18 
  5542.50000     3.4349e-16     5.8043e-18 
  5543.75000     3.6291e-16     5.7283e-18 
  5545.00000     3.5713e-16     6.2662e-18 
  5546.25000     3.4069e-16     7.9843e-18 
  5547.50000     3.6824e-16     7.9680e-18 
  5548.75000     3.5669e-16     6.3151e-18 
  5550.00000     3.5304e-16     6.1472e-18 
  5551.25000     3.6085e-16     6.7939e-18 
  5552.50000     3.6654e-16     6.4436e-18 
  5553.75000     3.4615e-16     6.5818e-18 
  5555.00000     3.3882e-16     6.9170e-18 
  5556.25000     3.4388e-16     5.5875e-18 
  5557.50000     3.5905e-16     6.1472e-18 
  5558.75000     3.5557e-16     8.4579e-18 
  5560.00000     3.7013e-16     7.1579e-18 
  5561.25000     3.6284e-16     6.5193e-18 
  5562.50000     3.5627e-16     7.2021e-18 
  5563.75000     3.4109e-16     6.7839e-18 
  5565.00000     3.6555e-16     7.2136e-18 
  5566.25000     3.3813e-16     7.1330e-18 
  5567.50000     3.6094e-16     7.8006e-18 
  5568.75000     3.4814e-16     6.9532e-18 
  5570.00000     3.5434e-16     7.5183e-18 
  5571.25000     3.5147e-16     7.0510e-18 
  5572.50000     3.6216e-16     8.0810e-18 
  5573.75000     3.5121e-16     8.0101e-18 
  5575.00000     3.5128e-16     6.9663e-18 
  5576.25000     3.4770e-16     7.0208e-18 
  5577.50000     3.6549e-16     9.4292e-18 
  5578.75000     3.4613e-16     1.2364e-17 
  5580.00000     3.4488e-16     9.9560e-18 
  5581.25000     3.5922e-16     6.8612e-18 
  5582.50000     3.5743e-16     5.1778e-18 
  5583.75000     3.6844e-16     6.2376e-18 
  5585.00000     3.4689e-16     1.0929e-17 
  5586.25000     3.5216e-16     1.4407e-17 
  5587.50000     3.5312e-16     1.0831e-17 
  5588.75000     3.5336e-16     1.0066e-17 
  5590.00000     3.6724e-16     1.3994e-17 
  5591.25000     3.4109e-16     8.4627e-18 
  5592.50000     3.5464e-16     1.3474e-17 
  5593.75000     3.5802e-16     2.4918e-17 
  5595.00000     3.4914e-16     9.8050e-18 
  5596.25000     3.6837e-16     8.5552e-18 
  5597.50000     3.7200e-16     9.1779e-18 
  5598.75000     3.4670e-16     7.2964e-18 
  5600.00000     3.6971e-16     7.4509e-18 
  5601.25000     3.7254e-16     7.8701e-18 
  5602.50000     3.4478e-16     7.1372e-18 
  5603.75000     3.7311e-16     6.9936e-18 
  5605.00000     3.6295e-16     7.6871e-18 
  5606.25000     3.5807e-16     8.7086e-18 
  5607.50000     3.6611e-16     6.5719e-18 
  5608.75000     3.4401e-16     4.9737e-18 
  5610.00000     3.5445e-16     6.3153e-18 
  5611.25000     3.4967e-16     6.7859e-18 
  5612.50000     3.3282e-16     6.9454e-18 
  5613.75000     3.6723e-16     7.6274e-18 
  5615.00000     3.6351e-16     6.7554e-18 
  5616.25000     3.6027e-16     5.9339e-18 
  5617.50000     3.4406e-16     4.9177e-18 
  5618.75000     3.5908e-16     6.2901e-18 
  5620.00000     3.5136e-16     6.6611e-18 
  5621.25000     3.6298e-16     5.9213e-18 
  5622.50000     3.5909e-16     6.6737e-18 
  5623.75000     3.5593e-16     8.9608e-18 
  5625.00000     3.4012e-16     7.1882e-18 
  5626.25000     3.5448e-16     5.2029e-18 
  5627.50000     3.4580e-16     6.6309e-18 
  5628.75000     3.5475e-16     8.2093e-18 
  5630.00000     3.6530e-16     5.5112e-18 
  5631.25000     3.5166e-16     4.7185e-18 
  5632.50000     3.6483e-16     6.3936e-18 
  5633.75000     3.5466e-16     6.5058e-18 
  5635.00000     3.5787e-16     5.0724e-18 
  5636.25000     3.5440e-16     6.5245e-18 
  5637.50000     3.6892e-16     6.3986e-18 
  5638.75000     3.4793e-16     5.9806e-18 
  5640.00000     3.4090e-16     6.8994e-18 
  5641.25000     3.5027e-16     6.0201e-18 
  5642.50000     3.5618e-16     4.9305e-18 
  5643.75000     3.5617e-16     4.9607e-18 
  5645.00000     3.6033e-16     6.2020e-18 
  5646.25000     3.6491e-16     6.4688e-18 
  5647.50000     3.4929e-16     6.1385e-18 
  5648.75000     3.4928e-16     5.3317e-18 
  5650.00000     3.6380e-16     5.2395e-18 
  5651.25000     3.6169e-16     6.0726e-18 
  5652.50000     3.5279e-16     6.7708e-18 
  5653.75000     3.6555e-16     7.4355e-18 
  5655.00000     3.5202e-16     6.1601e-18 
  5656.25000     3.4328e-16     5.9148e-18 
  5657.50000     3.4726e-16     6.3131e-18 
  5658.75000     3.6043e-16     6.3939e-18 
  5660.00000     3.4671e-16     6.1345e-18 
  5661.25000     3.3050e-16     5.2347e-18 
  5662.50000     3.4406e-16     9.1251e-18 
  5663.75000     3.5306e-16     1.1065e-17 
  5665.00000     3.6642e-16     6.6984e-18 
  5666.25000     3.5760e-16     5.6358e-18 
  5667.50000     3.5113e-16     5.9369e-18 
  5668.75000     3.4151e-16     5.4700e-18 
  5670.00000     3.5089e-16     5.4645e-18 
  5671.25000     3.4886e-16     5.0063e-18 
  5672.50000     3.5741e-16     5.5463e-18 
  5673.75000     3.6452e-16     7.0875e-18 
  5675.00000     3.4829e-16     6.3980e-18 
  5676.25000     3.4381e-16     6.0220e-18 
  5677.50000     3.5011e-16     7.0716e-18 
  5678.75000     3.6489e-16     6.4683e-18 
  5680.00000     3.5303e-16     5.3742e-18 
  5681.25000     3.5647e-16     5.6462e-18 
  5682.50000     3.4539e-16     6.9463e-18 
  5683.75000     3.6307e-16     8.0724e-18 
  5685.00000     3.6970e-16     5.4772e-18 
  5686.25000     3.6232e-16     5.0144e-18 
  5687.50000     3.7100e-16     5.4877e-18 
  5688.75000     3.5987e-16     5.0998e-18 
  5690.00000     3.7718e-16     5.7291e-18 
  5691.25000     3.4959e-16     6.3850e-18 
  5692.50000     3.4469e-16     6.4831e-18 
  5693.75000     3.5271e-16     5.9133e-18 
  5695.00000     3.4931e-16     5.5184e-18 
  5696.25000     3.3709e-16     5.8680e-18 
  5697.50000     3.5523e-16     5.9201e-18 
  5698.75000     3.5970e-16     4.7260e-18 
  5700.00000     3.6772e-16     5.1903e-18 
  5701.25000     3.6795e-16     5.4924e-18 
  5702.50000     3.6426e-16     5.3331e-18 
  5703.75000     3.4992e-16     5.6657e-18 
  5705.00000     3.5789e-16     5.7070e-18 
  5706.25000     3.4900e-16     5.2827e-18 
  5707.50000     3.5537e-16     5.4640e-18 
  5708.75000     3.4071e-16     5.7112e-18 
  5710.00000     3.5383e-16     6.1041e-18 
  5711.25000     3.5235e-16     5.4379e-18 
  5712.50000     3.5505e-16     5.5035e-18 
  5713.75000     3.5775e-16     5.4903e-18 
  5715.00000     3.4914e-16     5.2311e-18 
  5716.25000     3.4708e-16     5.4525e-18 
  5717.50000     3.6179e-16     6.2551e-18 
  5718.75000     3.5286e-16     6.5461e-18 
  5720.00000     3.4812e-16     5.7504e-18 
  5721.25000     3.4888e-16     5.5426e-18 
  5722.50000     3.5408e-16     6.2836e-18 
  5723.75000     3.5458e-16     7.1422e-18 
  5725.00000     3.6492e-16     8.3168e-18 
  5726.25000     3.4320e-16     7.6844e-18 
  5727.50000     3.4264e-16     6.4112e-18 
  5728.75000     3.6902e-16     5.8272e-18 
  5730.00000     3.5765e-16     5.1661e-18 
  5731.25000     3.5914e-16     5.3200e-18 
  5732.50000     3.5551e-16     4.9726e-18 
  5733.75000     3.6740e-16     5.8746e-18 
  5735.00000     3.4400e-16     6.5241e-18 
  5736.25000     3.6181e-16     5.6945e-18 
  5737.50000     3.6615e-16     4.7205e-18 
  5738.75000     3.4074e-16     4.3626e-18 
  5740.00000     3.6097e-16     5.3702e-18 
  5741.25000     3.5194e-16     4.9412e-18 
  5742.50000     3.5343e-16     4.3906e-18 
  5743.75000     3.4766e-16     4.9177e-18 
  5745.00000     3.6064e-16     5.7250e-18 
  5746.25000     3.7742e-16     5.1228e-18 
  5747.50000     3.6314e-16     4.4817e-18 
  5748.75000     3.5023e-16     4.8832e-18 
  5750.00000     3.5002e-16     5.4068e-18 
  5751.25000     3.5028e-16     5.7064e-18 
  5752.50000     3.6602e-16     5.7510e-18 
  5753.75000     3.6289e-16     4.8894e-18 
  5755.00000     3.5925e-16     4.9094e-18 
  5756.25000     3.5374e-16     7.0604e-18 
  5757.50000     3.7046e-16     8.1760e-18 
  5758.75000     3.4575e-16     7.0222e-18 
  5760.00000     3.6359e-16     6.4898e-18 
  5761.25000     3.4803e-16     5.3912e-18 
  5762.50000     3.5957e-16     5.8276e-18 
  5763.75000     3.5679e-16     5.1324e-18 
  5765.00000     3.6014e-16     4.8575e-18 
  5766.25000     3.5131e-16     5.2216e-18 
  5767.50000     3.6169e-16     4.7105e-18 
  5768.75000     3.5981e-16     4.0954e-18 
  5770.00000     3.4538e-16     4.1783e-18 
  5771.25000     3.6047e-16     4.6876e-18 
  5772.50000     3.3909e-16     4.1947e-18 
  5773.75000     3.5208e-16     3.7624e-18 
  5775.00000     3.5478e-16     4.1069e-18 
  5776.25000     3.6380e-16     4.6258e-18 
  5777.50000     3.5956e-16     4.7532e-18 
  5778.75000     3.5836e-16     4.8612e-18 
  5780.00000     3.4734e-16     4.3373e-18 
  5781.25000     3.5126e-16     4.6817e-18 
  5782.50000     3.6748e-16     4.8441e-18 
  5783.75000     3.4315e-16     3.8642e-18 
  5785.00000     3.5511e-16     4.2898e-18 
  5786.25000     3.6911e-16     5.4304e-18 
  5787.50000     3.6393e-16     5.4139e-18 
  5788.75000     3.5572e-16     5.1752e-18 
  5790.00000     3.6850e-16     5.3608e-18 
  5791.25000     3.4084e-16     4.5324e-18 
  5792.50000     3.7085e-16     5.2254e-18 
  5793.75000     3.6433e-16     4.8889e-18 
  5795.00000     3.5658e-16     4.9199e-18 
  5796.25000     3.5503e-16     5.3056e-18 
  5797.50000     3.5341e-16     4.6713e-18 
  5798.75000     3.5617e-16     4.3755e-18 
  5800.00000     3.5682e-16     4.3703e-18 
