  4300.00000     3.4442e-16 
  4301.25000     3.4443e-16 
  4302.50000     3.4444e-16 
  4303.75000     3.4445e-16 
  4305.00000     3.4446e-16 
  4306.25000     3.4447e-16 
  4307.50000     3.4448e-16 
  4308.75000     3.4449e-16 
  4310.00000     3.4450e-16 
  4311.25000     3.4451e-16 
  4312.50000     3.4452e-16 
  4313.75000     3.4453e-16 
  4315.00000     3.4454e-16 
  4316.25000     3.4455e-16 
  4317.50000     3.4456e-16 
  4318.75000     3.4457e-16 
  4320.00000     3.4458e-16 
  4321.25000     3.4459e-16 
  4322.50000     3.4460e-16 
  4323.75000     3.4461e-16 
  4325.00000     3.4462e-16 
  4326.25000     3.4463e-16 
  4327.50000     3.4464e-16 
  4328.75000     3.4465e-16 
  4330.00000     3.4466e-16 
  4331.25000     3.4467e-16 
  4332.50000     3.4468e-16 
  4333.75000     3.4469e-16 
  4335.00000     3.4470e-16 
  4336.25000     3.4471e-16 
  4337.50000     3.4472e-16 
  4338.75000     3.4473e-16 
  4340.00000     3.4474e-16 
  4341.25000     3.4475e-16 
  4342.50000     3.4476e-16 
  4343.75000     3.4477e-16 
  4345.00000     3.4478e-16 
  4346.25000     3.4479e-16 
  4347.50000     3.4480e-16 
  4348.75000     3.4481e-16 
  4350.00000     3.4482e-16 
  4351.25000     3.4483e-16 
  4352.50000     3.4484e-16 
  4353.75000     3.4485e-16 
  4355.00000     3.4486e-16 
  4356.25000     3.4487e-16 
  4357.50000     3.4488e-16 
  4358.75000     3.4489e-16 
  4360.00000     3.4490e-16 
  4361.25000     3.4491e-16 
  4362.50000     3.4492e-16 
  4363.75000     3.4493e-16 
  4365.00000     3.4494e-16 
  4366.25000     3.4494e-16 
  4367.50000     3.4495e-16 
  4368.75000     3.4496e-16 
  4370.00000     3.4497e-16 
  4371.25000     3.4498e-16 
  4372.50000     3.4499e-16 
  4373.75000     3.4500e-16 
  4375.00000     3.4501e-16 
  4376.25000     3.4502e-16 
  4377.50000     3.4503e-16 
  4378.75000     3.4504e-16 
  4380.00000     3.4505e-16 
  4381.25000     3.4506e-16 
  4382.50000     3.4507e-16 
  4383.75000     3.4508e-16 
  4385.00000     3.4509e-16 
  4386.25000     3.4510e-16 
  4387.50000     3.4511e-16 
  4388.75000     3.4512e-16 
  4390.00000     3.4513e-16 
  4391.25000     3.4514e-16 
  4392.50000     3.4515e-16 
  4393.75000     3.4516e-16 
  4395.00000     3.4517e-16 
  4396.25000     3.4518e-16 
  4397.50000     3.4519e-16 
  4398.75000     3.4520e-16 
  4400.00000     3.4521e-16 
  4401.25000     3.4522e-16 
  4402.50000     3.4523e-16 
  4403.75000     3.4524e-16 
  4405.00000     3.4525e-16 
  4406.25000     3.4526e-16 
  4407.50000     3.4527e-16 
  4408.75000     3.4528e-16 
  4410.00000     3.4529e-16 
  4411.25000     3.4530e-16 
  4412.50000     3.4531e-16 
  4413.75000     3.4532e-16 
  4415.00000     3.4533e-16 
  4416.25000     3.4534e-16 
  4417.50000     3.4535e-16 
  4418.75000     3.4536e-16 
  4420.00000     3.4537e-16 
  4421.25000     3.4538e-16 
  4422.50000     3.4539e-16 
  4423.75000     3.4540e-16 
  4425.00000     3.4541e-16 
  4426.25000     3.4542e-16 
  4427.50000     3.4543e-16 
  4428.75000     3.4544e-16 
  4430.00000     3.4545e-16 
  4431.25000     3.4546e-16 
  4432.50000     3.4546e-16 
  4433.75000     3.4547e-16 
  4435.00000     3.4548e-16 
  4436.25000     3.4549e-16 
  4437.50000     3.4550e-16 
  4438.75000     3.4551e-16 
  4440.00000     3.4552e-16 
  4441.25000     3.4553e-16 
  4442.50000     3.4554e-16 
  4443.75000     3.4555e-16 
  4445.00000     3.4556e-16 
  4446.25000     3.4557e-16 
  4447.50000     3.4558e-16 
  4448.75000     3.4559e-16 
  4450.00000     3.4560e-16 
  4451.25000     3.4561e-16 
  4452.50000     3.4562e-16 
  4453.75000     3.4563e-16 
  4455.00000     3.4564e-16 
  4456.25000     3.4565e-16 
  4457.50000     3.4566e-16 
  4458.75000     3.4567e-16 
  4460.00000     3.4568e-16 
  4461.25000     3.4569e-16 
  4462.50000     3.4570e-16 
  4463.75000     3.4571e-16 
  4465.00000     3.4572e-16 
  4466.25000     3.4573e-16 
  4467.50000     3.4574e-16 
  4468.75000     3.4575e-16 
  4470.00000     3.4576e-16 
  4471.25000     3.4577e-16 
  4472.50000     3.4578e-16 
  4473.75000     3.4578e-16 
  4475.00000     3.4579e-16 
  4476.25000     3.4580e-16 
  4477.50000     3.4581e-16 
  4478.75000     3.4582e-16 
  4480.00000     3.4583e-16 
  4481.25000     3.4584e-16 
  4482.50000     3.4585e-16 
  4483.75000     3.4586e-16 
  4485.00000     3.4587e-16 
  4486.25000     3.4588e-16 
  4487.50000     3.4589e-16 
  4488.75000     3.4590e-16 
  4490.00000     3.4591e-16 
  4491.25000     3.4592e-16 
  4492.50000     3.4593e-16 
  4493.75000     3.4594e-16 
  4495.00000     3.4595e-16 
  4496.25000     3.4596e-16 
  4497.50000     3.4597e-16 
  4498.75000     3.4598e-16 
  4500.00000     3.4599e-16 
  4501.25000     3.4600e-16 
  4502.50000     3.4601e-16 
  4503.75000     3.4602e-16 
  4505.00000     3.4603e-16 
  4506.25000     3.4604e-16 
  4507.50000     3.4604e-16 
  4508.75000     3.4605e-16 
  4510.00000     3.4606e-16 
  4511.25000     3.4607e-16 
  4512.50000     3.4608e-16 
  4513.75000     3.4609e-16 
  4515.00000     3.4610e-16 
  4516.25000     3.4611e-16 
  4517.50000     3.4612e-16 
  4518.75000     3.4613e-16 
  4520.00000     3.4614e-16 
  4521.25000     3.4615e-16 
  4522.50000     3.4616e-16 
  4523.75000     3.4617e-16 
  4525.00000     3.4618e-16 
  4526.25000     3.4619e-16 
  4527.50000     3.4620e-16 
  4528.75000     3.4621e-16 
  4530.00000     3.4622e-16 
  4531.25000     3.4623e-16 
  4532.50000     3.4624e-16 
  4533.75000     3.4625e-16 
  4535.00000     3.4626e-16 
  4536.25000     3.4627e-16 
  4537.50000     3.4627e-16 
  4538.75000     3.4628e-16 
  4540.00000     3.4629e-16 
  4541.25000     3.4630e-16 
  4542.50000     3.4631e-16 
  4543.75000     3.4632e-16 
  4545.00000     3.4633e-16 
  4546.25000     3.4634e-16 
  4547.50000     3.4635e-16 
  4548.75000     3.4636e-16 
  4550.00000     3.4637e-16 
  4551.25000     3.4638e-16 
  4552.50000     3.4639e-16 
  4553.75000     3.4640e-16 
  4555.00000     3.4641e-16 
  4556.25000     3.4642e-16 
  4557.50000     3.4643e-16 
  4558.75000     3.4644e-16 
  4560.00000     3.4645e-16 
  4561.25000     3.4646e-16 
  4562.50000     3.4646e-16 
  4563.75000     3.4647e-16 
  4565.00000     3.4648e-16 
  4566.25000     3.4649e-16 
  4567.50000     3.4650e-16 
  4568.75000     3.4651e-16 
  4570.00000     3.4652e-16 
  4571.25000     3.4653e-16 
  4572.50000     3.4654e-16 
  4573.75000     3.4655e-16 
  4575.00000     3.4656e-16 
  4576.25000     3.4657e-16 
  4577.50000     3.4658e-16 
  4578.75000     3.4659e-16 
  4580.00000     3.4660e-16 
  4581.25000     3.4661e-16 
  4582.50000     3.4662e-16 
  4583.75000     3.4663e-16 
  4585.00000     3.4664e-16 
  4586.25000     3.4664e-16 
  4587.50000     3.4665e-16 
  4588.75000     3.4666e-16 
  4590.00000     3.4667e-16 
  4591.25000     3.4668e-16 
  4592.50000     3.4669e-16 
  4593.75000     3.4670e-16 
  4595.00000     3.4671e-16 
  4596.25000     3.4672e-16 
  4597.50000     3.4673e-16 
  4598.75000     3.4674e-16 
  4600.00000     3.4675e-16 
  4601.25000     3.4676e-16 
  4602.50000     3.4677e-16 
  4603.75000     3.4678e-16 
  4605.00000     3.4679e-16 
  4606.25000     3.4680e-16 
  4607.50000     3.4681e-16 
  4608.75000     3.4681e-16 
  4610.00000     3.4682e-16 
  4611.25000     3.4683e-16 
  4612.50000     3.4684e-16 
  4613.75000     3.4685e-16 
  4615.00000     3.4686e-16 
  4616.25000     3.4687e-16 
  4617.50000     3.4688e-16 
  4618.75000     3.4689e-16 
  4620.00000     3.4690e-16 
  4621.25000     3.4691e-16 
  4622.50000     3.4692e-16 
  4623.75000     3.4693e-16 
  4625.00000     3.4694e-16 
  4626.25000     3.4695e-16 
  4627.50000     3.4696e-16 
  4628.75000     3.4696e-16 
  4630.00000     3.4697e-16 
  4631.25000     3.4698e-16 
  4632.50000     3.4699e-16 
  4633.75000     3.4700e-16 
  4635.00000     3.4701e-16 
  4636.25000     3.4702e-16 
  4637.50000     3.4703e-16 
  4638.75000     3.4704e-16 
  4640.00000     3.4705e-16 
  4641.25000     3.4706e-16 
  4642.50000     3.4707e-16 
  4643.75000     3.4708e-16 
  4645.00000     3.4709e-16 
  4646.25000     3.4710e-16 
  4647.50000     3.4710e-16 
  4648.75000     3.4711e-16 
  4650.00000     3.4712e-16 
  4651.25000     3.4713e-16 
  4652.50000     3.4714e-16 
  4653.75000     3.4715e-16 
  4655.00000     3.4716e-16 
  4656.25000     3.4717e-16 
  4657.50000     3.4718e-16 
  4658.75000     3.4719e-16 
  4660.00000     3.4720e-16 
  4661.25000     3.4721e-16 
  4662.50000     3.4722e-16 
  4663.75000     3.4723e-16 
  4665.00000     3.4724e-16 
  4666.25000     3.4724e-16 
  4667.50000     3.4725e-16 
  4668.75000     3.4726e-16 
  4670.00000     3.4727e-16 
  4671.25000     3.4728e-16 
  4672.50000     3.4729e-16 
  4673.75000     3.4730e-16 
  4675.00000     3.4731e-16 
  4676.25000     3.4732e-16 
  4677.50000     3.4733e-16 
  4678.75000     3.4734e-16 
  4680.00000     3.4735e-16 
  4681.25000     3.4736e-16 
  4682.50000     3.4737e-16 
  4683.75000     3.4737e-16 
  4685.00000     3.4738e-16 
  4686.25000     3.4739e-16 
  4687.50000     3.4740e-16 
  4688.75000     3.4741e-16 
  4690.00000     3.4742e-16 
  4691.25000     3.4743e-16 
  4692.50000     3.4744e-16 
  4693.75000     3.4745e-16 
  4695.00000     3.4746e-16 
  4696.25000     3.4747e-16 
  4697.50000     3.4748e-16 
  4698.75000     3.4749e-16 
  4700.00000     3.4750e-16 
  4701.25000     3.4750e-16 
  4702.50000     3.4751e-16 
  4703.75000     3.4752e-16 
  4705.00000     3.4753e-16 
  4706.25000     3.4754e-16 
  4707.50000     3.4755e-16 
  4708.75000     3.4756e-16 
  4710.00000     3.4757e-16 
  4711.25000     3.4758e-16 
  4712.50000     3.4759e-16 
  4713.75000     3.4760e-16 
  4715.00000     3.4761e-16 
  4716.25000     3.4762e-16 
  4717.50000     3.4762e-16 
  4718.75000     3.4763e-16 
  4720.00000     3.4764e-16 
  4721.25000     3.4765e-16 
  4722.50000     3.4766e-16 
  4723.75000     3.4767e-16 
  4725.00000     3.4768e-16 
  4726.25000     3.4769e-16 
  4727.50000     3.4770e-16 
  4728.75000     3.4771e-16 
  4730.00000     3.4772e-16 
  4731.25000     3.4773e-16 
  4732.50000     3.4773e-16 
  4733.75000     3.4774e-16 
  4735.00000     3.4775e-16 
  4736.25000     3.4776e-16 
  4737.50000     3.4777e-16 
  4738.75000     3.4778e-16 
  4740.00000     3.4779e-16 
  4741.25000     3.4780e-16 
  4742.50000     3.4781e-16 
  4743.75000     3.4782e-16 
  4745.00000     3.4783e-16 
  4746.25000     3.4784e-16 
  4747.50000     3.4784e-16 
  4748.75000     3.4785e-16 
  4750.00000     3.4786e-16 
  4751.25000     3.4787e-16 
  4752.50000     3.4788e-16 
  4753.75000     3.4789e-16 
  4755.00000     3.4790e-16 
  4756.25000     3.4791e-16 
  4757.50000     3.4792e-16 
  4758.75000     3.4793e-16 
  4760.00000     3.4794e-16 
  4761.25000     3.4795e-16 
  4762.50000     3.4795e-16 
  4763.75000     3.4796e-16 
  4765.00000     3.4797e-16 
  4766.25000     3.4798e-16 
  4767.50000     3.4799e-16 
  4768.75000     3.4800e-16 
  4770.00000     3.4801e-16 
  4771.25000     3.4802e-16 
  4772.50000     3.4803e-16 
  4773.75000     3.4804e-16 
  4775.00000     3.4805e-16 
  4776.25000     3.4805e-16 
  4777.50000     3.4806e-16 
  4778.75000     3.4807e-16 
  4780.00000     3.4808e-16 
  4781.25000     3.4809e-16 
  4782.50000     3.4810e-16 
  4783.75000     3.4811e-16 
  4785.00000     3.4812e-16 
  4786.25000     3.4813e-16 
  4787.50000     3.4814e-16 
  4788.75000     3.4815e-16 
  4790.00000     3.4815e-16 
  4791.25000     3.4816e-16 
  4792.50000     3.4817e-16 
  4793.75000     3.4818e-16 
  4795.00000     3.4819e-16 
  4796.25000     3.4820e-16 
  4797.50000     3.4821e-16 
  4798.75000     3.4822e-16 
  4800.00000     3.4823e-16 
  4801.25000     3.4824e-16 
  4802.50000     3.4825e-16 
  4803.75000     3.4825e-16 
  4805.00000     3.4826e-16 
  4806.25000     3.4827e-16 
  4807.50000     3.4828e-16 
  4808.75000     3.4829e-16 
  4810.00000     3.4830e-16 
  4811.25000     3.4831e-16 
  4812.50000     3.4832e-16 
  4813.75000     3.4833e-16 
  4815.00000     3.4834e-16 
  4816.25000     3.4835e-16 
  4817.50000     3.4835e-16 
  4818.75000     3.4836e-16 
  4820.00000     3.4837e-16 
  4821.25000     3.4838e-16 
  4822.50000     3.4839e-16 
  4823.75000     3.4840e-16 
  4825.00000     3.4841e-16 
  4826.25000     3.4842e-16 
  4827.50000     3.4843e-16 
  4828.75000     3.4844e-16 
  4830.00000     3.4844e-16 
  4831.25000     3.4845e-16 
  4832.50000     3.4846e-16 
  4833.75000     3.4847e-16 
  4835.00000     3.4848e-16 
  4836.25000     3.4849e-16 
  4837.50000     3.4850e-16 
  4838.75000     3.4851e-16 
  4840.00000     3.4852e-16 
  4841.25000     3.4853e-16 
  4842.50000     3.4853e-16 
  4843.75000     3.4854e-16 
  4845.00000     3.4855e-16 
  4846.25000     3.4856e-16 
  4847.50000     3.4857e-16 
  4848.75000     3.4858e-16 
  4850.00000     3.4859e-16 
  4851.25000     3.4860e-16 
  4852.50000     3.4861e-16 
  4853.75000     3.4862e-16 
  4855.00000     3.4862e-16 
  4856.25000     3.4863e-16 
  4857.50000     3.4864e-16 
  4858.75000     3.4865e-16 
  4860.00000     3.4866e-16 
  4861.25000     3.4867e-16 
  4862.50000     3.4868e-16 
  4863.75000     3.4869e-16 
  4865.00000     3.4870e-16 
  4866.25000     3.4871e-16 
  4867.50000     3.4871e-16 
  4868.75000     3.4872e-16 
  4870.00000     3.4873e-16 
  4871.25000     3.4874e-16 
  4872.50000     3.4875e-16 
  4873.75000     3.4876e-16 
  4875.00000     3.4877e-16 
  4876.25000     3.4878e-16 
  4877.50000     3.4879e-16 
  4878.75000     3.4879e-16 
  4880.00000     3.4880e-16 
  4881.25000     3.4881e-16 
  4882.50000     3.4882e-16 
  4883.75000     3.4883e-16 
  4885.00000     3.4884e-16 
  4886.25000     3.4885e-16 
  4887.50000     3.4886e-16 
  4888.75000     3.4887e-16 
  4890.00000     3.4887e-16 
  4891.25000     3.4888e-16 
  4892.50000     3.4889e-16 
  4893.75000     3.4890e-16 
  4895.00000     3.4891e-16 
  4896.25000     3.4892e-16 
  4897.50000     3.4893e-16 
  4898.75000     3.4894e-16 
  4900.00000     3.4895e-16 
  4901.25000     3.4896e-16 
  4902.50000     3.4896e-16 
  4903.75000     3.4897e-16 
  4905.00000     3.4898e-16 
  4906.25000     3.4899e-16 
  4907.50000     3.4900e-16 
  4908.75000     3.4901e-16 
  4910.00000     3.4902e-16 
  4911.25000     3.4903e-16 
  4912.50000     3.4904e-16 
  4913.75000     3.4904e-16 
  4915.00000     3.4905e-16 
  4916.25000     3.4906e-16 
  4917.50000     3.4907e-16 
  4918.75000     3.4908e-16 
  4920.00000     3.4909e-16 
  4921.25000     3.4910e-16 
  4922.50000     3.4911e-16 
  4923.75000     3.4911e-16 
  4925.00000     3.4912e-16 
  4926.25000     3.4913e-16 
  4927.50000     3.4914e-16 
  4928.75000     3.4915e-16 
  4930.00000     3.4916e-16 
  4931.25000     3.4917e-16 
  4932.50000     3.4918e-16 
  4933.75000     3.4919e-16 
  4935.00000     3.4919e-16 
  4936.25000     3.4920e-16 
  4937.50000     3.4921e-16 
  4938.75000     3.4922e-16 
  4940.00000     3.4923e-16 
  4941.25000     3.4924e-16 
  4942.50000     3.4925e-16 
  4943.75000     3.4926e-16 
  4945.00000     3.4927e-16 
  4946.25000     3.4927e-16 
  4947.50000     3.4928e-16 
  4948.75000     3.4929e-16 
  4950.00000     3.4930e-16 
  4951.25000     3.4931e-16 
  4952.50000     3.4932e-16 
  4953.75000     3.4933e-16 
  4955.00000     3.4934e-16 
  4956.25000     3.4934e-16 
  4957.50000     3.4935e-16 
  4958.75000     3.4936e-16 
  4960.00000     3.4937e-16 
  4961.25000     3.4938e-16 
  4962.50000     3.4939e-16 
  4963.75000     3.4940e-16 
  4965.00000     3.4941e-16 
  4966.25000     3.4942e-16 
  4967.50000     3.4942e-16 
  4968.75000     3.4943e-16 
  4970.00000     3.4944e-16 
  4971.25000     3.4945e-16 
  4972.50000     3.4946e-16 
  4973.75000     3.4947e-16 
  4975.00000     3.4948e-16 
  4976.25000     3.4949e-16 
  4977.50000     3.4949e-16 
  4978.75000     3.4950e-16 
  4980.00000     3.4951e-16 
  4981.25000     3.4952e-16 
  4982.50000     3.4953e-16 
  4983.75000     3.4954e-16 
  4985.00000     3.4955e-16 
  4986.25000     3.4956e-16 
  4987.50000     3.4956e-16 
  4988.75000     3.4957e-16 
  4990.00000     3.4958e-16 
  4991.25000     3.4959e-16 
  4992.50000     3.4960e-16 
  4993.75000     3.4961e-16 
  4995.00000     3.4962e-16 
  4996.25000     3.4963e-16 
  4997.50000     3.4963e-16 
  4998.75000     3.4964e-16 
  5000.00000     3.4965e-16 
  5001.25000     3.4966e-16 
  5002.50000     3.4967e-16 
  5003.75000     3.4968e-16 
  5005.00000     3.4969e-16 
  5006.25000     3.4970e-16 
  5007.50000     3.4970e-16 
  5008.75000     3.4971e-16 
  5010.00000     3.4972e-16 
  5011.25000     3.4973e-16 
  5012.50000     3.4974e-16 
  5013.75000     3.4975e-16 
  5015.00000     3.4976e-16 
  5016.25000     3.4977e-16 
  5017.50000     3.4977e-16 
  5018.75000     3.4978e-16 
  5020.00000     3.4979e-16 
  5021.25000     3.4980e-16 
  5022.50000     3.4981e-16 
  5023.75000     3.4982e-16 
  5025.00000     3.4983e-16 
  5026.25000     3.4984e-16 
  5027.50000     3.4984e-16 
  5028.75000     3.4985e-16 
  5030.00000     3.4986e-16 
  5031.25000     3.4987e-16 
  5032.50000     3.4988e-16 
  5033.75000     3.4989e-16 
  5035.00000     3.4990e-16 
  5036.25000     3.4990e-16 
  5037.50000     3.4991e-16 
  5038.75000     3.4992e-16 
  5040.00000     3.4993e-16 
  5041.25000     3.4994e-16 
  5042.50000     3.4995e-16 
  5043.75000     3.4996e-16 
  5045.00000     3.4997e-16 
  5046.25000     3.4997e-16 
  5047.50000     3.4998e-16 
  5048.75000     3.4999e-16 
  5050.00000     3.5000e-16 
  5051.25000     3.5001e-16 
  5052.50000     3.5002e-16 
  5053.75000     3.5003e-16 
  5055.00000     3.5003e-16 
  5056.25000     3.5004e-16 
  5057.50000     3.5005e-16 
  5058.75000     3.5006e-16 
  5060.00000     3.5007e-16 
  5061.25000     3.5008e-16 
  5062.50000     3.5009e-16 
  5063.75000     3.5010e-16 
  5065.00000     3.5010e-16 
  5066.25000     3.5011e-16 
  5067.50000     3.5012e-16 
  5068.75000     3.5013e-16 
  5070.00000     3.5014e-16 
  5071.25000     3.5015e-16 
  5072.50000     3.5016e-16 
  5073.75000     3.5016e-16 
  5075.00000     3.5017e-16 
  5076.25000     3.5018e-16 
  5077.50000     3.5019e-16 
  5078.75000     3.5020e-16 
  5080.00000     3.5021e-16 
  5081.25000     3.5022e-16 
  5082.50000     3.5022e-16 
  5083.75000     3.5023e-16 
  5085.00000     3.5024e-16 
  5086.25000     3.5025e-16 
  5087.50000     3.5026e-16 
  5088.75000     3.5027e-16 
  5090.00000     3.5028e-16 
  5091.25000     3.5028e-16 
  5092.50000     3.5029e-16 
  5093.75000     3.5030e-16 
  5095.00000     3.5031e-16 
  5096.25000     3.5032e-16 
  5097.50000     3.5033e-16 
  5098.75000     3.5034e-16 
  5100.00000     3.5035e-16 
  5101.25000     3.5035e-16 
  5102.50000     3.5036e-16 
  5103.75000     3.5037e-16 
  5105.00000     3.5038e-16 
  5106.25000     3.5039e-16 
  5107.50000     3.5040e-16 
  5108.75000     3.5041e-16 
  5110.00000     3.5041e-16 
  5111.25000     3.5042e-16 
  5112.50000     3.5043e-16 
  5113.75000     3.5044e-16 
  5115.00000     3.5045e-16 
  5116.25000     3.5046e-16 
  5117.50000     3.5047e-16 
  5118.75000     3.5047e-16 
  5120.00000     3.5048e-16 
  5121.25000     3.5049e-16 
  5122.50000     3.5050e-16 
  5123.75000     3.5051e-16 
  5125.00000     3.5052e-16 
  5126.25000     3.5052e-16 
  5127.50000     3.5053e-16 
  5128.75000     3.5054e-16 
  5130.00000     3.5055e-16 
  5131.25000     3.5056e-16 
  5132.50000     3.5057e-16 
  5133.75000     3.5058e-16 
  5135.00000     3.5058e-16 
  5136.25000     3.5059e-16 
  5137.50000     3.5060e-16 
  5138.75000     3.5061e-16 
  5140.00000     3.5062e-16 
  5141.25000     3.5063e-16 
  5142.50000     3.5064e-16 
  5143.75000     3.5064e-16 
  5145.00000     3.5065e-16 
  5146.25000     3.5066e-16 
  5147.50000     3.5067e-16 
  5148.75000     3.5068e-16 
  5150.00000     3.5069e-16 
  5151.25000     3.5070e-16 
  5152.50000     3.5070e-16 
  5153.75000     3.5071e-16 
  5155.00000     3.5072e-16 
  5156.25000     3.5073e-16 
  5157.50000     3.5074e-16 
  5158.75000     3.5075e-16 
  5160.00000     3.5076e-16 
  5161.25000     3.5076e-16 
  5162.50000     3.5077e-16 
  5163.75000     3.5078e-16 
  5165.00000     3.5079e-16 
  5166.25000     3.5080e-16 
  5167.50000     3.5081e-16 
  5168.75000     3.5081e-16 
  5170.00000     3.5082e-16 
  5171.25000     3.5083e-16 
  5172.50000     3.5084e-16 
  5173.75000     3.5085e-16 
  5175.00000     3.5086e-16 
  5176.25000     3.5087e-16 
  5177.50000     3.5087e-16 
  5178.75000     3.5088e-16 
  5180.00000     3.5089e-16 
  5181.25000     3.5090e-16 
  5182.50000     3.5091e-16 
  5183.75000     3.5092e-16 
  5185.00000     3.5092e-16 
  5186.25000     3.5093e-16 
  5187.50000     3.5094e-16 
  5188.75000     3.5095e-16 
  5190.00000     3.5096e-16 
  5191.25000     3.5097e-16 
  5192.50000     3.5098e-16 
  5193.75000     3.5098e-16 
  5195.00000     3.5099e-16 
  5196.25000     3.5100e-16 
  5197.50000     3.5101e-16 
  5198.75000     3.5102e-16 
  5200.00000     3.5103e-16 
  5201.25000     3.5103e-16 
  5202.50000     3.5104e-16 
  5203.75000     3.5105e-16 
  5205.00000     3.5106e-16 
  5206.25000     3.5107e-16 
  5207.50000     3.5108e-16 
  5208.75000     3.5108e-16 
  5210.00000     3.5109e-16 
  5211.25000     3.5110e-16 
  5212.50000     3.5111e-16 
  5213.75000     3.5112e-16 
  5215.00000     3.5113e-16 
  5216.25000     3.5114e-16 
  5217.50000     3.5114e-16 
  5218.75000     3.5115e-16 
  5220.00000     3.5116e-16 
  5221.25000     3.5117e-16 
  5222.50000     3.5118e-16 
  5223.75000     3.5119e-16 
  5225.00000     3.5119e-16 
  5226.25000     3.5120e-16 
  5227.50000     3.5121e-16 
  5228.75000     3.5122e-16 
  5230.00000     3.5123e-16 
  5231.25000     3.5124e-16 
  5232.50000     3.5124e-16 
  5233.75000     3.5125e-16 
  5235.00000     3.5126e-16 
  5236.25000     3.5127e-16 
  5237.50000     3.5128e-16 
  5238.75000     3.5129e-16 
  5240.00000     3.5130e-16 
  5241.25000     3.5130e-16 
  5242.50000     3.5131e-16 
  5243.75000     3.5132e-16 
  5245.00000     3.5133e-16 
  5246.25000     3.5134e-16 
  5247.50000     3.5135e-16 
  5248.75000     3.5135e-16 
  5250.00000     3.5136e-16 
  5251.25000     3.5137e-16 
  5252.50000     3.5138e-16 
  5253.75000     3.5139e-16 
  5255.00000     3.5140e-16 
  5256.25000     3.5140e-16 
  5257.50000     3.5141e-16 
  5258.75000     3.5142e-16 
  5260.00000     3.5143e-16 
  5261.25000     3.5144e-16 
  5262.50000     3.5145e-16 
  5263.75000     3.5145e-16 
  5265.00000     3.5146e-16 
  5266.25000     3.5147e-16 
  5267.50000     3.5148e-16 
  5268.75000     3.5149e-16 
  5270.00000     3.5150e-16 
  5271.25000     3.5150e-16 
  5272.50000     3.5151e-16 
  5273.75000     3.5152e-16 
  5275.00000     3.5153e-16 
  5276.25000     3.5154e-16 
  5277.50000     3.5155e-16 
  5278.75000     3.5155e-16 
  5280.00000     3.5156e-16 
  5281.25000     3.5157e-16 
  5282.50000     3.5158e-16 
  5283.75000     3.5159e-16 
  5285.00000     3.5160e-16 
  5286.25000     3.5160e-16 
  5287.50000     3.5161e-16 
  5288.75000     3.5162e-16 
  5290.00000     3.5163e-16 
  5291.25000     3.5164e-16 
  5292.50000     3.5165e-16 
  5293.75000     3.5165e-16 
  5295.00000     3.5166e-16 
  5296.25000     3.5167e-16 
  5297.50000     3.5168e-16 
  5298.75000     3.5169e-16 
  5300.00000     3.5170e-16 
  5301.25000     3.5170e-16 
  5302.50000     3.5171e-16 
  5303.75000     3.5172e-16 
  5305.00000     3.5173e-16 
  5306.25000     3.5174e-16 
  5307.50000     3.5174e-16 
  5308.75000     3.5175e-16 
  5310.00000     3.5176e-16 
  5311.25000     3.5177e-16 
  5312.50000     3.5178e-16 
  5313.75000     3.5179e-16 
  5315.00000     3.5179e-16 
  5316.25000     3.5180e-16 
  5317.50000     3.5181e-16 
  5318.75000     3.5182e-16 
  5320.00000     3.5183e-16 
  5321.25000     3.5184e-16 
  5322.50000     3.5184e-16 
  5323.75000     3.5185e-16 
  5325.00000     3.5186e-16 
  5326.25000     3.5187e-16 
  5327.50000     3.5188e-16 
  5328.75000     3.5189e-16 
  5330.00000     3.5189e-16 
  5331.25000     3.5190e-16 
  5332.50000     3.5191e-16 
  5333.75000     3.5192e-16 
  5335.00000     3.5193e-16 
  5336.25000     3.5194e-16 
  5337.50000     3.5194e-16 
  5338.75000     3.5195e-16 
  5340.00000     3.5196e-16 
  5341.25000     3.5197e-16 
  5342.50000     3.5198e-16 
  5343.75000     3.5198e-16 
  5345.00000     3.5199e-16 
  5346.25000     3.5200e-16 
  5347.50000     3.5201e-16 
  5348.75000     3.5202e-16 
  5350.00000     3.5203e-16 
  5351.25000     3.5203e-16 
  5352.50000     3.5204e-16 
  5353.75000     3.5205e-16 
  5355.00000     3.5206e-16 
  5356.25000     3.5207e-16 
  5357.50000     3.5207e-16 
  5358.75000     3.5208e-16 
  5360.00000     3.5209e-16 
  5361.25000     3.5210e-16 
  5362.50000     3.5211e-16 
  5363.75000     3.5212e-16 
  5365.00000     3.5212e-16 
  5366.25000     3.5213e-16 
  5367.50000     3.5214e-16 
  5368.75000     3.5215e-16 
  5370.00000     3.5216e-16 
  5371.25000     3.5217e-16 
  5372.50000     3.5217e-16 
  5373.75000     3.5218e-16 
  5375.00000     3.5219e-16 
  5376.25000     3.5220e-16 
  5377.50000     3.5221e-16 
  5378.75000     3.5221e-16 
  5380.00000     3.5222e-16 
  5381.25000     3.5223e-16 
  5382.50000     3.5224e-16 
  5383.75000     3.5225e-16 
  5385.00000     3.5226e-16 
  5386.25000     3.5226e-16 
  5387.50000     3.5227e-16 
  5388.75000     3.5228e-16 
  5390.00000     3.5229e-16 
  5391.25000     3.5230e-16 
  5392.50000     3.5230e-16 
  5393.75000     3.5231e-16 
  5395.00000     3.5232e-16 
  5396.25000     3.5233e-16 
  5397.50000     3.5234e-16 
  5398.75000     3.5235e-16 
  5400.00000     3.5235e-16 
  5401.25000     3.5236e-16 
  5402.50000     3.5237e-16 
  5403.75000     3.5238e-16 
  5405.00000     3.5239e-16 
  5406.25000     3.5239e-16 
  5407.50000     3.5240e-16 
  5408.75000     3.5241e-16 
  5410.00000     3.5242e-16 
  5411.25000     3.5243e-16 
  5412.50000     3.5243e-16 
  5413.75000     3.5244e-16 
  5415.00000     3.5245e-16 
  5416.25000     3.5246e-16 
  5417.50000     3.5247e-16 
  5418.75000     3.5248e-16 
  5420.00000     3.5248e-16 
  5421.25000     3.5249e-16 
  5422.50000     3.5250e-16 
  5423.75000     3.5251e-16 
  5425.00000     3.5252e-16 
  5426.25000     3.5252e-16 
  5427.50000     3.5253e-16 
  5428.75000     3.5254e-16 
  5430.00000     3.5255e-16 
  5431.25000     3.5256e-16 
  5432.50000     3.5256e-16 
  5433.75000     3.5257e-16 
  5435.00000     3.5258e-16 
  5436.25000     3.5259e-16 
  5437.50000     3.5260e-16 
  5438.75000     3.5261e-16 
  5440.00000     3.5261e-16 
  5441.25000     3.5262e-16 
  5442.50000     3.5263e-16 
  5443.75000     3.5264e-16 
  5445.00000     3.5265e-16 
  5446.25000     3.5265e-16 
  5447.50000     3.5266e-16 
  5448.75000     3.5267e-16 
  5450.00000     3.5268e-16 
  5451.25000     3.5269e-16 
  5452.50000     3.5269e-16 
  5453.75000     3.5270e-16 
  5455.00000     3.5271e-16 
  5456.25000     3.5272e-16 
  5457.50000     3.5273e-16 
  5458.75000     3.5273e-16 
  5460.00000     3.5274e-16 
  5461.25000     3.5275e-16 
  5462.50000     3.5276e-16 
  5463.75000     3.5277e-16 
  5465.00000     3.5278e-16 
  5466.25000     3.5278e-16 
  5467.50000     3.5279e-16 
  5468.75000     3.5280e-16 
  5470.00000     3.5281e-16 
  5471.25000     3.5282e-16 
  5472.50000     3.5282e-16 
  5473.75000     3.5283e-16 
  5475.00000     3.5284e-16 
  5476.25000     3.5285e-16 
  5477.50000     3.5286e-16 
  5478.75000     3.5286e-16 
  5480.00000     3.5287e-16 
  5481.25000     3.5288e-16 
  5482.50000     3.5289e-16 
  5483.75000     3.5290e-16 
  5485.00000     3.5290e-16 
  5486.25000     3.5291e-16 
  5487.50000     3.5292e-16 
  5488.75000     3.5293e-16 
  5490.00000     3.5294e-16 
  5491.25000     3.5294e-16 
  5492.50000     3.5295e-16 
  5493.75000     3.5296e-16 
  5495.00000     3.5297e-16 
  5496.25000     3.5298e-16 
  5497.50000     3.5298e-16 
  5498.75000     3.5299e-16 
  5500.00000     3.5300e-16 
  5501.25000     3.5301e-16 
  5502.50000     3.5302e-16 
  5503.75000     3.5302e-16 
  5505.00000     3.5303e-16 
  5506.25000     3.5304e-16 
  5507.50000     3.5305e-16 
  5508.75000     3.5306e-16 
  5510.00000     3.5306e-16 
  5511.25000     3.5307e-16 
  5512.50000     3.5308e-16 
  5513.75000     3.5309e-16 
  5515.00000     3.5310e-16 
  5516.25000     3.5310e-16 
  5517.50000     3.5311e-16 
  5518.75000     3.5312e-16 
  5520.00000     3.5313e-16 
  5521.25000     3.5314e-16 
  5522.50000     3.5314e-16 
  5523.75000     3.5315e-16 
  5525.00000     3.5316e-16 
  5526.25000     3.5317e-16 
  5527.50000     3.5318e-16 
  5528.75000     3.5318e-16 
  5530.00000     3.5319e-16 
  5531.25000     3.5320e-16 
  5532.50000     3.5321e-16 
  5533.75000     3.5322e-16 
  5535.00000     3.5322e-16 
  5536.25000     3.5323e-16 
  5537.50000     3.5324e-16 
  5538.75000     3.5325e-16 
  5540.00000     3.5326e-16 
  5541.25000     3.5326e-16 
  5542.50000     3.5327e-16 
  5543.75000     3.5328e-16 
  5545.00000     3.5329e-16 
  5546.25000     3.5330e-16 
  5547.50000     3.5330e-16 
  5548.75000     3.5331e-16 
  5550.00000     3.5332e-16 
  5551.25000     3.5333e-16 
  5552.50000     3.5334e-16 
  5553.75000     3.5334e-16 
  5555.00000     3.5335e-16 
  5556.25000     3.5336e-16 
  5557.50000     3.5337e-16 
  5558.75000     3.5338e-16 
  5560.00000     3.5338e-16 
  5561.25000     3.5339e-16 
  5562.50000     3.5340e-16 
  5563.75000     3.5341e-16 
  5565.00000     3.5342e-16 
  5566.25000     3.5342e-16 
  5567.50000     3.5343e-16 
  5568.75000     3.5344e-16 
  5570.00000     3.5345e-16 
  5571.25000     3.5346e-16 
  5572.50000     3.5346e-16 
  5573.75000     3.5347e-16 
  5575.00000     3.5348e-16 
  5576.25000     3.5349e-16 
  5577.50000     3.5349e-16 
  5578.75000     3.5350e-16 
  5580.00000     3.5351e-16 
  5581.25000     3.5352e-16 
  5582.50000     3.5353e-16 
  5583.75000     3.5353e-16 
  5585.00000     3.5354e-16 
  5586.25000     3.5355e-16 
  5587.50000     3.5356e-16 
  5588.75000     3.5357e-16 
  5590.00000     3.5357e-16 
  5591.25000     3.5358e-16 
  5592.50000     3.5359e-16 
  5593.75000     3.5360e-16 
  5595.00000     3.5361e-16 
  5596.25000     3.5361e-16 
  5597.50000     3.5362e-16 
  5598.75000     3.5363e-16 
  5600.00000     3.5364e-16 
  5601.25000     3.5364e-16 
  5602.50000     3.5365e-16 
  5603.75000     3.5366e-16 
  5605.00000     3.5367e-16 
  5606.25000     3.5368e-16 
  5607.50000     3.5368e-16 
  5608.75000     3.5369e-16 
  5610.00000     3.5370e-16 
  5611.25000     3.5371e-16 
  5612.50000     3.5372e-16 
  5613.75000     3.5372e-16 
  5615.00000     3.5373e-16 
  5616.25000     3.5374e-16 
  5617.50000     3.5375e-16 
  5618.75000     3.5376e-16 
  5620.00000     3.5376e-16 
  5621.25000     3.5377e-16 
  5622.50000     3.5378e-16 
  5623.75000     3.5379e-16 
  5625.00000     3.5379e-16 
  5626.25000     3.5380e-16 
  5627.50000     3.5381e-16 
  5628.75000     3.5382e-16 
  5630.00000     3.5383e-16 
  5631.25000     3.5383e-16 
  5632.50000     3.5384e-16 
  5633.75000     3.5385e-16 
  5635.00000     3.5386e-16 
  5636.25000     3.5387e-16 
  5637.50000     3.5387e-16 
  5638.75000     3.5388e-16 
  5640.00000     3.5389e-16 
  5641.25000     3.5390e-16 
  5642.50000     3.5390e-16 
  5643.75000     3.5391e-16 
  5645.00000     3.5392e-16 
  5646.25000     3.5393e-16 
  5647.50000     3.5394e-16 
  5648.75000     3.5394e-16 
  5650.00000     3.5395e-16 
  5651.25000     3.5396e-16 
  5652.50000     3.5397e-16 
  5653.75000     3.5397e-16 
  5655.00000     3.5398e-16 
  5656.25000     3.5399e-16 
  5657.50000     3.5400e-16 
  5658.75000     3.5401e-16 
  5660.00000     3.5401e-16 
  5661.25000     3.5402e-16 
  5662.50000     3.5403e-16 
  5663.75000     3.5404e-16 
  5665.00000     3.5405e-16 
  5666.25000     3.5405e-16 
  5667.50000     3.5406e-16 
  5668.75000     3.5407e-16 
  5670.00000     3.5408e-16 
  5671.25000     3.5408e-16 
  5672.50000     3.5409e-16 
  5673.75000     3.5410e-16 
  5675.00000     3.5411e-16 
  5676.25000     3.5412e-16 
  5677.50000     3.5412e-16 
  5678.75000     3.5413e-16 
  5680.00000     3.5414e-16 
  5681.25000     3.5415e-16 
  5682.50000     3.5415e-16 
  5683.75000     3.5416e-16 
  5685.00000     3.5417e-16 
  5686.25000     3.5418e-16 
  5687.50000     3.5419e-16 
  5688.75000     3.5419e-16 
  5690.00000     3.5420e-16 
  5691.25000     3.5421e-16 
  5692.50000     3.5422e-16 
  5693.75000     3.5422e-16 
  5695.00000     3.5423e-16 
  5696.25000     3.5424e-16 
  5697.50000     3.5425e-16 
  5698.75000     3.5426e-16 
  5700.00000     3.5426e-16 
  5701.25000     3.5427e-16 
  5702.50000     3.5428e-16 
  5703.75000     3.5429e-16 
  5705.00000     3.5429e-16 
  5706.25000     3.5430e-16 
  5707.50000     3.5431e-16 
  5708.75000     3.5432e-16 
  5710.00000     3.5433e-16 
  5711.25000     3.5433e-16 
  5712.50000     3.5434e-16 
  5713.75000     3.5435e-16 
  5715.00000     3.5436e-16 
  5716.25000     3.5436e-16 
  5717.50000     3.5437e-16 
  5718.75000     3.5438e-16 
  5720.00000     3.5439e-16 
  5721.25000     3.5440e-16 
  5722.50000     3.5440e-16 
  5723.75000     3.5441e-16 
  5725.00000     3.5442e-16 
  5726.25000     3.5443e-16 
  5727.50000     3.5443e-16 
  5728.75000     3.5444e-16 
  5730.00000     3.5445e-16 
  5731.25000     3.5446e-16 
  5732.50000     3.5446e-16 
  5733.75000     3.5447e-16 
  5735.00000     3.5448e-16 
  5736.25000     3.5449e-16 
  5737.50000     3.5450e-16 
  5738.75000     3.5450e-16 
  5740.00000     3.5451e-16 
  5741.25000     3.5452e-16 
  5742.50000     3.5453e-16 
  5743.75000     3.5453e-16 
  5745.00000     3.5454e-16 
  5746.25000     3.5455e-16 
  5747.50000     3.5456e-16 
  5748.75000     3.5457e-16 
  5750.00000     3.5457e-16 
  5751.25000     3.5458e-16 
  5752.50000     3.5459e-16 
  5753.75000     3.5460e-16 
  5755.00000     3.5460e-16 
  5756.25000     3.5461e-16 
  5757.50000     3.5462e-16 
  5758.75000     3.5463e-16 
  5760.00000     3.5463e-16 
  5761.25000     3.5464e-16 
  5762.50000     3.5465e-16 
  5763.75000     3.5466e-16 
  5765.00000     3.5467e-16 
  5766.25000     3.5467e-16 
  5767.50000     3.5468e-16 
  5768.75000     3.5469e-16 
  5770.00000     3.5470e-16 
  5771.25000     3.5470e-16 
  5772.50000     3.5471e-16 
  5773.75000     3.5472e-16 
  5775.00000     3.5473e-16 
  5776.25000     3.5473e-16 
  5777.50000     3.5474e-16 
  5778.75000     3.5475e-16 
  5780.00000     3.5476e-16 
  5781.25000     3.5477e-16 
  5782.50000     3.5477e-16 
  5783.75000     3.5478e-16 
  5785.00000     3.5479e-16 
  5786.25000     3.5480e-16 
  5787.50000     3.5480e-16 
  5788.75000     3.5481e-16 
  5790.00000     3.5482e-16 
  5791.25000     3.5483e-16 
  5792.50000     3.5483e-16 
  5793.75000     3.5484e-16 
  5795.00000     3.5485e-16 
  5796.25000     3.5486e-16 
  5797.50000     3.5486e-16 
  5798.75000     3.5487e-16 
  5800.00000     3.5488e-16 
