  1400.00    6.6441E-15
  1403.00    4.9682E-15
  1406.00    5.8484E-15
  1409.00    5.8883E-15
  1412.00    6.4233E-15
  1415.00    4.3919E-15
  1418.00    6.2641E-15
  1421.00    5.4848E-15
  1424.00    4.9550E-15
  1427.00    7.0913E-15
  1430.00    5.6473E-15
  1433.00    6.6557E-15
  1436.00    7.0255E-15
  1439.00    6.4626E-15
  1442.00    6.6741E-15
  1445.00    6.6104E-15
  1448.00    7.4234E-15
  1451.00    6.7458E-15
  1454.00    6.1550E-15
  1457.00    7.4053E-15
  1460.00    7.3025E-15
  1463.00    7.6723E-15
  1466.00    5.7247E-15
  1469.00    6.9952E-15
  1472.00    6.1098E-15
  1475.00    6.0745E-15
  1478.00    7.6990E-15
  1481.00    6.3212E-15
  1484.00    6.0750E-15
  1487.00    6.8509E-15
  1490.00    4.9056E-15
  1493.00    8.3401E-15
  1496.00    8.5894E-15
  1499.00    5.8535E-15
  1502.00    5.6953E-15
  1505.00    4.8453E-15
  1508.00    4.9273E-15
  1511.00    4.5980E-15
  1514.00    5.8632E-15
  1517.00    5.1034E-15
  1520.00    5.4228E-15
  1523.00    4.8130E-15
  1526.00    4.8980E-15
  1529.00    5.3694E-15
  1532.00    2.9389E-15
  1535.00    3.0218E-15
  1538.00    2.6729E-15
  1541.00    1.8534E-15
  1544.00    5.5538E-15
  1547.00    4.0899E-15
  1550.00    2.7095E-15
  1553.00    4.8987E-15
  1556.00    5.6247E-15
  1559.00    3.7302E-15
  1562.00    4.8374E-15
  1565.00    4.6750E-15
  1568.00    5.0222E-15
  1571.00    5.0512E-15
  1574.00    6.0441E-15
  1577.00    4.7001E-15
  1580.00    4.8271E-15
  1583.00    6.9926E-15
  1586.00    3.4630E-15
  1589.00    4.9199E-15
  1592.00    4.9093E-15
  1595.00    5.9794E-15
  1598.00    4.2387E-15
  1601.00    4.6793E-15
  1604.00    5.4340E-15
  1607.00    5.8372E-15
  1610.00    4.4485E-15
  1613.00    5.7662E-15
  1616.00    5.5973E-15
  1619.00    7.0359E-15
  1622.00    4.5661E-15
  1625.00    5.1431E-15
  1628.00    6.9939E-15
  1631.00    5.3308E-15
  1634.00    5.3572E-15
  1637.00    5.4810E-15
  1640.00    5.9654E-15
  1643.00    4.1964E-15
  1646.00    5.5260E-15
  1649.00    4.9546E-15
  1652.00    5.9860E-15
  1655.00    5.5529E-15
  1658.00    5.0851E-15
  1661.00    5.3520E-15
  1664.00    4.3724E-15
  1667.00    5.3490E-15
  1670.00    5.0713E-15
  1673.00    5.2123E-15
  1676.00    4.1774E-15
  1679.00    6.2934E-15
  1682.00    6.5065E-15
  1685.00    6.5573E-15
  1688.00    7.0957E-15
  1691.00    5.6445E-15
  1694.00    6.5149E-15
  1697.00    5.6091E-15
  1700.00    5.2093E-15
  1703.00    6.2164E-15
  1706.00    5.6034E-15
  1709.00    5.3520E-15
  1712.00    5.5833E-15
  1715.00    6.2077E-15
  1718.00    6.9648E-15
  1721.00    5.3897E-15
  1724.00    4.7651E-15
  1727.00    5.7547E-15
  1730.00    6.5307E-15
  1733.00    7.1962E-15
  1736.00    6.6963E-15
  1739.00    6.4675E-15
  1742.00    5.7341E-15
  1745.00    4.1329E-15
  1748.00    6.2179E-15
  1751.00    5.0009E-15
  1754.00    6.2190E-15
  1757.00    5.1843E-15
  1760.00    6.0548E-15
  1763.00    5.5773E-15
  1766.00    5.8934E-15
  1769.00    5.5560E-15
  1772.00    6.3773E-15
  1775.00    6.7510E-15
  1778.00    5.5327E-15
  1781.00    5.7289E-15
  1784.00    6.0577E-15
  1787.00    6.0999E-15
  1790.00    8.3045E-15
  1793.00    7.3903E-15
  1796.00    7.1423E-15
  1799.00    6.0434E-15
  1802.00    7.0485E-15
  1805.00    4.3841E-15
  1808.00    6.3435E-15
  1811.00    4.7209E-15
  1814.00    6.9493E-15
  1817.00    6.2598E-15
  1820.00    5.5300E-15
  1823.00    5.2508E-15
  1826.00    5.8870E-15
  1829.00    6.4417E-15
  1832.00    3.9694E-15
  1835.00    6.3887E-15
  1838.00    5.9675E-15
  1841.00    6.8188E-15
  1844.00    4.5028E-15
  1847.00    5.8424E-15
  1850.00    5.4192E-15
  1853.00    4.7710E-15
  1856.00    5.8639E-15
  1859.00    4.6638E-15
  1862.00    5.9901E-15
  1865.00    6.0566E-15
  1868.00    4.3490E-15
  1871.00    6.1167E-15
  1874.00    6.5192E-15
  1877.00    6.9896E-15
  1880.00    6.9423E-15
  1883.00    4.4509E-15
  1886.00    4.8579E-15
  1889.00    5.6444E-15
  1892.00    5.0019E-15
  1895.00    4.9449E-15
  1898.00    5.5529E-15
  1901.00    6.1139E-15
  1904.00    6.6529E-15
  1907.00    6.1668E-15
  1910.00    6.4940E-15
  1913.00    5.7033E-15
  1916.00    5.4432E-15
  1919.00    5.3416E-15
  1922.00    6.5421E-15
  1925.00    4.6198E-15
  1928.00    4.0743E-15
  1931.00    4.8246E-15
  1934.00    5.8590E-15
  1937.00    5.6126E-15
  1940.00    5.8810E-15
  1943.00    5.5620E-15
  1946.00    4.8156E-15
  1949.00    7.6009E-15
  1952.00    5.7527E-15
  1955.00    6.2518E-15
  1958.00    6.0736E-15
  1961.00    5.8499E-15
  1964.00    6.9141E-15
  1967.00    5.5864E-15
  1970.00    4.2499E-15
  1973.00    6.9821E-15
  1976.00    7.2590E-15
  1979.00    7.8517E-15
  1982.00    6.8966E-15
  1985.00    6.8043E-15
  1988.00    6.7041E-15
  1991.00    7.2228E-15
  1994.00    5.1802E-15
  1997.00    6.5047E-15
  2000.00    5.6508E-15
  2003.00    5.2161E-15
  2006.00    8.0646E-15
  2009.00    6.3030E-15
  2012.00    5.2012E-15
  2015.00    6.6286E-15
  2018.00    6.0490E-15
  2021.00    7.1014E-15
  2024.00    8.4008E-15
  2027.00    5.7680E-15
  2030.00    5.9116E-15
  2033.00    5.7456E-15
  2036.00    5.5209E-15
  2039.00    5.5797E-15
  2042.00    4.9719E-15
  2045.00    6.7857E-15
  2048.00    5.5073E-15
  2051.00    8.0098E-15
  2054.00    6.0346E-15
  2057.00    6.0981E-15
  2060.00    5.7041E-15
  2063.00    5.1047E-15
  2066.00    5.7626E-15
  2069.00    5.6031E-15
  2072.00    7.7764E-15
  2075.00    6.2507E-15
  2078.00    5.2735E-15
  2081.00    6.2113E-15
  2084.00    6.1186E-15
  2087.00    6.8763E-15
  2090.00    7.6758E-15
  2093.00    6.5356E-15
  2096.00    6.3068E-15
  2099.00    4.5440E-15
  2102.00    6.8720E-15
  2105.00    6.3872E-15
  2108.00    6.1606E-15
  2111.00    7.8430E-15
  2114.00    5.0754E-15
  2117.00    7.6746E-15
  2120.00    7.7896E-15
  2123.00    7.5175E-15
  2126.00    6.3233E-15
  2129.00    7.0260E-15
  2132.00    7.6781E-15
  2135.00    5.0601E-15
  2138.00    4.1027E-15
  2141.00    6.1643E-15
  2144.00    6.7078E-15
  2147.00    6.7621E-15
  2150.00    5.9712E-15
  2153.00    6.4427E-15
  2156.00    6.9049E-15
  2159.00    7.8687E-15
  2162.00    6.3695E-15
  2165.00    6.6591E-15
  2168.00    6.7047E-15
  2171.00    7.6236E-15
  2174.00    6.1498E-15
  2177.00    6.7402E-15
  2180.00    7.2889E-15
  2183.00    5.3778E-15
  2186.00    7.3169E-15
  2189.00    7.5023E-15
  2192.00    6.6143E-15
  2195.00    6.3859E-15
  2198.00    7.1783E-15
  2201.00    6.9979E-15
  2204.00    6.3088E-15
  2207.00    6.4826E-15
  2210.00    7.5569E-15
  2213.00    7.5083E-15
  2216.00    6.1827E-15
  2219.00    5.8250E-15
  2222.00    6.4477E-15
  2225.00    5.6338E-15
  2228.00    5.8808E-15
  2231.00    8.7649E-15
  2234.00    6.1104E-15
  2237.00    6.6052E-15
  2240.00    5.6793E-15
  2243.00    7.1558E-15
  2246.00    7.1880E-15
  2249.00    6.8991E-15
  2252.00    5.1537E-15
  2255.00    6.0563E-15
  2258.00    6.9915E-15
  2261.00    6.9494E-15
  2264.00    6.7474E-15
  2267.00    6.3518E-15
  2270.00    5.5367E-15
  2273.00    4.1438E-15
  2276.00    7.6122E-15
  2279.00    5.4869E-15
  2282.00    5.9724E-15
  2285.00    7.4324E-15
  2288.00    5.9362E-15
  2291.00    6.9910E-15
  2294.00    7.0172E-15
  2297.00    5.9330E-15
  2300.00    4.8555E-15
  2303.00    8.5310E-15
  2306.00    6.2780E-15
  2309.00    5.0876E-15
  2312.00    6.2985E-15
  2315.00    5.3555E-15
  2318.00    5.6725E-15
  2321.00    6.4205E-15
  2324.00    4.5593E-15
  2327.00    5.9325E-15
  2330.00    5.8609E-15
  2333.00    6.5681E-15
  2336.00    5.9397E-15
  2339.00    6.7366E-15
  2342.00    5.3657E-15
  2345.00    4.0521E-15
  2348.00    6.2345E-15
  2351.00    5.8024E-15
  2354.00    5.8487E-15
  2357.00    5.4146E-15
  2360.00    3.8694E-15
  2363.00    5.2991E-15
  2366.00    4.6553E-15
  2369.00    4.9744E-15
  2372.00    5.2882E-15
  2375.00    5.7685E-15
  2378.00    5.6612E-15
  2381.00    5.3895E-15
  2384.00    4.0486E-15
  2387.00    5.3962E-15
  2390.00    4.7953E-15
  2393.00    5.2277E-15
  2396.00    5.3445E-15
  2399.00    5.5633E-15
  2402.00    5.2341E-15
  2405.00    5.4589E-15
  2408.00    5.7788E-15
  2411.00    5.9559E-15
  2414.00    5.7518E-15
  2417.00    4.8791E-15
  2420.00    6.2472E-15
  2423.00    5.1927E-15
  2426.00    6.4207E-15
  2429.00    4.8227E-15
  2432.00    5.5253E-15
  2435.00    6.2089E-15
  2438.00    6.1466E-15
  2441.00    4.5802E-15
  2444.00    5.7462E-15
  2447.00    5.4059E-15
  2450.00    8.0439E-15
  2453.00    6.8512E-15
  2456.00    4.8842E-15
  2459.00    6.8037E-15
  2462.00    5.1366E-15
  2465.00    7.0398E-15
  2468.00    5.3258E-15
  2471.00    6.3477E-15
  2474.00    7.4389E-15
  2477.00    5.3214E-15
  2480.00    5.9894E-15
  2483.00    5.0161E-15
  2486.00    5.8652E-15
  2489.00    5.2972E-15
  2492.00    5.9883E-15
  2495.00    4.1051E-15
  2498.00    4.7592E-15
  2501.00    7.7669E-15
  2504.00    5.4268E-15
  2507.00    6.9330E-15
  2510.00    6.2223E-15
  2513.00    5.6852E-15
  2516.00    5.4879E-15
  2519.00    5.3721E-15
  2522.00    6.0955E-15
  2525.00    4.9925E-15
  2528.00    5.4304E-15
  2531.00    6.3160E-15
  2534.00    6.4578E-15
  2537.00    5.5006E-15
  2540.00    4.9018E-15
  2543.00    5.5155E-15
  2546.00    4.2608E-15
  2549.00    5.5711E-15
  2552.00    2.9753E-15
  2555.00    4.9270E-15
  2558.00    5.6308E-15
  2561.00    6.1260E-15
  2564.00    5.3908E-15
  2567.00    6.0022E-15
  2570.00    7.1362E-15
  2573.00    5.2677E-15
  2576.00    6.0185E-15
  2579.00    4.8963E-15
  2582.00    6.8192E-15
  2585.00    4.3770E-15
  2588.00    6.7837E-15
  2591.00    5.6626E-15
  2594.00    4.5725E-15
  2597.00    6.4156E-15
  2600.00    6.2461E-15
  2603.00    7.7256E-15
  2606.00    4.1619E-15
  2609.00    6.1574E-15
  2612.00    5.7659E-15
  2615.00    4.8386E-15
  2618.00    5.3165E-15
  2621.00    7.2034E-15
  2624.00    6.0292E-15
  2627.00    4.9014E-15
  2630.00    6.3791E-15
  2633.00    6.5437E-15
  2636.00    8.9347E-15
  2639.00    6.9442E-15
  2642.00    7.8592E-15
  2645.00    7.1671E-15
  2648.00    7.9868E-15
  2651.00    9.2013E-15
  2654.00    7.9660E-15
  2657.00    1.0093E-14
  2660.00    7.7939E-15
  2663.00    7.4136E-15
  2666.00    8.9710E-15
  2669.00    6.0763E-15
  2672.00    8.2297E-15
  2675.00    7.6376E-15
  2678.00    7.7145E-15
  2681.00    9.5057E-15
  2684.00    7.3786E-15
  2687.00    7.4369E-15
  2690.00    8.1755E-15
  2693.00    8.0492E-15
  2696.00    7.7330E-15
  2699.00    8.1719E-15
  2702.00    8.6474E-15
  2705.00    8.4376E-15
  2708.00    6.8423E-15
  2711.00    8.4480E-15
  2714.00    6.7104E-15
  2717.00    7.3754E-15
  2720.00    7.8347E-15
  2723.00    7.5374E-15
  2726.00    6.5742E-15
  2729.00    7.0806E-15
  2732.00    6.9835E-15
  2735.00    6.4517E-15
  2738.00    5.7243E-15
  2741.00    5.1772E-15
  2744.00    6.3011E-15
  2747.00    6.3009E-15
  2750.00    4.8683E-15
  2753.00    5.4976E-15
  2756.00    6.8358E-15
  2759.00    6.0806E-15
  2762.00    7.1421E-15
  2765.00    7.6330E-15
  2768.00    7.3741E-15
  2771.00    7.4499E-15
  2774.00    6.1170E-15
  2777.00    5.7027E-15
  2780.00    8.3227E-15
  2783.00    5.6634E-15
  2786.00    7.0022E-15
  2789.00    6.3735E-15
  2792.00    3.7090E-15
  2795.00    3.9891E-15
  2798.00    3.9358E-15
  2801.00    5.2065E-15
  2804.00    2.9190E-15
  2807.00    4.3344E-15
  2810.00    6.2292E-15
  2813.00    5.4492E-15
  2816.00    7.3773E-15
  2819.00    7.7414E-15
  2822.00    7.4923E-15
  2825.00    8.8959E-15
  2828.00    9.7447E-15
  2831.00    8.7454E-15
  2834.00    8.4086E-15
  2837.00    7.1554E-15
  2840.00    7.6351E-15
  2843.00    7.4501E-15
  2846.00    6.6894E-15
  2849.00    7.1483E-15
  2852.00    7.7435E-15
  2855.00    6.3674E-15
  2858.00    5.2554E-15
  2861.00    7.5397E-15
  2864.00    7.0814E-15
  2867.00    7.8170E-15
  2870.00    9.2055E-15
  2873.00    7.4048E-15
  2876.00    7.1472E-15
  2879.00    9.2688E-15
  2882.00    8.6310E-15
  2885.00    7.2322E-15
  2888.00    9.5282E-15
  2891.00    1.0154E-14
  2894.00    8.7527E-15
  2897.00    9.5690E-15
  2900.00    8.8571E-15
  2903.00    1.0347E-14
  2906.00    9.9470E-15
  2909.00    1.1315E-14
  2912.00    9.0909E-15
  2915.00    1.0364E-14
  2918.00    1.0336E-14
  2921.00    9.8371E-15
  2924.00    1.0626E-14
  2927.00    1.0979E-14
  2930.00    1.0051E-14
  2933.00    8.1100E-15
  2936.00    9.1721E-15
  2939.00    9.7860E-15
  2942.00    1.1942E-14
  2945.00    9.8040E-15
  2948.00    9.8266E-15
  2951.00    9.5298E-15
  2954.00    9.8078E-15
  2957.00    9.8151E-15
  2960.00    8.5810E-15
  2963.00    1.0393E-14
  2966.00    9.9147E-15
  2969.00    1.1254E-14
  2972.00    8.8926E-15
  2975.00    9.6726E-15
  2978.00    1.0800E-14
  2981.00    8.7241E-15
  2984.00    1.1512E-14
  2987.00    9.0882E-15
  2990.00    9.8627E-15
  2993.00    1.0206E-14
  2996.00    1.0213E-14
  2999.00    9.3596E-15
  3002.00    9.8987E-15
  3005.00    1.1037E-14
  3008.00    9.6088E-15
  3011.00    1.0657E-14
  3014.00    1.0818E-14
  3017.00    1.0125E-14
  3020.00    1.0064E-14
  3023.00    1.2276E-14
  3026.00    9.8382E-15
  3029.00    1.1033E-14
  3032.00    1.1368E-14
  3035.00    1.0555E-14
  3038.00    9.5786E-15
  3041.00    1.0744E-14
  3044.00    1.0711E-14
  3047.00    1.1880E-14
  3050.00    1.1725E-14
  3053.00    1.0514E-14
  3056.00    1.2432E-14
  3059.00    1.1640E-14
  3062.00    1.1971E-14
  3065.00    1.0982E-14
  3068.00    1.2791E-14
  3071.00    1.0807E-14
  3074.00    1.0128E-14
  3077.00    1.0704E-14
  3080.00    1.0838E-14
  3083.00    1.2277E-14
  3086.00    1.1512E-14
  3089.00    1.1580E-14
  3092.00    1.1514E-14
  3095.00    1.0015E-14
  3098.00    9.6293E-15
  3101.00    1.1371E-14
  3104.00    1.0175E-14
  3107.00    1.2127E-14
  3110.00    1.1851E-14
  3113.00    1.0596E-14
  3116.00    1.1569E-14
  3119.00    1.1192E-14
  3122.00    1.1648E-14
  3125.00    1.1116E-14
  3128.00    1.2434E-14
  3131.00    1.1998E-14
  3134.00    1.1881E-14
  3137.00    1.0926E-14
  3140.00    1.1666E-14
  3143.00    1.1629E-14
  3146.00    1.1473E-14
  3149.00    1.0926E-14
  3152.00    1.1976E-14
  3155.00    1.1008E-14
  3158.00    9.2970E-15
  3161.00    1.2054E-14
  3164.00    1.1867E-14
  3167.00    1.0418E-14
  3170.00    1.1357E-14
  3173.00    1.1392E-14
  3176.00    1.0521E-14
  3179.00    1.2501E-14
  3182.00    1.0951E-14
  3185.00    1.0192E-14
  3188.00    9.6206E-15
  3191.00    1.1248E-14
  3194.00    1.2179E-14
  3197.00    1.0960E-14
  3200.00    1.0403E-14
  3203.00    1.0312E-14
  3206.00    1.0588E-14
  3209.00    9.7765E-15
  3212.00    1.1692E-14
  3215.00    1.1094E-14
  3218.00    1.3472E-14
  3221.00    9.3208E-15
  3224.00    1.1754E-14
  3227.00    1.0842E-14
  3230.00    1.1705E-14
  3233.00    1.0339E-14
  3236.00    1.0898E-14
  3239.00    1.0510E-14
  3242.00    1.3059E-14
  3245.00    1.1944E-14
  3248.00    1.1712E-14
  3251.00    1.3115E-14
  3254.00    1.2609E-14
  3257.00    1.3046E-14
  3260.00    1.1923E-14
  3263.00    1.2347E-14
  3266.00    1.2172E-14
  3269.00    1.3323E-14
  3272.00    1.4760E-14
  3275.00    1.4219E-14
  3278.00    1.3325E-14
  3281.00    1.5184E-14
  3284.00    1.3278E-14
  3287.00    1.4004E-14
  3290.00    1.3633E-14
  3293.00    1.5256E-14
  3296.00    1.4401E-14
  3299.00    1.3277E-14
  3302.00    1.4644E-14
  3305.00    1.2867E-14
  3308.00    1.2531E-14
  3311.00    1.4298E-14
  3314.00    1.3257E-14
  3317.00    1.4538E-14
  3320.00    1.3996E-14
  3323.00    1.3557E-14
  3326.00    1.4192E-14
  3329.00    1.2888E-14
  3332.00    1.4271E-14
  3335.00    1.2415E-14
  3338.00    1.1266E-14
  3341.00    1.1486E-14
  3344.00    1.3295E-14
  3347.00    1.5552E-14
  3350.00    1.3688E-14
  3353.00    1.2521E-14
  3356.00    1.2064E-14
  3359.00    1.2860E-14
  3362.00    1.2065E-14
  3365.00    1.2852E-14
  3368.00    1.1647E-14
  3371.00    1.2530E-14
  3374.00    1.0330E-14
  3377.00    1.1654E-14
  3380.00    1.1475E-14
  3383.00    1.1795E-14
  3386.00    1.3183E-14
  3389.00    1.4340E-14
  3392.00    1.3929E-14
  3395.00    1.3365E-14
  3398.00    1.3195E-14
  3401.00    1.3785E-14
  3404.00    1.4253E-14
  3407.00    1.3637E-14
  3410.00    1.5227E-14
  3413.00    1.2625E-14
  3416.00    1.3567E-14
  3419.00    1.3552E-14
  3422.00    1.2720E-14
  3425.00    1.4263E-14
  3428.00    1.4460E-14
  3431.00    1.3083E-14
  3434.00    1.3602E-14
  3437.00    1.2937E-14
  3440.00    1.3335E-14
  3443.00    1.3439E-14
  3446.00    1.3318E-14
  3449.00    1.3710E-14
  3452.00    1.4132E-14
  3455.00    1.3950E-14
  3458.00    1.4207E-14
  3461.00    1.5146E-14
  3464.00    1.4886E-14
  3467.00    1.4925E-14
  3470.00    1.2040E-14
  3473.00    1.3793E-14
  3476.00    1.2997E-14
  3479.00    1.5037E-14
  3482.00    1.4454E-14
  3485.00    1.3511E-14
  3488.00    1.2283E-14
  3491.00    1.4834E-14
  3494.00    1.3613E-14
  3497.00    1.4027E-14
  3500.00    1.4494E-14
  3503.00    1.4077E-14
  3506.00    1.3747E-14
  3509.00    1.5076E-14
  3512.00    1.4361E-14
  3515.00    1.4808E-14
  3518.00    1.5346E-14
  3521.00    1.4149E-14
  3524.00    1.3555E-14
  3527.00    1.4253E-14
  3530.00    1.3169E-14
  3533.00    1.2772E-14
  3536.00    1.5274E-14
  3539.00    1.6097E-14
  3542.00    1.6485E-14
  3545.00    1.5948E-14
  3548.00    1.6424E-14
  3551.00    1.4212E-14
  3554.00    1.5214E-14
  3557.00    1.6245E-14
  3560.00    1.4870E-14
  3563.00    1.5207E-14
  3566.00    1.4041E-14
  3569.00    1.3565E-14
  3572.00    1.2711E-14
  3575.00    1.2293E-14
  3578.00    1.1115E-14
  3581.00    1.2819E-14
  3584.00    1.3985E-14
  3587.00    1.3126E-14
  3590.00    1.3684E-14
  3593.00    1.4259E-14
  3596.00    1.6578E-14
  3599.00    1.4832E-14
  3602.00    1.6336E-14
  3605.00    1.3159E-14
  3608.00    1.4734E-14
  3611.00    1.4147E-14
  3614.00    1.3251E-14
  3617.00    1.5239E-14
  3620.00    1.6164E-14
  3623.00    1.4471E-14
  3626.00    1.5971E-14
  3629.00    1.7159E-14
  3632.00    1.5390E-14
  3635.00    1.2632E-14
  3638.00    1.4423E-14
  3641.00    1.6747E-14
  3644.00    1.7537E-14
  3647.00    1.6118E-14
  3650.00    1.6620E-14
  3653.00    1.7417E-14
  3656.00    1.6596E-14
  3659.00    1.7148E-14
  3662.00    1.7665E-14
  3665.00    1.6821E-14
  3668.00    1.7001E-14
  3671.00    1.6196E-14
  3674.00    1.6477E-14
  3677.00    1.6212E-14
  3680.00    1.7193E-14
  3683.00    1.7242E-14
  3686.00    1.7041E-14
  3689.00    1.6074E-14
  3692.00    1.8025E-14
  3695.00    1.7587E-14
  3698.00    1.6749E-14
  3701.00    1.7049E-14
  3704.00    1.5769E-14
  3707.00    1.6772E-14
  3710.00    1.6485E-14
  3713.00    1.5822E-14
  3716.00    1.6960E-14
  3719.00    1.5640E-14
  3722.00    1.6113E-14
  3725.00    1.5874E-14
  3728.00    1.6197E-14
  3731.00    1.5555E-14
  3734.00    1.5456E-14
  3737.00    1.4465E-14
  3740.00    1.3898E-14
  3743.00    1.4497E-14
  3746.00    1.5139E-14
  3749.00    1.4782E-14
  3752.00    1.6530E-14
  3755.00    1.4051E-14
  3758.00    1.5470E-14
  3761.00    1.7419E-14
  3764.00    1.5979E-14
  3767.00    1.5360E-14
  3770.00    1.5547E-14
  3773.00    1.6826E-14
  3776.00    1.7121E-14
  3779.00    1.8229E-14
  3782.00    1.7849E-14
  3785.00    1.9601E-14
  3788.00    2.0281E-14
  3791.00    1.7370E-14
  3794.00    1.7194E-14
  3797.00    1.7119E-14
  3800.00    1.5084E-14
  3803.00    1.6320E-14
  3806.00    1.6084E-14
  3809.00    1.7525E-14
  3812.00    1.8189E-14
  3815.00    1.9095E-14
  3818.00    1.7813E-14
  3821.00    1.6709E-14
  3824.00    1.2530E-14
  3827.00    1.5726E-14
  3830.00    1.4064E-14
  3833.00    1.3880E-14
  3836.00    1.2931E-14
  3839.00    1.2625E-14
  3842.00    1.4830E-14
  3845.00    1.7392E-14
  3848.00    1.8032E-14
  3851.00    1.8602E-14
  3854.00    1.8621E-14
  3857.00    1.7919E-14
  3860.00    1.9982E-14
  3863.00    1.7580E-14
  3866.00    1.8641E-14
  3869.00    1.7505E-14
  3872.00    1.7072E-14
  3875.00    1.8514E-14
  3878.00    1.7776E-14
  3881.00    1.7340E-14
  3884.00    1.5521E-14
  3887.00    1.6504E-14
  3890.00    1.5616E-14
  3893.00    1.6502E-14
  3896.00    1.8512E-14
  3899.00    1.8818E-14
  3902.00    1.9248E-14
  3905.00    1.9949E-14
  3908.00    1.9903E-14
  3911.00    1.9795E-14
  3914.00    2.1493E-14
  3917.00    2.1201E-14
  3920.00    2.1132E-14
  3923.00    1.8927E-14
  3926.00    1.7592E-14
  3929.00    1.4169E-14
  3932.00    1.4330E-14
  3935.00    1.3619E-14
  3938.00    1.3058E-14
  3941.00    1.5793E-14
  3944.00    1.9004E-14
  3947.00    1.8530E-14
  3950.00    1.9619E-14
  3953.00    2.1302E-14
  3956.00    1.9163E-14
  3959.00    2.0514E-14
  3962.00    1.6614E-14
  3965.00    1.4930E-14
  3968.00    1.5019E-14
  3971.00    1.5026E-14
  3974.00    1.6154E-14
  3977.00    1.5904E-14
  3980.00    2.0517E-14
  3983.00    2.2657E-14
  3986.00    2.2231E-14
  3989.00    2.3110E-14
  3992.00    2.4407E-14
  3995.00    2.4773E-14
  3998.00    2.5585E-14
  4001.00    2.5502E-14
  4004.00    2.3698E-14
  4007.00    2.4057E-14
  4010.00    2.7433E-14
  4013.00    2.6526E-14
  4016.00    2.6938E-14
  4019.00    2.7383E-14
  4022.00    2.7180E-14
  4025.00    2.7386E-14
  4028.00    2.6693E-14
  4031.00    2.7490E-14
  4034.00    2.5649E-14
  4037.00    2.6083E-14
  4040.00    2.6716E-14
  4043.00    2.7596E-14
  4046.00    2.6556E-14
  4049.00    2.7061E-14
  4052.00    2.6483E-14
  4055.00    2.6939E-14
  4058.00    2.6625E-14
  4061.00    2.5304E-14
  4064.00    2.5891E-14
  4067.00    2.7162E-14
  4070.00    2.6956E-14
  4073.00    2.4837E-14
  4076.00    2.5729E-14
  4079.00    2.5250E-14
  4082.00    2.6054E-14
  4085.00    2.5150E-14
  4088.00    2.5964E-14
  4091.00    2.6061E-14
  4094.00    2.5060E-14
  4097.00    2.4233E-14
  4100.00    2.3229E-14
  4103.00    2.3573E-14
  4106.00    2.2626E-14
  4109.00    2.3485E-14
  4112.00    2.4546E-14
  4115.00    2.5596E-14
  4118.00    2.7371E-14
  4121.00    2.6650E-14
  4124.00    2.6739E-14
  4127.00    2.8314E-14
  4130.00    2.6952E-14
  4133.00    2.8185E-14
  4136.00    2.8074E-14
  4139.00    2.7768E-14
  4142.00    2.6411E-14
  4145.00    2.6373E-14
  4148.00    2.8058E-14
  4151.00    2.7877E-14
  4154.00    2.6282E-14
  4157.00    2.8835E-14
  4160.00    2.7798E-14
  4163.00    2.9416E-14
  4166.00    2.6877E-14
  4169.00    2.7982E-14
  4172.00    2.8166E-14
  4175.00    2.7326E-14
  4178.00    2.8778E-14
  4181.00    2.7188E-14
  4184.00    2.7875E-14
  4187.00    2.7667E-14
  4190.00    2.8761E-14
  4193.00    2.8523E-14
  4196.00    2.5683E-14
  4199.00    2.7965E-14
  4202.00    2.6959E-14
  4205.00    2.8600E-14
  4208.00    2.8729E-14
  4211.00    2.7713E-14
  4214.00    2.7842E-14
  4217.00    2.7830E-14
  4220.00    2.7633E-14
  4223.00    2.6808E-14
  4226.00    2.7060E-14
  4229.00    2.6621E-14
  4232.00    2.6234E-14
  4235.00    2.6623E-14
  4238.00    2.8303E-14
  4241.00    2.7631E-14
  4244.00    2.6907E-14
  4247.00    2.6839E-14
  4250.00    2.7766E-14
  4253.00    2.7381E-14
  4256.00    2.5497E-14
  4259.00    2.8013E-14
  4262.00    2.6381E-14
  4265.00    2.7522E-14
  4268.00    2.8170E-14
  4271.00    2.7884E-14
  4274.00    2.8776E-14
  4277.00    2.6477E-14
  4280.00    2.6861E-14
  4283.00    2.7186E-14
  4286.00    2.7346E-14
  4289.00    2.5216E-14
  4292.00    2.5450E-14
  4295.00    2.6746E-14
  4298.00    2.3069E-14
  4301.00    2.4661E-14
  4304.00    2.4417E-14
  4307.00    2.2072E-14
  4310.00    2.3110E-14
  4313.00    2.5496E-14
  4316.00    2.6781E-14
  4319.00    2.7798E-14
  4322.00    2.6973E-14
  4325.00    2.7648E-14
  4328.00    2.7295E-14
  4331.00    2.7447E-14
  4334.00    2.7497E-14
  4337.00    2.7141E-14
  4340.00    2.5637E-14
  4343.00    2.5217E-14
  4346.00    2.5750E-14
  4349.00    2.4490E-14
  4352.00    2.8456E-14
  4355.00    2.8706E-14
  4358.00    3.1659E-14
  4361.00    2.9730E-14
  4364.00    3.0462E-14
  4367.00    2.9057E-14
  4370.00    2.9845E-14
  4373.00    2.8938E-14
  4376.00    2.7484E-14
  4379.00    2.7615E-14
  4382.00    2.7189E-14
  4385.00    2.9160E-14
  4388.00    2.7293E-14
  4391.00    2.9098E-14
  4394.00    2.8808E-14
  4397.00    2.9803E-14
  4400.00    2.9703E-14
  4403.00    2.9373E-14
  4406.00    2.9890E-14
  4409.00    2.9785E-14
  4412.00    2.8725E-14
  4415.00    2.8502E-14
  4418.00    3.0645E-14
  4421.00    3.0991E-14
  4424.00    3.0549E-14
  4427.00    3.0844E-14
  4430.00    3.2767E-14
  4433.00    3.0908E-14
  4436.00    3.0562E-14
  4439.00    2.9791E-14
  4442.00    3.2334E-14
  4445.00    3.2590E-14
  4448.00    3.0272E-14
  4451.00    3.0152E-14
  4454.00    3.2695E-14
  4457.00    2.9699E-14
  4460.00    3.0592E-14
  4463.00    3.1109E-14
  4466.00    3.1716E-14
  4469.00    3.0822E-14
  4472.00    3.1264E-14
  4475.00    3.2480E-14
  4478.00    3.1469E-14
  4481.00    3.2841E-14
  4484.00    3.2131E-14
  4487.00    3.5320E-14
  4490.00    3.3814E-14
  4493.00    3.1097E-14
  4496.00    3.3932E-14
  4499.00    3.2777E-14
  4502.00    3.3341E-14
  4505.00    3.3913E-14
  4508.00    3.4078E-14
  4511.00    3.4226E-14
  4514.00    3.3463E-14
  4517.00    3.4252E-14
  4520.00    3.3597E-14
  4523.00    3.3515E-14
  4526.00    3.2209E-14
  4529.00    3.2121E-14
  4532.00    3.4571E-14
  4535.00    3.0859E-14
  4538.00    3.1832E-14
  4541.00    3.3043E-14
  4544.00    3.3177E-14
  4547.00    3.3777E-14
  4550.00    3.3726E-14
  4553.00    3.5592E-14
  4556.00    3.5208E-14
  4559.00    3.3594E-14
  4562.00    3.3914E-14
  4565.00    3.5109E-14
  4568.00    3.4031E-14
  4571.00    3.3418E-14
  4574.00    3.3869E-14
  4577.00    3.3524E-14
  4580.00    3.5790E-14
  4583.00    3.4831E-14
  4586.00    3.2543E-14
  4589.00    3.3757E-14
  4592.00    3.4373E-14
  4595.00    3.3067E-14
  4598.00    3.3560E-14
  4601.00    3.5702E-14
  4604.00    3.3217E-14
  4607.00    3.5080E-14
  4610.00    3.4534E-14
  4613.00    3.4022E-14
  4616.00    3.2836E-14
  4619.00    3.5615E-14
  4622.00    3.5066E-14
  4625.00    3.3117E-14
  4628.00    3.3407E-14
  4631.00    3.5872E-14
  4634.00    3.4709E-14
  4637.00    3.4611E-14
  4640.00    3.5260E-14
  4643.00    3.3754E-14
  4646.00    3.3852E-14
  4649.00    3.3191E-14
  4652.00    3.5524E-14
  4655.00    3.4024E-14
  4658.00    3.5043E-14
  4661.00    3.4518E-14
  4664.00    3.5347E-14
  4667.00    3.3645E-14
  4670.00    3.4037E-14
  4673.00    3.5941E-14
  4676.00    3.4230E-14
  4679.00    3.4908E-14
  4682.00    3.6611E-14
  4685.00    3.3348E-14
  4688.00    3.3590E-14
  4691.00    3.5004E-14
  4694.00    3.4912E-14
  4697.00    3.4214E-14
  4700.00    3.3278E-14
  4703.00    3.4012E-14
  4706.00    3.3742E-14
  4709.00    3.4181E-14
  4712.00    3.4889E-14
  4715.00    3.4049E-14
  4718.00    3.6006E-14
  4721.00    3.5900E-14
  4724.00    3.6143E-14
  4727.00    3.4071E-14
  4730.00    3.2942E-14
  4733.00    3.5563E-14
  4736.00    3.4396E-14
  4739.00    3.4932E-14
  4742.00    3.5639E-14
  4745.00    3.4413E-14
  4748.00    3.5957E-14
  4751.00    3.4395E-14
  4754.00    3.4487E-14
  4757.00    3.4016E-14
  4760.00    3.6502E-14
  4763.00    3.5908E-14
  4766.00    3.5600E-14
  4769.00    3.3119E-14
  4772.00    3.4148E-14
  4775.00    3.4191E-14
  4778.00    3.6781E-14
  4781.00    3.6110E-14
  4784.00    3.4079E-14
  4787.00    3.5832E-14
  4790.00    3.4553E-14
  4793.00    3.6189E-14
  4796.00    3.6452E-14
  4799.00    3.6513E-14
  4802.00    3.5784E-14
  4805.00    3.5471E-14
  4808.00    3.7329E-14
  4811.00    3.5668E-14
  4814.00    3.7185E-14
  4817.00    3.6891E-14
  4820.00    3.4492E-14
  4823.00    3.6527E-14
  4826.00    3.5368E-14
  4829.00    3.7325E-14
  4832.00    3.6337E-14
  4835.00    3.6189E-14
  4838.00    3.5916E-14
  4841.00    3.4616E-14
  4844.00    3.5105E-14
  4847.00    3.4832E-14
  4850.00    3.3819E-14
  4853.00    3.4623E-14
  4856.00    3.1466E-14
  4859.00    3.0830E-14
  4862.00    3.0037E-14
  4865.00    3.1776E-14
  4868.00    3.1531E-14
  4871.00    3.2313E-14
  4874.00    3.2211E-14
  4877.00    3.3186E-14
  4880.00    3.4819E-14
  4883.00    3.5022E-14
  4886.00    3.3941E-14
  4889.00    3.5401E-14
  4892.00    3.3988E-14
  4895.00    3.5077E-14
  4898.00    3.5079E-14
  4901.00    3.5168E-14
  4904.00    3.6764E-14
  4907.00    3.7785E-14
  4910.00    3.5075E-14
  4913.00    3.5493E-14
  4916.00    3.4614E-14
  4919.00    3.6029E-14
  4922.00    3.5229E-14
  4925.00    3.5150E-14
  4928.00    3.4683E-14
  4931.00    3.5665E-14
  4934.00    3.4295E-14
  4937.00    3.5080E-14
  4940.00    3.6679E-14
  4943.00    3.6146E-14
  4946.00    3.5770E-14
  4949.00    3.6007E-14
  4952.00    3.7926E-14
  4955.00    3.5216E-14
  4958.00    3.6090E-14
  4961.00    3.7115E-14
  4964.00    3.5271E-14
  4967.00    3.5130E-14
  4970.00    3.7112E-14
  4973.00    3.6561E-14
  4976.00    3.5342E-14
  4979.00    3.5278E-14
  4982.00    3.4166E-14
  4985.00    3.5168E-14
  4988.00    3.4802E-14
  4991.00    3.4926E-14
  4994.00    3.2162E-14
  4997.00    3.3739E-14
  5000.00    3.4480E-14
  5003.00    3.4126E-14
  5006.00    3.3843E-14
  5009.00    3.3733E-14
  5012.00    3.2583E-14
  5015.00    3.3308E-14
  5018.00    3.2287E-14
  5021.00    3.2019E-14
  5024.00    3.3586E-14
  5027.00    3.4200E-14
  5030.00    3.5019E-14
  5033.00    3.3638E-14
  5036.00    3.4754E-14
  5039.00    3.4463E-14
  5042.00    3.4744E-14
  5045.00    3.2652E-14
  5048.00    3.3335E-14
  5051.00    3.5045E-14
  5054.00    3.3382E-14
  5057.00    3.5230E-14
  5060.00    3.5443E-14
  5063.00    3.5267E-14
  5066.00    3.5947E-14
  5069.00    3.3972E-14
  5072.00    3.5736E-14
  5075.00    3.3957E-14
  5078.00    3.4223E-14
  5081.00    3.4670E-14
  5084.00    3.3344E-14
  5087.00    3.6005E-14
  5090.00    3.5335E-14
  5093.00    3.4591E-14
  5096.00    3.5353E-14
  5099.00    3.6224E-14
  5102.00    3.3059E-14
  5105.00    3.6159E-14
  5108.00    3.6019E-14
  5111.00    3.3953E-14
  5114.00    3.6655E-14
  5117.00    3.4359E-14
  5120.00    3.5784E-14
  5123.00    3.5019E-14
  5126.00    3.4240E-14
  5129.00    3.5285E-14
  5132.00    3.4031E-14
  5135.00    3.5579E-14
  5138.00    3.3842E-14
  5141.00    3.3136E-14
  5144.00    3.3117E-14
  5147.00    3.2555E-14
  5150.00    3.2169E-14
  5153.00    3.3361E-14
  5156.00    3.4545E-14
  5159.00    3.4229E-14
  5162.00    3.5237E-14
  5165.00    3.4617E-14
  5168.00    3.1048E-14
  5171.00    3.1397E-14
  5174.00    3.0758E-14
  5177.00    3.2072E-14
  5180.00    3.1014E-14
  5183.00    3.2437E-14
  5186.00    3.2171E-14
  5189.00    3.2726E-14
  5192.00    3.3263E-14
  5195.00    3.3596E-14
  5198.00    3.3943E-14
  5201.00    3.2750E-14
  5204.00    3.2858E-14
  5207.00    3.2610E-14
  5210.00    3.2915E-14
  5213.00    3.3159E-14
  5216.00    3.4714E-14
  5219.00    3.5132E-14
  5222.00    3.5966E-14
  5225.00    3.3249E-14
  5228.00    3.5630E-14
  5231.00    3.5879E-14
  5234.00    3.6406E-14
  5237.00    3.4918E-14
  5240.00    3.5065E-14
  5243.00    3.4752E-14
  5246.00    3.5240E-14
  5249.00    3.5684E-14
  5252.00    3.7273E-14
  5255.00    3.5197E-14
  5258.00    3.5741E-14
  5261.00    3.4966E-14
  5264.00    3.5301E-14
  5267.00    3.3026E-14
  5270.00    3.2974E-14
  5273.00    3.4535E-14
  5276.00    3.3320E-14
  5279.00    3.5637E-14
  5282.00    3.5951E-14
  5285.00    3.5875E-14
  5288.00    3.6840E-14
  5291.00    3.5877E-14
  5294.00    3.6685E-14
  5297.00    3.4973E-14
  5300.00    3.6821E-14
  5303.00    3.7639E-14
  5306.00    3.7885E-14
  5309.00    3.6817E-14
  5312.00    3.6621E-14
  5315.00    3.8297E-14
  5318.00    3.8661E-14
  5321.00    3.7979E-14
  5324.00    3.6715E-14
  5327.00    3.5559E-14
  5330.00    3.6008E-14
  5333.00    3.6264E-14
  5336.00    3.5596E-14
  5339.00    3.6131E-14
  5342.00    3.4821E-14
  5345.00    3.5455E-14
  5348.00    3.6250E-14
  5351.00    3.6487E-14
  5354.00    3.6851E-14
  5357.00    3.7903E-14
  5360.00    3.6787E-14
  5363.00    3.7379E-14
  5366.00    3.7861E-14
  5369.00    3.7473E-14
  5372.00    3.6096E-14
  5375.00    3.5641E-14
  5378.00    3.6718E-14
  5381.00    3.7498E-14
  5384.00    3.6665E-14
  5387.00    3.5562E-14
  5390.00    3.7092E-14
  5393.00    3.6637E-14
  5396.00    3.4943E-14
  5399.00    3.5197E-14
  5402.00    3.5554E-14
  5405.00    3.5670E-14
  5408.00    3.5549E-14
  5411.00    3.5047E-14
  5414.00    3.6473E-14
  5417.00    3.6018E-14
  5420.00    3.4858E-14
  5423.00    3.6474E-14
  5426.00    3.6864E-14
  5429.00    3.6740E-14
  5432.00    3.6020E-14
  5435.00    3.6897E-14
  5438.00    3.6618E-14
  5441.00    3.5926E-14
  5444.00    3.5925E-14
  5447.00    3.6508E-14
  5450.00    3.7507E-14
  5453.00    3.6403E-14
  5456.00    3.6461E-14
  5459.00    3.5360E-14
  5462.00    3.5237E-14
  5465.00    3.7357E-14
  5468.00    3.7007E-14
  5471.00    3.3805E-14
  5474.00    3.5928E-14
  5477.00    3.6706E-14
  5480.00    3.7671E-14
  5483.00    3.6777E-14
  5486.00    3.7107E-14
  5489.00    3.6511E-14
  5492.00    3.6964E-14
  5495.00    3.6326E-14
  5498.00    3.6939E-14
  5501.00    3.8122E-14
  5504.00    3.7699E-14
  5507.00    3.5092E-14
  5510.00    3.6854E-14
  5513.00    3.6429E-14
  5516.00    3.6317E-14
  5519.00    3.7559E-14
  5522.00    3.5005E-14
  5525.00    3.8079E-14
  5528.00    3.7003E-14
  5531.00    3.6809E-14
  5534.00    3.7877E-14
  5537.00    3.7065E-14
  5540.00    3.8627E-14
  5543.00    3.9594E-14
  5546.00    3.5586E-14
  5549.00    3.5965E-14
  5552.00    3.7728E-14
  5555.00    3.7869E-14
  5558.00    3.7202E-14
  5561.00    3.6980E-14
  5564.00    3.7303E-14
  5567.00    3.5850E-14
  5570.00    3.7548E-14
  5573.00    3.7427E-14
  5576.00    3.6852E-14
  5579.00    3.4814E-14
  5582.00    3.6901E-14
  5585.00    3.7062E-14
  5588.00    3.7292E-14
  5591.00    3.6935E-14
  5594.00    3.7165E-14
  5597.00    3.6298E-14
  5600.00    3.5867E-14
  5603.00    3.6217E-14
  5606.00    3.5634E-14
  5609.00    3.7548E-14
  5612.00    3.7097E-14
  5615.00    3.7697E-14
  5618.00    3.9147E-14
  5621.00    3.6413E-14
  5624.00    3.5317E-14
  5627.00    3.7605E-14
  5630.00    3.7770E-14
  5633.00    3.8635E-14
  5636.00    3.7099E-14
  5639.00    3.7776E-14
  5642.00    4.0164E-14
  5645.00    3.7472E-14
  5648.00    3.8531E-14
  5651.00    3.7128E-14
  5654.00    3.6875E-14
  5657.00    3.6123E-14
  5660.00    3.5931E-14
  5663.00    3.6592E-14
  5666.00    3.5808E-14
  5669.00    3.6974E-14
  5672.00    3.7681E-14
  5675.00    3.6692E-14
  5678.00    3.8079E-14
  5681.00    3.6651E-14
  5684.00    3.6313E-14
  5687.00    3.8843E-14
  5690.00    3.7952E-14
  5693.00    3.6781E-14
  5696.00    3.6762E-14
  5699.00    3.8176E-14
  5702.00    3.5707E-14
  5705.00    3.7736E-14
  5708.00    3.8009E-14
  5711.00    3.8398E-14
  5714.00    3.5958E-14
  5717.00    3.8385E-14
  5720.00    3.8959E-14
  5723.00    3.6782E-14
  5726.00    3.8203E-14
  5729.00    3.8796E-14
  5732.00    3.7294E-14
  5735.00    3.8558E-14
  5738.00    3.9566E-14
  5741.00    3.7903E-14
  5744.00    3.9289E-14
  5747.00    3.8419E-14
  5750.00    3.8566E-14
  5753.00    3.9104E-14
  5756.00    3.9007E-14
  5759.00    3.7497E-14
  5762.00    3.7678E-14
  5765.00    3.8865E-14
  5768.00    3.9090E-14
  5771.00    3.8393E-14
  5774.00    4.0791E-14
  5777.00    3.7801E-14
  5780.00    3.7048E-14
  5783.00    3.7875E-14
  5786.00    3.8104E-14
  5789.00    3.7906E-14
  5792.00    3.6186E-14
  5795.00    3.9575E-14
  5798.00    3.8359E-14
  5801.00    3.8117E-14
  5804.00    3.8606E-14
  5807.00    3.9388E-14
  5810.00    3.9847E-14
  5813.00    3.8463E-14
  5816.00    3.7640E-14
  5819.00    3.8610E-14
  5822.00    4.0521E-14
  5825.00    3.7956E-14
  5828.00    3.9539E-14
  5831.00    3.9136E-14
  5834.00    3.9112E-14
  5837.00    3.8460E-14
  5840.00    3.8635E-14
  5843.00    3.9659E-14
  5846.00    3.7906E-14
  5849.00    3.8554E-14
  5852.00    3.7475E-14
  5855.00    3.8200E-14
  5858.00    3.9404E-14
  5861.00    3.7763E-14
  5864.00    3.7953E-14
  5867.00    3.8773E-14
  5870.00    3.9915E-14
  5873.00    3.8979E-14
  5876.00    3.7935E-14
  5879.00    3.8349E-14
  5882.00    3.6277E-14
  5885.00    3.6694E-14
  5888.00    3.5103E-14
  5891.00    3.3718E-14
  5894.00    3.5580E-14
  5897.00    3.4106E-14
  5900.00    3.5254E-14
  5903.00    3.6640E-14
  5906.00    3.5610E-14
  5909.00    3.7769E-14
  5912.00    3.7157E-14
  5915.00    3.5926E-14
  5918.00    3.7469E-14
  5921.00    3.7552E-14
  5924.00    3.8196E-14
  5927.00    3.7671E-14
  5930.00    3.7225E-14
  5933.00    3.9122E-14
  5936.00    3.9278E-14
  5939.00    3.7303E-14
  5942.00    3.8823E-14
  5945.00    3.9110E-14
  5948.00    3.6635E-14
  5951.00    3.8375E-14
  5954.00    3.7085E-14
  5957.00    3.7571E-14
  5960.00    3.8656E-14
  5963.00    3.8297E-14
  5966.00    3.7712E-14
  5969.00    3.6576E-14
  5972.00    3.6896E-14
  5975.00    3.8401E-14
  5978.00    3.8534E-14
  5981.00    3.8982E-14
  5984.00    3.7208E-14
  5987.00    3.6515E-14
  5990.00    3.8358E-14
  5993.00    3.7718E-14
  5996.00    3.9917E-14
  5999.00    3.9592E-14
  6002.00    3.8667E-14
  6005.00    3.8109E-14
  6008.00    3.7965E-14
  6011.00    3.8076E-14
  6014.00    3.7699E-14
  6017.00    3.7414E-14
  6020.00    3.6548E-14
  6023.00    3.6373E-14
  6026.00    3.7801E-14
  6029.00    3.9638E-14
  6032.00    3.8056E-14
  6035.00    3.9190E-14
  6038.00    3.8776E-14
  6041.00    3.7269E-14
  6044.00    3.9116E-14
  6047.00    3.9935E-14
  6050.00    4.0062E-14
  6053.00    4.0145E-14
  6056.00    4.0176E-14
  6059.00    3.8343E-14
  6062.00    3.9118E-14
  6065.00    3.8583E-14
  6068.00    3.7647E-14
  6071.00    3.7914E-14
  6074.00    3.9242E-14
  6077.00    3.8771E-14
  6080.00    3.8001E-14
  6083.00    3.9143E-14
  6086.00    3.9136E-14
  6089.00    3.9788E-14
  6092.00    3.8989E-14
  6095.00    3.8611E-14
  6098.00    3.7234E-14
  6101.00    3.7929E-14
  6104.00    3.7757E-14
  6107.00    3.9456E-14
  6110.00    3.9074E-14
  6113.00    3.8384E-14
  6116.00    3.9153E-14
  6119.00    3.9553E-14
  6122.00    3.8589E-14
  6125.00    3.9148E-14
  6128.00    3.9409E-14
  6131.00    3.8400E-14
  6134.00    4.0024E-14
  6137.00    3.7697E-14
  6140.00    3.6801E-14
  6143.00    3.6548E-14
  6146.00    3.9054E-14
  6149.00    3.9431E-14
  6152.00    3.7130E-14
  6155.00    3.6615E-14
  6158.00    3.5573E-14
  6161.00    3.6652E-14
  6164.00    3.6969E-14
  6167.00    3.6473E-14
  6170.00    3.6164E-14
  6173.00    3.5735E-14
  6176.00    3.6375E-14
  6179.00    3.8551E-14
  6182.00    3.6625E-14
  6185.00    3.8572E-14
  6188.00    3.7320E-14
  6191.00    3.7531E-14
  6194.00    3.7893E-14
  6197.00    3.7930E-14
  6200.00    3.6517E-14
  6203.00    3.6573E-14
  6206.00    3.6383E-14
  6209.00    3.8264E-14
  6212.00    3.7168E-14
  6215.00    3.7603E-14
  6218.00    3.7034E-14
  6221.00    3.7000E-14
  6224.00    3.8227E-14
  6227.00    3.6353E-14
  6230.00    3.6705E-14
  6233.00    3.5883E-14
  6236.00    3.6527E-14
  6239.00    3.6042E-14
  6242.00    3.5272E-14
  6245.00    3.6294E-14
  6248.00    3.4639E-14
  6251.00    3.6343E-14
  6254.00    3.5296E-14
  6257.00    3.6207E-14
  6260.00    3.6783E-14
  6263.00    3.6109E-14
  6266.00    3.5864E-14
  6269.00    3.7942E-14
  6272.00    3.6936E-14
  6275.00    3.8884E-14
  6278.00    3.7278E-14
  6281.00    3.7580E-14
  6284.00    3.8038E-14
  6287.00    3.6887E-14
  6290.00    3.7079E-14
  6293.00    3.6992E-14
  6296.00    3.7639E-14
  6299.00    3.6619E-14
  6302.00    3.6238E-14
  6305.00    3.7826E-14
  6308.00    3.4742E-14
  6311.00    3.5180E-14
  6314.00    3.5823E-14
  6317.00    3.6461E-14
  6320.00    3.7532E-14
  6323.00    3.8360E-14
  6326.00    3.6069E-14
  6329.00    3.6973E-14
  6332.00    3.7981E-14
  6335.00    3.7499E-14
  6338.00    3.7086E-14
  6341.00    3.8422E-14
  6344.00    3.6709E-14
  6347.00    3.7211E-14
  6350.00    3.7753E-14
  6353.00    3.7185E-14
  6356.00    3.7987E-14
  6359.00    3.8638E-14
  6362.00    3.7100E-14
  6365.00    3.7670E-14
  6368.00    3.7496E-14
  6371.00    3.8816E-14
  6374.00    3.8169E-14
  6377.00    3.8276E-14
  6380.00    3.7027E-14
  6383.00    3.9379E-14
  6386.00    3.7225E-14
  6389.00    3.7427E-14
  6392.00    3.8141E-14
  6395.00    3.7046E-14
  6398.00    3.7331E-14
  6401.00    4.0321E-14
  6404.00    3.7187E-14
  6407.00    3.8077E-14
  6410.00    3.7248E-14
  6413.00    3.8243E-14
  6416.00    3.7046E-14
  6419.00    3.8628E-14
  6422.00    3.5768E-14
  6425.00    3.5747E-14
  6428.00    3.7282E-14
  6431.00    3.7697E-14
  6434.00    3.6745E-14
  6437.00    3.7430E-14
  6440.00    3.6886E-14
  6443.00    3.6227E-14
  6446.00    4.0025E-14
  6449.00    3.8787E-14
  6452.00    3.7769E-14
  6455.00    3.7200E-14
  6458.00    3.6488E-14
  6461.00    3.7449E-14
  6464.00    3.7093E-14
  6467.00    3.7406E-14
  6470.00    3.7864E-14
  6473.00    3.7738E-14
  6476.00    3.8459E-14
  6479.00    3.7644E-14
  6482.00    3.8647E-14
  6485.00    3.7612E-14
  6488.00    3.6972E-14
  6491.00    3.7707E-14
  6494.00    3.5952E-14
  6497.00    3.7759E-14
  6500.00    3.7472E-14
  6503.00    3.7562E-14
  6506.00    3.7621E-14
  6509.00    3.7995E-14
  6512.00    3.6307E-14
  6515.00    3.8741E-14
  6518.00    3.6600E-14
  6521.00    3.8579E-14
  6524.00    3.9842E-14
  6527.00    3.7488E-14
  6530.00    3.9098E-14
  6533.00    3.7211E-14
  6536.00    3.7643E-14
  6539.00    3.9125E-14
  6542.00    3.7529E-14
  6545.00    3.7245E-14
  6548.00    3.5122E-14
  6551.00    3.7132E-14
  6554.00    3.5724E-14
  6557.00    3.5766E-14
  6560.00    3.5441E-14
  6563.00    3.5168E-14
  6566.00    3.5854E-14
  6569.00    3.3761E-14
  6572.00    3.4300E-14
  6575.00    3.3464E-14
  6578.00    3.5211E-14
  6581.00    3.5425E-14
  6584.00    3.5661E-14
  6587.00    3.6530E-14
  6590.00    3.7228E-14
  6593.00    3.6064E-14
  6596.00    3.6603E-14
  6599.00    3.6769E-14
  6602.00    3.8531E-14
  6605.00    3.9402E-14
  6608.00    3.7878E-14
  6611.00    3.9540E-14
  6614.00    3.7075E-14
  6617.00    3.6808E-14
  6620.00    3.6997E-14
  6623.00    3.8328E-14
  6626.00    3.8609E-14
  6629.00    3.7630E-14
  6632.00    3.5746E-14
  6635.00    3.6248E-14
  6638.00    3.6138E-14
  6641.00    3.7200E-14
  6644.00    3.8764E-14
  6647.00    3.7279E-14
  6650.00    3.8226E-14
  6653.00    3.8281E-14
  6656.00    3.6573E-14
  6659.00    3.7160E-14
  6662.00    3.7978E-14
  6665.00    3.7239E-14
  6668.00    3.5721E-14
  6671.00    3.8572E-14
  6674.00    3.7453E-14
  6677.00    3.6982E-14
  6680.00    3.6726E-14
  6683.00    3.7076E-14
  6686.00    3.7568E-14
  6689.00    3.6802E-14
  6692.00    3.7286E-14
  6695.00    3.6999E-14
  6698.00    3.7987E-14
  6701.00    3.5955E-14
  6704.00    3.6362E-14
  6707.00    3.7158E-14
  6710.00    3.7808E-14
  6713.00    3.5340E-14
  6716.00    3.8341E-14
  6719.00    3.5903E-14
  6722.00    3.7719E-14
  6725.00    3.5240E-14
  6728.00    3.6631E-14
  6731.00    3.7150E-14
  6734.00    3.6477E-14
  6737.00    3.5177E-14
  6740.00    3.6155E-14
  6743.00    3.7006E-14
  6746.00    3.7593E-14
  6749.00    3.6005E-14
  6752.00    3.5955E-14
  6755.00    3.8217E-14
  6758.00    3.4996E-14
  6761.00    3.6928E-14
  6764.00    3.7352E-14
  6767.00    3.4970E-14
  6770.00    3.6166E-14
  6773.00    3.7461E-14
  6776.00    3.6896E-14
  6779.00    3.6598E-14
  6782.00    3.5117E-14
  6785.00    3.7277E-14
  6788.00    3.6713E-14
  6791.00    3.6720E-14
  6794.00    3.6748E-14
  6797.00    3.5961E-14
  6800.00    3.5933E-14
  6803.00    3.5706E-14
  6806.00    3.6337E-14
  6809.00    3.5772E-14
  6812.00    3.5911E-14
  6815.00    3.6284E-14
  6818.00    3.6329E-14
  6821.00    3.7379E-14
  6824.00    3.7355E-14
  6827.00    3.5030E-14
  6830.00    3.5447E-14
  6833.00    3.5202E-14
  6836.00    3.4423E-14
  6839.00    3.6112E-14
  6842.00    3.6008E-14
  6845.00    3.5051E-14
  6848.00    3.6378E-14
  6851.00    3.5203E-14
  6854.00    3.6457E-14
  6857.00    3.5317E-14
  6860.00    3.2992E-14
  6863.00    3.6205E-14
  6866.00    3.5054E-14
  6869.00    3.5657E-14
  6872.00    3.4803E-14
  6875.00    3.4952E-14
  6878.00    3.5498E-14
  6881.00    3.6436E-14
  6884.00    3.6491E-14
  6887.00    3.5868E-14
  6890.00    3.5488E-14
  6893.00    3.6458E-14
  6896.00    3.5702E-14
  6899.00    3.4595E-14
  6902.00    3.5439E-14
  6905.00    3.7687E-14
  6908.00    3.5448E-14
  6911.00    3.7322E-14
  6914.00    3.7095E-14
  6917.00    3.5384E-14
  6920.00    3.6766E-14
  6923.00    3.5276E-14
  6926.00    3.6265E-14
  6929.00    3.8339E-14
  6932.00    3.6509E-14
  6935.00    3.7445E-14
  6938.00    3.6848E-14
  6941.00    3.5826E-14
  6944.00    3.6115E-14
  6947.00    3.7106E-14
  6950.00    3.7312E-14
  6953.00    3.6032E-14
  6956.00    3.6717E-14
  6959.00    3.5812E-14
  6962.00    3.6460E-14
  6965.00    3.7497E-14
  6968.00    3.7178E-14
  6971.00    3.7832E-14
  6974.00    3.5503E-14
  6977.00    3.5606E-14
  6980.00    3.6923E-14
  6983.00    3.6630E-14
  6986.00    3.7280E-14
  6989.00    3.7266E-14
  6992.00    3.6158E-14
  6995.00    3.5207E-14
  6998.00    3.7458E-14
  7001.00    3.5893E-14
  7004.00    3.6888E-14
  7007.00    3.6235E-14
  7010.00    3.6049E-14
  7013.00    3.5581E-14
  7016.00    3.5566E-14
  7019.00    3.5506E-14
  7022.00    3.6288E-14
  7025.00    3.6468E-14
  7028.00    3.6578E-14
  7031.00    3.6969E-14
  7034.00    3.5968E-14
  7037.00    3.8640E-14
  7040.00    3.7576E-14
  7043.00    3.6752E-14
  7046.00    3.7862E-14
  7049.00    3.7397E-14
  7052.00    3.8702E-14
  7055.00    3.7788E-14
  7058.00    3.5388E-14
  7061.00    3.7102E-14
  7064.00    3.7982E-14
  7067.00    3.6618E-14
  7070.00    3.5599E-14
  7073.00    3.7283E-14
  7076.00    3.6695E-14
  7079.00    3.7843E-14
  7082.00    3.6665E-14
  7085.00    3.6939E-14
  7088.00    3.4011E-14
  7091.00    3.7234E-14
  7094.00    3.5405E-14
  7097.00    3.6209E-14
  7100.00    3.6069E-14
  7103.00    3.6550E-14
  7106.00    3.5669E-14
  7109.00    3.6486E-14
  7112.00    3.5642E-14
  7115.00    3.5610E-14
  7118.00    3.6779E-14
  7121.00    3.5682E-14
  7124.00    3.5603E-14
  7127.00    3.5948E-14
  7130.00    3.3961E-14
  7133.00    3.4904E-14
  7136.00    3.5199E-14
  7139.00    3.5844E-14
  7142.00    3.6565E-14
  7145.00    3.5440E-14
  7148.00    3.3939E-14
  7151.00    3.5012E-14
  7154.00    3.5089E-14
  7157.00    3.6318E-14
  7160.00    3.5837E-14
  7163.00    3.5818E-14
  7166.00    3.6128E-14
  7169.00    3.5362E-14
  7172.00    3.5720E-14
  7175.00    3.4676E-14
  7178.00    3.5809E-14
  7181.00    3.3286E-14
  7184.00    3.3129E-14
  7187.00    3.4699E-14
  7190.00    3.5146E-14
  7193.00    3.3213E-14
  7196.00    3.5308E-14
  7199.00    3.4087E-14
  7202.00    3.5447E-14
  7205.00    3.4471E-14
  7208.00    3.5552E-14
  7211.00    3.4445E-14
  7214.00    3.5186E-14
  7217.00    3.5205E-14
  7220.00    3.5015E-14
  7223.00    3.6602E-14
  7226.00    3.6291E-14
  7229.00    3.6562E-14
  7232.00    3.5788E-14
  7235.00    3.6590E-14
  7238.00    3.7151E-14
  7241.00    3.5999E-14
  7244.00    3.6261E-14
  7247.00    3.6325E-14
  7250.00    3.5270E-14
  7253.00    3.6000E-14
  7256.00    3.5584E-14
  7259.00    3.7599E-14
  7262.00    3.7411E-14
  7265.00    3.6161E-14
  7268.00    3.6326E-14
  7271.00    3.3680E-14
  7274.00    3.5669E-14
  7277.00    3.5766E-14
  7280.00    3.7000E-14
  7283.00    3.6295E-14
  7286.00    3.6248E-14
  7289.00    3.5495E-14
  7292.00    3.5388E-14
  7295.00    3.6873E-14
  7298.00    3.6071E-14
  7301.00    3.6796E-14
  7304.00    3.5882E-14
  7307.00    3.6979E-14
  7310.00    3.6450E-14
  7313.00    3.7262E-14
  7316.00    3.5704E-14
  7319.00    3.6231E-14
  7322.00    3.5836E-14
  7325.00    3.6393E-14
  7328.00    3.7522E-14
  7331.00    3.7212E-14
  7334.00    3.9217E-14
  7337.00    3.7669E-14
  7340.00    3.7769E-14
  7343.00    3.6429E-14
  7346.00    3.6472E-14
  7349.00    3.5730E-14
  7352.00    3.8055E-14
  7355.00    3.6751E-14
  7358.00    3.6946E-14
  7361.00    3.5354E-14
  7364.00    3.7435E-14
  7367.00    3.8045E-14
  7370.00    3.5701E-14
  7373.00    3.8440E-14
  7376.00    3.6402E-14
  7379.00    3.7905E-14
  7382.00    3.7654E-14
  7385.00    3.7855E-14
  7388.00    3.5697E-14
  7391.00    3.8364E-14
  7394.00    3.7421E-14
  7397.00    3.7417E-14
  7400.00    3.6915E-14
  7403.00    3.7979E-14
  7406.00    3.8563E-14
  7409.00    3.7545E-14
  7412.00    3.7914E-14
  7415.00    3.6221E-14
  7418.00    3.7264E-14
  7421.00    3.6405E-14
  7424.00    3.7854E-14
  7427.00    3.6823E-14
  7430.00    3.8744E-14
  7433.00    3.8004E-14
  7436.00    3.8505E-14
  7439.00    3.7669E-14
  7442.00    3.8743E-14
  7445.00    3.5632E-14
  7448.00    3.7840E-14
  7451.00    3.7250E-14
  7454.00    3.7080E-14
  7457.00    3.8604E-14
  7460.00    3.8376E-14
  7463.00    3.7777E-14
  7466.00    3.9009E-14
  7469.00    3.7917E-14
  7472.00    3.7764E-14
  7475.00    3.8209E-14
  7478.00    3.8098E-14
  7481.00    3.6342E-14
  7484.00    3.8480E-14
  7487.00    3.8841E-14
  7490.00    3.7813E-14
  7493.00    3.6865E-14
  7496.00    3.7652E-14
  7499.00    3.6625E-14
  7502.00    3.8619E-14
  7505.00    3.7505E-14
  7508.00    3.9043E-14
  7511.00    3.7465E-14
  7514.00    3.8140E-14
  7517.00    3.8597E-14
  7520.00    3.7807E-14
  7523.00    3.8295E-14
  7526.00    3.6793E-14
  7529.00    3.6807E-14
  7532.00    3.8447E-14
  7535.00    3.7426E-14
  7538.00    3.8703E-14
  7541.00    3.7330E-14
  7544.00    3.7982E-14
  7547.00    3.6669E-14
  7550.00    3.8189E-14
  7553.00    3.8322E-14
  7556.00    3.8854E-14
  7559.00    3.8029E-14
  7562.00    3.7313E-14
  7565.00    3.6810E-14
  7568.00    3.7044E-14
  7571.00    3.6731E-14
  7574.00    3.7170E-14
  7577.00    3.7953E-14
  7580.00    3.7024E-14
  7583.00    3.6659E-14
  7586.00    3.6885E-14
  7589.00    3.7646E-14
  7592.00    3.6423E-14
  7595.00    3.6348E-14
  7598.00    3.6978E-14
  7601.00    3.5337E-14
  7604.00    3.6948E-14
  7607.00    3.8175E-14
  7610.00    3.8098E-14
  7613.00    3.6797E-14
  7616.00    3.7100E-14
  7619.00    3.6572E-14
  7622.00    3.6085E-14
  7625.00    3.7747E-14
  7628.00    3.7554E-14
  7631.00    3.6716E-14
  7634.00    3.7601E-14
  7637.00    3.6779E-14
  7640.00    3.6409E-14
  7643.00    3.7616E-14
  7646.00    3.6467E-14
  7649.00    3.7153E-14
  7652.00    3.5245E-14
  7655.00    3.6716E-14
  7658.00    3.4615E-14
  7661.00    3.6244E-14
  7664.00    3.5011E-14
  7667.00    3.5477E-14
  7670.00    3.4657E-14
  7673.00    3.6080E-14
  7676.00    3.4414E-14
  7679.00    3.5302E-14
  7682.00    3.4920E-14
  7685.00    3.5991E-14
  7688.00    3.6201E-14
  7691.00    3.5513E-14
  7694.00    3.5531E-14
  7697.00    3.4829E-14
  7700.00    3.3888E-14
  7703.00    3.4396E-14
  7706.00    3.3794E-14
  7709.00    3.6103E-14
  7712.00    3.5054E-14
  7715.00    3.6336E-14
  7718.00    3.4729E-14
  7721.00    3.4782E-14
  7724.00    3.5754E-14
  7727.00    3.5507E-14
  7730.00    3.4580E-14
  7733.00    3.3828E-14
  7736.00    3.5335E-14
  7739.00    3.6352E-14
  7742.00    3.5095E-14
  7745.00    3.4825E-14
  7748.00    3.5171E-14
  7751.00    3.7712E-14
  7754.00    3.5367E-14
  7757.00    3.4732E-14
  7760.00    3.5640E-14
  7763.00    3.5166E-14
  7766.00    3.5584E-14
  7769.00    3.5219E-14
  7772.00    3.6053E-14
  7775.00    3.6262E-14
  7778.00    3.5193E-14
  7781.00    3.5710E-14
  7784.00    3.5267E-14
  7787.00    3.5666E-14
  7790.00    3.6121E-14
  7793.00    3.6035E-14
  7796.00    3.5809E-14
  7799.00    3.6235E-14
  7802.00    3.4498E-14
  7805.00    3.5015E-14
  7808.00    3.5013E-14
  7811.00    3.5143E-14
  7814.00    3.6207E-14
  7817.00    3.6216E-14
  7820.00    3.7777E-14
  7823.00    3.6086E-14
  7826.00    3.6675E-14
  7829.00    3.2180E-14
  7832.00    3.7252E-14
  7835.00    3.6424E-14
  7838.00    3.6494E-14
  7841.00    3.5418E-14
  7844.00    3.5100E-14
  7847.00    3.5714E-14
  7850.00    3.5297E-14
  7853.00    3.4151E-14
  7856.00    3.6382E-14
  7859.00    3.5759E-14
  7862.00    3.6027E-14
  7865.00    3.5940E-14
  7868.00    3.5837E-14
  7871.00    3.6532E-14
  7874.00    3.6065E-14
  7877.00    3.5386E-14
  7880.00    3.6477E-14
  7883.00    3.5178E-14
  7886.00    3.6587E-14
  7889.00    3.7208E-14
  7892.00    3.5122E-14
  7895.00    3.5220E-14
  7898.00    3.5135E-14
  7901.00    3.5746E-14
  7904.00    3.6557E-14
  7907.00    3.5058E-14
  7910.00    3.5154E-14
  7913.00    3.3693E-14
  7916.00    3.4674E-14
  7919.00    3.5350E-14
  7922.00    3.6073E-14
  7925.00    3.5554E-14
  7928.00    3.4626E-14
  7931.00    3.4488E-14
  7934.00    3.4663E-14
  7937.00    3.5082E-14
  7940.00    3.5115E-14
  7943.00    3.5171E-14
  7946.00    3.4354E-14
  7949.00    3.4251E-14
  7952.00    3.3481E-14
  7955.00    3.6608E-14
  7958.00    3.5757E-14
  7961.00    3.6139E-14
  7964.00    3.4300E-14
  7967.00    3.4118E-14
  7970.00    3.5715E-14
  7973.00    3.5932E-14
  7976.00    3.5828E-14
  7979.00    3.5039E-14
  7982.00    3.6316E-14
  7985.00    3.6589E-14
  7988.00    3.4657E-14
  7991.00    3.4904E-14
  7994.00    3.5380E-14
  7997.00    3.4879E-14
  8000.00    3.5117E-14
  8003.00    3.4785E-14
  8006.00    3.5833E-14
  8009.00    3.3786E-14
  8012.00    3.6846E-14
  8015.00    3.5844E-14
  8018.00    3.5619E-14
  8021.00    3.5828E-14
  8024.00    3.5897E-14
  8027.00    3.6789E-14
  8030.00    3.6033E-14
  8033.00    3.5223E-14
  8036.00    3.5041E-14
  8039.00    3.6034E-14
  8042.00    3.5876E-14
  8045.00    3.6495E-14
  8048.00    3.5905E-14
  8051.00    3.4992E-14
  8054.00    3.5334E-14
  8057.00    3.4793E-14
  8060.00    3.6998E-14
  8063.00    3.5046E-14
  8066.00    3.6282E-14
  8069.00    3.4489E-14
  8072.00    3.3557E-14
  8075.00    3.4750E-14
  8078.00    3.7324E-14
  8081.00    3.4777E-14
  8084.00    3.5806E-14
  8087.00    3.6244E-14
  8090.00    3.5470E-14
  8093.00    3.6396E-14
  8096.00    3.5207E-14
  8099.00    3.3657E-14
  8102.00    3.4935E-14
  8105.00    3.5482E-14
  8108.00    3.3914E-14
  8111.00    3.4192E-14
  8114.00    3.4824E-14
  8117.00    3.6230E-14
  8120.00    3.5741E-14
  8123.00    3.5840E-14
  8126.00    3.5513E-14
  8129.00    3.5100E-14
  8132.00    3.5688E-14
  8135.00    3.5639E-14
  8138.00    3.6725E-14
  8141.00    3.6358E-14
  8144.00    3.5672E-14
  8147.00    3.4079E-14
  8150.00    3.5824E-14
  8153.00    3.4742E-14
  8156.00    3.5413E-14
  8159.00    3.5766E-14
  8162.00    3.4471E-14
  8165.00    3.4310E-14
  8168.00    3.5177E-14
  8171.00    3.5874E-14
  8174.00    3.5265E-14
  8177.00    3.4548E-14
  8180.00    3.4397E-14
  8183.00    3.5282E-14
  8186.00    3.3838E-14
  8189.00    3.5251E-14
  8192.00    3.2676E-14
  8195.00    3.3148E-14
  8198.00    3.5452E-14
  8201.00    3.2830E-14
  8204.00    3.3795E-14
  8207.00    3.5521E-14
  8210.00    3.4018E-14
  8213.00    3.5797E-14
  8216.00    3.5936E-14
  8219.00    3.5119E-14
  8222.00    3.4870E-14
  8225.00    3.6212E-14
  8228.00    3.3907E-14
  8231.00    3.4220E-14
  8234.00    3.3515E-14
  8237.00    3.4084E-14
  8240.00    3.4460E-14
  8243.00    3.4767E-14
  8246.00    3.5976E-14
  8249.00    3.4638E-14
  8252.00    3.4562E-14
  8255.00    3.5502E-14
  8258.00    3.4936E-14
  8261.00    3.4601E-14
  8264.00    3.6195E-14
  8267.00    3.5379E-14
  8270.00    3.5526E-14
  8273.00    3.4134E-14
  8276.00    3.5533E-14
  8279.00    3.5823E-14
  8282.00    3.4728E-14
  8285.00    3.3568E-14
  8288.00    3.4031E-14
  8291.00    3.3864E-14
  8294.00    3.5166E-14
  8297.00    3.4375E-14
  8300.00    3.4870E-14
  8303.00    3.4298E-14
  8306.00    3.5443E-14
  8309.00    3.4356E-14
  8312.00    3.4862E-14
  8315.00    3.3831E-14
  8318.00    3.3901E-14
  8321.00    3.3329E-14
  8324.00    3.4067E-14
  8327.00    3.3853E-14
  8330.00    3.4796E-14
  8333.00    3.4309E-14
  8336.00    3.4879E-14
  8339.00    3.4939E-14
  8342.00    3.4839E-14
  8345.00    3.4222E-14
  8348.00    3.3792E-14
  8351.00    3.4993E-14
  8354.00    3.4932E-14
  8357.00    3.4259E-14
  8360.00    3.2403E-14
  8363.00    3.4664E-14
  8366.00    3.6207E-14
  8369.00    3.3939E-14
  8372.00    3.3451E-14
  8375.00    3.4338E-14
  8378.00    3.3422E-14
  8381.00    3.5120E-14
  8384.00    3.4557E-14
  8387.00    3.5631E-14
  8390.00    3.5036E-14
  8393.00    3.4708E-14
  8396.00    3.5941E-14
  8399.00    3.4121E-14
  8402.00    3.2735E-14
  8405.00    3.5392E-14
  8408.00    3.3518E-14
  8411.00    3.3370E-14
  8414.00    3.5060E-14
  8417.00    3.5541E-14
  8420.00    3.4941E-14
  8423.00    3.4871E-14
  8426.00    3.4485E-14
  8429.00    3.3651E-14
  8432.00    3.5625E-14
  8435.00    3.3115E-14
  8438.00    3.4587E-14
  8441.00    3.3187E-14
  8444.00    3.2858E-14
  8447.00    3.3842E-14
  8450.00    3.4068E-14
  8453.00    3.4671E-14
  8456.00    3.4605E-14
  8459.00    3.3857E-14
  8462.00    3.3746E-14
  8465.00    3.4852E-14
  8468.00    3.4198E-14
  8471.00    3.4794E-14
  8474.00    3.5094E-14
  8477.00    3.3553E-14
  8480.00    3.2431E-14
  8483.00    3.3575E-14
  8486.00    3.2039E-14
  8489.00    3.4213E-14
  8492.00    3.3304E-14
  8495.00    3.4319E-14
  8498.00    3.5456E-14
  8501.00    3.3181E-14
  8504.00    3.3044E-14
  8507.00    3.3338E-14
  8510.00    3.4852E-14
  8513.00    3.3254E-14
  8516.00    3.2362E-14
  8519.00    3.3352E-14
  8522.00    3.3626E-14
  8525.00    3.2491E-14
  8528.00    3.4456E-14
  8531.00    3.0445E-14
  8534.00    3.4545E-14
  8537.00    3.2905E-14
  8540.00    3.1405E-14
  8543.00    3.1591E-14
  8546.00    3.2051E-14
  8549.00    3.1927E-14
  8552.00    3.1321E-14
  8555.00    3.2264E-14
  8558.00    3.1650E-14
  8561.00    3.2227E-14
  8564.00    3.1914E-14
  8567.00    3.4915E-14
  8570.00    3.3162E-14
  8573.00    3.4265E-14
  8576.00    3.5104E-14
  8579.00    3.4801E-14
  8582.00    3.4248E-14
  8585.00    3.4145E-14
  8588.00    3.5544E-14
  8591.00    3.4021E-14
  8594.00    3.4024E-14
  8597.00    3.3226E-14
  8600.00    3.2269E-14
  8603.00    3.3156E-14
  8606.00    3.1866E-14
  8609.00    3.2190E-14
  8612.00    3.6108E-14
  8615.00    3.3592E-14
  8618.00    3.2135E-14
  8621.00    3.3517E-14
  8624.00    3.4198E-14
  8627.00    3.4509E-14
  8630.00    3.2827E-14
  8633.00    3.3270E-14
  8636.00    3.2534E-14
  8639.00    3.2053E-14
  8642.00    3.1666E-14
  8645.00    3.3736E-14
  8648.00    3.1256E-14
  8651.00    3.1407E-14
  8654.00    3.1707E-14
  8657.00    3.3278E-14
  8660.00    3.3548E-14
  8663.00    3.1662E-14
  8666.00    3.1946E-14
  8669.00    3.2292E-14
  8672.00    3.1518E-14
  8675.00    2.9411E-14
  8678.00    3.2570E-14
  8681.00    2.8662E-14
  8684.00    3.1212E-14
  8687.00    3.0867E-14
  8690.00    3.2583E-14
  8693.00    3.1866E-14
  8696.00    3.2161E-14
  8699.00    3.1170E-14
  8702.00    3.2031E-14
  8705.00    3.2618E-14
  8708.00    3.3045E-14
  8711.00    3.3230E-14
  8714.00    3.4269E-14
  8717.00    3.1736E-14
  8720.00    3.4490E-14
  8723.00    3.1957E-14
  8726.00    3.3457E-14
  8729.00    3.2872E-14
  8732.00    3.3221E-14
  8735.00    3.3528E-14
  8738.00    3.3620E-14
  8741.00    3.2633E-14
  8744.00    3.2727E-14
  8747.00    3.3258E-14
  8750.00    3.2580E-14
  8753.00    3.2911E-14
  8756.00    3.2388E-14
  8759.00    3.3196E-14
  8762.00    3.3425E-14
  8765.00    3.3497E-14
  8768.00    3.2055E-14
  8771.00    3.3683E-14
  8774.00    3.2999E-14
  8777.00    3.2804E-14
  8780.00    3.3958E-14
  8783.00    3.2895E-14
  8786.00    3.2283E-14
  8789.00    3.2748E-14
  8792.00    3.3347E-14
  8795.00    3.3704E-14
  8798.00    3.2756E-14
  8801.00    3.2106E-14
  8804.00    3.1557E-14
  8807.00    3.3291E-14
  8810.00    3.3445E-14
  8813.00    3.2341E-14
  8816.00    3.4067E-14
  8819.00    3.1430E-14
  8822.00    3.1084E-14
  8825.00    3.1175E-14
  8828.00    3.1678E-14
  8831.00    3.2403E-14
  8834.00    3.2767E-14
  8837.00    3.1741E-14
  8840.00    3.3415E-14
  8843.00    3.3860E-14
  8846.00    3.1930E-14
  8849.00    3.4667E-14
  8852.00    3.3148E-14
  8855.00    3.1682E-14
  8858.00    3.4116E-14
  8861.00    3.2181E-14
  8864.00    3.1599E-14
  8867.00    3.2853E-14
  8870.00    3.3149E-14
  8873.00    3.1660E-14
  8876.00    3.0195E-14
  8879.00    3.1956E-14
  8882.00    3.1263E-14
  8885.00    3.2413E-14
  8888.00    3.1371E-14
  8891.00    3.1724E-14
  8894.00    3.2471E-14
  8897.00    3.2452E-14
  8900.00    3.1798E-14
  8903.00    3.1879E-14
  8906.00    3.1516E-14
  8909.00    3.2000E-14
  8912.00    3.2806E-14
  8915.00    3.0345E-14
  8918.00    3.2113E-14
  8921.00    3.1878E-14
  8924.00    3.3001E-14
  8927.00    3.2252E-14
  8930.00    3.1679E-14
  8933.00    3.2476E-14
  8936.00    3.1447E-14
  8939.00    2.9790E-14
  8942.00    3.2137E-14
  8945.00    3.1512E-14
  8948.00    3.1803E-14
  8951.00    3.1972E-14
  8954.00    3.0623E-14
  8957.00    2.9623E-14
  8960.00    3.0752E-14
  8963.00    2.9868E-14
  8966.00    3.2057E-14
  8969.00    3.0743E-14
  8972.00    3.1313E-14
  8975.00    3.0061E-14
  8978.00    3.0754E-14
  8981.00    3.0832E-14
  8984.00    3.1596E-14
  8987.00    2.8472E-14
  8990.00    3.0078E-14
  8993.00    3.0705E-14
  8996.00    3.0322E-14
  8999.00    2.9489E-14
  9002.00    3.0180E-14
  9005.00    3.0499E-14
  9008.00    2.9859E-14
  9011.00    2.9938E-14
  9014.00    2.9039E-14
  9017.00    3.0455E-14
  9020.00    2.7562E-14
  9023.00    3.2513E-14
  9026.00    3.1508E-14
  9029.00    3.1246E-14
  9032.00    2.9692E-14
  9035.00    3.0729E-14
  9038.00    3.4089E-14
  9041.00    3.2159E-14
  9044.00    3.2364E-14
  9047.00    3.3580E-14
  9050.00    3.2959E-14
  9053.00    3.2657E-14
  9056.00    3.1751E-14
  9059.00    3.2189E-14
  9062.00    3.2953E-14
  9065.00    3.1977E-14
  9068.00    3.2201E-14
  9071.00    3.3006E-14
  9074.00    3.1913E-14
  9077.00    3.2011E-14
  9080.00    3.1155E-14
  9083.00    3.2173E-14
  9086.00    3.2304E-14
  9089.00    3.1712E-14
  9092.00    3.2365E-14
  9095.00    3.1768E-14
  9098.00    3.1531E-14
  9101.00    3.1261E-14
  9104.00    3.0373E-14
  9107.00    3.0852E-14
  9110.00    3.0686E-14
  9113.00    2.9862E-14
  9116.00    3.1004E-14
  9119.00    3.0682E-14
  9122.00    3.1317E-14
  9125.00    3.2010E-14
  9128.00    3.0926E-14
  9131.00    2.9657E-14
  9134.00    3.0287E-14
  9137.00    3.0589E-14
  9140.00    3.0058E-14
  9143.00    3.1870E-14
  9146.00    3.0155E-14
  9149.00    3.0843E-14
  9152.00    2.9218E-14
  9155.00    2.9539E-14
  9158.00    3.1063E-14
  9161.00    3.0547E-14
  9164.00    3.0299E-14
  9167.00    3.1605E-14
  9170.00    2.8728E-14
  9173.00    3.0756E-14
  9176.00    2.9971E-14
  9179.00    3.0214E-14
  9182.00    2.9724E-14
  9185.00    3.0380E-14
  9188.00    2.9359E-14
  9191.00    3.0545E-14
  9194.00    3.1330E-14
  9197.00    2.8433E-14
  9200.00    2.9849E-14
  9203.00    3.0302E-14
  9206.00    3.0183E-14
  9209.00    3.0714E-14
  9212.00    3.1788E-14
  9215.00    2.9036E-14
  9218.00    3.1601E-14
  9221.00    3.1082E-14
  9224.00    2.9595E-14
  9227.00    2.9073E-14
  9230.00    2.9093E-14
  9233.00    2.9794E-14
  9236.00    2.9135E-14
  9239.00    3.1561E-14
  9242.00    2.9540E-14
  9245.00    3.1492E-14
  9248.00    3.0399E-14
  9251.00    2.9321E-14
  9254.00    3.0627E-14
  9257.00    3.0161E-14
  9260.00    3.0407E-14
  9263.00    3.0606E-14
  9266.00    3.0781E-14
  9269.00    3.2381E-14
  9272.00    3.1493E-14
  9275.00    3.2233E-14
  9278.00    3.0988E-14
  9281.00    3.0604E-14
  9284.00    2.9034E-14
  9287.00    3.0309E-14
  9290.00    2.9838E-14
  9293.00    3.0896E-14
  9296.00    2.8845E-14
  9299.00    2.9748E-14
  9302.00    2.9554E-14
  9305.00    3.0036E-14
  9308.00    3.0445E-14
  9311.00    2.9735E-14
  9314.00    3.0903E-14
  9317.00    3.1662E-14
  9320.00    3.0962E-14
  9323.00    3.0669E-14
  9326.00    3.0442E-14
  9329.00    2.9081E-14
  9332.00    3.1326E-14
  9335.00    3.0629E-14
  9338.00    3.1821E-14
  9341.00    2.9409E-14
  9344.00    3.2216E-14
  9347.00    3.1981E-14
  9350.00    3.0396E-14
  9353.00    3.1154E-14
  9356.00    3.1590E-14
  9359.00    3.2773E-14
  9362.00    3.1897E-14
  9365.00    3.0590E-14
  9368.00    3.0901E-14
  9371.00    2.9758E-14
  9374.00    3.2154E-14
  9377.00    3.1462E-14
  9380.00    3.2052E-14
  9383.00    3.1590E-14
  9386.00    3.0828E-14
  9389.00    3.2249E-14
  9392.00    3.0658E-14
  9395.00    3.1367E-14
  9398.00    3.1018E-14
  9401.00    3.1229E-14
  9404.00    3.3112E-14
  9407.00    3.3076E-14
  9410.00    3.0497E-14
  9413.00    3.0598E-14
  9416.00    3.1248E-14
  9419.00    3.1373E-14
  9422.00    3.0664E-14
  9425.00    3.2280E-14
  9428.00    3.1620E-14
  9431.00    3.2684E-14
  9434.00    3.0711E-14
  9437.00    3.0486E-14
  9440.00    3.0135E-14
  9443.00    3.0924E-14
  9446.00    3.0803E-14
  9449.00    3.1299E-14
  9452.00    3.0017E-14
  9455.00    3.1481E-14
  9458.00    3.0900E-14
  9461.00    3.0167E-14
  9464.00    3.2194E-14
  9467.00    3.2684E-14
  9470.00    2.9958E-14
  9473.00    3.1634E-14
  9476.00    3.0832E-14
  9479.00    3.1756E-14
  9482.00    3.0128E-14
  9485.00    3.0312E-14
  9488.00    3.2713E-14
  9491.00    3.1104E-14
  9494.00    3.2000E-14
  9497.00    3.0858E-14
  9500.00    3.0426E-14
  9503.00    3.3103E-14
  9506.00    3.0861E-14
  9509.00    3.1561E-14
  9512.00    3.0509E-14
  9515.00    3.0296E-14
  9518.00    3.2158E-14
  9521.00    3.0439E-14
  9524.00    3.2232E-14
  9527.00    3.1790E-14
  9530.00    3.2134E-14
  9533.00    3.2033E-14
  9536.00    3.0635E-14
  9539.00    3.2345E-14
  9542.00    3.0779E-14
  9545.00    3.1643E-14
  9548.00    3.0990E-14
  9551.00    2.9656E-14
  9554.00    3.1434E-14
  9557.00    3.1843E-14
  9560.00    2.9815E-14
  9563.00    3.2183E-14
  9566.00    2.9971E-14
  9569.00    3.0467E-14
  9572.00    3.0649E-14
  9575.00    3.1655E-14
  9578.00    3.2132E-14
  9581.00    3.1934E-14
  9584.00    3.0958E-14
  9587.00    3.0198E-14
  9590.00    3.1409E-14
  9593.00    3.1086E-14
  9596.00    3.0311E-14
  9599.00    3.2518E-14
  9602.00    3.2736E-14
  9605.00    3.1320E-14
  9608.00    3.1584E-14
  9611.00    3.2912E-14
  9614.00    3.1927E-14
  9617.00    3.2219E-14
  9620.00    3.1230E-14
  9623.00    3.2853E-14
  9626.00    3.0950E-14
  9629.00    3.0622E-14
  9632.00    3.2676E-14
  9635.00    3.0030E-14
  9638.00    3.1105E-14
  9641.00    3.2592E-14
  9644.00    3.0556E-14
  9647.00    3.1595E-14
  9650.00    3.0901E-14
  9653.00    3.0075E-14
  9656.00    3.0493E-14
  9659.00    2.9725E-14
  9662.00    3.0597E-14
  9665.00    3.0934E-14
  9668.00    3.1330E-14
  9671.00    3.1437E-14
  9674.00    2.9489E-14
  9677.00    3.0747E-14
  9680.00    2.9690E-14
  9683.00    3.3109E-14
  9686.00    3.0374E-14
  9689.00    2.9420E-14
  9692.00    3.0681E-14
  9695.00    3.2188E-14
  9698.00    3.0303E-14
  9701.00    3.0556E-14
  9704.00    3.1686E-14
  9707.00    3.1717E-14
  9710.00    2.9945E-14
  9713.00    3.2479E-14
  9716.00    2.8676E-14
  9719.00    3.0322E-14
  9722.00    2.9925E-14
  9725.00    3.1036E-14
  9728.00    3.0930E-14
  9731.00    3.0979E-14
  9734.00    3.0272E-14
  9737.00    3.0343E-14
  9740.00    3.1216E-14
  9743.00    3.0287E-14
  9746.00    2.9331E-14
  9749.00    3.1227E-14
  9752.00    3.0146E-14
  9755.00    3.1792E-14
  9758.00    3.0051E-14
  9761.00    3.1294E-14
  9764.00    2.9633E-14
  9767.00    3.0824E-14
  9770.00    2.9042E-14
  9773.00    3.1900E-14
  9776.00    2.8566E-14
  9779.00    2.9136E-14
  9782.00    2.9741E-14
  9785.00    3.0578E-14
  9788.00    3.0657E-14
  9791.00    2.8563E-14
  9794.00    2.9743E-14
  9797.00    2.8937E-14
  9800.00    2.9680E-14
