  1400.00    6.5949E-14
  1403.00    6.5081E-14
  1406.00    6.5472E-14
  1409.00    7.2792E-14
  1412.00    8.3321E-14
  1415.00    8.8504E-14
  1418.00    8.7241E-14
  1421.00    8.7169E-14
  1424.00    8.5750E-14
  1427.00    8.7439E-14
  1430.00    9.0449E-14
  1433.00    9.2742E-14
  1436.00    9.1980E-14
  1439.00    9.3558E-14
  1442.00    9.4583E-14
  1445.00    9.3812E-14
  1448.00    9.3562E-14
  1451.00    9.1491E-14
  1454.00    9.1308E-14
  1457.00    8.9946E-14
  1460.00    8.6927E-14
  1463.00    8.5560E-14
  1466.00    8.3778E-14
  1469.00    8.5201E-14
  1472.00    8.5403E-14
  1475.00    8.7688E-14
  1478.00    8.7692E-14
  1481.00    8.7721E-14
  1484.00    8.9259E-14
  1487.00    8.8522E-14
  1490.00    8.7482E-14
  1493.00    8.8875E-14
  1496.00    8.7041E-14
  1499.00    8.5365E-14
  1502.00    8.1756E-14
  1505.00    7.9292E-14
  1508.00    7.8641E-14
  1511.00    7.6260E-14
  1514.00    7.5728E-14
  1517.00    7.6678E-14
  1520.00    7.8205E-14
  1523.00    7.7200E-14
  1526.00    7.6238E-14
  1529.00    7.1821E-14
  1532.00    6.6479E-14
  1535.00    6.4822E-14
  1538.00    6.2551E-14
  1541.00    5.9727E-14
  1544.00    5.7064E-14
  1547.00    5.7635E-14
  1550.00    5.6648E-14
  1553.00    5.7574E-14
  1556.00    6.0327E-14
  1559.00    6.1012E-14
  1562.00    6.3503E-14
  1565.00    6.7701E-14
  1568.00    6.8084E-14
  1571.00    6.9220E-14
  1574.00    7.1300E-14
  1577.00    7.2276E-14
  1580.00    7.3122E-14
  1583.00    7.5245E-14
  1586.00    7.5935E-14
  1589.00    7.5214E-14
  1592.00    7.4520E-14
  1595.00    7.6176E-14
  1598.00    7.4285E-14
  1601.00    7.5944E-14
  1604.00    7.5593E-14
  1607.00    7.4567E-14
  1610.00    7.6408E-14
  1613.00    7.4306E-14
  1616.00    7.4391E-14
  1619.00    7.4184E-14
  1622.00    7.4973E-14
  1625.00    7.3006E-14
  1628.00    7.4354E-14
  1631.00    7.6085E-14
  1634.00    7.8284E-14
  1637.00    7.8144E-14
  1640.00    8.0273E-14
  1643.00    7.8339E-14
  1646.00    7.8998E-14
  1649.00    7.8481E-14
  1652.00    7.7667E-14
  1655.00    7.7085E-14
  1658.00    7.7362E-14
  1661.00    7.8431E-14
  1664.00    7.9245E-14
  1667.00    7.7678E-14
  1670.00    7.6714E-14
  1673.00    7.9688E-14
  1676.00    8.2033E-14
  1679.00    8.4020E-14
  1682.00    8.5630E-14
  1685.00    8.3898E-14
  1688.00    8.4099E-14
  1691.00    8.3711E-14
  1694.00    8.0427E-14
  1697.00    7.9856E-14
  1700.00    7.8690E-14
  1703.00    7.9748E-14
  1706.00    7.8458E-14
  1709.00    7.6957E-14
  1712.00    7.5054E-14
  1715.00    7.3345E-14
  1718.00    7.2971E-14
  1721.00    7.2562E-14
  1724.00    7.2541E-14
  1727.00    7.3893E-14
  1730.00    7.5454E-14
  1733.00    7.5988E-14
  1736.00    7.7061E-14
  1739.00    7.7318E-14
  1742.00    7.7535E-14
  1745.00    7.5765E-14
  1748.00    7.5697E-14
  1751.00    7.7510E-14
  1754.00    7.7596E-14
  1757.00    7.9032E-14
  1760.00    7.7690E-14
  1763.00    7.6845E-14
  1766.00    7.6209E-14
  1769.00    7.3957E-14
  1772.00    7.3578E-14
  1775.00    7.2928E-14
  1778.00    7.3232E-14
  1781.00    7.4311E-14
  1784.00    7.5992E-14
  1787.00    7.7415E-14
  1790.00    7.6820E-14
  1793.00    7.8250E-14
  1796.00    7.9549E-14
  1799.00    7.8365E-14
  1802.00    7.9329E-14
  1805.00    8.0706E-14
  1808.00    7.8975E-14
  1811.00    7.5088E-14
  1814.00    7.3035E-14
  1817.00    7.1688E-14
  1820.00    7.2296E-14
  1823.00    7.3871E-14
  1826.00    7.3550E-14
  1829.00    7.4077E-14
  1832.00    7.2525E-14
  1835.00    7.2385E-14
  1838.00    7.1546E-14
  1841.00    6.7383E-14
  1844.00    6.5593E-14
  1847.00    6.5714E-14
  1850.00    6.6073E-14
  1853.00    6.6926E-14
  1856.00    6.6324E-14
  1859.00    6.6583E-14
  1862.00    6.7893E-14
  1865.00    6.7880E-14
  1868.00    6.8256E-14
  1871.00    7.1522E-14
  1874.00    7.2973E-14
  1877.00    7.2828E-14
  1880.00    7.0797E-14
  1883.00    6.7989E-14
  1886.00    6.6225E-14
  1889.00    6.4781E-14
  1892.00    6.4515E-14
  1895.00    6.4268E-14
  1898.00    6.3777E-14
  1901.00    6.7028E-14
  1904.00    6.6447E-14
  1907.00    6.7846E-14
  1910.00    6.6166E-14
  1913.00    6.4408E-14
  1916.00    6.2945E-14
  1919.00    6.3366E-14
  1922.00    6.2555E-14
  1925.00    6.1228E-14
  1928.00    6.2987E-14
  1931.00    6.4573E-14
  1934.00    6.6155E-14
  1937.00    6.7029E-14
  1940.00    6.8472E-14
  1943.00    6.7308E-14
  1946.00    6.8863E-14
  1949.00    6.6677E-14
  1952.00    6.2152E-14
  1955.00    6.0371E-14
  1958.00    6.2710E-14
  1961.00    6.4873E-14
  1964.00    6.8340E-14
  1967.00    6.8644E-14
  1970.00    7.0075E-14
  1973.00    7.0747E-14
  1976.00    7.0155E-14
  1979.00    7.0392E-14
  1982.00    6.7713E-14
  1985.00    6.7541E-14
  1988.00    6.6677E-14
  1991.00    6.6187E-14
  1994.00    6.5872E-14
  1997.00    6.6450E-14
  2000.00    6.7168E-14
  2003.00    6.7195E-14
  2006.00    6.9172E-14
  2009.00    6.8594E-14
  2012.00    6.9168E-14
  2015.00    6.8799E-14
  2018.00    6.8834E-14
  2021.00    6.8619E-14
  2024.00    6.9067E-14
  2027.00    6.9754E-14
  2030.00    6.7926E-14
  2033.00    6.4824E-14
  2036.00    6.5775E-14
  2039.00    6.6046E-14
  2042.00    6.7689E-14
  2045.00    6.6513E-14
  2048.00    6.5885E-14
  2051.00    6.2687E-14
  2054.00    6.2023E-14
  2057.00    5.9402E-14
  2060.00    6.1013E-14
  2063.00    6.2160E-14
  2066.00    6.1834E-14
  2069.00    6.5513E-14
  2072.00    6.8761E-14
  2075.00    6.7651E-14
  2078.00    6.4994E-14
  2081.00    6.5208E-14
  2084.00    6.5498E-14
  2087.00    6.6225E-14
  2090.00    6.3261E-14
  2093.00    6.3710E-14
  2096.00    6.3790E-14
  2099.00    6.3021E-14
  2102.00    6.4559E-14
  2105.00    6.4499E-14
  2108.00    6.5099E-14
  2111.00    6.6409E-14
  2114.00    6.5886E-14
  2117.00    6.6222E-14
  2120.00    6.6347E-14
  2123.00    6.6986E-14
  2126.00    6.5053E-14
  2129.00    6.5104E-14
  2132.00    6.5025E-14
  2135.00    6.3553E-14
  2138.00    6.4375E-14
  2141.00    6.3922E-14
  2144.00    6.3578E-14
  2147.00    6.3042E-14
  2150.00    6.3663E-14
  2153.00    6.5113E-14
  2156.00    6.4907E-14
  2159.00    6.5181E-14
  2162.00    6.4759E-14
  2165.00    6.5594E-14
  2168.00    6.3975E-14
  2171.00    6.4992E-14
  2174.00    6.5025E-14
  2177.00    6.4949E-14
  2180.00    6.3504E-14
  2183.00    6.2261E-14
  2186.00    6.2484E-14
  2189.00    6.3029E-14
  2192.00    6.3269E-14
  2195.00    6.4569E-14
  2198.00    6.3433E-14
  2201.00    6.5225E-14
  2204.00    6.3965E-14
  2207.00    6.3186E-14
  2210.00    6.2198E-14
  2213.00    6.3579E-14
  2216.00    6.1662E-14
  2219.00    6.1336E-14
  2222.00    6.0839E-14
  2225.00    6.0086E-14
  2228.00    5.8919E-14
  2231.00    6.0530E-14
  2234.00    6.1353E-14
  2237.00    6.2969E-14
  2240.00    6.1502E-14
  2243.00    6.1027E-14
  2246.00    6.0816E-14
  2249.00    6.0305E-14
  2252.00    5.8815E-14
  2255.00    5.8282E-14
  2258.00    5.9980E-14
  2261.00    5.9060E-14
  2264.00    6.0340E-14
  2267.00    6.0484E-14
  2270.00    6.0718E-14
  2273.00    6.1102E-14
  2276.00    6.0715E-14
  2279.00    6.0804E-14
  2282.00    6.0310E-14
  2285.00    6.0396E-14
  2288.00    5.9737E-14
  2291.00    5.8889E-14
  2294.00    5.7013E-14
  2297.00    5.6171E-14
  2300.00    5.6456E-14
  2303.00    5.9371E-14
  2306.00    5.8819E-14
  2309.00    5.7820E-14
  2312.00    5.7098E-14
  2315.00    5.4988E-14
  2318.00    5.4751E-14
  2321.00    4.9749E-14
  2324.00    4.8553E-14
  2327.00    4.6113E-14
  2330.00    4.9630E-14
  2333.00    5.1906E-14
  2336.00    5.3140E-14
  2339.00    5.2638E-14
  2342.00    5.4650E-14
  2345.00    5.4042E-14
  2348.00    5.2063E-14
  2351.00    5.5398E-14
  2354.00    5.5476E-14
  2357.00    5.4689E-14
  2360.00    5.3990E-14
  2363.00    5.2802E-14
  2366.00    5.2048E-14
  2369.00    5.2723E-14
  2372.00    5.2120E-14
  2375.00    5.1339E-14
  2378.00    5.1520E-14
  2381.00    5.0530E-14
  2384.00    5.1020E-14
  2387.00    5.0802E-14
  2390.00    5.1772E-14
  2393.00    5.1090E-14
  2396.00    5.1548E-14
  2399.00    5.2139E-14
  2402.00    5.0979E-14
  2405.00    5.0205E-14
  2408.00    5.0925E-14
  2411.00    4.9639E-14
  2414.00    5.0957E-14
  2417.00    5.1406E-14
  2420.00    5.1257E-14
  2423.00    5.3074E-14
  2426.00    5.2918E-14
  2429.00    4.9450E-14
  2432.00    5.1426E-14
  2435.00    5.0442E-14
  2438.00    5.1403E-14
  2441.00    5.1196E-14
  2444.00    5.1594E-14
  2447.00    5.2533E-14
  2450.00    5.3312E-14
  2453.00    5.2274E-14
  2456.00    5.1580E-14
  2459.00    5.2781E-14
  2462.00    5.0831E-14
  2465.00    5.1445E-14
  2468.00    5.1490E-14
  2471.00    5.0642E-14
  2474.00    5.1312E-14
  2477.00    5.0701E-14
  2480.00    5.0738E-14
  2483.00    5.0406E-14
  2486.00    4.7888E-14
  2489.00    4.6762E-14
  2492.00    4.4530E-14
  2495.00    4.3754E-14
  2498.00    4.3772E-14
  2501.00    4.7574E-14
  2504.00    4.7849E-14
  2507.00    4.7645E-14
  2510.00    4.8895E-14
  2513.00    4.8199E-14
  2516.00    4.8507E-14
  2519.00    4.8078E-14
  2522.00    4.8143E-14
  2525.00    4.8712E-14
  2528.00    4.8053E-14
  2531.00    4.9366E-14
  2534.00    4.7165E-14
  2537.00    4.7970E-14
  2540.00    4.8364E-14
  2543.00    4.7096E-14
  2546.00    4.9113E-14
  2549.00    4.8065E-14
  2552.00    4.7800E-14
  2555.00    4.8232E-14
  2558.00    4.8575E-14
  2561.00    4.9415E-14
  2564.00    4.8485E-14
  2567.00    5.0178E-14
  2570.00    4.8568E-14
  2573.00    4.8391E-14
  2576.00    5.0117E-14
  2579.00    4.9719E-14
  2582.00    4.8398E-14
  2585.00    4.8129E-14
  2588.00    4.7359E-14
  2591.00    4.7486E-14
  2594.00    4.8177E-14
  2597.00    4.9945E-14
  2600.00    4.7467E-14
  2603.00    4.8301E-14
  2606.00    4.6738E-14
  2609.00    4.6190E-14
  2612.00    4.7820E-14
  2615.00    4.6559E-14
  2618.00    4.8487E-14
  2621.00    4.6285E-14
  2624.00    4.7143E-14
  2627.00    4.7287E-14
  2630.00    4.7608E-14
  2633.00    4.7741E-14
  2636.00    4.8478E-14
  2639.00    4.8278E-14
  2642.00    4.9275E-14
  2645.00    5.0288E-14
  2648.00    4.9085E-14
  2651.00    4.9107E-14
  2654.00    5.0205E-14
  2657.00    4.8800E-14
  2660.00    4.7437E-14
  2663.00    4.6902E-14
  2666.00    4.7350E-14
  2669.00    4.7381E-14
  2672.00    4.6754E-14
  2675.00    4.7940E-14
  2678.00    4.6814E-14
  2681.00    4.7387E-14
  2684.00    4.8288E-14
  2687.00    4.8050E-14
  2690.00    4.7217E-14
  2693.00    4.5090E-14
  2696.00    4.6239E-14
  2699.00    4.5939E-14
  2702.00    4.6039E-14
  2705.00    4.5810E-14
  2708.00    4.4907E-14
  2711.00    4.5116E-14
  2714.00    4.3865E-14
  2717.00    4.5704E-14
  2720.00    4.4872E-14
  2723.00    4.5132E-14
  2726.00    4.5321E-14
  2729.00    4.5457E-14
  2732.00    4.5619E-14
  2735.00    4.6637E-14
  2738.00    4.4135E-14
  2741.00    4.4639E-14
  2744.00    4.3158E-14
  2747.00    4.4569E-14
  2750.00    4.3448E-14
  2753.00    4.3586E-14
  2756.00    4.2693E-14
  2759.00    4.4085E-14
  2762.00    4.2972E-14
  2765.00    4.2683E-14
  2768.00    4.3531E-14
  2771.00    4.4751E-14
  2774.00    4.6104E-14
  2777.00    4.4953E-14
  2780.00    4.4500E-14
  2783.00    4.4307E-14
  2786.00    4.3263E-14
  2789.00    4.1743E-14
  2792.00    4.1259E-14
  2795.00    4.0931E-14
  2798.00    4.1954E-14
  2801.00    4.0101E-14
  2804.00    4.1148E-14
  2807.00    4.2166E-14
  2810.00    4.2610E-14
  2813.00    4.3460E-14
  2816.00    4.4205E-14
  2819.00    4.5865E-14
  2822.00    4.5606E-14
  2825.00    4.3624E-14
  2828.00    4.4157E-14
  2831.00    4.3006E-14
  2834.00    4.2211E-14
  2837.00    4.2254E-14
  2840.00    4.3037E-14
  2843.00    4.3918E-14
  2846.00    4.3527E-14
  2849.00    4.2313E-14
  2852.00    4.3857E-14
  2855.00    4.2191E-14
  2858.00    4.2663E-14
  2861.00    4.3557E-14
  2864.00    4.3288E-14
  2867.00    4.3546E-14
  2870.00    4.3801E-14
  2873.00    4.3163E-14
  2876.00    4.4387E-14
  2879.00    4.2899E-14
  2882.00    4.3499E-14
  2885.00    4.2961E-14
  2888.00    4.3919E-14
  2891.00    4.1899E-14
  2894.00    4.3103E-14
  2897.00    4.3184E-14
  2900.00    4.2963E-14
  2903.00    4.2617E-14
  2906.00    4.2749E-14
  2909.00    4.3749E-14
  2912.00    4.4136E-14
  2915.00    4.2662E-14
  2918.00    4.4927E-14
  2921.00    4.3294E-14
  2924.00    4.2025E-14
  2927.00    4.2908E-14
  2930.00    4.3009E-14
  2933.00    4.4880E-14
  2936.00    4.3223E-14
  2939.00    4.3045E-14
  2942.00    4.1830E-14
  2945.00    4.1421E-14
  2948.00    4.2432E-14
  2951.00    4.4146E-14
  2954.00    4.2491E-14
  2957.00    4.2070E-14
  2960.00    4.1053E-14
  2963.00    4.1615E-14
  2966.00    4.2291E-14
  2969.00    4.2258E-14
  2972.00    4.1720E-14
  2975.00    4.2945E-14
  2978.00    4.0073E-14
  2981.00    4.0436E-14
  2984.00    4.2587E-14
  2987.00    4.1197E-14
  2990.00    4.1000E-14
  2993.00    4.2732E-14
  2996.00    4.0250E-14
  2999.00    4.0683E-14
  3002.00    4.1806E-14
  3005.00    4.2936E-14
  3008.00    4.1021E-14
  3011.00    4.0994E-14
  3014.00    4.0740E-14
  3017.00    4.1937E-14
  3020.00    4.1059E-14
  3023.00    4.1448E-14
  3026.00    4.1470E-14
  3029.00    4.0829E-14
  3032.00    4.1264E-14
  3035.00    4.1431E-14
  3038.00    4.0680E-14
  3041.00    4.1858E-14
  3044.00    4.1334E-14
  3047.00    4.0225E-14
  3050.00    4.1339E-14
  3053.00    4.0381E-14
  3056.00    4.1038E-14
  3059.00    4.0968E-14
  3062.00    3.9778E-14
  3065.00    4.2124E-14
  3068.00    4.1349E-14
  3071.00    4.1819E-14
  3074.00    4.0730E-14
  3077.00    4.1463E-14
  3080.00    4.1008E-14
  3083.00    4.0670E-14
  3086.00    4.0839E-14
  3089.00    3.9572E-14
  3092.00    4.0599E-14
  3095.00    3.9645E-14
  3098.00    4.0634E-14
  3101.00    3.9013E-14
  3104.00    3.9513E-14
  3107.00    4.0093E-14
  3110.00    4.0680E-14
  3113.00    4.0210E-14
  3116.00    4.0970E-14
  3119.00    3.9735E-14
  3122.00    3.9708E-14
  3125.00    4.0969E-14
  3128.00    4.0618E-14
  3131.00    3.9621E-14
  3134.00    3.9539E-14
  3137.00    3.9411E-14
  3140.00    4.0401E-14
  3143.00    3.9364E-14
  3146.00    3.8546E-14
  3149.00    4.0415E-14
  3152.00    3.8992E-14
  3155.00    3.9880E-14
  3158.00    3.9580E-14
  3161.00    3.8606E-14
  3164.00    3.9992E-14
  3167.00    4.0092E-14
  3170.00    3.8915E-14
  3173.00    3.9006E-14
  3176.00    4.0242E-14
  3179.00    3.8271E-14
  3182.00    3.8677E-14
  3185.00    3.8420E-14
  3188.00    3.8201E-14
  3191.00    3.8795E-14
  3194.00    3.8445E-14
  3197.00    3.8376E-14
  3200.00    3.8393E-14
  3203.00    3.8785E-14
  3206.00    3.7853E-14
  3209.00    3.6985E-14
  3212.00    3.7806E-14
  3215.00    3.8646E-14
  3218.00    3.6405E-14
  3221.00    3.7239E-14
  3224.00    3.8470E-14
  3227.00    3.7232E-14
  3230.00    3.8451E-14
  3233.00    3.6908E-14
  3236.00    3.7697E-14
  3239.00    3.6272E-14
  3242.00    3.7697E-14
  3245.00    3.6081E-14
  3248.00    3.7244E-14
  3251.00    3.8739E-14
  3254.00    3.7806E-14
  3257.00    3.8402E-14
  3260.00    3.7935E-14
  3263.00    3.7235E-14
  3266.00    3.7364E-14
  3269.00    3.6957E-14
  3272.00    3.8018E-14
  3275.00    3.7834E-14
  3278.00    3.7649E-14
  3281.00    3.7688E-14
  3284.00    3.7867E-14
  3287.00    3.8505E-14
  3290.00    3.8170E-14
  3293.00    3.9250E-14
  3296.00    3.6829E-14
  3299.00    3.8009E-14
  3302.00    3.7949E-14
  3305.00    3.6729E-14
  3308.00    3.7230E-14
  3311.00    3.7420E-14
  3314.00    3.8409E-14
  3317.00    3.7796E-14
  3320.00    3.8438E-14
  3323.00    3.7750E-14
  3326.00    3.7712E-14
  3329.00    3.7215E-14
  3332.00    3.7319E-14
  3335.00    3.7127E-14
  3338.00    3.7740E-14
  3341.00    3.7618E-14
  3344.00    3.6956E-14
  3347.00    3.5959E-14
  3350.00    3.6358E-14
  3353.00    3.5595E-14
  3356.00    3.5369E-14
  3359.00    3.6060E-14
  3362.00    3.5666E-14
  3365.00    3.5330E-14
  3368.00    3.5172E-14
  3371.00    3.5265E-14
  3374.00    3.5507E-14
  3377.00    3.5908E-14
  3380.00    3.6980E-14
  3383.00    3.5895E-14
  3386.00    3.6389E-14
  3389.00    3.8452E-14
  3392.00    3.7310E-14
  3395.00    3.8640E-14
  3398.00    3.6939E-14
  3401.00    3.6761E-14
  3404.00    3.6834E-14
  3407.00    3.4885E-14
  3410.00    3.6319E-14
  3413.00    3.7180E-14
  3416.00    3.6063E-14
  3419.00    3.6495E-14
  3422.00    3.7172E-14
  3425.00    3.6739E-14
  3428.00    3.6648E-14
  3431.00    3.6396E-14
  3434.00    3.6761E-14
  3437.00    3.7286E-14
  3440.00    3.7429E-14
  3443.00    3.4850E-14
  3446.00    3.5072E-14
  3449.00    3.6047E-14
  3452.00    3.4809E-14
  3455.00    3.6278E-14
  3458.00    3.5862E-14
  3461.00    3.4601E-14
  3464.00    3.5540E-14
  3467.00    3.5325E-14
  3470.00    3.5284E-14
  3473.00    3.5748E-14
  3476.00    3.6199E-14
  3479.00    3.5727E-14
  3482.00    3.6162E-14
  3485.00    3.5543E-14
  3488.00    3.5353E-14
  3491.00    3.5764E-14
  3494.00    3.5536E-14
  3497.00    3.4938E-14
  3500.00    3.5283E-14
  3503.00    3.4563E-14
  3506.00    3.4154E-14
  3509.00    3.3684E-14
  3512.00    3.5309E-14
  3515.00    3.4520E-14
  3518.00    3.5388E-14
  3521.00    3.5397E-14
  3524.00    3.5834E-14
  3527.00    3.4888E-14
  3530.00    3.6083E-14
  3533.00    3.6364E-14
  3536.00    3.5943E-14
  3539.00    3.6685E-14
  3542.00    3.6128E-14
  3545.00    3.5662E-14
  3548.00    3.5716E-14
  3551.00    3.5984E-14
  3554.00    3.7045E-14
  3557.00    3.5127E-14
  3560.00    3.6629E-14
  3563.00    3.4636E-14
  3566.00    3.4932E-14
  3569.00    3.5203E-14
  3572.00    3.5222E-14
  3575.00    3.2816E-14
  3578.00    3.3728E-14
  3581.00    3.2979E-14
  3584.00    3.3429E-14
  3587.00    3.3122E-14
  3590.00    3.3972E-14
  3593.00    3.3417E-14
  3596.00    3.5218E-14
  3599.00    3.3641E-14
  3602.00    3.4517E-14
  3605.00    3.5312E-14
  3608.00    3.4966E-14
  3611.00    3.3108E-14
  3614.00    3.5040E-14
  3617.00    3.5562E-14
  3620.00    3.5982E-14
  3623.00    3.6146E-14
  3626.00    3.6118E-14
  3629.00    3.5588E-14
  3632.00    3.6398E-14
  3635.00    3.6148E-14
  3638.00    3.5065E-14
  3641.00    3.5173E-14
  3644.00    3.5437E-14
  3647.00    3.5624E-14
  3650.00    3.6118E-14
  3653.00    3.4466E-14
  3656.00    3.5576E-14
  3659.00    3.6059E-14
  3662.00    3.6509E-14
  3665.00    3.6065E-14
  3668.00    3.4751E-14
  3671.00    3.5633E-14
  3674.00    3.5523E-14
  3677.00    3.4193E-14
  3680.00    3.4110E-14
  3683.00    3.5558E-14
  3686.00    3.4269E-14
  3689.00    3.4053E-14
  3692.00    3.4098E-14
  3695.00    3.3696E-14
  3698.00    3.2512E-14
  3701.00    3.4407E-14
  3704.00    3.2470E-14
  3707.00    3.3010E-14
  3710.00    3.1573E-14
  3713.00    3.4139E-14
  3716.00    3.4283E-14
  3719.00    3.3958E-14
  3722.00    3.4333E-14
  3725.00    3.2758E-14
  3728.00    3.3472E-14
  3731.00    3.3232E-14
  3734.00    3.3037E-14
  3737.00    3.3782E-14
  3740.00    3.4647E-14
  3743.00    3.4287E-14
  3746.00    3.3057E-14
  3749.00    3.4613E-14
  3752.00    3.4162E-14
  3755.00    3.6104E-14
  3758.00    3.5272E-14
  3761.00    3.4684E-14
  3764.00    3.6566E-14
  3767.00    3.3029E-14
  3770.00    3.3545E-14
  3773.00    3.4688E-14
  3776.00    3.6183E-14
  3779.00    3.7052E-14
  3782.00    3.9648E-14
  3785.00    3.9512E-14
  3788.00    3.8528E-14
  3791.00    3.7625E-14
  3794.00    3.3740E-14
  3797.00    3.3486E-14
  3800.00    3.3468E-14
  3803.00    3.6167E-14
  3806.00    3.7926E-14
  3809.00    3.8757E-14
  3812.00    3.9942E-14
  3815.00    4.1194E-14
  3818.00    3.9599E-14
  3821.00    3.8684E-14
  3824.00    3.7288E-14
  3827.00    3.7012E-14
  3830.00    3.3312E-14
  3833.00    3.2764E-14
  3836.00    3.2085E-14
  3839.00    3.2859E-14
  3842.00    3.5033E-14
  3845.00    3.7388E-14
  3848.00    3.9095E-14
  3851.00    4.1798E-14
  3854.00    4.3566E-14
  3857.00    4.2443E-14
  3860.00    4.3966E-14
  3863.00    4.3192E-14
  3866.00    4.2135E-14
  3869.00    4.3184E-14
  3872.00    4.0858E-14
  3875.00    4.0539E-14
  3878.00    3.8400E-14
  3881.00    3.6823E-14
  3884.00    3.5944E-14
  3887.00    3.3245E-14
  3890.00    3.3544E-14
  3893.00    3.4342E-14
  3896.00    3.7113E-14
  3899.00    3.8713E-14
  3902.00    4.0397E-14
  3905.00    4.3195E-14
  3908.00    4.3659E-14
  3911.00    4.5300E-14
  3914.00    4.5687E-14
  3917.00    4.3646E-14
  3920.00    4.4235E-14
  3923.00    4.2260E-14
  3926.00    4.1691E-14
  3929.00    3.9569E-14
  3932.00    3.9940E-14
  3935.00    4.0791E-14
  3938.00    4.1532E-14
  3941.00    4.1057E-14
  3944.00    4.2926E-14
  3947.00    4.3275E-14
  3950.00    4.1219E-14
  3953.00    4.2860E-14
  3956.00    4.0105E-14
  3959.00    3.8776E-14
  3962.00    3.5589E-14
  3965.00    3.2265E-14
  3968.00    3.0085E-14
  3971.00    2.9442E-14
  3974.00    3.3111E-14
  3977.00    3.5105E-14
  3980.00    3.8153E-14
  3983.00    4.1156E-14
  3986.00    4.3467E-14
  3989.00    4.5298E-14
  3992.00    4.5530E-14
  3995.00    4.6625E-14
  3998.00    4.6525E-14
  4001.00    4.5941E-14
  4004.00    4.5982E-14
  4007.00    4.5837E-14
  4010.00    4.6005E-14
  4013.00    4.6720E-14
  4016.00    4.6770E-14
  4019.00    4.7204E-14
  4022.00    4.5784E-14
  4025.00    4.6178E-14
  4028.00    4.5709E-14
  4031.00    4.7013E-14
  4034.00    4.7333E-14
  4037.00    4.6878E-14
  4040.00    4.7253E-14
  4043.00    4.7503E-14
  4046.00    4.7419E-14
  4049.00    4.6911E-14
  4052.00    4.7408E-14
  4055.00    4.7384E-14
  4058.00    4.6358E-14
  4061.00    4.6041E-14
  4064.00    4.5400E-14
  4067.00    4.4604E-14
  4070.00    4.4091E-14
  4073.00    4.3748E-14
  4076.00    4.4133E-14
  4079.00    4.3711E-14
  4082.00    4.2764E-14
  4085.00    4.2432E-14
  4088.00    4.0917E-14
  4091.00    4.0195E-14
  4094.00    3.7488E-14
  4097.00    3.6857E-14
  4100.00    3.2559E-14
  4103.00    3.4016E-14
  4106.00    3.4685E-14
  4109.00    3.7257E-14
  4112.00    3.8933E-14
  4115.00    4.1854E-14
  4118.00    4.1589E-14
  4121.00    4.3135E-14
  4124.00    4.3478E-14
  4127.00    4.4212E-14
  4130.00    4.5337E-14
  4133.00    4.4755E-14
  4136.00    4.4566E-14
  4139.00    4.4203E-14
  4142.00    4.4525E-14
  4145.00    4.4392E-14
  4148.00    4.5311E-14
  4151.00    4.5311E-14
  4154.00    4.5240E-14
  4157.00    4.6167E-14
  4160.00    4.4787E-14
  4163.00    4.5389E-14
  4166.00    4.5346E-14
  4169.00    4.4787E-14
  4172.00    4.3853E-14
  4175.00    4.5281E-14
  4178.00    4.4057E-14
  4181.00    4.5070E-14
  4184.00    4.5784E-14
  4187.00    4.5012E-14
  4190.00    4.5090E-14
  4193.00    4.5068E-14
  4196.00    4.3928E-14
  4199.00    4.4524E-14
  4202.00    4.3839E-14
  4205.00    4.4379E-14
  4208.00    4.5028E-14
  4211.00    4.2830E-14
  4214.00    4.5021E-14
  4217.00    4.4653E-14
  4220.00    4.5030E-14
  4223.00    4.5054E-14
  4226.00    4.4441E-14
  4229.00    4.5045E-14
  4232.00    4.4138E-14
  4235.00    4.4018E-14
  4238.00    4.4804E-14
  4241.00    4.5372E-14
  4244.00    4.4402E-14
  4247.00    4.4535E-14
  4250.00    4.4733E-14
  4253.00    4.4636E-14
  4256.00    4.3668E-14
  4259.00    4.3493E-14
  4262.00    4.4005E-14
  4265.00    4.4161E-14
  4268.00    4.2840E-14
  4271.00    4.3582E-14
  4274.00    4.4440E-14
  4277.00    4.3294E-14
  4280.00    4.4453E-14
  4283.00    4.3607E-14
  4286.00    4.3144E-14
  4289.00    4.2908E-14
  4292.00    4.2194E-14
  4295.00    4.2163E-14
  4298.00    4.1552E-14
  4301.00    4.0961E-14
  4304.00    4.0210E-14
  4307.00    3.8048E-14
  4310.00    4.1798E-14
  4313.00    4.1713E-14
  4316.00    4.1142E-14
  4319.00    4.1006E-14
  4322.00    4.1820E-14
  4325.00    3.9658E-14
  4328.00    3.9985E-14
  4331.00    3.7643E-14
  4334.00    3.6742E-14
  4337.00    3.4231E-14
  4340.00    3.3700E-14
  4343.00    3.4325E-14
  4346.00    3.4106E-14
  4349.00    3.6981E-14
  4352.00    3.9176E-14
  4355.00    3.9995E-14
  4358.00    4.0918E-14
  4361.00    4.2279E-14
  4364.00    4.2775E-14
  4367.00    4.3201E-14
  4370.00    4.2428E-14
  4373.00    4.2340E-14
  4376.00    4.2457E-14
  4379.00    4.1818E-14
  4382.00    4.0634E-14
  4385.00    4.1012E-14
  4388.00    4.1019E-14
  4391.00    4.0272E-14
  4394.00    4.0108E-14
  4397.00    4.1037E-14
  4400.00    4.1882E-14
  4403.00    4.1915E-14
  4406.00    4.0770E-14
  4409.00    4.2235E-14
  4412.00    4.1367E-14
  4415.00    4.1514E-14
  4418.00    4.0435E-14
  4421.00    4.2470E-14
  4424.00    4.2867E-14
  4427.00    4.2248E-14
  4430.00    4.2737E-14
  4433.00    4.2564E-14
  4436.00    4.1838E-14
  4439.00    4.3439E-14
  4442.00    4.2538E-14
  4445.00    4.3074E-14
  4448.00    4.1574E-14
  4451.00    4.1647E-14
  4454.00    4.1432E-14
  4457.00    4.2891E-14
  4460.00    4.2789E-14
  4463.00    4.1128E-14
  4466.00    4.0988E-14
  4469.00    4.1600E-14
  4472.00    4.0929E-14
  4475.00    4.1573E-14
  4478.00    4.1413E-14
  4481.00    4.3105E-14
  4484.00    4.2171E-14
  4487.00    4.1569E-14
  4490.00    4.3914E-14
  4493.00    4.2694E-14
  4496.00    4.4358E-14
  4499.00    4.3467E-14
  4502.00    4.3076E-14
  4505.00    4.2670E-14
  4508.00    4.3244E-14
  4511.00    4.2762E-14
  4514.00    4.1902E-14
  4517.00    4.2481E-14
  4520.00    4.2200E-14
  4523.00    4.1537E-14
  4526.00    4.1981E-14
  4529.00    4.1314E-14
  4532.00    4.2438E-14
  4535.00    4.2008E-14
  4538.00    4.1831E-14
  4541.00    4.2147E-14
  4544.00    4.1226E-14
  4547.00    4.1332E-14
  4550.00    4.0559E-14
  4553.00    4.1277E-14
  4556.00    4.0820E-14
  4559.00    4.1172E-14
  4562.00    4.2808E-14
  4565.00    4.0549E-14
  4568.00    4.2625E-14
  4571.00    4.2020E-14
  4574.00    4.2837E-14
  4577.00    4.2273E-14
  4580.00    4.1355E-14
  4583.00    4.0543E-14
  4586.00    4.0950E-14
  4589.00    4.0026E-14
  4592.00    4.1980E-14
  4595.00    4.2694E-14
  4598.00    4.0750E-14
  4601.00    4.2622E-14
  4604.00    4.2156E-14
  4607.00    4.1879E-14
  4610.00    4.1274E-14
  4613.00    4.1708E-14
  4616.00    4.1661E-14
  4619.00    4.1238E-14
  4622.00    4.1627E-14
  4625.00    4.2709E-14
  4628.00    4.0906E-14
  4631.00    4.1253E-14
  4634.00    4.0860E-14
  4637.00    4.1477E-14
  4640.00    4.1124E-14
  4643.00    4.0484E-14
  4646.00    4.1850E-14
  4649.00    4.1844E-14
  4652.00    4.1785E-14
  4655.00    4.1619E-14
  4658.00    4.3158E-14
  4661.00    4.0348E-14
  4664.00    4.1467E-14
  4667.00    4.1322E-14
  4670.00    4.0688E-14
  4673.00    4.1610E-14
  4676.00    4.0238E-14
  4679.00    4.0183E-14
  4682.00    4.0063E-14
  4685.00    4.0991E-14
  4688.00    4.1937E-14
  4691.00    4.0744E-14
  4694.00    4.0498E-14
  4697.00    4.0877E-14
  4700.00    4.0055E-14
  4703.00    3.9589E-14
  4706.00    3.9470E-14
  4709.00    3.9864E-14
  4712.00    3.8913E-14
  4715.00    4.1448E-14
  4718.00    4.0465E-14
  4721.00    4.1422E-14
  4724.00    3.9940E-14
  4727.00    4.1833E-14
  4730.00    4.0076E-14
  4733.00    4.0102E-14
  4736.00    4.0464E-14
  4739.00    4.0140E-14
  4742.00    4.0541E-14
  4745.00    3.9731E-14
  4748.00    4.0731E-14
  4751.00    4.0222E-14
  4754.00    4.1159E-14
  4757.00    4.1173E-14
  4760.00    4.0331E-14
  4763.00    4.0711E-14
  4766.00    4.0278E-14
  4769.00    4.0180E-14
  4772.00    4.2166E-14
  4775.00    3.9975E-14
  4778.00    3.9782E-14
  4781.00    4.0994E-14
  4784.00    4.1727E-14
  4787.00    4.1044E-14
  4790.00    4.0204E-14
  4793.00    4.1032E-14
  4796.00    4.1175E-14
  4799.00    4.2225E-14
  4802.00    4.1855E-14
  4805.00    4.1112E-14
  4808.00    4.1540E-14
  4811.00    4.0920E-14
  4814.00    4.1418E-14
  4817.00    4.1395E-14
  4820.00    4.0966E-14
  4823.00    4.1008E-14
  4826.00    4.1296E-14
  4829.00    4.1087E-14
  4832.00    3.9648E-14
  4835.00    4.0176E-14
  4838.00    3.8806E-14
  4841.00    3.8096E-14
  4844.00    3.9594E-14
  4847.00    3.6684E-14
  4850.00    3.7442E-14
  4853.00    3.4320E-14
  4856.00    3.2776E-14
  4859.00    3.3174E-14
  4862.00    3.0962E-14
  4865.00    3.2297E-14
  4868.00    3.1561E-14
  4871.00    3.3388E-14
  4874.00    3.5159E-14
  4877.00    3.5587E-14
  4880.00    3.8205E-14
  4883.00    3.6550E-14
  4886.00    3.8035E-14
  4889.00    3.8441E-14
  4892.00    3.8803E-14
  4895.00    3.8744E-14
  4898.00    3.9526E-14
  4901.00    3.9793E-14
  4904.00    4.0401E-14
  4907.00    4.0225E-14
  4910.00    4.0756E-14
  4913.00    3.8934E-14
  4916.00    3.8322E-14
  4919.00    3.7650E-14
  4922.00    3.7537E-14
  4925.00    3.9104E-14
  4928.00    3.8516E-14
  4931.00    3.8869E-14
  4934.00    3.9918E-14
  4937.00    3.9778E-14
  4940.00    3.8822E-14
  4943.00    3.9888E-14
  4946.00    3.9450E-14
  4949.00    3.9983E-14
  4952.00    3.9995E-14
  4955.00    4.0448E-14
  4958.00    3.9150E-14
  4961.00    3.9657E-14
  4964.00    4.0588E-14
  4967.00    3.9347E-14
  4970.00    3.9840E-14
  4973.00    4.0020E-14
  4976.00    3.8742E-14
  4979.00    3.9507E-14
  4982.00    3.8312E-14
  4985.00    3.7670E-14
  4988.00    3.9059E-14
  4991.00    3.9062E-14
  4994.00    3.8796E-14
  4997.00    3.7238E-14
  5000.00    3.7773E-14
  5003.00    3.8214E-14
  5006.00    3.6627E-14
  5009.00    3.7708E-14
  5012.00    3.6699E-14
  5015.00    3.7313E-14
  5018.00    3.7144E-14
  5021.00    3.7730E-14
  5024.00    3.7655E-14
  5027.00    3.8720E-14
  5030.00    3.7999E-14
  5033.00    3.7833E-14
  5036.00    3.7771E-14
  5039.00    3.7082E-14
  5042.00    3.8473E-14
  5045.00    3.7139E-14
  5048.00    3.7710E-14
  5051.00    3.8530E-14
  5054.00    3.7719E-14
  5057.00    3.8615E-14
  5060.00    3.8784E-14
  5063.00    3.7835E-14
  5066.00    3.8535E-14
  5069.00    3.8457E-14
  5072.00    3.8337E-14
  5075.00    3.8714E-14
  5078.00    3.7078E-14
  5081.00    3.7599E-14
  5084.00    3.8234E-14
  5087.00    3.8300E-14
  5090.00    3.8676E-14
  5093.00    3.8513E-14
  5096.00    3.7783E-14
  5099.00    3.7305E-14
  5102.00    3.8391E-14
  5105.00    3.8751E-14
  5108.00    3.8336E-14
  5111.00    3.7496E-14
  5114.00    3.9139E-14
  5117.00    3.7560E-14
  5120.00    3.8366E-14
  5123.00    3.5697E-14
  5126.00    3.8352E-14
  5129.00    3.6697E-14
  5132.00    3.7199E-14
  5135.00    3.7852E-14
  5138.00    3.6782E-14
  5141.00    3.6900E-14
  5144.00    3.6514E-14
  5147.00    3.7339E-14
  5150.00    3.6768E-14
  5153.00    3.6328E-14
  5156.00    3.7415E-14
  5159.00    3.5028E-14
  5162.00    3.6846E-14
  5165.00    3.6418E-14
  5168.00    3.6357E-14
  5171.00    3.3901E-14
  5174.00    3.5263E-14
  5177.00    3.5377E-14
  5180.00    3.4769E-14
  5183.00    3.5593E-14
  5186.00    3.6262E-14
  5189.00    3.4765E-14
  5192.00    3.6881E-14
  5195.00    3.6801E-14
  5198.00    3.6617E-14
  5201.00    3.6701E-14
  5204.00    3.4544E-14
  5207.00    3.5120E-14
  5210.00    3.7322E-14
  5213.00    3.6110E-14
  5216.00    3.6391E-14
  5219.00    3.6733E-14
  5222.00    3.5330E-14
  5225.00    3.6019E-14
  5228.00    3.5408E-14
  5231.00    3.6934E-14
  5234.00    3.7316E-14
  5237.00    3.7070E-14
  5240.00    3.5952E-14
  5243.00    3.6696E-14
  5246.00    3.7474E-14
  5249.00    3.6644E-14
  5252.00    3.6627E-14
  5255.00    3.6602E-14
  5258.00    3.5807E-14
  5261.00    3.6076E-14
  5264.00    3.5905E-14
  5267.00    3.4274E-14
  5270.00    3.5816E-14
  5273.00    3.4380E-14
  5276.00    3.4477E-14
  5279.00    3.7057E-14
  5282.00    3.6574E-14
  5285.00    3.5663E-14
  5288.00    3.6749E-14
  5291.00    3.6546E-14
  5294.00    3.7106E-14
  5297.00    3.7035E-14
  5300.00    3.6761E-14
  5303.00    3.7406E-14
  5306.00    3.7451E-14
  5309.00    3.4983E-14
  5312.00    3.7480E-14
  5315.00    3.5953E-14
  5318.00    3.6407E-14
  5321.00    3.7136E-14
  5324.00    3.6099E-14
  5327.00    3.5887E-14
  5330.00    3.6413E-14
  5333.00    3.6164E-14
  5336.00    3.6066E-14
  5339.00    3.5550E-14
  5342.00    3.6167E-14
  5345.00    3.7913E-14
  5348.00    3.7605E-14
  5351.00    3.6858E-14
  5354.00    3.6538E-14
  5357.00    3.5940E-14
  5360.00    3.6395E-14
  5363.00    3.6837E-14
  5366.00    3.7659E-14
  5369.00    3.5681E-14
  5372.00    3.6151E-14
  5375.00    3.6273E-14
  5378.00    3.6050E-14
  5381.00    3.5854E-14
  5384.00    3.5867E-14
  5387.00    3.5630E-14
  5390.00    3.6790E-14
  5393.00    3.6807E-14
  5396.00    3.5836E-14
  5399.00    3.4129E-14
  5402.00    3.4865E-14
  5405.00    3.4141E-14
  5408.00    3.5415E-14
  5411.00    3.5864E-14
  5414.00    3.7011E-14
  5417.00    3.6430E-14
  5420.00    3.7457E-14
  5423.00    3.5582E-14
  5426.00    3.6602E-14
  5429.00    3.5779E-14
  5432.00    3.5837E-14
  5435.00    3.5955E-14
  5438.00    3.5703E-14
  5441.00    3.6639E-14
  5444.00    3.5579E-14
  5447.00    3.4255E-14
  5450.00    3.5709E-14
  5453.00    3.5295E-14
  5456.00    3.6908E-14
  5459.00    3.5318E-14
  5462.00    3.5909E-14
  5465.00    3.6184E-14
  5468.00    3.5569E-14
  5471.00    3.5549E-14
  5474.00    3.4979E-14
  5477.00    3.5531E-14
  5480.00    3.7091E-14
  5483.00    3.4293E-14
  5486.00    3.6102E-14
  5489.00    3.5236E-14
  5492.00    3.5293E-14
  5495.00    3.3846E-14
  5498.00    3.5763E-14
  5501.00    3.4206E-14
  5504.00    3.5382E-14
  5507.00    3.3669E-14
  5510.00    3.4242E-14
  5513.00    3.4434E-14
  5516.00    3.5069E-14
  5519.00    3.6056E-14
  5522.00    3.5855E-14
  5525.00    3.5355E-14
  5528.00    3.5909E-14
  5531.00    3.5056E-14
  5534.00    3.5206E-14
  5537.00    3.5957E-14
  5540.00    3.5057E-14
  5543.00    3.5181E-14
  5546.00    3.5650E-14
  5549.00    3.4540E-14
  5552.00    3.5766E-14
  5555.00    3.6275E-14
  5558.00    3.5325E-14
  5561.00    3.3865E-14
  5564.00    3.5760E-14
  5567.00    3.4363E-14
  5570.00    3.4898E-14
  5573.00    3.5282E-14
  5576.00    3.6540E-14
  5579.00    3.4477E-14
  5582.00    3.6033E-14
  5585.00    3.5038E-14
  5588.00    3.5009E-14
  5591.00    3.4581E-14
  5594.00    3.3951E-14
  5597.00    3.2989E-14
  5600.00    3.5112E-14
  5603.00    3.5132E-14
  5606.00    3.4245E-14
  5609.00    3.5203E-14
  5612.00    3.6320E-14
  5615.00    3.6118E-14
  5618.00    3.5489E-14
  5621.00    3.4401E-14
  5624.00    3.4390E-14
  5627.00    3.5492E-14
  5630.00    3.4530E-14
  5633.00    3.6140E-14
  5636.00    3.5634E-14
  5639.00    3.5053E-14
  5642.00    3.4789E-14
  5645.00    3.4578E-14
  5648.00    3.4833E-14
  5651.00    3.4686E-14
  5654.00    3.3758E-14
  5657.00    3.4176E-14
  5660.00    3.4583E-14
  5663.00    3.4554E-14
  5666.00    3.4139E-14
  5669.00    3.3416E-14
  5672.00    3.5322E-14
  5675.00    3.5139E-14
  5678.00    3.4933E-14
  5681.00    3.4882E-14
  5684.00    3.3678E-14
  5687.00    3.3787E-14
  5690.00    3.4874E-14
  5693.00    3.5451E-14
  5696.00    3.4360E-14
  5699.00    3.4633E-14
  5702.00    3.4135E-14
  5705.00    3.4918E-14
  5708.00    3.5000E-14
  5711.00    3.4117E-14
  5714.00    3.5357E-14
  5717.00    3.4200E-14
  5720.00    3.5425E-14
  5723.00    3.5731E-14
  5726.00    3.3445E-14
  5729.00    3.4468E-14
  5732.00    3.4746E-14
  5735.00    3.5075E-14
  5738.00    3.4551E-14
  5741.00    3.4544E-14
  5744.00    3.4744E-14
  5747.00    3.5216E-14
  5750.00    3.4600E-14
  5753.00    3.5901E-14
  5756.00    3.3969E-14
  5759.00    3.4414E-14
  5762.00    3.6047E-14
  5765.00    3.5082E-14
  5768.00    3.3982E-14
  5771.00    3.5210E-14
  5774.00    3.4280E-14
  5777.00    3.4334E-14
  5780.00    3.4980E-14
  5783.00    3.3551E-14
  5786.00    3.4814E-14
  5789.00    3.4902E-14
  5792.00    3.4734E-14
  5795.00    3.5423E-14
  5798.00    3.4818E-14
  5801.00    3.5293E-14
  5804.00    3.4996E-14
  5807.00    3.5275E-14
  5810.00    3.6442E-14
  5813.00    3.4837E-14
  5816.00    3.4576E-14
  5819.00    3.6452E-14
  5822.00    3.5202E-14
  5825.00    3.4923E-14
  5828.00    3.5053E-14
  5831.00    3.5380E-14
  5834.00    3.5009E-14
  5837.00    3.5220E-14
  5840.00    3.4679E-14
  5843.00    3.6571E-14
  5846.00    3.5494E-14
  5849.00    3.3195E-14
  5852.00    3.5148E-14
  5855.00    3.3680E-14
  5858.00    3.4817E-14
  5861.00    3.5715E-14
  5864.00    3.3646E-14
  5867.00    3.5047E-14
  5870.00    3.3425E-14
  5873.00    3.4140E-14
  5876.00    3.2806E-14
  5879.00    3.4336E-14
  5882.00    3.3894E-14
  5885.00    3.1696E-14
  5888.00    3.1309E-14
  5891.00    3.1279E-14
  5894.00    3.2984E-14
  5897.00    3.2793E-14
  5900.00    3.2441E-14
  5903.00    3.2104E-14
  5906.00    3.2871E-14
  5909.00    3.3068E-14
  5912.00    3.1782E-14
  5915.00    3.3341E-14
  5918.00    3.3457E-14
  5921.00    3.3960E-14
  5924.00    3.3037E-14
  5927.00    3.3582E-14
  5930.00    3.3160E-14
  5933.00    3.4365E-14
  5936.00    3.3547E-14
  5939.00    3.3252E-14
  5942.00    3.3967E-14
  5945.00    3.3348E-14
  5948.00    3.3011E-14
  5951.00    3.5092E-14
  5954.00    3.3979E-14
  5957.00    3.3765E-14
  5960.00    3.4715E-14
  5963.00    3.3878E-14
  5966.00    3.4470E-14
  5969.00    3.4790E-14
  5972.00    3.3700E-14
  5975.00    3.3349E-14
  5978.00    3.3051E-14
  5981.00    3.2469E-14
  5984.00    3.4518E-14
  5987.00    3.4867E-14
  5990.00    3.1900E-14
  5993.00    3.3872E-14
  5996.00    3.4590E-14
  5999.00    3.4450E-14
  6002.00    3.4052E-14
  6005.00    3.4002E-14
  6008.00    3.4500E-14
  6011.00    3.3899E-14
  6014.00    3.4511E-14
  6017.00    3.3585E-14
  6020.00    3.4380E-14
  6023.00    3.3575E-14
  6026.00    3.4179E-14
  6029.00    3.3038E-14
  6032.00    3.2921E-14
  6035.00    3.2799E-14
  6038.00    3.4039E-14
  6041.00    3.4677E-14
  6044.00    3.4143E-14
  6047.00    3.4574E-14
  6050.00    3.4697E-14
  6053.00    3.3647E-14
  6056.00    3.2682E-14
  6059.00    3.5229E-14
  6062.00    3.3955E-14
  6065.00    3.2682E-14
  6068.00    3.3987E-14
  6071.00    3.3792E-14
  6074.00    3.4390E-14
  6077.00    3.4400E-14
  6080.00    3.3523E-14
  6083.00    3.3651E-14
  6086.00    3.3109E-14
  6089.00    3.3320E-14
  6092.00    3.3398E-14
  6095.00    3.3043E-14
  6098.00    3.4523E-14
  6101.00    3.3038E-14
  6104.00    3.3414E-14
  6107.00    3.2609E-14
  6110.00    3.3594E-14
  6113.00    3.4781E-14
  6116.00    3.4104E-14
  6119.00    3.3444E-14
  6122.00    3.2973E-14
  6125.00    3.2887E-14
  6128.00    3.3185E-14
  6131.00    3.4318E-14
  6134.00    3.2875E-14
  6137.00    3.2857E-14
  6140.00    3.3803E-14
  6143.00    3.3684E-14
  6146.00    3.3295E-14
  6149.00    3.2948E-14
  6152.00    3.2808E-14
  6155.00    3.1847E-14
  6158.00    3.2409E-14
  6161.00    3.2697E-14
  6164.00    3.2479E-14
  6167.00    3.2086E-14
  6170.00    3.1924E-14
  6173.00    3.3584E-14
  6176.00    3.2603E-14
  6179.00    3.2224E-14
  6182.00    3.1870E-14
  6185.00    3.1411E-14
  6188.00    3.2035E-14
  6191.00    3.1473E-14
  6194.00    3.1866E-14
  6197.00    3.2263E-14
  6200.00    3.2404E-14
  6203.00    3.3454E-14
  6206.00    3.2748E-14
  6209.00    3.1812E-14
  6212.00    3.2860E-14
  6215.00    3.5001E-14
  6218.00    3.1873E-14
  6221.00    3.1345E-14
  6224.00    3.1442E-14
  6227.00    3.1730E-14
  6230.00    3.2483E-14
  6233.00    3.3222E-14
  6236.00    3.2527E-14
  6239.00    3.1437E-14
  6242.00    3.1116E-14
  6245.00    3.2359E-14
  6248.00    3.1829E-14
  6251.00    3.1937E-14
  6254.00    3.1966E-14
  6257.00    3.1669E-14
  6260.00    3.1970E-14
  6263.00    3.2164E-14
  6266.00    3.2078E-14
  6269.00    3.2060E-14
  6272.00    3.1806E-14
  6275.00    3.1867E-14
  6278.00    3.2128E-14
  6281.00    3.2383E-14
  6284.00    3.1437E-14
  6287.00    3.2415E-14
  6290.00    3.1779E-14
  6293.00    3.1443E-14
  6296.00    3.2485E-14
  6299.00    3.2171E-14
  6302.00    3.2928E-14
  6305.00    3.1050E-14
  6308.00    3.2540E-14
  6311.00    3.1954E-14
  6314.00    3.2760E-14
  6317.00    3.1161E-14
  6320.00    3.1454E-14
  6323.00    3.2288E-14
  6326.00    3.1836E-14
  6329.00    3.3238E-14
  6332.00    3.1767E-14
  6335.00    3.1824E-14
  6338.00    3.3347E-14
  6341.00    3.2727E-14
  6344.00    3.2716E-14
  6347.00    3.2414E-14
  6350.00    3.2911E-14
  6353.00    3.2257E-14
  6356.00    3.1707E-14
  6359.00    3.1719E-14
  6362.00    3.1611E-14
  6365.00    3.3376E-14
  6368.00    3.2142E-14
  6371.00    3.0639E-14
  6374.00    3.1533E-14
  6377.00    3.2596E-14
  6380.00    3.0541E-14
  6383.00    3.2182E-14
  6386.00    3.3530E-14
  6389.00    3.3368E-14
  6392.00    3.1112E-14
  6395.00    3.1188E-14
  6398.00    3.2281E-14
  6401.00    3.1957E-14
  6404.00    3.2836E-14
  6407.00    3.2000E-14
  6410.00    3.1505E-14
  6413.00    3.3407E-14
  6416.00    3.2761E-14
  6419.00    3.2416E-14
  6422.00    3.3402E-14
  6425.00    3.3059E-14
  6428.00    3.1007E-14
  6431.00    3.1200E-14
  6434.00    3.3557E-14
  6437.00    3.2345E-14
  6440.00    3.2620E-14
  6443.00    3.1879E-14
  6446.00    3.2453E-14
  6449.00    3.2005E-14
  6452.00    3.2604E-14
  6455.00    3.2114E-14
  6458.00    3.3128E-14
  6461.00    3.2224E-14
  6464.00    3.2777E-14
  6467.00    3.1627E-14
  6470.00    3.1437E-14
  6473.00    3.1964E-14
  6476.00    3.1884E-14
  6479.00    3.1151E-14
  6482.00    3.1756E-14
  6485.00    3.2033E-14
  6488.00    3.2066E-14
  6491.00    3.1765E-14
  6494.00    3.2715E-14
  6497.00    3.1706E-14
  6500.00    3.1200E-14
  6503.00    3.2277E-14
  6506.00    3.0878E-14
  6509.00    3.3289E-14
  6512.00    3.1181E-14
  6515.00    3.2292E-14
  6518.00    3.1923E-14
  6521.00    3.0940E-14
  6524.00    3.1616E-14
  6527.00    3.1567E-14
  6530.00    3.1960E-14
  6533.00    3.2524E-14
  6536.00    3.1644E-14
  6539.00    3.2017E-14
  6542.00    3.1467E-14
  6545.00    3.1193E-14
  6548.00    2.9563E-14
  6551.00    2.9938E-14
  6554.00    2.9907E-14
  6557.00    2.8699E-14
  6560.00    3.0101E-14
  6563.00    2.8770E-14
  6566.00    2.7207E-14
  6569.00    2.8506E-14
  6572.00    2.9811E-14
  6575.00    3.0328E-14
  6578.00    3.0267E-14
  6581.00    2.9162E-14
  6584.00    3.1073E-14
  6587.00    3.0056E-14
  6590.00    3.0505E-14
  6593.00    3.1725E-14
  6596.00    3.1536E-14
  6599.00    3.1712E-14
  6602.00    3.0210E-14
  6605.00    3.0410E-14
  6608.00    3.0902E-14
  6611.00    3.1155E-14
  6614.00    3.1579E-14
  6617.00    3.2128E-14
  6620.00    3.2106E-14
  6623.00    3.1808E-14
  6626.00    3.1798E-14
  6629.00    3.2205E-14
  6632.00    3.1062E-14
  6635.00    3.1784E-14
  6638.00    3.1477E-14
  6641.00    3.0363E-14
  6644.00    3.0590E-14
  6647.00    3.0746E-14
  6650.00    3.2208E-14
  6653.00    3.0698E-14
  6656.00    3.2028E-14
  6659.00    3.1049E-14
  6662.00    2.9865E-14
  6665.00    3.1233E-14
  6668.00    3.0663E-14
  6671.00    3.0129E-14
  6674.00    3.2243E-14
  6677.00    3.0046E-14
  6680.00    3.0314E-14
  6683.00    2.9928E-14
  6686.00    3.2301E-14
  6689.00    3.1032E-14
  6692.00    3.1426E-14
  6695.00    3.1465E-14
  6698.00    3.0333E-14
  6701.00    3.0584E-14
  6704.00    3.0898E-14
  6707.00    3.1749E-14
  6710.00    3.1464E-14
  6713.00    3.0532E-14
  6716.00    3.0538E-14
  6719.00    3.0492E-14
  6722.00    3.0922E-14
  6725.00    3.0981E-14
  6728.00    3.1325E-14
  6731.00    3.0761E-14
  6734.00    3.0711E-14
  6737.00    2.9943E-14
  6740.00    3.0071E-14
  6743.00    3.1807E-14
  6746.00    2.9348E-14
  6749.00    3.1588E-14
  6752.00    3.0030E-14
  6755.00    3.0475E-14
  6758.00    3.1418E-14
  6761.00    3.1022E-14
  6764.00    3.1979E-14
  6767.00    3.0007E-14
  6770.00    3.0601E-14
  6773.00    3.0716E-14
  6776.00    3.0729E-14
  6779.00    3.1356E-14
  6782.00    3.2208E-14
  6785.00    2.9749E-14
  6788.00    3.1937E-14
  6791.00    3.1466E-14
  6794.00    3.0650E-14
  6797.00    3.1254E-14
  6800.00    3.0709E-14
  6803.00    2.9831E-14
  6806.00    3.1710E-14
  6809.00    2.9674E-14
  6812.00    3.0200E-14
  6815.00    3.0627E-14
  6818.00    3.1381E-14
  6821.00    3.0986E-14
  6824.00    3.1134E-14
  6827.00    3.0905E-14
  6830.00    3.0825E-14
  6833.00    3.0585E-14
  6836.00    2.9772E-14
  6839.00    3.1064E-14
  6842.00    2.9289E-14
  6845.00    3.0380E-14
  6848.00    3.0157E-14
  6851.00    3.0099E-14
  6854.00    3.0256E-14
  6857.00    3.0376E-14
  6860.00    3.0450E-14
  6863.00    3.0709E-14
  6866.00    2.9818E-14
  6869.00    3.0165E-14
  6872.00    2.9832E-14
  6875.00    3.0011E-14
  6878.00    3.1444E-14
  6881.00    3.1198E-14
  6884.00    3.0545E-14
  6887.00    2.9575E-14
  6890.00    2.9683E-14
  6893.00    2.9534E-14
  6896.00    3.1397E-14
  6899.00    2.9772E-14
  6902.00    2.9771E-14
  6905.00    3.1203E-14
  6908.00    2.9830E-14
  6911.00    2.9724E-14
  6914.00    3.1264E-14
  6917.00    3.1098E-14
  6920.00    2.9784E-14
  6923.00    3.0485E-14
  6926.00    3.1075E-14
  6929.00    3.0118E-14
  6932.00    2.9188E-14
  6935.00    2.9941E-14
  6938.00    3.0871E-14
  6941.00    3.1365E-14
  6944.00    3.0907E-14
  6947.00    3.0761E-14
  6950.00    3.0696E-14
  6953.00    3.0710E-14
  6956.00    3.2040E-14
  6959.00    3.0927E-14
  6962.00    3.1131E-14
  6965.00    3.1560E-14
  6968.00    2.9697E-14
  6971.00    3.1637E-14
  6974.00    3.0203E-14
  6977.00    3.0962E-14
  6980.00    3.1213E-14
  6983.00    3.0329E-14
  6986.00    3.0642E-14
  6989.00    3.1490E-14
  6992.00    3.2588E-14
  6995.00    3.1409E-14
  6998.00    3.0755E-14
  7001.00    3.0859E-14
  7004.00    3.0674E-14
  7007.00    3.0489E-14
  7010.00    3.0317E-14
  7013.00    3.0244E-14
  7016.00    3.0575E-14
  7019.00    3.0424E-14
  7022.00    3.1374E-14
  7025.00    3.1197E-14
  7028.00    3.0301E-14
  7031.00    3.1737E-14
  7034.00    2.9631E-14
  7037.00    3.1686E-14
  7040.00    3.1409E-14
  7043.00    3.1023E-14
  7046.00    3.0993E-14
  7049.00    3.1705E-14
  7052.00    3.1752E-14
  7055.00    3.1320E-14
  7058.00    3.2205E-14
  7061.00    3.1974E-14
  7064.00    2.9437E-14
  7067.00    2.9853E-14
  7070.00    3.1290E-14
  7073.00    2.9938E-14
  7076.00    2.9774E-14
  7079.00    3.0447E-14
  7082.00    2.9881E-14
  7085.00    3.0231E-14
  7088.00    3.0431E-14
  7091.00    2.9354E-14
  7094.00    2.9735E-14
  7097.00    2.9051E-14
  7100.00    3.1486E-14
  7103.00    3.0611E-14
  7106.00    2.9584E-14
  7109.00    2.9463E-14
  7112.00    2.9935E-14
  7115.00    2.9827E-14
  7118.00    2.9133E-14
  7121.00    2.9038E-14
  7124.00    2.8458E-14
  7127.00    2.9964E-14
  7130.00    2.9126E-14
  7133.00    2.9422E-14
  7136.00    2.8580E-14
  7139.00    3.0073E-14
  7142.00    2.8433E-14
  7145.00    2.9242E-14
  7148.00    2.9871E-14
  7151.00    2.7919E-14
  7154.00    2.9653E-14
  7157.00    2.8373E-14
  7160.00    2.8776E-14
  7163.00    2.9058E-14
  7166.00    2.8599E-14
  7169.00    2.7776E-14
  7172.00    2.8099E-14
  7175.00    2.9146E-14
  7178.00    3.0223E-14
  7181.00    2.8243E-14
  7184.00    2.7418E-14
  7187.00    2.8589E-14
  7190.00    2.8610E-14
  7193.00    2.8904E-14
  7196.00    2.9227E-14
  7199.00    2.8318E-14
  7202.00    2.9410E-14
  7205.00    2.9223E-14
  7208.00    2.9910E-14
  7211.00    2.9122E-14
  7214.00    2.9545E-14
  7217.00    3.0111E-14
  7220.00    2.7698E-14
  7223.00    3.0894E-14
  7226.00    3.0794E-14
  7229.00    3.0334E-14
  7232.00    3.1505E-14
  7235.00    2.9038E-14
  7238.00    2.9035E-14
  7241.00    2.9406E-14
  7244.00    2.9201E-14
  7247.00    2.9286E-14
  7250.00    3.0907E-14
  7253.00    3.1059E-14
  7256.00    3.0705E-14
  7259.00    3.0043E-14
  7262.00    3.0114E-14
  7265.00    2.9406E-14
  7268.00    2.9719E-14
  7271.00    3.0688E-14
  7274.00    2.9401E-14
  7277.00    2.9902E-14
  7280.00    2.9710E-14
  7283.00    2.9034E-14
  7286.00    3.1996E-14
  7289.00    3.0439E-14
  7292.00    3.0329E-14
  7295.00    3.0639E-14
  7298.00    3.0594E-14
  7301.00    3.0969E-14
  7304.00    3.1003E-14
  7307.00    3.1444E-14
  7310.00    3.0228E-14
  7313.00    3.0361E-14
  7316.00    2.9646E-14
  7319.00    3.0406E-14
  7322.00    3.0046E-14
  7325.00    3.1291E-14
  7328.00    3.1375E-14
  7331.00    3.0804E-14
  7334.00    3.0949E-14
  7337.00    3.0433E-14
  7340.00    3.0465E-14
  7343.00    3.1058E-14
  7346.00    3.0577E-14
  7349.00    3.0329E-14
  7352.00    3.1126E-14
  7355.00    3.2102E-14
  7358.00    3.1534E-14
  7361.00    3.0332E-14
  7364.00    3.1234E-14
  7367.00    3.2218E-14
  7370.00    3.1418E-14
  7373.00    3.0654E-14
  7376.00    3.0690E-14
  7379.00    3.0801E-14
  7382.00    3.2033E-14
  7385.00    3.1388E-14
  7388.00    3.1533E-14
  7391.00    3.0300E-14
  7394.00    3.2322E-14
  7397.00    3.0329E-14
  7400.00    3.1730E-14
  7403.00    3.1045E-14
  7406.00    3.0607E-14
  7409.00    3.0788E-14
  7412.00    3.3015E-14
  7415.00    3.1241E-14
  7418.00    3.1787E-14
  7421.00    3.1058E-14
  7424.00    3.2387E-14
  7427.00    3.1919E-14
  7430.00    3.1481E-14
  7433.00    3.1021E-14
  7436.00    3.1755E-14
  7439.00    3.1232E-14
  7442.00    3.1763E-14
  7445.00    3.1525E-14
  7448.00    3.1219E-14
  7451.00    3.1825E-14
  7454.00    3.3391E-14
  7457.00    3.1862E-14
  7460.00    3.0916E-14
  7463.00    3.1340E-14
  7466.00    3.0680E-14
  7469.00    3.1579E-14
  7472.00    3.2158E-14
  7475.00    3.2695E-14
  7478.00    3.2142E-14
  7481.00    3.1599E-14
  7484.00    3.1067E-14
  7487.00    3.0808E-14
  7490.00    3.1446E-14
  7493.00    3.0834E-14
  7496.00    3.1717E-14
  7499.00    3.2433E-14
  7502.00    3.1508E-14
  7505.00    3.2060E-14
  7508.00    3.0660E-14
  7511.00    3.2191E-14
  7514.00    3.1912E-14
  7517.00    3.2206E-14
  7520.00    3.1435E-14
  7523.00    3.0761E-14
  7526.00    3.2226E-14
  7529.00    3.1882E-14
  7532.00    3.0912E-14
  7535.00    3.2417E-14
  7538.00    3.3260E-14
  7541.00    3.2710E-14
  7544.00    3.2767E-14
  7547.00    3.2610E-14
  7550.00    3.1970E-14
  7553.00    3.2148E-14
  7556.00    3.2826E-14
  7559.00    3.1167E-14
  7562.00    3.2433E-14
  7565.00    3.2279E-14
  7568.00    3.2226E-14
  7571.00    3.1773E-14
  7574.00    3.1778E-14
  7577.00    3.2023E-14
  7580.00    3.0875E-14
  7583.00    3.1775E-14
  7586.00    3.1435E-14
  7589.00    3.1304E-14
  7592.00    3.1506E-14
  7595.00    3.0742E-14
  7598.00    3.1172E-14
  7601.00    3.1766E-14
  7604.00    3.0446E-14
  7607.00    3.0171E-14
  7610.00    3.1376E-14
  7613.00    3.0238E-14
  7616.00    3.0243E-14
  7619.00    3.0932E-14
  7622.00    3.2413E-14
  7625.00    3.0793E-14
  7628.00    3.0909E-14
  7631.00    3.1003E-14
  7634.00    3.0660E-14
  7637.00    2.9393E-14
  7640.00    2.9513E-14
  7643.00    3.0715E-14
  7646.00    2.9474E-14
  7649.00    2.9264E-14
  7652.00    3.0357E-14
  7655.00    2.9388E-14
  7658.00    2.9769E-14
  7661.00    2.8800E-14
  7664.00    2.9819E-14
  7667.00    2.8034E-14
  7670.00    2.8287E-14
  7673.00    2.8867E-14
  7676.00    2.7738E-14
  7679.00    2.8787E-14
  7682.00    2.8085E-14
  7685.00    2.7116E-14
  7688.00    2.9620E-14
  7691.00    2.8938E-14
  7694.00    2.9434E-14
  7697.00    2.7630E-14
  7700.00    2.9385E-14
  7703.00    2.8845E-14
  7706.00    2.7145E-14
  7709.00    2.9289E-14
  7712.00    2.8774E-14
  7715.00    2.8090E-14
  7718.00    2.8946E-14
  7721.00    2.9027E-14
  7724.00    2.8932E-14
  7727.00    3.0346E-14
  7730.00    2.9676E-14
  7733.00    2.8320E-14
  7736.00    2.9631E-14
  7739.00    2.9829E-14
  7742.00    2.8150E-14
  7745.00    2.7848E-14
  7748.00    2.8920E-14
  7751.00    2.9148E-14
  7754.00    2.9259E-14
  7757.00    2.9417E-14
  7760.00    3.0042E-14
  7763.00    2.9909E-14
  7766.00    2.8477E-14
  7769.00    2.8678E-14
  7772.00    2.9064E-14
  7775.00    2.8814E-14
  7778.00    2.9395E-14
  7781.00    2.9069E-14
  7784.00    2.7295E-14
  7787.00    2.9490E-14
  7790.00    2.8825E-14
  7793.00    2.9326E-14
  7796.00    2.9370E-14
  7799.00    3.0101E-14
  7802.00    2.9118E-14
  7805.00    3.0460E-14
  7808.00    2.9192E-14
  7811.00    2.7675E-14
  7814.00    2.8777E-14
  7817.00    2.9688E-14
  7820.00    2.9710E-14
  7823.00    2.9349E-14
  7826.00    2.9729E-14
  7829.00    2.9304E-14
  7832.00    3.0845E-14
  7835.00    2.9432E-14
  7838.00    3.0829E-14
  7841.00    2.9337E-14
  7844.00    2.8742E-14
  7847.00    3.0053E-14
  7850.00    2.9952E-14
  7853.00    2.9967E-14
  7856.00    3.0707E-14
  7859.00    3.0793E-14
  7862.00    2.9436E-14
  7865.00    3.0690E-14
  7868.00    2.9788E-14
  7871.00    2.9122E-14
  7874.00    2.8606E-14
  7877.00    3.0078E-14
  7880.00    2.9416E-14
  7883.00    2.9189E-14
  7886.00    2.9643E-14
  7889.00    3.0587E-14
  7892.00    2.9619E-14
  7895.00    2.8618E-14
  7898.00    2.8972E-14
  7901.00    2.8820E-14
  7904.00    2.8988E-14
  7907.00    2.8386E-14
  7910.00    2.9756E-14
  7913.00    2.8717E-14
  7916.00    2.8805E-14
  7919.00    2.9079E-14
  7922.00    2.8941E-14
  7925.00    2.8782E-14
  7928.00    2.8473E-14
  7931.00    2.7934E-14
  7934.00    2.8813E-14
  7937.00    2.7294E-14
  7940.00    2.8936E-14
  7943.00    2.8471E-14
  7946.00    2.8901E-14
  7949.00    2.7901E-14
  7952.00    2.9073E-14
  7955.00    2.8504E-14
  7958.00    2.9178E-14
  7961.00    2.8861E-14
  7964.00    3.0618E-14
  7967.00    2.8215E-14
  7970.00    2.8852E-14
  7973.00    2.9253E-14
  7976.00    2.9155E-14
  7979.00    2.8892E-14
  7982.00    3.0307E-14
  7985.00    2.9345E-14
  7988.00    2.9378E-14
  7991.00    3.0203E-14
  7994.00    2.9712E-14
  7997.00    2.9577E-14
  8000.00    3.0263E-14
  8003.00    3.1081E-14
  8006.00    3.0105E-14
  8009.00    2.9703E-14
  8012.00    2.9122E-14
  8015.00    3.0665E-14
  8018.00    2.9133E-14
  8021.00    3.0496E-14
  8024.00    3.0778E-14
  8027.00    2.9926E-14
  8030.00    3.1212E-14
  8033.00    3.0105E-14
  8036.00    2.8805E-14
  8039.00    3.1079E-14
  8042.00    3.1076E-14
  8045.00    2.8294E-14
  8048.00    2.9219E-14
  8051.00    2.9675E-14
  8054.00    2.8571E-14
  8057.00    3.0660E-14
  8060.00    2.9295E-14
  8063.00    2.9928E-14
  8066.00    3.1286E-14
  8069.00    3.1307E-14
  8072.00    2.9907E-14
  8075.00    3.1394E-14
  8078.00    2.9905E-14
  8081.00    2.8882E-14
  8084.00    3.0686E-14
  8087.00    3.0171E-14
  8090.00    2.9597E-14
  8093.00    3.0041E-14
  8096.00    2.9924E-14
  8099.00    2.8884E-14
  8102.00    3.0616E-14
  8105.00    2.9250E-14
  8108.00    3.0510E-14
  8111.00    2.8884E-14
  8114.00    2.8847E-14
  8117.00    2.9495E-14
  8120.00    3.0192E-14
  8123.00    2.9577E-14
  8126.00    2.9028E-14
  8129.00    2.9971E-14
  8132.00    2.9489E-14
  8135.00    3.0198E-14
  8138.00    2.9727E-14
  8141.00    3.0437E-14
  8144.00    3.1153E-14
  8147.00    2.9870E-14
  8150.00    2.7776E-14
  8153.00    3.0247E-14
  8156.00    3.0230E-14
  8159.00    3.0553E-14
  8162.00    2.9190E-14
  8165.00    3.0327E-14
  8168.00    2.9254E-14
  8171.00    3.0571E-14
  8174.00    2.9196E-14
  8177.00    2.9139E-14
  8180.00    2.9463E-14
  8183.00    2.9776E-14
  8186.00    2.6878E-14
  8189.00    2.9008E-14
  8192.00    2.8741E-14
  8195.00    2.7792E-14
  8198.00    2.8383E-14
  8201.00    2.9641E-14
  8204.00    2.9162E-14
  8207.00    3.0413E-14
  8210.00    2.8805E-14
  8213.00    2.9679E-14
  8216.00    2.9274E-14
  8219.00    2.9158E-14
  8222.00    2.9626E-14
  8225.00    3.0100E-14
  8228.00    2.9255E-14
  8231.00    2.9938E-14
  8234.00    3.0259E-14
  8237.00    3.0696E-14
  8240.00    3.0283E-14
  8243.00    3.1584E-14
  8246.00    3.1056E-14
  8249.00    3.0912E-14
  8252.00    3.1430E-14
  8255.00    2.9841E-14
  8258.00    3.1152E-14
  8261.00    3.0019E-14
  8264.00    3.0477E-14
  8267.00    3.0316E-14
  8270.00    3.0119E-14
  8273.00    2.8798E-14
  8276.00    2.9438E-14
  8279.00    2.9467E-14
  8282.00    2.8262E-14
  8285.00    3.1666E-14
  8288.00    2.8994E-14
  8291.00    2.8547E-14
  8294.00    2.8815E-14
  8297.00    2.9990E-14
  8300.00    2.9163E-14
  8303.00    3.0662E-14
  8306.00    3.0300E-14
  8309.00    3.0829E-14
  8312.00    2.9701E-14
  8315.00    2.8540E-14
  8318.00    2.8937E-14
  8321.00    2.9698E-14
  8324.00    3.1141E-14
  8327.00    2.9320E-14
  8330.00    2.9074E-14
  8333.00    2.8891E-14
  8336.00    3.0121E-14
  8339.00    2.9625E-14
  8342.00    2.9328E-14
  8345.00    2.8816E-14
  8348.00    3.0137E-14
  8351.00    2.9576E-14
  8354.00    3.0622E-14
  8357.00    2.9033E-14
  8360.00    2.9237E-14
  8363.00    2.9464E-14
  8366.00    2.9452E-14
  8369.00    3.0364E-14
  8372.00    2.9593E-14
  8375.00    2.8475E-14
  8378.00    3.0313E-14
  8381.00    2.9727E-14
  8384.00    2.8507E-14
  8387.00    2.8694E-14
  8390.00    3.0204E-14
  8393.00    2.9474E-14
  8396.00    2.8964E-14
  8399.00    2.9570E-14
  8402.00    2.9968E-14
  8405.00    3.0335E-14
  8408.00    2.8890E-14
  8411.00    2.9458E-14
  8414.00    3.0268E-14
  8417.00    2.9939E-14
  8420.00    3.0313E-14
  8423.00    2.8310E-14
  8426.00    2.8461E-14
  8429.00    2.8398E-14
  8432.00    2.9612E-14
  8435.00    2.8485E-14
  8438.00    2.7982E-14
  8441.00    2.9684E-14
  8444.00    2.7255E-14
  8447.00    2.8236E-14
  8450.00    2.7773E-14
  8453.00    2.7652E-14
  8456.00    2.9073E-14
  8459.00    2.9030E-14
  8462.00    2.8413E-14
  8465.00    2.8325E-14
  8468.00    2.9568E-14
  8471.00    2.9363E-14
  8474.00    2.8607E-14
  8477.00    2.9463E-14
  8480.00    2.8146E-14
  8483.00    2.8460E-14
  8486.00    2.8582E-14
  8489.00    2.8208E-14
  8492.00    2.8065E-14
  8495.00    2.8590E-14
  8498.00    2.8161E-14
  8501.00    2.7626E-14
  8504.00    2.8679E-14
  8507.00    2.7999E-14
  8510.00    2.6831E-14
  8513.00    2.9129E-14
  8516.00    2.8100E-14
  8519.00    2.9169E-14
  8522.00    2.8775E-14
  8525.00    2.8373E-14
  8528.00    2.9126E-14
  8531.00    2.7302E-14
  8534.00    2.7393E-14
  8537.00    2.6578E-14
  8540.00    2.7687E-14
  8543.00    2.7114E-14
  8546.00    2.6613E-14
  8549.00    2.8140E-14
  8552.00    2.7796E-14
  8555.00    2.8703E-14
  8558.00    2.8186E-14
  8561.00    2.8071E-14
  8564.00    2.8803E-14
  8567.00    2.9273E-14
  8570.00    2.9760E-14
  8573.00    3.1323E-14
  8576.00    2.9380E-14
  8579.00    2.8185E-14
  8582.00    2.9855E-14
  8585.00    3.0646E-14
  8588.00    2.8050E-14
  8591.00    2.7877E-14
  8594.00    3.0693E-14
  8597.00    2.7127E-14
  8600.00    2.8768E-14
  8603.00    2.8102E-14
  8606.00    2.9195E-14
  8609.00    2.9166E-14
  8612.00    2.9477E-14
  8615.00    2.8778E-14
  8618.00    2.8824E-14
  8621.00    2.9799E-14
  8624.00    2.9693E-14
  8627.00    2.8212E-14
  8630.00    2.9731E-14
  8633.00    2.9096E-14
  8636.00    3.0186E-14
  8639.00    2.9980E-14
  8642.00    2.8438E-14
  8645.00    3.0115E-14
  8648.00    2.7701E-14
  8651.00    2.8774E-14
  8654.00    2.8377E-14
  8657.00    2.7409E-14
  8660.00    2.6571E-14
  8663.00    2.6761E-14
  8666.00    2.8317E-14
  8669.00    2.7298E-14
  8672.00    2.6864E-14
  8675.00    2.7658E-14
  8678.00    2.7328E-14
  8681.00    2.6972E-14
  8684.00    2.7460E-14
  8687.00    2.8263E-14
  8690.00    2.7795E-14
  8693.00    2.8507E-14
  8696.00    2.8416E-14
  8699.00    2.9167E-14
  8702.00    2.9015E-14
  8705.00    2.8526E-14
  8708.00    2.9000E-14
  8711.00    2.8244E-14
  8714.00    2.9016E-14
  8717.00    2.8687E-14
  8720.00    2.9420E-14
  8723.00    2.9368E-14
  8726.00    2.9488E-14
  8729.00    2.8851E-14
  8732.00    2.8326E-14
  8735.00    2.7178E-14
  8738.00    2.8401E-14
  8741.00    2.8830E-14
  8744.00    2.9340E-14
  8747.00    2.7318E-14
  8750.00    2.7986E-14
  8753.00    2.8218E-14
  8756.00    2.8920E-14
  8759.00    2.6916E-14
  8762.00    2.8144E-14
  8765.00    2.8420E-14
  8768.00    2.7153E-14
  8771.00    2.8436E-14
  8774.00    2.8667E-14
  8777.00    2.8964E-14
  8780.00    2.8802E-14
  8783.00    2.9612E-14
  8786.00    2.9115E-14
  8789.00    2.9848E-14
  8792.00    2.8347E-14
  8795.00    2.8645E-14
  8798.00    2.9683E-14
  8801.00    2.9211E-14
  8804.00    3.0156E-14
  8807.00    2.9387E-14
  8810.00    2.9768E-14
  8813.00    2.8644E-14
  8816.00    2.8916E-14
  8819.00    2.8846E-14
  8822.00    2.8318E-14
  8825.00    2.7783E-14
  8828.00    2.7769E-14
  8831.00    2.9728E-14
  8834.00    2.9211E-14
  8837.00    2.8946E-14
  8840.00    2.9438E-14
  8843.00    2.9324E-14
  8846.00    2.8473E-14
  8849.00    2.9336E-14
  8852.00    2.8547E-14
  8855.00    2.8670E-14
  8858.00    2.8104E-14
  8861.00    2.7850E-14
  8864.00    2.8748E-14
  8867.00    2.8487E-14
  8870.00    2.8153E-14
  8873.00    2.8333E-14
  8876.00    2.8420E-14
  8879.00    2.7414E-14
  8882.00    2.6855E-14
  8885.00    2.8380E-14
  8888.00    2.7998E-14
  8891.00    2.8196E-14
  8894.00    2.8638E-14
  8897.00    2.8189E-14
  8900.00    2.8875E-14
  8903.00    2.8566E-14
  8906.00    2.9157E-14
  8909.00    2.8750E-14
  8912.00    2.9399E-14
  8915.00    2.8839E-14
  8918.00    2.8235E-14
  8921.00    2.8325E-14
  8924.00    2.9152E-14
  8927.00    2.8771E-14
  8930.00    2.9478E-14
  8933.00    2.9116E-14
  8936.00    2.7061E-14
  8939.00    2.8523E-14
  8942.00    2.8907E-14
  8945.00    2.7631E-14
  8948.00    2.9813E-14
  8951.00    2.7907E-14
  8954.00    2.8507E-14
  8957.00    2.9132E-14
  8960.00    2.7753E-14
  8963.00    2.8595E-14
  8966.00    2.8394E-14
  8969.00    2.7983E-14
  8972.00    2.8574E-14
  8975.00    2.7335E-14
  8978.00    2.6248E-14
  8981.00    2.7106E-14
  8984.00    2.6407E-14
  8987.00    2.7378E-14
  8990.00    2.7223E-14
  8993.00    2.5741E-14
  8996.00    2.8263E-14
  8999.00    2.6424E-14
  9002.00    2.9076E-14
  9005.00    2.7140E-14
  9008.00    2.6872E-14
  9011.00    2.7880E-14
  9014.00    2.7086E-14
  9017.00    2.8153E-14
  9020.00    2.7663E-14
  9023.00    2.8223E-14
  9026.00    2.8523E-14
  9029.00    2.9203E-14
  9032.00    2.9187E-14
  9035.00    2.9168E-14
  9038.00    2.8810E-14
  9041.00    2.9622E-14
  9044.00    3.0464E-14
  9047.00    2.9771E-14
  9050.00    3.0015E-14
  9053.00    2.9023E-14
  9056.00    3.0257E-14
  9059.00    2.9759E-14
  9062.00    3.0484E-14
  9065.00    2.8245E-14
  9068.00    3.0168E-14
  9071.00    2.8745E-14
  9074.00    2.8267E-14
  9077.00    2.8518E-14
  9080.00    2.8217E-14
  9083.00    2.9102E-14
  9086.00    2.7463E-14
  9089.00    2.8494E-14
  9092.00    2.9794E-14
  9095.00    2.8227E-14
  9098.00    2.9015E-14
  9101.00    2.9093E-14
  9104.00    2.8836E-14
  9107.00    2.7130E-14
  9110.00    2.8579E-14
  9113.00    2.8410E-14
  9116.00    2.8298E-14
  9119.00    2.7254E-14
  9122.00    2.7740E-14
  9125.00    2.9505E-14
  9128.00    2.8814E-14
  9131.00    2.7940E-14
  9134.00    2.7763E-14
  9137.00    2.8414E-14
  9140.00    2.8688E-14
  9143.00    2.8274E-14
  9146.00    2.8680E-14
  9149.00    2.7332E-14
  9152.00    2.6939E-14
  9155.00    2.8141E-14
  9158.00    2.8727E-14
  9161.00    2.7337E-14
  9164.00    2.8356E-14
  9167.00    2.7995E-14
  9170.00    2.8540E-14
  9173.00    2.7344E-14
  9176.00    2.8959E-14
  9179.00    2.7852E-14
  9182.00    2.6040E-14
  9185.00    2.8647E-14
  9188.00    2.8167E-14
  9191.00    2.7674E-14
  9194.00    2.8505E-14
  9197.00    2.6219E-14
  9200.00    2.7967E-14
  9203.00    2.7277E-14
  9206.00    2.6916E-14
  9209.00    2.7092E-14
  9212.00    2.5782E-14
  9215.00    2.7429E-14
  9218.00    2.7238E-14
  9221.00    2.6505E-14
  9224.00    2.5570E-14
  9227.00    2.6472E-14
  9230.00    2.7039E-14
  9233.00    2.8189E-14
  9236.00    2.7392E-14
  9239.00    2.7008E-14
  9242.00    2.7559E-14
  9245.00    2.7064E-14
  9248.00    2.7499E-14
  9251.00    2.9022E-14
  9254.00    2.8510E-14
  9257.00    2.7305E-14
  9260.00    2.8436E-14
  9263.00    2.7388E-14
  9266.00    2.7631E-14
  9269.00    2.7950E-14
  9272.00    2.8712E-14
  9275.00    2.8656E-14
  9278.00    2.8682E-14
  9281.00    2.8145E-14
  9284.00    2.7507E-14
  9287.00    2.7481E-14
  9290.00    2.5649E-14
  9293.00    2.8343E-14
  9296.00    2.8016E-14
  9299.00    2.6992E-14
  9302.00    2.6298E-14
  9305.00    2.7121E-14
  9308.00    2.7189E-14
  9311.00    2.5880E-14
  9314.00    2.7273E-14
  9317.00    2.6785E-14
  9320.00    2.6602E-14
  9323.00    2.7883E-14
  9326.00    2.7324E-14
  9329.00    2.8230E-14
  9332.00    2.7389E-14
  9335.00    2.7974E-14
  9338.00    2.7550E-14
  9341.00    2.8031E-14
  9344.00    2.6969E-14
  9347.00    2.6738E-14
  9350.00    2.6556E-14
  9353.00    2.7644E-14
  9356.00    2.8356E-14
  9359.00    2.7841E-14
  9362.00    2.8195E-14
  9365.00    2.7074E-14
  9368.00    2.7390E-14
  9371.00    2.7013E-14
  9374.00    2.6490E-14
  9377.00    2.8466E-14
  9380.00    2.7686E-14
  9383.00    2.8370E-14
  9386.00    2.8268E-14
  9389.00    2.7670E-14
  9392.00    2.7844E-14
  9395.00    2.6964E-14
  9398.00    2.7206E-14
  9401.00    2.6491E-14
  9404.00    2.8230E-14
  9407.00    2.7612E-14
  9410.00    2.6376E-14
  9413.00    2.7309E-14
  9416.00    2.7139E-14
  9419.00    2.8623E-14
  9422.00    2.8667E-14
  9425.00    2.7265E-14
  9428.00    2.7290E-14
  9431.00    2.6560E-14
  9434.00    2.8504E-14
  9437.00    2.8615E-14
  9440.00    2.7142E-14
  9443.00    2.7419E-14
  9446.00    2.7358E-14
  9449.00    2.8318E-14
  9452.00    2.8529E-14
  9455.00    2.5219E-14
  9458.00    2.7337E-14
  9461.00    2.6942E-14
  9464.00    2.7525E-14
  9467.00    2.6482E-14
  9470.00    2.7682E-14
  9473.00    2.7540E-14
  9476.00    2.7639E-14
  9479.00    2.7971E-14
  9482.00    2.7219E-14
  9485.00    2.6342E-14
  9488.00    2.6762E-14
  9491.00    2.8042E-14
  9494.00    2.8763E-14
  9497.00    2.7868E-14
  9500.00    2.7539E-14
  9503.00    2.7260E-14
  9506.00    2.7637E-14
  9509.00    2.7833E-14
  9512.00    2.8580E-14
  9515.00    2.7735E-14
  9518.00    2.7892E-14
  9521.00    2.7382E-14
  9524.00    2.7210E-14
  9527.00    2.7211E-14
  9530.00    2.7489E-14
  9533.00    2.8160E-14
  9536.00    2.8476E-14
  9539.00    2.6131E-14
  9542.00    2.7050E-14
  9545.00    2.8235E-14
  9548.00    2.7084E-14
  9551.00    2.6672E-14
  9554.00    2.6479E-14
  9557.00    2.7584E-14
  9560.00    2.7148E-14
  9563.00    2.6573E-14
  9566.00    2.6011E-14
  9569.00    2.8316E-14
  9572.00    2.7442E-14
  9575.00    2.8626E-14
  9578.00    2.7031E-14
  9581.00    2.8273E-14
  9584.00    2.7393E-14
  9587.00    2.8535E-14
  9590.00    2.7157E-14
  9593.00    2.6731E-14
  9596.00    2.7895E-14
  9599.00    2.7618E-14
  9602.00    2.8274E-14
  9605.00    2.7794E-14
  9608.00    2.9237E-14
  9611.00    2.9015E-14
  9614.00    2.7036E-14
  9617.00    2.6761E-14
  9620.00    2.7740E-14
  9623.00    2.6805E-14
  9626.00    2.8595E-14
  9629.00    2.8033E-14
  9632.00    2.8992E-14
  9635.00    2.8444E-14
  9638.00    2.7867E-14
  9641.00    2.8345E-14
  9644.00    2.7814E-14
  9647.00    2.6887E-14
  9650.00    2.8532E-14
  9653.00    2.8228E-14
  9656.00    2.8465E-14
  9659.00    2.7890E-14
  9662.00    2.8174E-14
  9665.00    2.9007E-14
  9668.00    2.8743E-14
  9671.00    2.7936E-14
  9674.00    2.7691E-14
  9677.00    2.8740E-14
  9680.00    2.7866E-14
  9683.00    2.7268E-14
  9686.00    2.7169E-14
  9689.00    2.7820E-14
  9692.00    2.9280E-14
  9695.00    2.7563E-14
  9698.00    2.8783E-14
  9701.00    2.7109E-14
  9704.00    2.8278E-14
  9707.00    2.7883E-14
  9710.00    2.8123E-14
  9713.00    2.7934E-14
  9716.00    2.7499E-14
  9719.00    2.7635E-14
  9722.00    2.7514E-14
  9725.00    2.7427E-14
  9728.00    2.6317E-14
  9731.00    2.7748E-14
  9734.00    2.7155E-14
  9737.00    2.8539E-14
  9740.00    2.7470E-14
  9743.00    2.7405E-14
  9746.00    2.6906E-14
  9749.00    2.7866E-14
  9752.00    2.7147E-14
  9755.00    2.7907E-14
  9758.00    2.7079E-14
  9761.00    2.8058E-14
  9764.00    2.7194E-14
  9767.00    2.7320E-14
  9770.00    2.7123E-14
  9773.00    2.7647E-14
  9776.00    2.7562E-14
  9779.00    2.8227E-14
  9782.00    2.7240E-14
  9785.00    2.7001E-14
  9788.00    2.7933E-14
  9791.00    2.7651E-14
  9794.00    2.8223E-14
  9797.00    2.7711E-14
  9800.00    2.9532E-14
