  1400.00    7.7745E-14
  1403.00    7.8049E-14
  1406.00    7.8074E-14
  1409.00    8.0011E-14
  1412.00    8.4021E-14
  1415.00    8.5108E-14
  1418.00    8.6035E-14
  1421.00    8.7032E-14
  1424.00    8.8402E-14
  1427.00    8.8330E-14
  1430.00    8.8766E-14
  1433.00    8.8752E-14
  1436.00    8.8113E-14
  1439.00    9.0027E-14
  1442.00    9.3583E-14
  1445.00    9.5391E-14
  1448.00    9.5123E-14
  1451.00    9.2884E-14
  1454.00    9.1979E-14
  1457.00    9.0015E-14
  1460.00    8.7851E-14
  1463.00    8.3558E-14
  1466.00    8.2446E-14
  1469.00    8.3251E-14
  1472.00    8.3174E-14
  1475.00    8.3816E-14
  1478.00    8.2686E-14
  1481.00    8.5323E-14
  1484.00    8.5252E-14
  1487.00    8.6216E-14
  1490.00    8.5792E-14
  1493.00    8.6751E-14
  1496.00    8.7563E-14
  1499.00    8.5276E-14
  1502.00    8.0793E-14
  1505.00    8.0399E-14
  1508.00    7.7154E-14
  1511.00    7.2430E-14
  1514.00    7.1803E-14
  1517.00    7.5516E-14
  1520.00    7.5839E-14
  1523.00    7.3290E-14
  1526.00    7.2404E-14
  1529.00    6.9430E-14
  1532.00    6.1890E-14
  1535.00    6.0591E-14
  1538.00    5.9868E-14
  1541.00    6.2307E-14
  1544.00    6.4253E-14
  1547.00    6.5313E-14
  1550.00    6.2740E-14
  1553.00    6.0958E-14
  1556.00    6.1282E-14
  1559.00    6.1437E-14
  1562.00    6.4881E-14
  1565.00    6.3957E-14
  1568.00    6.6194E-14
  1571.00    6.7792E-14
  1574.00    6.8577E-14
  1577.00    6.7340E-14
  1580.00    7.0418E-14
  1583.00    7.3105E-14
  1586.00    7.3953E-14
  1589.00    7.3346E-14
  1592.00    7.5909E-14
  1595.00    7.2752E-14
  1598.00    7.4427E-14
  1601.00    7.3453E-14
  1604.00    7.3114E-14
  1607.00    7.3667E-14
  1610.00    7.2766E-14
  1613.00    7.3159E-14
  1616.00    7.3333E-14
  1619.00    7.3092E-14
  1622.00    7.0998E-14
  1625.00    6.9264E-14
  1628.00    6.9405E-14
  1631.00    7.3345E-14
  1634.00    7.5468E-14
  1637.00    7.5013E-14
  1640.00    7.5000E-14
  1643.00    7.4786E-14
  1646.00    7.4975E-14
  1649.00    7.3253E-14
  1652.00    7.0401E-14
  1655.00    6.9476E-14
  1658.00    6.9508E-14
  1661.00    7.4089E-14
  1664.00    7.5070E-14
  1667.00    7.5546E-14
  1670.00    6.7836E-14
  1673.00    6.8074E-14
  1676.00    7.3851E-14
  1679.00    7.7198E-14
  1682.00    7.9693E-14
  1685.00    7.9609E-14
  1688.00    8.0300E-14
  1691.00    7.5525E-14
  1694.00    7.5140E-14
  1697.00    7.5569E-14
  1700.00    7.2618E-14
  1703.00    7.0876E-14
  1706.00    7.0559E-14
  1709.00    6.9178E-14
  1712.00    6.6005E-14
  1715.00    6.4997E-14
  1718.00    6.4426E-14
  1721.00    6.4963E-14
  1724.00    6.4479E-14
  1727.00    6.4999E-14
  1730.00    6.6107E-14
  1733.00    6.8779E-14
  1736.00    7.0528E-14
  1739.00    6.8788E-14
  1742.00    6.9323E-14
  1745.00    6.8551E-14
  1748.00    6.7831E-14
  1751.00    7.1184E-14
  1754.00    7.2426E-14
  1757.00    7.1717E-14
  1760.00    6.9691E-14
  1763.00    6.6404E-14
  1766.00    6.6974E-14
  1769.00    6.7147E-14
  1772.00    6.6598E-14
  1775.00    6.7000E-14
  1778.00    6.6683E-14
  1781.00    6.8497E-14
  1784.00    6.8071E-14
  1787.00    6.8812E-14
  1790.00    7.1378E-14
  1793.00    7.3668E-14
  1796.00    7.3988E-14
  1799.00    7.4140E-14
  1802.00    7.3625E-14
  1805.00    7.3274E-14
  1808.00    7.4103E-14
  1811.00    6.7662E-14
  1814.00    6.7510E-14
  1817.00    6.5655E-14
  1820.00    6.6786E-14
  1823.00    6.7935E-14
  1826.00    6.6980E-14
  1829.00    6.7413E-14
  1832.00    6.6606E-14
  1835.00    6.5129E-14
  1838.00    6.3762E-14
  1841.00    6.0010E-14
  1844.00    6.0033E-14
  1847.00    5.8343E-14
  1850.00    5.7641E-14
  1853.00    5.7495E-14
  1856.00    5.7628E-14
  1859.00    5.7526E-14
  1862.00    5.9243E-14
  1865.00    5.8437E-14
  1868.00    5.8562E-14
  1871.00    6.4622E-14
  1874.00    6.5711E-14
  1877.00    6.7579E-14
  1880.00    6.4428E-14
  1883.00    6.0478E-14
  1886.00    5.7545E-14
  1889.00    5.9227E-14
  1892.00    5.7904E-14
  1895.00    5.7322E-14
  1898.00    5.7948E-14
  1901.00    5.9246E-14
  1904.00    6.2327E-14
  1907.00    6.2512E-14
  1910.00    5.9988E-14
  1913.00    5.8242E-14
  1916.00    5.7505E-14
  1919.00    5.6821E-14
  1922.00    5.7389E-14
  1925.00    5.6215E-14
  1928.00    5.7245E-14
  1931.00    5.8450E-14
  1934.00    6.0084E-14
  1937.00    6.0660E-14
  1940.00    6.0346E-14
  1943.00    6.0790E-14
  1946.00    6.2367E-14
  1949.00    6.0257E-14
  1952.00    5.7297E-14
  1955.00    5.6410E-14
  1958.00    5.6264E-14
  1961.00    6.0125E-14
  1964.00    6.3211E-14
  1967.00    6.4058E-14
  1970.00    6.3781E-14
  1973.00    6.5543E-14
  1976.00    6.5474E-14
  1979.00    6.4563E-14
  1982.00    6.2212E-14
  1985.00    6.0542E-14
  1988.00    6.1012E-14
  1991.00    6.0126E-14
  1994.00    6.0542E-14
  1997.00    5.9820E-14
  2000.00    6.1383E-14
  2003.00    6.1525E-14
  2006.00    6.2208E-14
  2009.00    6.2201E-14
  2012.00    5.8550E-14
  2015.00    5.9142E-14
  2018.00    5.9594E-14
  2021.00    6.1926E-14
  2024.00    6.3268E-14
  2027.00    6.2332E-14
  2030.00    6.0100E-14
  2033.00    5.8183E-14
  2036.00    5.8093E-14
  2039.00    5.8723E-14
  2042.00    5.8666E-14
  2045.00    6.2001E-14
  2048.00    6.0094E-14
  2051.00    5.8724E-14
  2054.00    5.5919E-14
  2057.00    5.5507E-14
  2060.00    5.5757E-14
  2063.00    5.5896E-14
  2066.00    5.5297E-14
  2069.00    5.8334E-14
  2072.00    6.2761E-14
  2075.00    6.0383E-14
  2078.00    5.7732E-14
  2081.00    5.8963E-14
  2084.00    5.9787E-14
  2087.00    6.1002E-14
  2090.00    5.8140E-14
  2093.00    5.7121E-14
  2096.00    5.7681E-14
  2099.00    5.7934E-14
  2102.00    5.7056E-14
  2105.00    5.7233E-14
  2108.00    5.5817E-14
  2111.00    5.7123E-14
  2114.00    5.7913E-14
  2117.00    5.7189E-14
  2120.00    5.7784E-14
  2123.00    5.8726E-14
  2126.00    5.7461E-14
  2129.00    5.7989E-14
  2132.00    5.6461E-14
  2135.00    5.3943E-14
  2138.00    5.3160E-14
  2141.00    5.4978E-14
  2144.00    5.5573E-14
  2147.00    5.6248E-14
  2150.00    5.6770E-14
  2153.00    5.7575E-14
  2156.00    5.7611E-14
  2159.00    5.7892E-14
  2162.00    5.6595E-14
  2165.00    5.6560E-14
  2168.00    5.6401E-14
  2171.00    5.6135E-14
  2174.00    5.5374E-14
  2177.00    5.6663E-14
  2180.00    5.3410E-14
  2183.00    5.4280E-14
  2186.00    5.4196E-14
  2189.00    5.5019E-14
  2192.00    5.5899E-14
  2195.00    5.6986E-14
  2198.00    5.6481E-14
  2201.00    5.5439E-14
  2204.00    5.5557E-14
  2207.00    5.3892E-14
  2210.00    5.2704E-14
  2213.00    5.1777E-14
  2216.00    5.1032E-14
  2219.00    5.0425E-14
  2222.00    5.0126E-14
  2225.00    4.9731E-14
  2228.00    4.8794E-14
  2231.00    5.1801E-14
  2234.00    5.3077E-14
  2237.00    5.3131E-14
  2240.00    5.2348E-14
  2243.00    5.0446E-14
  2246.00    5.0860E-14
  2249.00    4.9520E-14
  2252.00    4.7868E-14
  2255.00    4.7606E-14
  2258.00    4.8582E-14
  2261.00    4.9319E-14
  2264.00    4.9991E-14
  2267.00    4.9669E-14
  2270.00    5.1771E-14
  2273.00    5.1682E-14
  2276.00    5.0132E-14
  2279.00    5.1014E-14
  2282.00    5.0528E-14
  2285.00    5.1361E-14
  2288.00    5.0673E-14
  2291.00    4.9916E-14
  2294.00    4.9445E-14
  2297.00    4.8406E-14
  2300.00    4.8769E-14
  2303.00    4.8409E-14
  2306.00    4.9185E-14
  2309.00    4.7921E-14
  2312.00    4.6769E-14
  2315.00    4.4852E-14
  2318.00    4.4006E-14
  2321.00    3.7626E-14
  2324.00    3.4760E-14
  2327.00    3.4157E-14
  2330.00    3.7543E-14
  2333.00    4.2305E-14
  2336.00    4.2306E-14
  2339.00    4.1329E-14
  2342.00    4.1062E-14
  2345.00    3.9642E-14
  2348.00    4.1126E-14
  2351.00    4.3340E-14
  2354.00    4.3868E-14
  2357.00    4.3779E-14
  2360.00    4.2217E-14
  2363.00    4.2367E-14
  2366.00    4.1567E-14
  2369.00    4.0307E-14
  2372.00    4.1356E-14
  2375.00    4.0117E-14
  2378.00    4.0568E-14
  2381.00    3.8771E-14
  2384.00    3.8902E-14
  2387.00    3.7886E-14
  2390.00    3.8755E-14
  2393.00    4.0926E-14
  2396.00    4.1160E-14
  2399.00    4.2213E-14
  2402.00    3.9187E-14
  2405.00    3.9555E-14
  2408.00    3.9571E-14
  2411.00    3.9927E-14
  2414.00    4.1087E-14
  2417.00    3.9706E-14
  2420.00    4.2890E-14
  2423.00    4.1969E-14
  2426.00    4.1838E-14
  2429.00    4.1641E-14
  2432.00    3.9822E-14
  2435.00    4.0932E-14
  2438.00    4.0639E-14
  2441.00    4.2488E-14
  2444.00    4.4404E-14
  2447.00    4.3808E-14
  2450.00    4.4311E-14
  2453.00    4.1592E-14
  2456.00    4.0961E-14
  2459.00    4.1274E-14
  2462.00    4.1897E-14
  2465.00    4.2737E-14
  2468.00    4.1929E-14
  2471.00    4.0375E-14
  2474.00    4.0061E-14
  2477.00    4.0472E-14
  2480.00    4.1013E-14
  2483.00    4.1640E-14
  2486.00    4.1263E-14
  2489.00    4.1839E-14
  2492.00    3.8569E-14
  2495.00    3.7606E-14
  2498.00    3.8116E-14
  2501.00    4.1385E-14
  2504.00    4.2316E-14
  2507.00    4.1777E-14
  2510.00    3.8523E-14
  2513.00    3.8382E-14
  2516.00    3.7945E-14
  2519.00    3.8995E-14
  2522.00    3.8571E-14
  2525.00    3.7111E-14
  2528.00    3.8183E-14
  2531.00    3.8139E-14
  2534.00    3.7779E-14
  2537.00    3.8723E-14
  2540.00    3.8113E-14
  2543.00    3.7085E-14
  2546.00    3.8073E-14
  2549.00    3.8296E-14
  2552.00    3.9396E-14
  2555.00    3.9477E-14
  2558.00    4.0207E-14
  2561.00    3.9790E-14
  2564.00    3.9580E-14
  2567.00    3.9639E-14
  2570.00    4.0704E-14
  2573.00    3.9697E-14
  2576.00    4.0800E-14
  2579.00    4.1158E-14
  2582.00    4.1339E-14
  2585.00    3.9890E-14
  2588.00    3.9477E-14
  2591.00    4.1039E-14
  2594.00    4.0009E-14
  2597.00    4.0729E-14
  2600.00    3.9400E-14
  2603.00    3.8785E-14
  2606.00    3.9459E-14
  2609.00    3.8754E-14
  2612.00    3.8062E-14
  2615.00    3.7803E-14
  2618.00    3.8508E-14
  2621.00    3.9913E-14
  2624.00    3.9086E-14
  2627.00    3.9734E-14
  2630.00    3.8691E-14
  2633.00    4.0024E-14
  2636.00    4.0429E-14
  2639.00    4.0366E-14
  2642.00    4.2556E-14
  2645.00    4.1841E-14
  2648.00    4.3092E-14
  2651.00    4.2759E-14
  2654.00    4.2877E-14
  2657.00    4.1581E-14
  2660.00    4.1829E-14
  2663.00    3.9678E-14
  2666.00    3.9506E-14
  2669.00    4.0982E-14
  2672.00    4.1173E-14
  2675.00    4.2146E-14
  2678.00    4.1353E-14
  2681.00    4.1012E-14
  2684.00    4.0795E-14
  2687.00    4.0406E-14
  2690.00    4.0474E-14
  2693.00    3.9125E-14
  2696.00    3.8649E-14
  2699.00    3.9320E-14
  2702.00    4.0594E-14
  2705.00    3.8655E-14
  2708.00    4.0017E-14
  2711.00    3.9290E-14
  2714.00    3.9018E-14
  2717.00    3.8208E-14
  2720.00    3.6551E-14
  2723.00    3.7963E-14
  2726.00    3.8102E-14
  2729.00    3.8291E-14
  2732.00    3.9109E-14
  2735.00    3.9954E-14
  2738.00    3.9555E-14
  2741.00    3.6042E-14
  2744.00    3.5998E-14
  2747.00    3.5452E-14
  2750.00    3.5392E-14
  2753.00    3.6804E-14
  2756.00    3.5114E-14
  2759.00    3.4201E-14
  2762.00    3.6212E-14
  2765.00    3.7234E-14
  2768.00    3.7048E-14
  2771.00    3.6657E-14
  2774.00    3.7589E-14
  2777.00    3.7218E-14
  2780.00    3.7993E-14
  2783.00    3.6442E-14
  2786.00    3.7082E-14
  2789.00    3.5393E-14
  2792.00    3.2402E-14
  2795.00    3.0730E-14
  2798.00    3.1159E-14
  2801.00    3.1730E-14
  2804.00    3.2212E-14
  2807.00    3.3061E-14
  2810.00    3.4854E-14
  2813.00    3.7928E-14
  2816.00    3.7357E-14
  2819.00    3.8474E-14
  2822.00    3.7707E-14
  2825.00    3.9545E-14
  2828.00    3.8792E-14
  2831.00    3.7728E-14
  2834.00    3.8108E-14
  2837.00    3.5855E-14
  2840.00    3.7022E-14
  2843.00    3.5553E-14
  2846.00    3.6387E-14
  2849.00    3.4522E-14
  2852.00    3.4957E-14
  2855.00    3.5668E-14
  2858.00    3.5856E-14
  2861.00    3.7256E-14
  2864.00    3.7182E-14
  2867.00    3.7761E-14
  2870.00    3.7104E-14
  2873.00    3.7909E-14
  2876.00    3.5648E-14
  2879.00    3.7529E-14
  2882.00    3.6820E-14
  2885.00    3.6515E-14
  2888.00    3.7892E-14
  2891.00    3.7438E-14
  2894.00    3.6707E-14
  2897.00    3.6052E-14
  2900.00    3.6676E-14
  2903.00    3.6764E-14
  2906.00    3.9038E-14
  2909.00    3.8687E-14
  2912.00    3.9109E-14
  2915.00    3.9565E-14
  2918.00    3.9051E-14
  2921.00    3.7391E-14
  2924.00    3.8548E-14
  2927.00    3.8404E-14
  2930.00    3.8642E-14
  2933.00    3.7040E-14
  2936.00    3.6831E-14
  2939.00    3.7903E-14
  2942.00    3.8283E-14
  2945.00    3.6737E-14
  2948.00    3.7076E-14
  2951.00    3.7986E-14
  2954.00    3.7594E-14
  2957.00    3.8207E-14
  2960.00    3.7937E-14
  2963.00    3.7003E-14
  2966.00    3.7025E-14
  2969.00    3.7355E-14
  2972.00    3.7519E-14
  2975.00    3.6456E-14
  2978.00    3.7494E-14
  2981.00    3.7853E-14
  2984.00    3.8286E-14
  2987.00    3.6011E-14
  2990.00    3.8297E-14
  2993.00    3.6987E-14
  2996.00    3.7493E-14
  2999.00    3.6282E-14
  3002.00    3.7444E-14
  3005.00    3.7801E-14
  3008.00    3.6855E-14
  3011.00    3.7099E-14
  3014.00    3.7647E-14
  3017.00    3.7485E-14
  3020.00    3.6586E-14
  3023.00    3.6994E-14
  3026.00    3.6967E-14
  3029.00    3.7131E-14
  3032.00    3.6621E-14
  3035.00    3.7187E-14
  3038.00    3.6940E-14
  3041.00    3.6735E-14
  3044.00    3.6998E-14
  3047.00    3.7395E-14
  3050.00    3.6663E-14
  3053.00    3.5627E-14
  3056.00    3.6392E-14
  3059.00    3.7304E-14
  3062.00    3.5764E-14
  3065.00    3.6066E-14
  3068.00    3.4984E-14
  3071.00    3.6334E-14
  3074.00    3.7103E-14
  3077.00    3.5691E-14
  3080.00    3.7141E-14
  3083.00    3.4931E-14
  3086.00    3.6896E-14
  3089.00    3.6710E-14
  3092.00    3.7008E-14
  3095.00    3.7405E-14
  3098.00    3.6578E-14
  3101.00    3.6881E-14
  3104.00    3.7348E-14
  3107.00    3.5253E-14
  3110.00    3.6918E-14
  3113.00    3.5953E-14
  3116.00    3.6547E-14
  3119.00    3.5060E-14
  3122.00    3.5393E-14
  3125.00    3.4809E-14
  3128.00    3.5235E-14
  3131.00    3.6362E-14
  3134.00    3.3439E-14
  3137.00    3.6553E-14
  3140.00    3.4810E-14
  3143.00    3.5335E-14
  3146.00    3.4032E-14
  3149.00    3.6018E-14
  3152.00    3.4826E-14
  3155.00    3.4650E-14
  3158.00    3.5455E-14
  3161.00    3.6358E-14
  3164.00    3.5233E-14
  3167.00    3.4129E-14
  3170.00    3.5652E-14
  3173.00    3.5928E-14
  3176.00    3.4172E-14
  3179.00    3.4796E-14
  3182.00    3.3953E-14
  3185.00    3.2397E-14
  3188.00    3.4276E-14
  3191.00    3.3243E-14
  3194.00    3.2791E-14
  3197.00    3.2753E-14
  3200.00    3.3529E-14
  3203.00    3.4881E-14
  3206.00    3.5375E-14
  3209.00    3.5538E-14
  3212.00    3.4827E-14
  3215.00    3.4110E-14
  3218.00    3.3938E-14
  3221.00    3.4374E-14
  3224.00    3.3320E-14
  3227.00    3.2258E-14
  3230.00    3.3579E-14
  3233.00    3.2735E-14
  3236.00    3.2275E-14
  3239.00    3.3089E-14
  3242.00    3.3071E-14
  3245.00    3.3831E-14
  3248.00    3.3345E-14
  3251.00    3.3934E-14
  3254.00    3.4567E-14
  3257.00    3.4989E-14
  3260.00    3.3049E-14
  3263.00    3.6216E-14
  3266.00    3.4717E-14
  3269.00    3.4733E-14
  3272.00    3.6280E-14
  3275.00    3.6725E-14
  3278.00    3.5803E-14
  3281.00    3.4763E-14
  3284.00    3.5790E-14
  3287.00    3.5078E-14
  3290.00    3.4584E-14
  3293.00    3.4308E-14
  3296.00    3.4083E-14
  3299.00    3.5138E-14
  3302.00    3.3443E-14
  3305.00    3.4242E-14
  3308.00    3.3836E-14
  3311.00    3.4647E-14
  3314.00    3.4605E-14
  3317.00    3.5062E-14
  3320.00    3.5209E-14
  3323.00    3.4694E-14
  3326.00    3.5639E-14
  3329.00    3.5614E-14
  3332.00    3.5860E-14
  3335.00    3.5369E-14
  3338.00    3.4237E-14
  3341.00    3.4040E-14
  3344.00    3.6206E-14
  3347.00    3.5311E-14
  3350.00    3.4961E-14
  3353.00    3.3821E-14
  3356.00    3.3490E-14
  3359.00    3.2895E-14
  3362.00    3.2885E-14
  3365.00    3.4210E-14
  3368.00    3.2467E-14
  3371.00    3.2588E-14
  3374.00    3.2043E-14
  3377.00    3.3385E-14
  3380.00    3.3478E-14
  3383.00    3.3530E-14
  3386.00    3.4215E-14
  3389.00    3.4597E-14
  3392.00    3.5262E-14
  3395.00    3.5343E-14
  3398.00    3.4994E-14
  3401.00    3.4507E-14
  3404.00    3.3171E-14
  3407.00    3.2552E-14
  3410.00    3.4143E-14
  3413.00    3.4926E-14
  3416.00    3.4501E-14
  3419.00    3.4892E-14
  3422.00    3.3304E-14
  3425.00    3.5951E-14
  3428.00    3.4511E-14
  3431.00    3.4775E-14
  3434.00    3.5325E-14
  3437.00    3.3232E-14
  3440.00    3.3307E-14
  3443.00    3.1922E-14
  3446.00    3.3420E-14
  3449.00    3.3610E-14
  3452.00    3.4007E-14
  3455.00    3.2281E-14
  3458.00    3.2945E-14
  3461.00    3.2291E-14
  3464.00    3.3114E-14
  3467.00    3.3534E-14
  3470.00    3.3215E-14
  3473.00    3.2742E-14
  3476.00    3.1807E-14
  3479.00    3.2472E-14
  3482.00    3.3644E-14
  3485.00    3.3286E-14
  3488.00    3.3399E-14
  3491.00    3.3133E-14
  3494.00    3.4060E-14
  3497.00    3.2982E-14
  3500.00    3.2939E-14
  3503.00    3.3927E-14
  3506.00    3.2548E-14
  3509.00    3.2327E-14
  3512.00    3.1046E-14
  3515.00    3.3437E-14
  3518.00    3.3038E-14
  3521.00    3.2838E-14
  3524.00    3.2985E-14
  3527.00    3.2599E-14
  3530.00    3.1794E-14
  3533.00    3.4002E-14
  3536.00    3.3526E-14
  3539.00    3.5347E-14
  3542.00    3.4655E-14
  3545.00    3.5130E-14
  3548.00    3.5003E-14
  3551.00    3.3416E-14
  3554.00    3.2806E-14
  3557.00    3.3670E-14
  3560.00    3.2819E-14
  3563.00    3.2535E-14
  3566.00    3.3716E-14
  3569.00    3.1657E-14
  3572.00    3.1811E-14
  3575.00    3.2185E-14
  3578.00    3.0902E-14
  3581.00    2.9521E-14
  3584.00    3.1094E-14
  3587.00    2.9446E-14
  3590.00    2.9488E-14
  3593.00    3.2407E-14
  3596.00    3.2863E-14
  3599.00    3.1872E-14
  3602.00    3.2466E-14
  3605.00    3.1462E-14
  3608.00    3.2859E-14
  3611.00    3.2816E-14
  3614.00    3.1070E-14
  3617.00    3.2914E-14
  3620.00    3.1510E-14
  3623.00    3.2306E-14
  3626.00    3.4571E-14
  3629.00    3.4358E-14
  3632.00    3.1902E-14
  3635.00    3.3101E-14
  3638.00    3.2974E-14
  3641.00    3.4091E-14
  3644.00    3.3573E-14
  3647.00    3.2455E-14
  3650.00    3.3505E-14
  3653.00    3.3904E-14
  3656.00    3.3981E-14
  3659.00    3.3794E-14
  3662.00    3.4123E-14
  3665.00    3.3429E-14
  3668.00    3.3254E-14
  3671.00    3.3558E-14
  3674.00    3.2902E-14
  3677.00    3.3051E-14
  3680.00    3.2993E-14
  3683.00    3.3308E-14
  3686.00    3.1186E-14
  3689.00    3.2392E-14
  3692.00    3.3362E-14
  3695.00    3.2404E-14
  3698.00    3.3915E-14
  3701.00    3.1818E-14
  3704.00    3.1201E-14
  3707.00    3.0877E-14
  3710.00    2.9786E-14
  3713.00    3.1627E-14
  3716.00    3.3596E-14
  3719.00    3.2134E-14
  3722.00    3.0912E-14
  3725.00    3.1917E-14
  3728.00    3.3064E-14
  3731.00    3.1809E-14
  3734.00    2.9255E-14
  3737.00    2.9601E-14
  3740.00    3.3251E-14
  3743.00    3.4777E-14
  3746.00    3.2688E-14
  3749.00    2.9647E-14
  3752.00    2.8871E-14
  3755.00    3.4081E-14
  3758.00    3.7636E-14
  3761.00    3.6045E-14
  3764.00    3.5401E-14
  3767.00    3.2761E-14
  3770.00    2.9253E-14
  3773.00    3.0881E-14
  3776.00    3.5961E-14
  3779.00    3.9925E-14
  3782.00    4.0726E-14
  3785.00    4.3173E-14
  3788.00    3.9207E-14
  3791.00    3.7767E-14
  3794.00    3.2118E-14
  3797.00    3.0423E-14
  3800.00    2.9720E-14
  3803.00    3.4588E-14
  3806.00    3.8416E-14
  3809.00    4.2395E-14
  3812.00    4.2654E-14
  3815.00    4.1564E-14
  3818.00    4.1022E-14
  3821.00    3.9427E-14
  3824.00    3.8712E-14
  3827.00    3.6498E-14
  3830.00    3.2760E-14
  3833.00    2.8511E-14
  3836.00    2.6373E-14
  3839.00    2.8900E-14
  3842.00    3.3543E-14
  3845.00    3.9409E-14
  3848.00    4.0751E-14
  3851.00    4.2966E-14
  3854.00    4.3309E-14
  3857.00    4.4132E-14
  3860.00    4.3878E-14
  3863.00    4.2639E-14
  3866.00    4.3674E-14
  3869.00    4.3618E-14
  3872.00    4.3712E-14
  3875.00    4.1816E-14
  3878.00    4.0316E-14
  3881.00    3.6818E-14
  3884.00    3.4059E-14
  3887.00    2.8690E-14
  3890.00    2.7681E-14
  3893.00    3.1792E-14
  3896.00    3.5351E-14
  3899.00    3.9176E-14
  3902.00    4.2653E-14
  3905.00    4.4022E-14
  3908.00    4.4477E-14
  3911.00    4.4723E-14
  3914.00    4.5253E-14
  3917.00    4.5264E-14
  3920.00    4.5995E-14
  3923.00    4.4332E-14
  3926.00    4.2550E-14
  3929.00    3.9411E-14
  3932.00    3.7736E-14
  3935.00    3.6633E-14
  3938.00    3.8970E-14
  3941.00    4.2871E-14
  3944.00    4.4715E-14
  3947.00    4.4142E-14
  3950.00    4.5424E-14
  3953.00    4.3729E-14
  3956.00    4.2764E-14
  3959.00    4.0059E-14
  3962.00    3.7758E-14
  3965.00    3.1062E-14
  3968.00    2.6326E-14
  3971.00    2.4622E-14
  3974.00    2.8980E-14
  3977.00    3.4792E-14
  3980.00    3.9652E-14
  3983.00    4.2323E-14
  3986.00    4.2862E-14
  3989.00    4.4126E-14
  3992.00    4.6216E-14
  3995.00    4.6588E-14
  3998.00    4.6843E-14
  4001.00    4.7196E-14
  4004.00    4.7576E-14
  4007.00    4.6050E-14
  4010.00    4.7103E-14
  4013.00    4.7833E-14
  4016.00    4.9139E-14
  4019.00    4.7903E-14
  4022.00    4.8339E-14
  4025.00    4.8308E-14
  4028.00    4.7031E-14
  4031.00    4.8476E-14
  4034.00    4.7386E-14
  4037.00    4.9384E-14
  4040.00    4.8921E-14
  4043.00    4.8685E-14
  4046.00    4.7169E-14
  4049.00    4.8126E-14
  4052.00    4.9002E-14
  4055.00    4.7674E-14
  4058.00    4.8998E-14
  4061.00    4.6283E-14
  4064.00    4.6248E-14
  4067.00    4.6653E-14
  4070.00    4.5034E-14
  4073.00    4.4950E-14
  4076.00    4.5229E-14
  4079.00    4.4970E-14
  4082.00    4.4032E-14
  4085.00    4.4823E-14
  4088.00    4.4057E-14
  4091.00    4.2390E-14
  4094.00    3.9184E-14
  4097.00    3.6181E-14
  4100.00    3.1323E-14
  4103.00    3.0092E-14
  4106.00    3.3752E-14
  4109.00    3.7242E-14
  4112.00    4.0472E-14
  4115.00    4.3071E-14
  4118.00    4.4590E-14
  4121.00    4.4211E-14
  4124.00    4.4027E-14
  4127.00    4.4703E-14
  4130.00    4.4715E-14
  4133.00    4.5200E-14
  4136.00    4.5866E-14
  4139.00    4.5648E-14
  4142.00    4.6003E-14
  4145.00    4.6366E-14
  4148.00    4.6691E-14
  4151.00    4.6085E-14
  4154.00    4.6509E-14
  4157.00    4.6294E-14
  4160.00    4.6844E-14
  4163.00    4.7248E-14
  4166.00    4.7644E-14
  4169.00    4.6365E-14
  4172.00    4.6029E-14
  4175.00    4.6039E-14
  4178.00    4.4837E-14
  4181.00    4.5002E-14
  4184.00    4.7258E-14
  4187.00    4.7186E-14
  4190.00    4.5677E-14
  4193.00    4.5678E-14
  4196.00    4.4036E-14
  4199.00    4.3767E-14
  4202.00    4.3844E-14
  4205.00    4.5071E-14
  4208.00    4.6325E-14
  4211.00    4.6713E-14
  4214.00    4.6014E-14
  4217.00    4.5983E-14
  4220.00    4.5768E-14
  4223.00    4.5348E-14
  4226.00    4.3485E-14
  4229.00    4.3204E-14
  4232.00    4.4295E-14
  4235.00    4.5925E-14
  4238.00    4.5367E-14
  4241.00    4.6371E-14
  4244.00    4.6350E-14
  4247.00    4.4117E-14
  4250.00    4.4850E-14
  4253.00    4.5313E-14
  4256.00    4.5732E-14
  4259.00    4.3824E-14
  4262.00    4.4320E-14
  4265.00    4.5174E-14
  4268.00    4.4458E-14
  4271.00    4.3620E-14
  4274.00    4.4197E-14
  4277.00    4.4916E-14
  4280.00    4.4048E-14
  4283.00    4.5959E-14
  4286.00    4.3800E-14
  4289.00    4.3228E-14
  4292.00    4.3062E-14
  4295.00    4.2354E-14
  4298.00    4.0357E-14
  4301.00    4.0790E-14
  4304.00    3.9525E-14
  4307.00    3.8886E-14
  4310.00    4.0091E-14
  4313.00    4.1871E-14
  4316.00    4.2487E-14
  4319.00    4.3577E-14
  4322.00    4.3855E-14
  4325.00    4.2554E-14
  4328.00    3.9684E-14
  4331.00    4.0049E-14
  4334.00    3.7058E-14
  4337.00    3.3226E-14
  4340.00    3.1561E-14
  4343.00    3.2187E-14
  4346.00    3.5784E-14
  4349.00    3.7585E-14
  4352.00    3.9220E-14
  4355.00    4.1837E-14
  4358.00    4.2585E-14
  4361.00    4.2893E-14
  4364.00    4.4098E-14
  4367.00    4.4064E-14
  4370.00    4.4054E-14
  4373.00    4.2930E-14
  4376.00    4.2264E-14
  4379.00    4.2259E-14
  4382.00    4.1910E-14
  4385.00    4.0305E-14
  4388.00    4.0565E-14
  4391.00    4.0939E-14
  4394.00    4.1859E-14
  4397.00    4.2567E-14
  4400.00    4.3503E-14
  4403.00    4.1881E-14
  4406.00    4.2989E-14
  4409.00    4.2692E-14
  4412.00    4.2629E-14
  4415.00    4.3180E-14
  4418.00    4.3127E-14
  4421.00    4.2299E-14
  4424.00    4.3315E-14
  4427.00    4.2756E-14
  4430.00    4.3856E-14
  4433.00    4.3259E-14
  4436.00    4.3609E-14
  4439.00    4.1943E-14
  4442.00    4.2976E-14
  4445.00    4.3530E-14
  4448.00    4.3546E-14
  4451.00    4.2821E-14
  4454.00    4.4585E-14
  4457.00    4.1358E-14
  4460.00    4.2434E-14
  4463.00    4.3130E-14
  4466.00    4.2707E-14
  4469.00    4.3549E-14
  4472.00    4.4269E-14
  4475.00    4.4696E-14
  4478.00    4.4117E-14
  4481.00    4.4634E-14
  4484.00    4.4167E-14
  4487.00    4.2218E-14
  4490.00    4.5026E-14
  4493.00    4.3848E-14
  4496.00    4.4039E-14
  4499.00    4.5486E-14
  4502.00    4.4713E-14
  4505.00    4.5582E-14
  4508.00    4.3891E-14
  4511.00    4.4738E-14
  4514.00    4.4821E-14
  4517.00    4.5481E-14
  4520.00    4.3922E-14
  4523.00    4.4394E-14
  4526.00    4.2172E-14
  4529.00    4.2418E-14
  4532.00    4.3441E-14
  4535.00    4.2301E-14
  4538.00    4.4215E-14
  4541.00    4.3372E-14
  4544.00    4.3295E-14
  4547.00    4.3294E-14
  4550.00    4.2880E-14
  4553.00    4.1418E-14
  4556.00    4.3161E-14
  4559.00    4.3506E-14
  4562.00    4.3990E-14
  4565.00    4.4825E-14
  4568.00    4.3800E-14
  4571.00    4.3763E-14
  4574.00    4.3524E-14
  4577.00    4.4270E-14
  4580.00    4.3207E-14
  4583.00    4.2767E-14
  4586.00    4.3106E-14
  4589.00    4.2053E-14
  4592.00    4.3360E-14
  4595.00    4.2025E-14
  4598.00    4.3004E-14
  4601.00    4.3897E-14
  4604.00    4.2188E-14
  4607.00    4.2821E-14
  4610.00    4.4726E-14
  4613.00    4.4447E-14
  4616.00    4.2493E-14
  4619.00    4.3402E-14
  4622.00    4.3646E-14
  4625.00    4.3652E-14
  4628.00    4.4048E-14
  4631.00    4.4018E-14
  4634.00    4.3850E-14
  4637.00    4.3173E-14
  4640.00    4.2018E-14
  4643.00    4.2104E-14
  4646.00    4.1377E-14
  4649.00    4.3257E-14
  4652.00    4.2777E-14
  4655.00    4.2504E-14
  4658.00    4.3439E-14
  4661.00    4.2633E-14
  4664.00    4.1259E-14
  4667.00    4.1276E-14
  4670.00    4.2738E-14
  4673.00    4.2329E-14
  4676.00    4.2396E-14
  4679.00    4.3991E-14
  4682.00    4.1891E-14
  4685.00    4.1269E-14
  4688.00    4.2868E-14
  4691.00    4.3506E-14
  4694.00    4.1363E-14
  4697.00    4.0796E-14
  4700.00    4.2814E-14
  4703.00    4.1382E-14
  4706.00    4.0886E-14
  4709.00    4.0054E-14
  4712.00    4.1897E-14
  4715.00    4.0603E-14
  4718.00    4.1106E-14
  4721.00    4.1534E-14
  4724.00    4.2575E-14
  4727.00    4.2417E-14
  4730.00    4.0716E-14
  4733.00    4.0858E-14
  4736.00    4.0943E-14
  4739.00    4.1256E-14
  4742.00    4.2846E-14
  4745.00    4.0982E-14
  4748.00    4.2788E-14
  4751.00    4.2976E-14
  4754.00    4.2296E-14
  4757.00    4.1917E-14
  4760.00    4.1653E-14
  4763.00    4.2690E-14
  4766.00    4.2130E-14
  4769.00    4.1354E-14
  4772.00    4.1037E-14
  4775.00    4.2291E-14
  4778.00    4.2771E-14
  4781.00    4.2361E-14
  4784.00    4.2820E-14
  4787.00    4.2227E-14
  4790.00    4.1421E-14
  4793.00    4.2465E-14
  4796.00    4.2052E-14
  4799.00    4.2295E-14
  4802.00    4.2038E-14
  4805.00    4.1516E-14
  4808.00    4.2018E-14
  4811.00    4.2861E-14
  4814.00    4.2689E-14
  4817.00    4.2083E-14
  4820.00    4.1981E-14
  4823.00    4.3529E-14
  4826.00    4.1255E-14
  4829.00    4.0893E-14
  4832.00    4.1550E-14
  4835.00    4.0444E-14
  4838.00    4.0944E-14
  4841.00    3.9820E-14
  4844.00    4.0832E-14
  4847.00    3.9950E-14
  4850.00    3.8502E-14
  4853.00    3.7401E-14
  4856.00    3.4487E-14
  4859.00    3.1135E-14
  4862.00    3.0100E-14
  4865.00    3.0369E-14
  4868.00    3.2976E-14
  4871.00    3.5043E-14
  4874.00    3.7998E-14
  4877.00    3.8248E-14
  4880.00    3.8981E-14
  4883.00    3.8605E-14
  4886.00    3.9515E-14
  4889.00    3.9965E-14
  4892.00    3.9234E-14
  4895.00    4.1463E-14
  4898.00    4.1451E-14
  4901.00    4.0055E-14
  4904.00    3.9390E-14
  4907.00    4.1341E-14
  4910.00    4.0465E-14
  4913.00    4.1243E-14
  4916.00    3.9746E-14
  4919.00    3.9812E-14
  4922.00    3.7002E-14
  4925.00    3.9380E-14
  4928.00    3.9769E-14
  4931.00    4.1096E-14
  4934.00    3.9755E-14
  4937.00    4.0577E-14
  4940.00    3.9107E-14
  4943.00    4.0862E-14
  4946.00    4.1376E-14
  4949.00    4.0675E-14
  4952.00    3.9986E-14
  4955.00    4.0892E-14
  4958.00    4.0445E-14
  4961.00    3.9158E-14
  4964.00    4.0236E-14
  4967.00    3.9781E-14
  4970.00    3.9602E-14
  4973.00    3.9205E-14
  4976.00    4.0576E-14
  4979.00    4.0090E-14
  4982.00    3.8028E-14
  4985.00    3.9170E-14
  4988.00    3.9222E-14
  4991.00    4.0058E-14
  4994.00    3.8427E-14
  4997.00    3.9239E-14
  5000.00    3.8707E-14
  5003.00    3.7645E-14
  5006.00    3.7437E-14
  5009.00    3.7554E-14
  5012.00    3.6876E-14
  5015.00    3.7112E-14
  5018.00    3.6709E-14
  5021.00    3.6825E-14
  5024.00    3.7569E-14
  5027.00    3.8106E-14
  5030.00    4.0490E-14
  5033.00    3.9181E-14
  5036.00    3.8716E-14
  5039.00    3.7875E-14
  5042.00    3.7279E-14
  5045.00    3.9025E-14
  5048.00    3.9302E-14
  5051.00    4.0177E-14
  5054.00    3.8898E-14
  5057.00    4.0056E-14
  5060.00    4.0138E-14
  5063.00    3.9547E-14
  5066.00    4.0340E-14
  5069.00    3.9687E-14
  5072.00    3.8211E-14
  5075.00    3.8475E-14
  5078.00    3.8613E-14
  5081.00    3.8592E-14
  5084.00    3.9307E-14
  5087.00    3.7969E-14
  5090.00    3.8480E-14
  5093.00    3.9243E-14
  5096.00    3.9312E-14
  5099.00    3.9708E-14
  5102.00    3.8285E-14
  5105.00    3.8260E-14
  5108.00    3.7599E-14
  5111.00    3.8152E-14
  5114.00    3.8547E-14
  5117.00    3.9439E-14
  5120.00    3.8749E-14
  5123.00    3.7870E-14
  5126.00    3.8252E-14
  5129.00    3.6640E-14
  5132.00    3.6168E-14
  5135.00    3.7465E-14
  5138.00    3.7865E-14
  5141.00    3.7774E-14
  5144.00    3.7565E-14
  5147.00    3.6907E-14
  5150.00    3.7800E-14
  5153.00    3.7135E-14
  5156.00    3.7326E-14
  5159.00    3.8634E-14
  5162.00    3.6505E-14
  5165.00    3.7267E-14
  5168.00    3.4240E-14
  5171.00    3.3888E-14
  5174.00    3.3205E-14
  5177.00    3.4847E-14
  5180.00    3.5760E-14
  5183.00    3.6094E-14
  5186.00    3.4680E-14
  5189.00    3.5132E-14
  5192.00    3.8211E-14
  5195.00    3.5008E-14
  5198.00    3.6422E-14
  5201.00    3.6380E-14
  5204.00    3.5141E-14
  5207.00    3.6515E-14
  5210.00    3.5978E-14
  5213.00    3.7612E-14
  5216.00    3.7010E-14
  5219.00    3.8418E-14
  5222.00    3.8071E-14
  5225.00    3.6444E-14
  5228.00    3.6768E-14
  5231.00    3.6971E-14
  5234.00    3.7526E-14
  5237.00    3.7233E-14
  5240.00    3.7885E-14
  5243.00    3.6851E-14
  5246.00    3.8479E-14
  5249.00    3.7181E-14
  5252.00    3.7359E-14
  5255.00    3.6205E-14
  5258.00    3.7463E-14
  5261.00    3.6841E-14
  5264.00    3.6748E-14
  5267.00    3.4647E-14
  5270.00    3.4504E-14
  5273.00    3.5754E-14
  5276.00    3.6362E-14
  5279.00    3.6299E-14
  5282.00    3.6590E-14
  5285.00    3.8342E-14
  5288.00    3.9010E-14
  5291.00    3.8783E-14
  5294.00    3.7856E-14
  5297.00    3.8544E-14
  5300.00    3.6561E-14
  5303.00    3.6884E-14
  5306.00    3.7179E-14
  5309.00    3.8458E-14
  5312.00    3.7763E-14
  5315.00    3.7781E-14
  5318.00    3.7460E-14
  5321.00    3.8194E-14
  5324.00    3.6973E-14
  5327.00    3.6318E-14
  5330.00    3.5871E-14
  5333.00    3.6979E-14
  5336.00    3.6862E-14
  5339.00    3.5882E-14
  5342.00    3.6809E-14
  5345.00    3.7146E-14
  5348.00    3.8075E-14
  5351.00    3.5759E-14
  5354.00    3.8936E-14
  5357.00    3.7055E-14
  5360.00    3.8796E-14
  5363.00    3.6710E-14
  5366.00    3.5610E-14
  5369.00    3.6964E-14
  5372.00    3.7310E-14
  5375.00    3.6698E-14
  5378.00    3.8422E-14
  5381.00    3.6467E-14
  5384.00    3.7952E-14
  5387.00    3.6351E-14
  5390.00    3.6805E-14
  5393.00    3.5914E-14
  5396.00    3.6847E-14
  5399.00    3.7079E-14
  5402.00    3.5681E-14
  5405.00    3.6157E-14
  5408.00    3.5518E-14
  5411.00    3.5064E-14
  5414.00    3.7224E-14
  5417.00    3.7561E-14
  5420.00    3.8018E-14
  5423.00    3.5604E-14
  5426.00    3.7182E-14
  5429.00    3.5118E-14
  5432.00    3.6268E-14
  5435.00    3.6733E-14
  5438.00    3.6143E-14
  5441.00    3.6649E-14
  5444.00    3.6086E-14
  5447.00    3.6752E-14
  5450.00    3.6553E-14
  5453.00    3.4362E-14
  5456.00    3.5855E-14
  5459.00    3.6543E-14
  5462.00    3.6282E-14
  5465.00    3.6905E-14
  5468.00    3.7040E-14
  5471.00    3.7530E-14
  5474.00    3.7136E-14
  5477.00    3.6157E-14
  5480.00    3.5677E-14
  5483.00    3.6370E-14
  5486.00    3.6850E-14
  5489.00    3.5318E-14
  5492.00    3.5917E-14
  5495.00    3.6363E-14
  5498.00    3.7190E-14
  5501.00    3.5589E-14
  5504.00    3.5079E-14
  5507.00    3.5726E-14
  5510.00    3.6042E-14
  5513.00    3.5765E-14
  5516.00    3.5693E-14
  5519.00    3.6044E-14
  5522.00    3.6193E-14
  5525.00    3.6724E-14
  5528.00    3.4392E-14
  5531.00    3.5561E-14
  5534.00    3.6359E-14
  5537.00    3.4628E-14
  5540.00    3.5863E-14
  5543.00    3.6498E-14
  5546.00    3.5768E-14
  5549.00    3.7504E-14
  5552.00    3.6231E-14
  5555.00    3.6370E-14
  5558.00    3.6607E-14
  5561.00    3.6241E-14
  5564.00    3.6796E-14
  5567.00    3.7008E-14
  5570.00    3.5960E-14
  5573.00    3.6016E-14
  5576.00    3.5233E-14
  5579.00    3.6524E-14
  5582.00    3.6024E-14
  5585.00    3.4474E-14
  5588.00    3.4633E-14
  5591.00    3.5148E-14
  5594.00    3.5330E-14
  5597.00    3.5447E-14
  5600.00    3.6001E-14
  5603.00    3.5253E-14
  5606.00    3.5154E-14
  5609.00    3.5601E-14
  5612.00    3.6571E-14
  5615.00    3.5718E-14
  5618.00    3.6015E-14
  5621.00    3.4469E-14
  5624.00    3.5580E-14
  5627.00    3.5802E-14
  5630.00    3.6449E-14
  5633.00    3.5658E-14
  5636.00    3.6097E-14
  5639.00    3.4279E-14
  5642.00    3.5542E-14
  5645.00    3.4842E-14
  5648.00    3.4617E-14
  5651.00    3.6680E-14
  5654.00    3.5418E-14
  5657.00    3.5590E-14
  5660.00    3.5003E-14
  5663.00    3.5155E-14
  5666.00    3.5317E-14
  5669.00    3.5979E-14
  5672.00    3.5724E-14
  5675.00    3.6200E-14
  5678.00    3.5075E-14
  5681.00    3.6574E-14
  5684.00    3.3984E-14
  5687.00    3.5565E-14
  5690.00    3.6025E-14
  5693.00    3.5553E-14
  5696.00    3.4480E-14
  5699.00    3.5212E-14
  5702.00    3.4655E-14
  5705.00    3.5569E-14
  5708.00    3.4711E-14
  5711.00    3.5502E-14
  5714.00    3.5178E-14
  5717.00    3.4911E-14
  5720.00    3.6726E-14
  5723.00    3.5070E-14
  5726.00    3.6750E-14
  5729.00    3.6501E-14
  5732.00    3.5986E-14
  5735.00    3.5697E-14
  5738.00    3.5286E-14
  5741.00    3.6204E-14
  5744.00    3.5475E-14
  5747.00    3.4950E-14
  5750.00    3.6078E-14
  5753.00    3.5318E-14
  5756.00    3.5518E-14
  5759.00    3.5263E-14
  5762.00    3.6000E-14
  5765.00    3.6029E-14
  5768.00    3.5877E-14
  5771.00    3.4834E-14
  5774.00    3.4713E-14
  5777.00    3.5130E-14
  5780.00    3.5011E-14
  5783.00    3.5021E-14
  5786.00    3.4385E-14
  5789.00    3.5120E-14
  5792.00    3.4539E-14
  5795.00    3.5628E-14
  5798.00    3.4940E-14
  5801.00    3.6257E-14
  5804.00    3.6168E-14
  5807.00    3.5847E-14
  5810.00    3.6258E-14
  5813.00    3.5423E-14
  5816.00    3.5495E-14
  5819.00    3.6499E-14
  5822.00    3.4874E-14
  5825.00    3.7153E-14
  5828.00    3.6289E-14
  5831.00    3.5715E-14
  5834.00    3.5985E-14
  5837.00    3.6273E-14
  5840.00    3.6612E-14
  5843.00    3.6198E-14
  5846.00    3.5923E-14
  5849.00    3.4165E-14
  5852.00    3.4708E-14
  5855.00    3.5404E-14
  5858.00    3.3863E-14
  5861.00    3.4517E-14
  5864.00    3.4220E-14
  5867.00    3.5148E-14
  5870.00    3.5290E-14
  5873.00    3.5350E-14
  5876.00    3.3800E-14
  5879.00    3.3237E-14
  5882.00    3.3029E-14
  5885.00    3.3059E-14
  5888.00    3.3183E-14
  5891.00    3.1767E-14
  5894.00    3.0825E-14
  5897.00    3.0822E-14
  5900.00    3.1701E-14
  5903.00    3.2231E-14
  5906.00    3.4160E-14
  5909.00    3.4960E-14
  5912.00    3.2886E-14
  5915.00    3.3174E-14
  5918.00    3.2854E-14
  5921.00    3.3009E-14
  5924.00    3.3556E-14
  5927.00    3.3337E-14
  5930.00    3.4525E-14
  5933.00    3.3298E-14
  5936.00    3.3952E-14
  5939.00    3.3331E-14
  5942.00    3.4721E-14
  5945.00    3.4418E-14
  5948.00    3.2734E-14
  5951.00    3.4124E-14
  5954.00    3.3051E-14
  5957.00    3.3404E-14
  5960.00    3.4325E-14
  5963.00    3.3586E-14
  5966.00    3.4504E-14
  5969.00    3.4194E-14
  5972.00    3.4344E-14
  5975.00    3.4657E-14
  5978.00    3.5742E-14
  5981.00    3.3920E-14
  5984.00    3.3636E-14
  5987.00    3.5084E-14
  5990.00    3.4703E-14
  5993.00    3.3425E-14
  5996.00    3.4247E-14
  5999.00    3.6290E-14
  6002.00    3.4339E-14
  6005.00    3.4004E-14
  6008.00    3.3042E-14
  6011.00    3.3560E-14
  6014.00    3.4130E-14
  6017.00    3.4505E-14
  6020.00    3.4148E-14
  6023.00    3.3382E-14
  6026.00    3.4243E-14
  6029.00    3.4475E-14
  6032.00    3.4986E-14
  6035.00    3.5863E-14
  6038.00    3.3321E-14
  6041.00    3.5419E-14
  6044.00    3.3575E-14
  6047.00    3.3488E-14
  6050.00    3.4603E-14
  6053.00    3.3528E-14
  6056.00    3.4938E-14
  6059.00    3.4713E-14
  6062.00    3.4558E-14
  6065.00    3.3821E-14
  6068.00    3.3812E-14
  6071.00    3.4492E-14
  6074.00    3.4447E-14
  6077.00    3.3110E-14
  6080.00    3.2217E-14
  6083.00    3.4156E-14
  6086.00    3.4326E-14
  6089.00    3.4072E-14
  6092.00    3.4396E-14
  6095.00    3.4373E-14
  6098.00    3.3557E-14
  6101.00    3.2953E-14
  6104.00    3.3983E-14
  6107.00    3.4674E-14
  6110.00    3.4454E-14
  6113.00    3.3366E-14
  6116.00    3.4037E-14
  6119.00    3.4150E-14
  6122.00    3.3384E-14
  6125.00    3.4450E-14
  6128.00    3.3380E-14
  6131.00    3.3760E-14
  6134.00    3.2989E-14
  6137.00    3.3968E-14
  6140.00    3.3018E-14
  6143.00    3.3636E-14
  6146.00    3.3760E-14
  6149.00    3.4357E-14
  6152.00    3.3677E-14
  6155.00    3.4214E-14
  6158.00    3.2248E-14
  6161.00    3.1613E-14
  6164.00    3.1964E-14
  6167.00    3.0373E-14
  6170.00    3.2297E-14
  6173.00    3.1784E-14
  6176.00    3.2349E-14
  6179.00    3.2103E-14
  6182.00    3.2686E-14
  6185.00    3.3374E-14
  6188.00    3.2259E-14
  6191.00    3.1870E-14
  6194.00    3.2149E-14
  6197.00    3.2698E-14
  6200.00    3.3628E-14
  6203.00    3.2892E-14
  6206.00    3.2294E-14
  6209.00    3.2069E-14
  6212.00    3.2163E-14
  6215.00    3.1902E-14
  6218.00    3.2408E-14
  6221.00    3.0855E-14
  6224.00    3.1314E-14
  6227.00    3.1079E-14
  6230.00    3.1232E-14
  6233.00    3.2045E-14
  6236.00    3.1504E-14
  6239.00    3.2545E-14
  6242.00    3.1669E-14
  6245.00    3.0861E-14
  6248.00    3.1212E-14
  6251.00    3.2039E-14
  6254.00    3.1059E-14
  6257.00    3.0428E-14
  6260.00    3.1365E-14
  6263.00    3.1078E-14
  6266.00    3.2558E-14
  6269.00    3.1244E-14
  6272.00    3.1481E-14
  6275.00    3.1261E-14
  6278.00    3.0908E-14
  6281.00    3.2005E-14
  6284.00    3.0503E-14
  6287.00    3.1605E-14
  6290.00    3.0611E-14
  6293.00    3.1837E-14
  6296.00    3.2392E-14
  6299.00    3.1694E-14
  6302.00    3.1802E-14
  6305.00    3.1558E-14
  6308.00    3.2225E-14
  6311.00    3.1899E-14
  6314.00    3.1675E-14
  6317.00    3.2506E-14
  6320.00    3.1414E-14
  6323.00    3.1499E-14
  6326.00    3.2377E-14
  6329.00    3.2412E-14
  6332.00    3.2276E-14
  6335.00    3.2664E-14
  6338.00    3.3138E-14
  6341.00    3.1212E-14
  6344.00    3.3022E-14
  6347.00    3.2825E-14
  6350.00    3.2572E-14
  6353.00    3.2949E-14
  6356.00    3.2320E-14
  6359.00    3.1216E-14
  6362.00    3.1858E-14
  6365.00    3.2056E-14
  6368.00    3.2077E-14
  6371.00    3.2987E-14
  6374.00    3.3571E-14
  6377.00    3.2968E-14
  6380.00    3.3010E-14
  6383.00    3.2003E-14
  6386.00    3.1753E-14
  6389.00    3.2801E-14
  6392.00    3.2392E-14
  6395.00    3.1681E-14
  6398.00    3.2278E-14
  6401.00    3.2731E-14
  6404.00    3.1616E-14
  6407.00    3.2002E-14
  6410.00    3.3123E-14
  6413.00    3.1983E-14
  6416.00    3.1739E-14
  6419.00    3.2125E-14
  6422.00    3.0664E-14
  6425.00    3.2506E-14
  6428.00    3.3345E-14
  6431.00    3.2156E-14
  6434.00    3.2209E-14
  6437.00    3.1614E-14
  6440.00    3.1927E-14
  6443.00    3.3202E-14
  6446.00    3.3885E-14
  6449.00    3.1345E-14
  6452.00    3.1861E-14
  6455.00    3.2252E-14
  6458.00    3.1818E-14
  6461.00    3.3412E-14
  6464.00    3.1990E-14
  6467.00    3.2842E-14
  6470.00    3.2919E-14
  6473.00    3.2300E-14
  6476.00    3.0812E-14
  6479.00    3.1938E-14
  6482.00    3.2697E-14
  6485.00    3.2937E-14
  6488.00    3.3425E-14
  6491.00    3.1339E-14
  6494.00    3.1556E-14
  6497.00    3.0082E-14
  6500.00    3.0578E-14
  6503.00    3.2033E-14
  6506.00    3.1670E-14
  6509.00    3.2977E-14
  6512.00    3.3341E-14
  6515.00    3.1293E-14
  6518.00    3.1930E-14
  6521.00    3.2041E-14
  6524.00    3.2419E-14
  6527.00    3.2133E-14
  6530.00    3.2934E-14
  6533.00    3.1572E-14
  6536.00    3.1114E-14
  6539.00    3.2193E-14
  6542.00    3.2229E-14
  6545.00    3.1135E-14
  6548.00    3.0557E-14
  6551.00    2.9770E-14
  6554.00    2.9875E-14
  6557.00    2.8369E-14
  6560.00    2.6892E-14
  6563.00    2.4809E-14
  6566.00    2.7573E-14
  6569.00    2.7492E-14
  6572.00    2.8865E-14
  6575.00    3.0808E-14
  6578.00    2.9613E-14
  6581.00    3.1025E-14
  6584.00    3.1334E-14
  6587.00    3.0611E-14
  6590.00    3.0988E-14
  6593.00    3.0528E-14
  6596.00    3.1809E-14
  6599.00    3.1368E-14
  6602.00    3.1215E-14
  6605.00    3.1577E-14
  6608.00    3.1272E-14
  6611.00    3.1138E-14
  6614.00    3.2224E-14
  6617.00    3.1855E-14
  6620.00    3.1072E-14
  6623.00    3.0819E-14
  6626.00    3.1560E-14
  6629.00    3.1565E-14
  6632.00    3.0902E-14
  6635.00    3.1200E-14
  6638.00    3.1033E-14
  6641.00    3.1159E-14
  6644.00    3.1768E-14
  6647.00    3.1538E-14
  6650.00    3.0769E-14
  6653.00    3.0787E-14
  6656.00    3.1471E-14
  6659.00    3.2493E-14
  6662.00    3.0314E-14
  6665.00    3.1594E-14
  6668.00    3.0747E-14
  6671.00    3.1407E-14
  6674.00    3.1253E-14
  6677.00    3.1172E-14
  6680.00    3.0987E-14
  6683.00    3.1082E-14
  6686.00    3.0382E-14
  6689.00    3.1273E-14
  6692.00    3.0917E-14
  6695.00    3.1375E-14
  6698.00    3.0441E-14
  6701.00    2.9229E-14
  6704.00    2.9614E-14
  6707.00    3.0430E-14
  6710.00    3.1158E-14
  6713.00    2.9992E-14
  6716.00    2.9388E-14
  6719.00    3.0541E-14
  6722.00    2.9918E-14
  6725.00    3.0517E-14
  6728.00    2.9108E-14
  6731.00    2.9829E-14
  6734.00    2.9613E-14
  6737.00    3.0358E-14
  6740.00    2.8872E-14
  6743.00    3.0521E-14
  6746.00    3.0884E-14
  6749.00    2.9587E-14
  6752.00    2.9652E-14
  6755.00    2.9780E-14
  6758.00    3.0321E-14
  6761.00    3.0032E-14
  6764.00    2.9495E-14
  6767.00    2.9684E-14
  6770.00    2.9535E-14
  6773.00    2.8493E-14
  6776.00    2.9784E-14
  6779.00    3.0428E-14
  6782.00    2.8596E-14
  6785.00    2.8860E-14
  6788.00    3.0317E-14
  6791.00    3.0177E-14
  6794.00    3.0519E-14
  6797.00    3.0270E-14
  6800.00    3.1364E-14
  6803.00    3.1038E-14
  6806.00    2.9753E-14
  6809.00    2.9910E-14
  6812.00    3.0224E-14
  6815.00    3.0113E-14
  6818.00    3.0111E-14
  6821.00    3.0796E-14
  6824.00    3.0079E-14
  6827.00    2.9626E-14
  6830.00    3.0926E-14
  6833.00    3.0903E-14
  6836.00    2.9640E-14
  6839.00    2.8725E-14
  6842.00    3.0363E-14
  6845.00    2.9008E-14
  6848.00    2.9341E-14
  6851.00    2.9587E-14
  6854.00    2.9525E-14
  6857.00    2.9004E-14
  6860.00    3.0430E-14
  6863.00    2.9232E-14
  6866.00    3.0443E-14
  6869.00    2.9909E-14
  6872.00    2.9152E-14
  6875.00    2.9078E-14
  6878.00    2.9174E-14
  6881.00    2.8543E-14
  6884.00    2.9016E-14
  6887.00    2.8929E-14
  6890.00    2.9336E-14
  6893.00    2.9267E-14
  6896.00    2.8753E-14
  6899.00    3.0524E-14
  6902.00    2.9974E-14
  6905.00    3.0448E-14
  6908.00    3.0730E-14
  6911.00    3.0842E-14
  6914.00    3.0300E-14
  6917.00    2.8580E-14
  6920.00    3.0574E-14
  6923.00    3.0067E-14
  6926.00    3.1646E-14
  6929.00    2.9239E-14
  6932.00    3.0816E-14
  6935.00    2.9077E-14
  6938.00    2.9592E-14
  6941.00    3.1799E-14
  6944.00    3.0793E-14
  6947.00    2.9747E-14
  6950.00    3.0840E-14
  6953.00    3.1137E-14
  6956.00    3.1253E-14
  6959.00    3.0266E-14
  6962.00    2.8936E-14
  6965.00    3.1117E-14
  6968.00    2.9697E-14
  6971.00    3.0763E-14
  6974.00    2.9913E-14
  6977.00    3.0334E-14
  6980.00    2.8984E-14
  6983.00    3.0129E-14
  6986.00    3.0023E-14
  6989.00    2.9501E-14
  6992.00    2.9374E-14
  6995.00    2.9804E-14
  6998.00    2.9652E-14
  7001.00    2.9873E-14
  7004.00    2.9854E-14
  7007.00    2.8516E-14
  7010.00    3.0309E-14
  7013.00    2.9994E-14
  7016.00    3.0416E-14
  7019.00    2.9803E-14
  7022.00    3.0738E-14
  7025.00    2.9937E-14
  7028.00    3.0192E-14
  7031.00    3.0965E-14
  7034.00    3.0789E-14
  7037.00    3.0826E-14
  7040.00    3.1803E-14
  7043.00    2.9782E-14
  7046.00    3.1003E-14
  7049.00    2.9592E-14
  7052.00    3.0407E-14
  7055.00    3.1725E-14
  7058.00    3.0412E-14
  7061.00    2.9592E-14
  7064.00    3.0157E-14
  7067.00    2.9253E-14
  7070.00    2.8887E-14
  7073.00    2.8704E-14
  7076.00    2.9523E-14
  7079.00    2.9453E-14
  7082.00    2.9212E-14
  7085.00    2.9607E-14
  7088.00    2.9813E-14
  7091.00    2.9694E-14
  7094.00    2.9669E-14
  7097.00    2.9565E-14
  7100.00    2.8211E-14
  7103.00    2.9939E-14
  7106.00    2.9814E-14
  7109.00    2.8575E-14
  7112.00    2.7851E-14
  7115.00    2.8183E-14
  7118.00    2.8689E-14
  7121.00    2.8826E-14
  7124.00    2.7907E-14
  7127.00    2.9293E-14
  7130.00    2.7726E-14
  7133.00    2.7740E-14
  7136.00    2.8855E-14
  7139.00    2.9242E-14
  7142.00    2.7586E-14
  7145.00    2.9078E-14
  7148.00    2.7702E-14
  7151.00    2.8487E-14
  7154.00    2.8665E-14
  7157.00    2.7914E-14
  7160.00    2.7905E-14
  7163.00    2.8838E-14
  7166.00    2.9163E-14
  7169.00    2.7679E-14
  7172.00    2.7524E-14
  7175.00    2.7646E-14
  7178.00    2.8081E-14
  7181.00    2.6613E-14
  7184.00    2.7824E-14
  7187.00    2.6755E-14
  7190.00    2.7760E-14
  7193.00    2.6264E-14
  7196.00    2.9380E-14
  7199.00    2.8623E-14
  7202.00    2.8053E-14
  7205.00    2.8046E-14
  7208.00    2.9316E-14
  7211.00    2.7905E-14
  7214.00    2.8878E-14
  7217.00    2.8149E-14
  7220.00    2.7610E-14
  7223.00    2.8049E-14
  7226.00    2.8542E-14
  7229.00    3.1088E-14
  7232.00    2.9149E-14
  7235.00    2.8401E-14
  7238.00    2.8641E-14
  7241.00    2.9132E-14
  7244.00    2.9411E-14
  7247.00    2.9717E-14
  7250.00    2.8570E-14
  7253.00    2.8815E-14
  7256.00    2.9103E-14
  7259.00    2.7848E-14
  7262.00    2.9521E-14
  7265.00    2.9455E-14
  7268.00    2.8942E-14
  7271.00    2.9220E-14
  7274.00    2.8101E-14
  7277.00    2.8871E-14
  7280.00    2.9933E-14
  7283.00    2.8685E-14
  7286.00    2.8938E-14
  7289.00    2.8160E-14
  7292.00    2.8014E-14
  7295.00    3.0028E-14
  7298.00    2.8799E-14
  7301.00    2.9317E-14
  7304.00    2.9063E-14
  7307.00    2.9565E-14
  7310.00    3.0164E-14
  7313.00    2.9099E-14
  7316.00    2.9276E-14
  7319.00    2.9461E-14
  7322.00    2.9876E-14
  7325.00    2.9567E-14
  7328.00    2.9508E-14
  7331.00    2.9440E-14
  7334.00    3.1557E-14
  7337.00    3.0731E-14
  7340.00    2.9940E-14
  7343.00    2.9670E-14
  7346.00    3.0472E-14
  7349.00    3.0037E-14
  7352.00    2.9548E-14
  7355.00    2.9804E-14
  7358.00    3.0066E-14
  7361.00    3.0098E-14
  7364.00    2.9806E-14
  7367.00    3.0330E-14
  7370.00    2.9974E-14
  7373.00    3.1465E-14
  7376.00    2.8971E-14
  7379.00    2.8642E-14
  7382.00    2.9803E-14
  7385.00    3.1164E-14
  7388.00    2.9950E-14
  7391.00    2.9376E-14
  7394.00    2.9268E-14
  7397.00    3.0596E-14
  7400.00    2.9784E-14
  7403.00    3.0393E-14
  7406.00    3.0033E-14
  7409.00    2.9791E-14
  7412.00    2.8576E-14
  7415.00    2.9912E-14
  7418.00    2.9232E-14
  7421.00    2.9949E-14
  7424.00    2.9169E-14
  7427.00    2.9643E-14
  7430.00    3.0292E-14
  7433.00    3.0010E-14
  7436.00    3.0269E-14
  7439.00    3.0689E-14
  7442.00    3.1545E-14
  7445.00    3.0359E-14
  7448.00    2.9451E-14
  7451.00    3.1384E-14
  7454.00    3.0830E-14
  7457.00    3.0157E-14
  7460.00    3.0527E-14
  7463.00    3.0066E-14
  7466.00    2.9417E-14
  7469.00    3.0160E-14
  7472.00    3.0578E-14
  7475.00    2.9581E-14
  7478.00    3.1028E-14
  7481.00    3.1173E-14
  7484.00    2.9225E-14
  7487.00    2.9359E-14
  7490.00    3.0014E-14
  7493.00    2.9822E-14
  7496.00    3.0677E-14
  7499.00    2.9775E-14
  7502.00    3.0750E-14
  7505.00    2.9585E-14
  7508.00    2.9401E-14
  7511.00    2.9840E-14
  7514.00    2.8768E-14
  7517.00    3.0862E-14
  7520.00    3.0583E-14
  7523.00    3.0576E-14
  7526.00    2.9894E-14
  7529.00    3.0450E-14
  7532.00    3.0182E-14
  7535.00    2.8792E-14
  7538.00    3.1512E-14
  7541.00    3.0248E-14
  7544.00    2.9913E-14
  7547.00    3.0121E-14
  7550.00    2.9132E-14
  7553.00    3.0999E-14
  7556.00    3.1340E-14
  7559.00    3.1329E-14
  7562.00    3.0565E-14
  7565.00    2.9600E-14
  7568.00    3.0255E-14
  7571.00    3.0751E-14
  7574.00    2.9044E-14
  7577.00    2.9559E-14
  7580.00    2.9336E-14
  7583.00    2.9461E-14
  7586.00    3.0157E-14
  7589.00    2.9238E-14
  7592.00    3.0410E-14
  7595.00    2.9027E-14
  7598.00    2.9605E-14
  7601.00    2.8428E-14
  7604.00    2.9785E-14
  7607.00    2.9074E-14
  7610.00    2.8399E-14
  7613.00    2.8675E-14
  7616.00    2.9101E-14
  7619.00    2.8968E-14
  7622.00    3.0133E-14
  7625.00    2.9007E-14
  7628.00    2.9953E-14
  7631.00    2.9971E-14
  7634.00    2.8228E-14
  7637.00    2.8858E-14
  7640.00    2.7352E-14
  7643.00    2.9230E-14
  7646.00    2.8568E-14
  7649.00    2.8533E-14
  7652.00    2.8891E-14
  7655.00    2.9407E-14
  7658.00    2.8650E-14
  7661.00    2.7136E-14
  7664.00    2.7750E-14
  7667.00    2.8194E-14
  7670.00    2.8031E-14
  7673.00    2.6787E-14
  7676.00    2.7658E-14
  7679.00    2.7712E-14
  7682.00    2.7758E-14
  7685.00    2.8441E-14
  7688.00    2.7133E-14
  7691.00    2.8799E-14
  7694.00    2.8681E-14
  7697.00    2.7775E-14
  7700.00    2.6513E-14
  7703.00    2.7438E-14
  7706.00    2.5791E-14
  7709.00    2.6342E-14
  7712.00    2.6080E-14
  7715.00    2.7825E-14
  7718.00    2.7877E-14
  7721.00    2.7054E-14
  7724.00    2.7956E-14
  7727.00    2.7487E-14
  7730.00    2.7782E-14
  7733.00    2.8945E-14
  7736.00    2.9024E-14
  7739.00    2.8129E-14
  7742.00    2.7262E-14
  7745.00    2.8321E-14
  7748.00    2.7975E-14
  7751.00    2.6913E-14
  7754.00    2.8166E-14
  7757.00    2.8041E-14
  7760.00    2.8252E-14
  7763.00    2.7496E-14
  7766.00    2.8266E-14
  7769.00    2.7605E-14
  7772.00    2.8401E-14
  7775.00    2.8028E-14
  7778.00    2.7355E-14
  7781.00    2.8276E-14
  7784.00    2.7213E-14
  7787.00    2.6974E-14
  7790.00    2.7695E-14
  7793.00    2.8900E-14
  7796.00    2.8038E-14
  7799.00    2.7985E-14
  7802.00    2.7057E-14
  7805.00    2.8780E-14
  7808.00    2.9050E-14
  7811.00    2.7908E-14
  7814.00    2.7445E-14
  7817.00    2.7825E-14
  7820.00    2.9178E-14
  7823.00    2.8236E-14
  7826.00    2.6590E-14
  7829.00    2.8322E-14
  7832.00    2.8654E-14
  7835.00    2.8029E-14
  7838.00    2.6377E-14
  7841.00    2.6780E-14
  7844.00    2.8746E-14
  7847.00    2.7934E-14
  7850.00    2.8880E-14
  7853.00    2.7702E-14
  7856.00    2.9128E-14
  7859.00    2.9427E-14
  7862.00    2.8969E-14
  7865.00    2.8422E-14
  7868.00    2.9281E-14
  7871.00    2.8667E-14
  7874.00    2.8250E-14
  7877.00    2.9417E-14
  7880.00    2.8096E-14
  7883.00    2.7704E-14
  7886.00    2.8316E-14
  7889.00    2.6840E-14
  7892.00    2.7719E-14
  7895.00    2.7818E-14
  7898.00    2.8370E-14
  7901.00    2.6841E-14
  7904.00    2.8075E-14
  7907.00    2.8614E-14
  7910.00    2.7355E-14
  7913.00    2.6120E-14
  7916.00    2.8030E-14
  7919.00    2.6432E-14
  7922.00    2.7859E-14
  7925.00    2.7849E-14
  7928.00    2.6443E-14
  7931.00    2.7261E-14
  7934.00    2.7096E-14
  7937.00    2.8101E-14
  7940.00    2.6592E-14
  7943.00    2.7161E-14
  7946.00    2.7178E-14
  7949.00    2.6794E-14
  7952.00    2.6514E-14
  7955.00    2.6866E-14
  7958.00    2.8139E-14
  7961.00    2.6491E-14
  7964.00    2.7692E-14
  7967.00    2.6690E-14
  7970.00    2.6777E-14
  7973.00    2.7087E-14
  7976.00    2.8334E-14
  7979.00    2.7944E-14
  7982.00    2.7231E-14
  7985.00    2.7609E-14
  7988.00    2.6822E-14
  7991.00    2.7730E-14
  7994.00    2.7575E-14
  7997.00    2.7784E-14
  8000.00    2.6708E-14
  8003.00    2.7446E-14
  8006.00    2.7524E-14
  8009.00    2.8880E-14
  8012.00    2.7654E-14
  8015.00    2.8521E-14
  8018.00    2.7669E-14
  8021.00    2.8322E-14
  8024.00    2.8319E-14
  8027.00    2.7827E-14
  8030.00    2.7356E-14
  8033.00    2.8314E-14
  8036.00    2.8762E-14
  8039.00    2.7347E-14
  8042.00    2.7745E-14
  8045.00    2.8364E-14
  8048.00    2.7903E-14
  8051.00    2.7349E-14
  8054.00    2.8515E-14
  8057.00    2.7963E-14
  8060.00    2.8362E-14
  8063.00    2.9210E-14
  8066.00    2.8377E-14
  8069.00    2.7824E-14
  8072.00    2.7896E-14
  8075.00    2.7229E-14
  8078.00    2.7821E-14
  8081.00    2.7239E-14
  8084.00    2.6877E-14
  8087.00    2.8531E-14
  8090.00    2.7888E-14
  8093.00    2.8309E-14
  8096.00    2.7557E-14
  8099.00    2.8307E-14
  8102.00    2.7415E-14
  8105.00    2.7957E-14
  8108.00    2.7137E-14
  8111.00    2.7998E-14
  8114.00    2.7989E-14
  8117.00    2.7755E-14
  8120.00    2.8538E-14
  8123.00    2.7477E-14
  8126.00    2.6896E-14
  8129.00    2.8974E-14
  8132.00    2.7969E-14
  8135.00    2.6782E-14
  8138.00    2.9657E-14
  8141.00    2.7165E-14
  8144.00    2.7085E-14
  8147.00    2.7645E-14
  8150.00    2.8657E-14
  8153.00    2.7026E-14
  8156.00    2.8108E-14
  8159.00    2.7934E-14
  8162.00    2.7411E-14
  8165.00    2.6828E-14
  8168.00    2.6639E-14
  8171.00    2.6722E-14
  8174.00    2.6770E-14
  8177.00    2.7869E-14
  8180.00    2.7279E-14
  8183.00    2.6316E-14
  8186.00    2.5326E-14
  8189.00    2.6371E-14
  8192.00    2.6974E-14
  8195.00    2.6290E-14
  8198.00    2.6467E-14
  8201.00    2.6141E-14
  8204.00    2.5972E-14
  8207.00    2.6841E-14
  8210.00    2.7623E-14
  8213.00    2.6940E-14
  8216.00    2.8421E-14
  8219.00    2.7320E-14
  8222.00    2.6283E-14
  8225.00    2.7207E-14
  8228.00    2.7785E-14
  8231.00    2.7040E-14
  8234.00    2.6896E-14
  8237.00    2.6744E-14
  8240.00    2.8032E-14
  8243.00    2.7445E-14
  8246.00    2.8726E-14
  8249.00    2.8328E-14
  8252.00    2.7672E-14
  8255.00    2.7969E-14
  8258.00    2.7631E-14
  8261.00    2.7188E-14
  8264.00    2.7510E-14
  8267.00    2.7965E-14
  8270.00    2.8695E-14
  8273.00    2.7792E-14
  8276.00    2.7529E-14
  8279.00    2.7301E-14
  8282.00    2.7510E-14
  8285.00    2.5830E-14
  8288.00    2.6297E-14
  8291.00    2.7604E-14
  8294.00    2.7898E-14
  8297.00    2.8012E-14
  8300.00    2.6801E-14
  8303.00    2.7714E-14
  8306.00    2.7499E-14
  8309.00    2.7113E-14
  8312.00    2.6862E-14
  8315.00    2.7009E-14
  8318.00    2.7794E-14
  8321.00    2.7127E-14
  8324.00    2.6243E-14
  8327.00    2.5459E-14
  8330.00    2.6675E-14
  8333.00    2.7402E-14
  8336.00    2.7413E-14
  8339.00    2.7042E-14
  8342.00    2.8058E-14
  8345.00    2.5967E-14
  8348.00    2.8004E-14
  8351.00    2.7296E-14
  8354.00    2.6400E-14
  8357.00    2.6978E-14
  8360.00    2.7187E-14
  8363.00    2.7190E-14
  8366.00    2.7344E-14
  8369.00    2.6558E-14
  8372.00    2.7454E-14
  8375.00    2.8013E-14
  8378.00    2.6694E-14
  8381.00    2.6955E-14
  8384.00    2.7490E-14
  8387.00    2.6688E-14
  8390.00    2.6981E-14
  8393.00    2.5347E-14
  8396.00    2.6070E-14
  8399.00    2.7778E-14
  8402.00    2.8483E-14
  8405.00    2.6934E-14
  8408.00    2.7703E-14
  8411.00    2.6728E-14
  8414.00    2.6703E-14
  8417.00    2.6428E-14
  8420.00    2.8048E-14
  8423.00    2.6778E-14
  8426.00    2.7650E-14
  8429.00    2.5610E-14
  8432.00    2.5894E-14
  8435.00    2.4989E-14
  8438.00    2.6147E-14
  8441.00    2.5667E-14
  8444.00    2.6623E-14
  8447.00    2.6118E-14
  8450.00    2.6531E-14
  8453.00    2.7111E-14
  8456.00    2.6302E-14
  8459.00    2.6664E-14
  8462.00    2.6830E-14
  8465.00    2.7492E-14
  8468.00    2.6672E-14
  8471.00    2.7007E-14
  8474.00    2.6073E-14
  8477.00    2.6084E-14
  8480.00    2.6301E-14
  8483.00    2.6432E-14
  8486.00    2.7140E-14
  8489.00    2.7034E-14
  8492.00    2.6770E-14
  8495.00    2.5717E-14
  8498.00    2.5171E-14
  8501.00    2.3944E-14
  8504.00    2.4788E-14
  8507.00    2.5291E-14
  8510.00    2.5325E-14
  8513.00    2.5946E-14
  8516.00    2.6038E-14
  8519.00    2.6754E-14
  8522.00    2.5043E-14
  8525.00    2.6111E-14
  8528.00    2.7066E-14
  8531.00    2.5686E-14
  8534.00    2.5279E-14
  8537.00    2.3563E-14
  8540.00    2.2654E-14
  8543.00    2.3503E-14
  8546.00    2.3637E-14
  8549.00    2.2646E-14
  8552.00    2.5005E-14
  8555.00    2.5154E-14
  8558.00    2.5102E-14
  8561.00    2.6203E-14
  8564.00    2.6517E-14
  8567.00    2.6751E-14
  8570.00    2.7129E-14
  8573.00    2.6733E-14
  8576.00    2.6556E-14
  8579.00    2.7675E-14
  8582.00    2.6105E-14
  8585.00    2.7100E-14
  8588.00    2.5650E-14
  8591.00    2.6710E-14
  8594.00    2.6220E-14
  8597.00    2.5817E-14
  8600.00    2.3927E-14
  8603.00    2.5161E-14
  8606.00    2.6245E-14
  8609.00    2.6305E-14
  8612.00    2.6098E-14
  8615.00    2.5794E-14
  8618.00    2.6993E-14
  8621.00    2.7870E-14
  8624.00    2.7508E-14
  8627.00    2.6943E-14
  8630.00    2.5936E-14
  8633.00    2.6999E-14
  8636.00    2.6189E-14
  8639.00    2.6116E-14
  8642.00    2.6557E-14
  8645.00    2.5291E-14
  8648.00    2.5918E-14
  8651.00    2.5437E-14
  8654.00    2.3906E-14
  8657.00    2.4649E-14
  8660.00    2.2576E-14
  8663.00    2.3632E-14
  8666.00    2.3119E-14
  8669.00    2.2980E-14
  8672.00    2.3324E-14
  8675.00    2.3808E-14
  8678.00    2.5016E-14
  8681.00    2.4990E-14
  8684.00    2.4758E-14
  8687.00    2.5764E-14
  8690.00    2.5453E-14
  8693.00    2.5337E-14
  8696.00    2.5655E-14
  8699.00    2.5980E-14
  8702.00    2.4841E-14
  8705.00    2.7150E-14
  8708.00    2.6498E-14
  8711.00    2.5925E-14
  8714.00    2.4400E-14
  8717.00    2.6786E-14
  8720.00    2.6364E-14
  8723.00    2.7144E-14
  8726.00    2.7243E-14
  8729.00    2.6039E-14
  8732.00    2.6398E-14
  8735.00    2.5804E-14
  8738.00    2.5324E-14
  8741.00    2.4773E-14
  8744.00    2.5232E-14
  8747.00    2.5075E-14
  8750.00    2.4235E-14
  8753.00    2.4335E-14
  8756.00    2.4130E-14
  8759.00    2.5752E-14
  8762.00    2.5168E-14
  8765.00    2.4701E-14
  8768.00    2.5976E-14
  8771.00    2.5148E-14
  8774.00    2.5489E-14
  8777.00    2.6164E-14
  8780.00    2.5547E-14
  8783.00    2.5476E-14
  8786.00    2.3618E-14
  8789.00    2.5963E-14
  8792.00    2.4990E-14
  8795.00    2.6492E-14
  8798.00    2.6015E-14
  8801.00    2.5377E-14
  8804.00    2.5915E-14
  8807.00    2.5486E-14
  8810.00    2.5292E-14
  8813.00    2.4803E-14
  8816.00    2.4616E-14
  8819.00    2.4906E-14
  8822.00    2.5598E-14
  8825.00    2.4571E-14
  8828.00    2.6093E-14
  8831.00    2.5870E-14
  8834.00    2.7081E-14
  8837.00    2.5753E-14
  8840.00    2.5866E-14
  8843.00    2.4630E-14
  8846.00    2.4985E-14
  8849.00    2.5878E-14
  8852.00    2.5746E-14
  8855.00    2.4882E-14
  8858.00    2.4519E-14
  8861.00    2.4728E-14
  8864.00    2.3406E-14
  8867.00    2.4636E-14
  8870.00    2.3884E-14
  8873.00    2.4669E-14
  8876.00    2.4871E-14
  8879.00    2.4582E-14
  8882.00    2.3806E-14
  8885.00    2.4139E-14
  8888.00    2.4260E-14
  8891.00    2.5180E-14
  8894.00    2.4499E-14
  8897.00    2.4798E-14
  8900.00    2.4889E-14
  8903.00    2.5755E-14
  8906.00    2.5083E-14
  8909.00    2.5902E-14
  8912.00    2.5312E-14
  8915.00    2.5400E-14
  8918.00    2.5706E-14
  8921.00    2.5743E-14
  8924.00    2.4580E-14
  8927.00    2.4840E-14
  8930.00    2.5430E-14
  8933.00    2.5898E-14
  8936.00    2.5950E-14
  8939.00    2.6087E-14
  8942.00    2.5747E-14
  8945.00    2.5946E-14
  8948.00    2.3781E-14
  8951.00    2.5081E-14
  8954.00    2.4568E-14
  8957.00    2.4804E-14
  8960.00    2.4589E-14
  8963.00    2.4261E-14
  8966.00    2.4579E-14
  8969.00    2.2977E-14
  8972.00    2.3054E-14
  8975.00    2.3373E-14
  8978.00    2.3691E-14
  8981.00    2.3434E-14
  8984.00    2.3475E-14
  8987.00    2.4240E-14
  8990.00    2.4118E-14
  8993.00    2.3768E-14
  8996.00    2.4006E-14
  8999.00    2.2479E-14
  9002.00    2.3271E-14
  9005.00    2.3592E-14
  9008.00    2.1303E-14
  9011.00    2.3578E-14
  9014.00    2.3589E-14
  9017.00    2.2835E-14
  9020.00    2.3144E-14
  9023.00    2.3444E-14
  9026.00    2.4533E-14
  9029.00    2.4258E-14
  9032.00    2.5649E-14
  9035.00    2.4709E-14
  9038.00    2.5192E-14
  9041.00    2.4195E-14
  9044.00    2.6332E-14
  9047.00    2.6918E-14
  9050.00    2.6535E-14
  9053.00    2.6233E-14
  9056.00    2.7324E-14
  9059.00    2.5023E-14
  9062.00    2.5559E-14
  9065.00    2.5825E-14
  9068.00    2.5752E-14
  9071.00    2.4773E-14
  9074.00    2.4082E-14
  9077.00    2.5231E-14
  9080.00    2.4662E-14
  9083.00    2.5104E-14
  9086.00    2.4970E-14
  9089.00    2.4411E-14
  9092.00    2.3790E-14
  9095.00    2.5267E-14
  9098.00    2.3977E-14
  9101.00    2.5116E-14
  9104.00    2.3901E-14
  9107.00    2.4646E-14
  9110.00    2.3592E-14
  9113.00    2.5187E-14
  9116.00    2.5236E-14
  9119.00    2.4506E-14
  9122.00    2.4106E-14
  9125.00    2.4504E-14
  9128.00    2.3505E-14
  9131.00    2.4222E-14
  9134.00    2.4576E-14
  9137.00    2.4631E-14
  9140.00    2.3495E-14
  9143.00    2.3626E-14
  9146.00    2.3938E-14
  9149.00    2.4161E-14
  9152.00    2.4948E-14
  9155.00    2.4343E-14
  9158.00    2.2837E-14
  9161.00    2.4618E-14
  9164.00    2.3502E-14
  9167.00    2.4549E-14
  9170.00    2.4206E-14
  9173.00    2.4855E-14
  9176.00    2.4513E-14
  9179.00    2.1541E-14
  9182.00    2.3140E-14
  9185.00    2.3360E-14
  9188.00    2.5200E-14
  9191.00    2.3929E-14
  9194.00    2.4474E-14
  9197.00    2.3370E-14
  9200.00    2.3831E-14
  9203.00    2.5398E-14
  9206.00    2.3911E-14
  9209.00    2.4207E-14
  9212.00    2.3297E-14
  9215.00    2.3230E-14
  9218.00    2.2438E-14
  9221.00    2.3803E-14
  9224.00    2.2355E-14
  9227.00    2.3460E-14
  9230.00    2.1726E-14
  9233.00    2.3441E-14
  9236.00    2.2969E-14
  9239.00    2.2419E-14
  9242.00    2.3391E-14
  9245.00    2.4517E-14
  9248.00    2.3181E-14
  9251.00    2.3771E-14
  9254.00    2.4487E-14
  9257.00    2.3672E-14
  9260.00    2.3455E-14
  9263.00    2.4855E-14
  9266.00    2.4442E-14
  9269.00    2.3891E-14
  9272.00    2.4852E-14
  9275.00    2.4015E-14
  9278.00    2.3274E-14
  9281.00    2.4512E-14
  9284.00    2.3751E-14
  9287.00    2.3707E-14
  9290.00    2.3776E-14
  9293.00    2.4456E-14
  9296.00    2.3328E-14
  9299.00    2.2571E-14
  9302.00    2.3855E-14
  9305.00    2.3613E-14
  9308.00    2.2962E-14
  9311.00    2.3874E-14
  9314.00    2.3281E-14
  9317.00    2.3621E-14
  9320.00    2.4357E-14
  9323.00    2.3389E-14
  9326.00    2.3778E-14
  9329.00    2.4383E-14
  9332.00    2.3885E-14
  9335.00    2.4208E-14
  9338.00    2.3295E-14
  9341.00    2.4031E-14
  9344.00    2.5453E-14
  9347.00    2.4867E-14
  9350.00    2.3956E-14
  9353.00    2.6098E-14
  9356.00    2.3564E-14
  9359.00    2.5091E-14
  9362.00    2.4369E-14
  9365.00    2.4876E-14
  9368.00    2.4286E-14
  9371.00    2.5102E-14
  9374.00    2.5626E-14
  9377.00    2.3742E-14
  9380.00    2.3921E-14
  9383.00    2.3345E-14
  9386.00    2.5044E-14
  9389.00    2.4299E-14
  9392.00    2.3327E-14
  9395.00    2.4562E-14
  9398.00    2.5048E-14
  9401.00    2.3845E-14
  9404.00    2.4107E-14
  9407.00    2.4264E-14
  9410.00    2.4397E-14
  9413.00    2.4189E-14
  9416.00    2.4001E-14
  9419.00    2.3501E-14
  9422.00    2.4502E-14
  9425.00    2.4659E-14
  9428.00    2.5830E-14
  9431.00    2.6093E-14
  9434.00    2.4166E-14
  9437.00    2.4159E-14
  9440.00    2.4042E-14
  9443.00    2.3182E-14
  9446.00    2.3277E-14
  9449.00    2.4530E-14
  9452.00    2.4653E-14
  9455.00    2.4021E-14
  9458.00    2.4280E-14
  9461.00    2.3498E-14
  9464.00    2.3450E-14
  9467.00    2.4613E-14
  9470.00    2.5019E-14
  9473.00    2.4078E-14
  9476.00    2.3788E-14
  9479.00    2.4679E-14
  9482.00    2.4368E-14
  9485.00    2.4199E-14
  9488.00    2.3585E-14
  9491.00    2.4803E-14
  9494.00    2.3628E-14
  9497.00    2.3538E-14
  9500.00    2.4320E-14
  9503.00    2.3433E-14
  9506.00    2.3314E-14
  9509.00    2.3241E-14
  9512.00    2.3879E-14
  9515.00    2.3924E-14
  9518.00    2.4074E-14
  9521.00    2.3593E-14
  9524.00    2.3847E-14
  9527.00    2.5019E-14
  9530.00    2.4393E-14
  9533.00    2.4243E-14
  9536.00    2.2396E-14
  9539.00    2.3121E-14
  9542.00    2.3843E-14
  9545.00    2.2039E-14
  9548.00    2.2610E-14
  9551.00    2.2797E-14
  9554.00    2.3542E-14
  9557.00    2.3070E-14
  9560.00    2.3629E-14
  9563.00    2.3677E-14
  9566.00    2.3370E-14
  9569.00    2.3533E-14
  9572.00    2.2823E-14
  9575.00    2.3399E-14
  9578.00    2.3963E-14
  9581.00    2.4022E-14
  9584.00    2.4431E-14
  9587.00    2.3551E-14
  9590.00    2.4892E-14
  9593.00    2.4893E-14
  9596.00    2.3892E-14
  9599.00    2.3638E-14
  9602.00    2.4759E-14
  9605.00    2.2866E-14
  9608.00    2.3764E-14
  9611.00    2.3374E-14
  9614.00    2.3615E-14
  9617.00    2.4603E-14
  9620.00    2.4681E-14
  9623.00    2.4013E-14
  9626.00    2.4484E-14
  9629.00    2.3444E-14
  9632.00    2.3550E-14
  9635.00    2.4018E-14
  9638.00    2.3810E-14
  9641.00    2.3367E-14
  9644.00    2.3765E-14
  9647.00    2.3414E-14
  9650.00    2.3633E-14
  9653.00    2.4594E-14
  9656.00    2.3528E-14
  9659.00    2.3665E-14
  9662.00    2.4526E-14
  9665.00    2.4161E-14
  9668.00    2.4339E-14
  9671.00    2.2559E-14
  9674.00    2.4482E-14
  9677.00    2.3439E-14
  9680.00    2.3979E-14
  9683.00    2.2879E-14
  9686.00    2.4640E-14
  9689.00    2.3594E-14
  9692.00    2.4538E-14
  9695.00    2.3629E-14
  9698.00    2.2852E-14
  9701.00    2.4079E-14
  9704.00    2.3694E-14
  9707.00    2.4244E-14
  9710.00    2.3475E-14
  9713.00    2.2563E-14
  9716.00    2.3441E-14
  9719.00    2.4301E-14
  9722.00    2.3310E-14
  9725.00    2.2738E-14
  9728.00    2.3351E-14
  9731.00    2.3902E-14
  9734.00    2.3938E-14
  9737.00    2.3788E-14
  9740.00    2.3424E-14
  9743.00    2.2757E-14
  9746.00    2.2355E-14
  9749.00    2.2977E-14
  9752.00    2.2960E-14
  9755.00    2.2141E-14
  9758.00    2.3711E-14
  9761.00    2.2939E-14
  9764.00    2.3508E-14
  9767.00    2.3707E-14
  9770.00    2.3799E-14
  9773.00    2.2432E-14
  9776.00    2.2756E-14
  9779.00    2.3535E-14
  9782.00    2.4284E-14
  9785.00    2.3562E-14
  9788.00    2.2310E-14
  9791.00    2.3795E-14
  9794.00    2.2015E-14
  9797.00    2.2508E-14
  9800.00    2.2942E-14
