   3600.0000    1.06090E-14
   3602.0000    1.02660E-14
   3604.0000    1.01300E-14
   3606.0000    8.90590E-15
   3608.0000    1.08800E-14
   3610.0000    8.96170E-15
   3612.0000    9.48010E-15
   3614.0000    9.58470E-15
   3616.0000    9.90940E-15
   3618.0000    9.22940E-15
   3620.0000    1.00080E-14
   3622.0000    1.04420E-14
   3624.0000    1.02940E-14
   3626.0000    1.09440E-14
   3628.0000    1.19420E-14
   3630.0000    1.14240E-14
   3632.0000    1.09870E-14
   3634.0000    1.10130E-14
   3636.0000    1.17710E-14
   3638.0000    1.09220E-14
   3640.0000    1.02670E-14
   3642.0000    1.14940E-14
   3644.0000    1.20240E-14
   3646.0000    1.11740E-14
   3648.0000    1.18970E-14
   3650.0000    1.14330E-14
   3652.0000    1.19600E-14
   3654.0000    1.19050E-14
   3656.0000    1.19300E-14
   3658.0000    1.43670E-14
   3660.0000    1.32430E-14
   3662.0000    1.36550E-14
   3664.0000    1.27590E-14
   3666.0000    1.30040E-14
   3668.0000    1.28350E-14
   3670.0000    1.24500E-14
   3672.0000    1.33470E-14
   3674.0000    1.27830E-14
   3676.0000    1.35560E-14
   3678.0000    1.32730E-14
   3680.0000    1.29640E-14
   3682.0000    1.19890E-14
   3684.0000    1.19820E-14
   3686.0000    1.13870E-14
   3688.0000    1.05500E-14
   3690.0000    1.19580E-14
   3692.0000    1.24830E-14
   3694.0000    1.30380E-14
   3696.0000    1.21500E-14
   3698.0000    1.29450E-14
   3700.0000    1.25730E-14
   3702.0000    1.28220E-14
   3704.0000    1.16920E-14
   3706.0000    1.10700E-14
   3708.0000    1.05190E-14
   3710.0000    1.11770E-14
   3712.0000    1.25200E-14
   3714.0000    1.22950E-14
   3716.0000    1.15850E-14
   3718.0000    1.12800E-14
   3720.0000    1.09860E-14
   3722.0000    1.08210E-14
   3724.0000    1.08930E-14
   3726.0000    1.04870E-14
   3728.0000    1.06790E-14
   3730.0000    9.43080E-15
   3732.0000    1.03730E-14
   3734.0000    9.94440E-15
   3736.0000    9.22880E-15
   3738.0000    8.58460E-15
   3740.0000    8.55290E-15
   3742.0000    9.43150E-15
   3744.0000    8.75210E-15
   3746.0000    8.88290E-15
   3748.0000    9.13790E-15
   3750.0000    1.01250E-14
   3752.0000    1.05110E-14
   3754.0000    9.22550E-15
   3756.0000    1.08250E-14
   3758.0000    1.09100E-14
   3760.0000    1.00210E-14
   3762.0000    1.07180E-14
   3764.0000    1.08960E-14
   3766.0000    1.12570E-14
   3768.0000    1.12640E-14
   3770.0000    1.20170E-14
   3772.0000    1.15050E-14
   3774.0000    1.18010E-14
   3776.0000    1.23120E-14
   3778.0000    1.39790E-14
   3780.0000    1.34700E-14
   3782.0000    1.43000E-14
   3784.0000    1.28480E-14
   3786.0000    1.28340E-14
   3788.0000    1.23540E-14
   3790.0000    1.29590E-14
   3792.0000    1.23060E-14
   3794.0000    1.09380E-14
   3796.0000    1.08790E-14
   3798.0000    1.08000E-14
   3800.0000    1.02670E-14
   3802.0000    1.05400E-14
   3804.0000    1.13210E-14
   3806.0000    1.15490E-14
   3808.0000    1.16650E-14
   3810.0000    1.22160E-14
   3812.0000    1.22440E-14
   3814.0000    1.19600E-14
   3816.0000    1.22430E-14
   3818.0000    1.17190E-14
   3820.0000    1.09400E-14
   3822.0000    1.02240E-14
   3824.0000    1.02560E-14
   3826.0000    9.92430E-15
   3828.0000    7.66680E-15
   3830.0000    8.32950E-15
   3832.0000    6.94850E-15
   3834.0000    8.14860E-15
   3836.0000    8.14210E-15
   3838.0000    8.45750E-15
   3840.0000    8.54290E-15
   3842.0000    8.79430E-15
   3844.0000    8.95950E-15
   3846.0000    9.14410E-15
   3848.0000    9.61510E-15
   3850.0000    1.02940E-14
   3852.0000    1.10690E-14
   3854.0000    1.12920E-14
   3856.0000    1.17430E-14
   3858.0000    1.14990E-14
   3860.0000    1.06610E-14
   3862.0000    1.09160E-14
   3864.0000    9.89230E-15
   3866.0000    1.18560E-14
   3868.0000    1.22530E-14
   3870.0000    1.03440E-14
   3872.0000    1.06260E-14
   3874.0000    1.14000E-14
   3876.0000    1.17210E-14
   3878.0000    1.05540E-14
   3880.0000    1.08800E-14
   3882.0000    1.13460E-14
   3884.0000    1.06290E-14
   3886.0000    1.00300E-14
   3888.0000    1.14540E-14
   3890.0000    1.13580E-14
   3892.0000    1.14690E-14
   3894.0000    1.06950E-14
   3896.0000    1.14870E-14
   3898.0000    1.13830E-14
   3900.0000    1.16760E-14
   3902.0000    1.21610E-14
   3904.0000    1.31900E-14
   3906.0000    1.33830E-14
   3908.0000    1.40350E-14
   3910.0000    1.34030E-14
   3912.0000    1.44740E-14
   3914.0000    1.47130E-14
   3916.0000    1.58070E-14
   3918.0000    1.42700E-14
   3920.0000    1.30610E-14
   3922.0000    1.35920E-14
   3924.0000    1.28850E-14
   3926.0000    1.23340E-14
   3928.0000    1.07950E-14
   3930.0000    9.71680E-15
   3932.0000    8.78820E-15
   3934.0000    7.53090E-15
   3936.0000    8.98310E-15
   3938.0000    7.74870E-15
   3940.0000    8.94990E-15
   3942.0000    1.00390E-14
   3944.0000    1.08790E-14
   3946.0000    1.04570E-14
   3948.0000    1.24870E-14
   3950.0000    1.33210E-14
   3952.0000    1.28300E-14
   3954.0000    1.42170E-14
   3956.0000    1.45540E-14
   3958.0000    1.42180E-14
   3960.0000    1.27830E-14
   3962.0000    1.20790E-14
   3964.0000    1.10520E-14
   3966.0000    9.75310E-15
   3968.0000    8.41390E-15
   3970.0000    9.34180E-15
   3972.0000    8.90430E-15
   3974.0000    9.38910E-15
   3976.0000    1.01630E-14
   3978.0000    1.16780E-14
   3980.0000    1.35080E-14
   3982.0000    1.51300E-14
   3984.0000    1.52020E-14
   3986.0000    1.70090E-14
   3988.0000    1.66530E-14
   3990.0000    1.81460E-14
   3992.0000    1.88240E-14
   3994.0000    1.88720E-14
   3996.0000    1.80890E-14
   3998.0000    1.85710E-14
   4000.0000    1.85590E-14
   4002.0000    1.82300E-14
   4004.0000    1.87310E-14
   4006.0000    1.89430E-14
   4008.0000    1.89620E-14
   4010.0000    1.93920E-14
   4012.0000    2.01900E-14
   4014.0000    1.97590E-14
   4016.0000    2.07210E-14
   4018.0000    2.13620E-14
   4020.0000    2.11960E-14
   4022.0000    2.13040E-14
   4024.0000    2.10840E-14
   4026.0000    2.13340E-14
   4028.0000    2.18240E-14
   4030.0000    2.16010E-14
   4032.0000    1.96660E-14
   4034.0000    1.99220E-14
   4036.0000    1.95280E-14
   4038.0000    1.97300E-14
   4040.0000    2.12080E-14
   4042.0000    1.87100E-14
   4044.0000    2.14360E-14
   4046.0000    2.06740E-14
   4048.0000    1.99180E-14
   4050.0000    2.07300E-14
   4052.0000    1.94690E-14
   4054.0000    2.06330E-14
   4056.0000    1.98310E-14
   4058.0000    2.03240E-14
   4060.0000    2.02490E-14
   4062.0000    1.98740E-14
   4064.0000    1.98850E-14
   4066.0000    1.96120E-14
   4068.0000    1.86280E-14
   4070.0000    1.92870E-14
   4072.0000    1.94920E-14
   4074.0000    1.83460E-14
   4076.0000    1.86180E-14
   4078.0000    1.99950E-14
   4080.0000    1.90720E-14
   4082.0000    2.03510E-14
   4084.0000    2.04530E-14
   4086.0000    2.12320E-14
   4088.0000    2.07170E-14
   4090.0000    2.12700E-14
   4092.0000    2.15640E-14
   4094.0000    2.10260E-14
   4096.0000    2.00080E-14
   4098.0000    1.97400E-14
   4100.0000    1.85920E-14
   4102.0000    1.91300E-14
   4104.0000    1.87480E-14
   4106.0000    1.87380E-14
   4108.0000    1.84870E-14
   4110.0000    1.96690E-14
   4112.0000    2.01440E-14
   4114.0000    2.11290E-14
   4116.0000    2.09760E-14
   4118.0000    2.08480E-14
   4120.0000    2.20910E-14
   4122.0000    2.06260E-14
   4124.0000    2.13650E-14
   4126.0000    2.18040E-14
   4128.0000    2.15940E-14
   4130.0000    2.12250E-14
   4132.0000    1.99190E-14
   4134.0000    1.99250E-14
   4136.0000    2.01020E-14
   4138.0000    1.95900E-14
   4140.0000    2.12720E-14
   4142.0000    2.05820E-14
   4144.0000    2.06630E-14
   4146.0000    1.98580E-14
   4148.0000    2.06270E-14
   4150.0000    2.10590E-14
   4152.0000    1.96420E-14
   4154.0000    1.98000E-14
   4156.0000    2.02080E-14
   4158.0000    2.16090E-14
   4160.0000    2.10080E-14
   4162.0000    2.17630E-14
   4164.0000    2.32550E-14
   4166.0000    2.24340E-14
   4168.0000    2.14240E-14
   4170.0000    2.13490E-14
   4172.0000    2.04710E-14
   4174.0000    2.13570E-14
   4176.0000    2.09240E-14
   4178.0000    2.14690E-14
   4180.0000    2.05280E-14
   4182.0000    2.06920E-14
   4184.0000    2.12830E-14
   4186.0000    2.10840E-14
   4188.0000    2.15830E-14
   4190.0000    2.17230E-14
   4192.0000    2.17720E-14
   4194.0000    2.09130E-14
   4196.0000    2.02480E-14
   4198.0000    2.07230E-14
   4200.0000    2.20800E-14
   4202.0000    2.12370E-14
   4204.0000    2.11250E-14
   4206.0000    2.09130E-14
   4208.0000    2.21880E-14
   4210.0000    2.18520E-14
   4212.0000    2.22210E-14
   4214.0000    2.21100E-14
   4216.0000    2.19600E-14
   4218.0000    2.18600E-14
   4220.0000    2.15610E-14
   4222.0000    2.37530E-14
   4224.0000    2.14430E-14
   4226.0000    2.10560E-14
   4228.0000    2.00490E-14
   4230.0000    1.98180E-14
   4232.0000    1.95190E-14
   4234.0000    2.13410E-14
   4236.0000    2.11190E-14
   4238.0000    2.16040E-14
   4240.0000    2.24440E-14
   4242.0000    2.19330E-14
   4244.0000    2.32320E-14
   4246.0000    2.23230E-14
   4248.0000    2.21300E-14
   4250.0000    2.23380E-14
   4252.0000    2.26480E-14
   4254.0000    2.13030E-14
   4256.0000    2.30000E-14
   4258.0000    2.14780E-14
   4260.0000    2.24150E-14
   4262.0000    2.17270E-14
   4264.0000    2.23140E-14
   4266.0000    2.25200E-14
   4268.0000    2.27680E-14
   4270.0000    2.28490E-14
   4272.0000    2.23970E-14
   4274.0000    2.11240E-14
   4276.0000    2.15140E-14
   4278.0000    2.19210E-14
   4280.0000    2.25960E-14
   4282.0000    2.02440E-14
   4284.0000    2.13410E-14
   4286.0000    2.22980E-14
   4288.0000    2.14410E-14
   4290.0000    2.14090E-14
   4292.0000    2.12250E-14
   4294.0000    2.01170E-14
   4296.0000    1.98190E-14
   4298.0000    1.97650E-14
   4300.0000    1.80700E-14
   4302.0000    1.76100E-14
   4304.0000    1.79190E-14
   4306.0000    1.91040E-14
   4308.0000    1.78320E-14
   4310.0000    1.85270E-14
   4312.0000    1.93860E-14
   4314.0000    1.90960E-14
   4316.0000    2.05820E-14
   4318.0000    2.20820E-14
   4320.0000    2.27050E-14
   4322.0000    2.33020E-14
   4324.0000    2.31380E-14
   4326.0000    2.39260E-14
   4328.0000    2.43490E-14
   4330.0000    2.34930E-14
   4332.0000    2.36720E-14
   4334.0000    2.37170E-14
   4336.0000    2.45590E-14
   4338.0000    2.33670E-14
   4340.0000    2.23060E-14
   4342.0000    2.31170E-14
   4344.0000    2.35760E-14
   4346.0000    2.28930E-14
   4348.0000    2.36730E-14
   4350.0000    2.39200E-14
   4352.0000    2.50600E-14
   4354.0000    2.48780E-14
   4356.0000    2.51290E-14
   4358.0000    2.53630E-14
   4360.0000    2.58700E-14
   4362.0000    2.64390E-14
   4364.0000    2.64230E-14
   4366.0000    2.66690E-14
   4368.0000    2.68030E-14
   4370.0000    2.61230E-14
   4372.0000    2.53550E-14
   4374.0000    2.48610E-14
   4376.0000    2.55060E-14
   4378.0000    2.41340E-14
   4380.0000    2.33250E-14
   4382.0000    2.32450E-14
   4384.0000    2.20240E-14
   4386.0000    2.28780E-14
   4388.0000    2.22710E-14
   4390.0000    2.29940E-14
   4392.0000    2.26560E-14
   4394.0000    2.30820E-14
   4396.0000    2.43860E-14
   4398.0000    2.44070E-14
   4400.0000    2.44150E-14
   4402.0000    2.52660E-14
   4404.0000    2.40040E-14
   4406.0000    2.42320E-14
   4408.0000    2.43360E-14
   4410.0000    2.51740E-14
   4412.0000    2.40010E-14
   4414.0000    2.57670E-14
   4416.0000    2.57910E-14
   4418.0000    2.53200E-14
   4420.0000    2.59500E-14
   4422.0000    2.67540E-14
   4424.0000    2.68210E-14
   4426.0000    2.62790E-14
   4428.0000    2.62290E-14
   4430.0000    2.69740E-14
   4432.0000    2.65430E-14
   4434.0000    2.67310E-14
   4436.0000    2.64400E-14
   4438.0000    2.55970E-14
   4440.0000    2.66790E-14
   4442.0000    2.74740E-14
   4444.0000    2.69770E-14
   4446.0000    2.75510E-14
   4448.0000    2.82270E-14
   4450.0000    2.80420E-14
   4452.0000    2.80170E-14
   4454.0000    2.66640E-14
   4456.0000    2.63510E-14
   4458.0000    2.64110E-14
   4460.0000    2.59260E-14
   4462.0000    2.67670E-14
   4464.0000    2.57150E-14
   4466.0000    2.60730E-14
   4468.0000    2.76910E-14
   4470.0000    2.67250E-14
   4472.0000    2.71810E-14
   4474.0000    2.85270E-14
   4476.0000    2.87100E-14
   4478.0000    2.97200E-14
   4480.0000    2.93750E-14
   4482.0000    2.96220E-14
   4484.0000    2.91300E-14
   4486.0000    2.93060E-14
   4488.0000    3.03730E-14
   4490.0000    2.96590E-14
   4492.0000    2.92820E-14
   4494.0000    2.92370E-14
   4496.0000    3.00040E-14
   4498.0000    2.95640E-14
   4500.0000    3.03000E-14
   4502.0000    3.03120E-14
   4504.0000    3.04610E-14
   4506.0000    3.08360E-14
   4508.0000    2.99600E-14
   4510.0000    3.08830E-14
   4512.0000    3.17660E-14
   4514.0000    3.06750E-14
   4516.0000    3.13520E-14
   4518.0000    3.12390E-14
   4520.0000    3.07720E-14
   4522.0000    3.08960E-14
   4524.0000    2.89730E-14
   4526.0000    2.93450E-14
   4528.0000    2.93290E-14
   4530.0000    2.91100E-14
   4532.0000    2.92480E-14
   4534.0000    2.88340E-14
   4536.0000    2.84800E-14
   4538.0000    2.87650E-14
   4540.0000    2.89080E-14
   4542.0000    2.93520E-14
   4544.0000    3.00240E-14
   4546.0000    3.01090E-14
   4548.0000    2.94630E-14
   4550.0000    3.00770E-14
   4552.0000    2.97000E-14
   4554.0000    2.99420E-14
   4556.0000    3.00880E-14
   4558.0000    3.12160E-14
   4560.0000    3.00720E-14
   4562.0000    3.16540E-14
   4564.0000    3.10520E-14
   4566.0000    3.15970E-14
   4568.0000    3.09560E-14
   4570.0000    3.03720E-14
   4572.0000    3.09200E-14
   4574.0000    3.14130E-14
   4576.0000    3.13240E-14
   4578.0000    3.15540E-14
   4580.0000    3.03570E-14
   4582.0000    3.14410E-14
   4584.0000    2.94220E-14
   4586.0000    3.13680E-14
   4588.0000    3.07890E-14
   4590.0000    3.03380E-14
   4592.0000    3.04820E-14
   4594.0000    3.14390E-14
   4596.0000    3.04950E-14
   4598.0000    3.05660E-14
   4600.0000    3.13980E-14
   4602.0000    3.11240E-14
   4604.0000    3.14500E-14
   4606.0000    3.20360E-14
   4608.0000    3.19490E-14
   4610.0000    3.15970E-14
   4612.0000    3.28710E-14
   4614.0000    3.15630E-14
   4616.0000    3.25350E-14
   4618.0000    3.22390E-14
   4620.0000    3.28410E-14
   4622.0000    3.31860E-14
   4624.0000    3.39500E-14
   4626.0000    3.35520E-14
   4628.0000    3.33200E-14
   4630.0000    3.21950E-14
   4632.0000    3.33370E-14
   4634.0000    3.24540E-14
   4636.0000    3.23950E-14
   4638.0000    3.21560E-14
   4640.0000    3.21250E-14
   4642.0000    3.10670E-14
   4644.0000    3.10230E-14
   4646.0000    3.13560E-14
   4648.0000    2.97660E-14
   4650.0000    3.03970E-14
   4652.0000    3.16810E-14
   4654.0000    3.18730E-14
   4656.0000    3.21920E-14
   4658.0000    3.12040E-14
   4660.0000    3.22150E-14
   4662.0000    3.15430E-14
   4664.0000    3.10260E-14
   4666.0000    3.15710E-14
   4668.0000    3.04190E-14
   4670.0000    3.18420E-14
   4672.0000    3.06710E-14
   4674.0000    3.11610E-14
   4676.0000    3.16480E-14
   4678.0000    3.05150E-14
   4680.0000    3.11470E-14
   4682.0000    3.12110E-14
   4684.0000    3.08920E-14
   4686.0000    3.07050E-14
   4688.0000    3.09990E-14
   4690.0000    3.15650E-14
   4692.0000    3.17390E-14
   4694.0000    3.10520E-14
   4696.0000    3.04680E-14
   4698.0000    3.10590E-14
   4700.0000    3.18750E-14
   4702.0000    3.09910E-14
   4704.0000    3.10080E-14
   4706.0000    2.97020E-14
   4708.0000    3.03940E-14
   4710.0000    3.01630E-14
   4712.0000    3.13290E-14
   4714.0000    3.15630E-14
   4716.0000    3.16340E-14
   4718.0000    3.18250E-14
   4720.0000    3.28680E-14
   4722.0000    3.20990E-14
   4724.0000    3.35120E-14
   4726.0000    3.16450E-14
   4728.0000    3.21020E-14
   4730.0000    3.31150E-14
   4732.0000    3.20820E-14
   4734.0000    3.09200E-14
   4736.0000    3.18110E-14
   4738.0000    3.21050E-14
   4740.0000    3.21550E-14
   4742.0000    3.23170E-14
   4744.0000    3.14220E-14
   4746.0000    3.35340E-14
   4748.0000    3.34410E-14
   4750.0000    3.33780E-14
   4752.0000    3.37380E-14
   4754.0000    3.29230E-14
   4756.0000    3.27990E-14
   4758.0000    3.26980E-14
   4760.0000    3.27970E-14
   4762.0000    3.28770E-14
   4764.0000    3.31180E-14
   4766.0000    3.23580E-14
   4768.0000    3.18960E-14
   4770.0000    3.19070E-14
   4772.0000    3.28760E-14
   4774.0000    3.24300E-14
   4776.0000    3.34330E-14
   4778.0000    3.23420E-14
   4780.0000    3.24040E-14
   4782.0000    3.34090E-14
   4784.0000    3.33720E-14
   4786.0000    3.32000E-14
   4788.0000    3.31290E-14
   4790.0000    3.19400E-14
   4792.0000    3.20040E-14
   4794.0000    3.39990E-14
   4796.0000    3.28240E-14
   4798.0000    3.40690E-14
   4800.0000    3.46670E-14
   4802.0000    3.36630E-14
   4804.0000    3.40770E-14
   4806.0000    3.36990E-14
   4808.0000    3.35210E-14
   4810.0000    3.42840E-14
   4812.0000    3.27530E-14
   4814.0000    3.46100E-14
   4816.0000    3.39350E-14
   4818.0000    3.49810E-14
   4820.0000    3.42640E-14
   4822.0000    3.39670E-14
   4824.0000    3.41130E-14
   4826.0000    3.38700E-14
   4828.0000    3.31700E-14
   4830.0000    3.44730E-14
   4832.0000    3.32640E-14
   4834.0000    3.36950E-14
   4836.0000    3.33680E-14
   4838.0000    3.38330E-14
   4840.0000    3.46070E-14
   4842.0000    3.47430E-14
   4844.0000    3.32220E-14
   4846.0000    3.26460E-14
   4848.0000    3.32330E-14
   4850.0000    3.29290E-14
   4852.0000    3.28350E-14
   4854.0000    3.29000E-14
   4856.0000    3.20630E-14
   4858.0000    3.06600E-14
   4860.0000    3.04780E-14
   4862.0000    3.03780E-14
   4864.0000    3.01090E-14
   4866.0000    2.92770E-14
   4868.0000    3.01660E-14
   4870.0000    3.11240E-14
   4872.0000    2.95620E-14
   4874.0000    3.07500E-14
   4876.0000    3.18300E-14
   4878.0000    3.16540E-14
   4880.0000    3.14860E-14
   4882.0000    3.19280E-14
   4884.0000    3.12580E-14
   4886.0000    3.21040E-14
   4888.0000    3.20160E-14
   4890.0000    3.33910E-14
   4892.0000    3.21930E-14
   4894.0000    3.27690E-14
   4896.0000    3.26460E-14
   4898.0000    3.24170E-14
   4900.0000    3.37620E-14
   4902.0000    3.37990E-14
   4904.0000    3.36590E-14
   4906.0000    3.49780E-14
   4908.0000    3.40410E-14
   4910.0000    3.39320E-14
   4912.0000    3.41630E-14
   4914.0000    3.36560E-14
   4916.0000    3.29790E-14
   4918.0000    3.36230E-14
   4920.0000    3.24290E-14
   4922.0000    3.22790E-14
   4924.0000    3.31090E-14
   4926.0000    3.27080E-14
   4928.0000    3.41780E-14
   4930.0000    3.28510E-14
   4932.0000    3.41460E-14
   4934.0000    3.37330E-14
   4936.0000    3.42150E-14
   4938.0000    3.41550E-14
   4940.0000    3.40890E-14
   4942.0000    3.35580E-14
   4944.0000    3.45680E-14
   4946.0000    3.61000E-14
   4948.0000    3.52750E-14
   4950.0000    3.54190E-14
   4952.0000    3.51540E-14
   4954.0000    3.42900E-14
   4956.0000    3.37060E-14
   4958.0000    3.53000E-14
   4960.0000    3.49520E-14
   4962.0000    3.38060E-14
   4964.0000    3.39190E-14
   4966.0000    3.29460E-14
   4968.0000    3.32700E-14
   4970.0000    3.36130E-14
   4972.0000    3.33290E-14
   4974.0000    3.37360E-14
   4976.0000    3.38760E-14
   4978.0000    3.38380E-14
   4980.0000    3.27500E-14
   4982.0000    3.25720E-14
   4984.0000    3.24490E-14
   4986.0000    3.41840E-14
   4988.0000    3.17970E-14
   4990.0000    3.28830E-14
   4992.0000    3.01610E-14
   4994.0000    3.35790E-14
   4996.0000    3.14830E-14
   4998.0000    3.25960E-14
   5000.0000    3.25410E-14
   5002.0000    3.14160E-14
   5004.0000    3.11680E-14
   5006.0000    3.14930E-14
   5008.0000    3.22420E-14
   5010.0000    3.13170E-14
   5012.0000    3.12950E-14
   5014.0000    3.03560E-14
   5016.0000    2.93130E-14
   5018.0000    3.04800E-14
   5020.0000    3.08540E-14
   5022.0000    3.02590E-14
   5024.0000    3.05600E-14
   5026.0000    2.97100E-14
   5028.0000    3.12050E-14
   5030.0000    3.15390E-14
   5032.0000    3.26840E-14
   5034.0000    3.15400E-14
   5036.0000    3.20810E-14
   5038.0000    3.26680E-14
   5040.0000    3.17450E-14
   5042.0000    3.18490E-14
   5044.0000    3.13790E-14
   5046.0000    3.26180E-14
   5048.0000    3.33920E-14
   5050.0000    3.26970E-14
   5052.0000    3.26070E-14
   5054.0000    3.33380E-14
   5056.0000    3.34360E-14
   5058.0000    3.42410E-14
   5060.0000    3.35040E-14
   5062.0000    3.34240E-14
   5064.0000    3.34230E-14
   5066.0000    3.22980E-14
   5068.0000    3.41110E-14
   5070.0000    3.35630E-14
   5072.0000    3.43080E-14
   5074.0000    3.32820E-14
   5076.0000    3.10790E-14
   5078.0000    3.15730E-14
   5080.0000    3.22920E-14
   5082.0000    3.26500E-14
   5084.0000    3.19020E-14
   5086.0000    3.18370E-14
   5088.0000    3.27590E-14
   5090.0000    3.32870E-14
   5092.0000    3.22170E-14
   5094.0000    3.38900E-14
   5096.0000    3.20100E-14
   5098.0000    3.37660E-14
   5100.0000    3.37660E-14
   5102.0000    3.32430E-14
   5104.0000    3.29370E-14
   5106.0000    3.31920E-14
   5108.0000    3.22910E-14
   5110.0000    3.17950E-14
   5112.0000    3.28670E-14
   5114.0000    3.30460E-14
   5116.0000    3.44870E-14
   5118.0000    3.23150E-14
   5120.0000    3.38130E-14
   5122.0000    3.21700E-14
   5124.0000    3.36400E-14
   5126.0000    3.27430E-14
   5128.0000    3.18660E-14
   5130.0000    3.15800E-14
   5132.0000    3.28660E-14
   5134.0000    3.19460E-14
   5136.0000    3.24480E-14
   5138.0000    3.24510E-14
   5140.0000    3.12750E-14
   5142.0000    3.10480E-14
   5144.0000    3.14660E-14
   5146.0000    3.12380E-14
   5148.0000    3.14280E-14
   5150.0000    3.12890E-14
   5152.0000    3.11710E-14
   5154.0000    3.13330E-14
   5156.0000    3.10760E-14
   5158.0000    3.10750E-14
   5160.0000    3.03490E-14
   5162.0000    3.14300E-14
   5164.0000    3.06590E-14
   5166.0000    3.10080E-14
   5168.0000    2.95420E-14
   5170.0000    2.84990E-14
   5172.0000    2.82410E-14
   5174.0000    2.65650E-14
   5176.0000    2.69550E-14
   5178.0000    2.73230E-14
   5180.0000    2.70110E-14
   5182.0000    2.74070E-14
   5184.0000    2.79870E-14
   5186.0000    2.79970E-14
   5188.0000    2.85950E-14
   5190.0000    2.82450E-14
   5192.0000    2.98520E-14
   5194.0000    2.98450E-14
   5196.0000    2.93650E-14
   5198.0000    3.09230E-14
   5200.0000    3.16270E-14
   5202.0000    3.02900E-14
   5204.0000    3.07640E-14
   5206.0000    3.13500E-14
   5208.0000    3.11790E-14
   5210.0000    3.13050E-14
   5212.0000    3.20080E-14
   5214.0000    3.07910E-14
   5216.0000    3.13390E-14
   5218.0000    3.24920E-14
   5220.0000    3.28210E-14
   5222.0000    3.23740E-14
   5224.0000    3.28650E-14
   5226.0000    3.28640E-14
   5228.0000    3.31210E-14
   5230.0000    3.38080E-14
   5232.0000    3.35020E-14
   5234.0000    3.34970E-14
   5236.0000    3.36570E-14
   5238.0000    3.48900E-14
   5240.0000    3.36560E-14
   5242.0000    3.47700E-14
   5244.0000    3.65240E-14
   5246.0000    3.45990E-14
   5248.0000    3.44680E-14
   5250.0000    3.48470E-14
   5252.0000    3.42670E-14
   5254.0000    3.45870E-14
   5256.0000    3.42500E-14
   5258.0000    3.30390E-14
   5260.0000    3.39260E-14
   5262.0000    3.27450E-14
   5264.0000    3.29040E-14
   5266.0000    3.20410E-14
   5268.0000    3.24380E-14
   5270.0000    3.20260E-14
   5272.0000    3.20530E-14
   5274.0000    3.10480E-14
   5276.0000    3.07150E-14
   5278.0000    3.22670E-14
   5280.0000    3.27790E-14
   5282.0000    3.29730E-14
   5284.0000    3.40140E-14
   5286.0000    3.46490E-14
   5288.0000    3.49040E-14
   5290.0000    3.49290E-14
   5292.0000    3.62090E-14
   5294.0000    3.64170E-14
   5296.0000    3.60000E-14
   5298.0000    3.52090E-14
   5300.0000    3.70800E-14
   5302.0000    3.55790E-14
   5304.0000    3.69440E-14
   5306.0000    3.70410E-14
   5308.0000    3.67310E-14
   5310.0000    3.75310E-14
   5312.0000    3.74320E-14
   5314.0000    3.74020E-14
   5316.0000    3.70710E-14
   5318.0000    3.74220E-14
   5320.0000    3.71170E-14
   5322.0000    3.60710E-14
   5324.0000    3.59770E-14
   5326.0000    3.61370E-14
   5328.0000    3.47750E-14
   5330.0000    3.45420E-14
   5332.0000    3.43060E-14
   5334.0000    3.49180E-14
   5336.0000    3.54870E-14
   5338.0000    3.46170E-14
   5340.0000    3.53960E-14
   5342.0000    3.52010E-14
   5344.0000    3.56850E-14
   5346.0000    3.61460E-14
   5348.0000    3.63820E-14
   5350.0000    3.79140E-14
   5352.0000    3.74170E-14
   5354.0000    3.63780E-14
   5356.0000    3.58710E-14
   5358.0000    3.76420E-14
   5360.0000    3.80380E-14
   5362.0000    3.82960E-14
   5364.0000    3.63700E-14
   5366.0000    3.66650E-14
   5368.0000    3.82210E-14
   5370.0000    3.66920E-14
   5372.0000    3.63440E-14
   5374.0000    3.70170E-14
   5376.0000    3.64060E-14
   5378.0000    3.59550E-14
   5380.0000    3.66540E-14
   5382.0000    3.82300E-14
   5384.0000    3.61910E-14
   5386.0000    3.73760E-14
   5388.0000    3.81160E-14
   5390.0000    3.67080E-14
   5392.0000    3.78290E-14
   5394.0000    3.68130E-14
   5396.0000    3.62490E-14
   5398.0000    3.48960E-14
   5400.0000    3.40840E-14
   5402.0000    3.46170E-14
   5404.0000    3.44330E-14
   5406.0000    3.56260E-14
   5408.0000    3.46040E-14
   5410.0000    3.54100E-14
   5412.0000    3.55170E-14
   5414.0000    3.54320E-14
   5416.0000    3.60460E-14
   5418.0000    3.62690E-14
   5420.0000    3.76360E-14
   5422.0000    3.72590E-14
   5424.0000    3.61160E-14
   5426.0000    3.75380E-14
   5428.0000    3.73660E-14
   5430.0000    3.60160E-14
   5432.0000    3.64960E-14
   5434.0000    3.60360E-14
   5436.0000    3.69840E-14
   5438.0000    3.61640E-14
   5440.0000    3.68550E-14
   5442.0000    3.66750E-14
   5444.0000    3.66710E-14
   5446.0000    3.70740E-14
   5448.0000    3.77050E-14
   5450.0000    3.76640E-14
   5452.0000    3.61620E-14
   5454.0000    3.67010E-14
   5456.0000    3.59160E-14
   5458.0000    3.61200E-14
   5460.0000    3.71300E-14
   5462.0000    3.66480E-14
   5464.0000    3.66340E-14
   5466.0000    3.63320E-14
   5468.0000    3.60390E-14
   5470.0000    3.59620E-14
   5472.0000    3.57780E-14
   5474.0000    3.56350E-14
   5476.0000    3.63940E-14
   5478.0000    3.59370E-14
   5480.0000    3.46140E-14
   5482.0000    3.57050E-14
   5484.0000    3.68210E-14
   5486.0000    3.61240E-14
   5488.0000    3.70030E-14
   5490.0000    3.56980E-14
   5492.0000    3.67720E-14
   5494.0000    3.62220E-14
   5496.0000    3.62590E-14
   5498.0000    3.72970E-14
   5500.0000    3.67880E-14
   5502.0000    3.75650E-14
   5504.0000    3.64660E-14
   5506.0000    3.56790E-14
   5508.0000    3.58080E-14
   5510.0000    3.63720E-14
   5512.0000    3.53680E-14
   5514.0000    3.57270E-14
   5516.0000    3.58930E-14
   5518.0000    3.58090E-14
   5520.0000    3.66810E-14
   5522.0000    3.72850E-14
   5524.0000    3.61280E-14
   5526.0000    3.61650E-14
   5528.0000    3.75440E-14
   5530.0000    3.74430E-14
   5532.0000    3.75300E-14
   5534.0000    3.63680E-14
   5536.0000    3.75060E-14
   5538.0000    3.70280E-14
   5540.0000    3.80530E-14
   5542.0000    3.77560E-14
   5544.0000    3.71990E-14
   5546.0000    3.78830E-14
   5548.0000    3.68000E-14
   5550.0000    3.83100E-14
   5552.0000    3.76210E-14
   5554.0000    3.72880E-14
   5556.0000    3.89730E-14
   5558.0000    3.76500E-14
   5560.0000    3.76400E-14
   5562.0000    3.73100E-14
   5564.0000    3.79270E-14
   5566.0000    3.76020E-14
   5568.0000    3.79300E-14
   5570.0000    3.75520E-14
   5572.0000    3.65870E-14
   5574.0000    3.71520E-14
   5576.0000    3.62920E-14
   5578.0000    3.63750E-14
   5580.0000    3.71210E-14
   5582.0000    3.74940E-14
   5584.0000    3.66330E-14
   5586.0000    3.75770E-14
   5588.0000    3.60810E-14
   5590.0000    3.59070E-14
   5592.0000    3.66310E-14
   5594.0000    3.51490E-14
   5596.0000    3.64100E-14
   5598.0000    3.57460E-14
   5600.0000    3.70660E-14
   5602.0000    3.60820E-14
   5604.0000    3.64330E-14
   5606.0000    3.68220E-14
   5608.0000    3.64830E-14
   5610.0000    3.80190E-14
   5612.0000    3.68170E-14
   5614.0000    3.71560E-14
   5616.0000    3.63410E-14
   5618.0000    3.82390E-14
   5620.0000    3.76690E-14
   5622.0000    3.80110E-14
   5624.0000    3.81080E-14
   5626.0000    3.68040E-14
   5628.0000    3.70960E-14
   5630.0000    3.67720E-14
   5632.0000    3.72370E-14
   5634.0000    3.73890E-14
   5636.0000    3.70620E-14
   5638.0000    3.68080E-14
   5640.0000    3.78280E-14
   5642.0000    3.76350E-14
   5644.0000    3.74210E-14
   5646.0000    3.66700E-14
   5648.0000    3.78660E-14
   5650.0000    3.73840E-14
   5652.0000    3.63050E-14
   5654.0000    3.70950E-14
   5656.0000    3.69450E-14
   5658.0000    3.67330E-14
   5660.0000    3.73870E-14
   5662.0000    3.72840E-14
   5664.0000    3.66530E-14
   5666.0000    3.75600E-14
   5668.0000    3.67370E-14
   5670.0000    3.59500E-14
   5672.0000    3.68860E-14
   5674.0000    3.76120E-14
   5676.0000    3.80300E-14
   5678.0000    3.74060E-14
   5680.0000    3.81440E-14
   5682.0000    3.87480E-14
   5684.0000    3.79060E-14
   5686.0000    3.75420E-14
   5688.0000    3.73070E-14
   5690.0000    3.86450E-14
   5692.0000    3.74350E-14
   5694.0000    3.90270E-14
   5696.0000    3.74270E-14
   5698.0000    3.78410E-14
   5700.0000    3.82090E-14
   5702.0000    3.75060E-14
   5704.0000    3.78720E-14
   5706.0000    3.57130E-14
   5708.0000    3.68580E-14
   5710.0000    3.65690E-14
   5712.0000    3.74310E-14
   5714.0000    3.82470E-14
   5716.0000    3.77970E-14
   5718.0000    3.71960E-14
   5720.0000    3.75880E-14
   5722.0000    3.75470E-14
   5724.0000    3.91680E-14
   5726.0000    3.93110E-14
   5728.0000    3.90340E-14
   5730.0000    4.00660E-14
   5732.0000    4.03520E-14
   5734.0000    3.95120E-14
   5736.0000    3.93130E-14
   5738.0000    3.86360E-14
   5740.0000    4.00810E-14
   5742.0000    3.87060E-14
   5744.0000    3.89310E-14
   5746.0000    4.01030E-14
   5748.0000    3.84020E-14
   5750.0000    3.87750E-14
   5752.0000    3.97940E-14
   5754.0000    3.84950E-14
   5756.0000    3.96630E-14
   5758.0000    3.90670E-14
   5760.0000    3.94250E-14
   5762.0000    3.81670E-14
   5764.0000    4.06850E-14
   5766.0000    4.02130E-14
   5768.0000    3.87970E-14
   5770.0000    3.81540E-14
   5772.0000    3.91360E-14
   5774.0000    3.87720E-14
   5776.0000    3.99910E-14
   5778.0000    4.03270E-14
   5780.0000    3.98070E-14
   5782.0000    3.80620E-14
   5784.0000    3.88630E-14
   5786.0000    3.91010E-14
   5788.0000    3.85530E-14
   5790.0000    3.83720E-14
   5792.0000    3.90840E-14
   5794.0000    3.91060E-14
   5796.0000    3.94980E-14
   5798.0000    3.94440E-14
   5800.0000    3.96620E-14
   5802.0000    3.99780E-14
   5804.0000    4.02750E-14
   5806.0000    4.03320E-14
   5808.0000    3.94430E-14
   5810.0000    4.14000E-14
   5812.0000    3.98210E-14
   5814.0000    4.05550E-14
   5816.0000    4.04010E-14
   5818.0000    3.98680E-14
   5820.0000    4.07070E-14
   5822.0000    3.99720E-14
   5824.0000    3.99070E-14
   5826.0000    4.13360E-14
   5828.0000    4.00980E-14
   5830.0000    4.04200E-14
   5832.0000    4.07960E-14
   5834.0000    4.04830E-14
   5836.0000    4.09380E-14
   5838.0000    4.08120E-14
   5840.0000    4.10590E-14
   5842.0000    4.06210E-14
   5844.0000    4.04150E-14
   5846.0000    4.04900E-14
   5848.0000    3.88430E-14
   5850.0000    3.88730E-14
   5852.0000    4.02910E-14
   5854.0000    3.99430E-14
   5856.0000    3.96940E-14
   5858.0000    3.83190E-14
   5860.0000    3.94570E-14
   5862.0000    3.83050E-14
   5864.0000    3.85780E-14
   5866.0000    3.84480E-14
   5868.0000    3.83190E-14
   5870.0000    3.81580E-14
   5872.0000    3.79050E-14
   5874.0000    3.79390E-14
   5876.0000    3.84890E-14
   5878.0000    3.87060E-14
   5880.0000    3.75380E-14
   5882.0000    3.75840E-14
   5884.0000    3.72140E-14
   5886.0000    3.64870E-14
   5888.0000    3.51180E-14
   5890.0000    3.55020E-14
   5892.0000    3.34830E-14
   5894.0000    3.39420E-14
   5896.0000    3.33600E-14
   5898.0000    3.38620E-14
   5900.0000    3.32680E-14
   5902.0000    3.44150E-14
   5904.0000    3.41070E-14
   5906.0000    3.56810E-14
   5908.0000    3.46450E-14
   5910.0000    3.58620E-14
   5912.0000    3.62910E-14
   5914.0000    3.73110E-14
   5916.0000    3.67680E-14
   5918.0000    3.77140E-14
   5920.0000    3.82680E-14
   5922.0000    3.75430E-14
   5924.0000    3.77070E-14
   5926.0000    3.84690E-14
   5928.0000    3.70330E-14
   5930.0000    3.77650E-14
   5932.0000    3.75310E-14
   5934.0000    3.85350E-14
   5936.0000    3.78640E-14
   5938.0000    3.89560E-14
   5940.0000    3.90170E-14
   5942.0000    3.72440E-14
   5944.0000    3.95680E-14
   5946.0000    3.89950E-14
   5948.0000    3.77610E-14
   5950.0000    3.76020E-14
   5952.0000    3.85590E-14
   5954.0000    3.82820E-14
   5956.0000    3.85930E-14
   5958.0000    3.84910E-14
   5960.0000    3.84820E-14
   5962.0000    3.91740E-14
   5964.0000    3.80250E-14
   5966.0000    3.83470E-14
   5968.0000    3.94980E-14
   5970.0000    3.84800E-14
   5972.0000    3.85440E-14
   5974.0000    3.90970E-14
   5976.0000    3.99090E-14
   5978.0000    3.88680E-14
   5980.0000    3.93980E-14
   5982.0000    3.83410E-14
   5984.0000    3.85660E-14
   5986.0000    3.79300E-14
   5988.0000    3.99490E-14
   5990.0000    3.91400E-14
   5992.0000    3.86610E-14
   5994.0000    3.89150E-14
   5996.0000    3.90860E-14
   5998.0000    3.80430E-14
   6000.0000    3.87360E-14
   6002.0000    3.90990E-14
   6004.0000    3.87970E-14
   6006.0000    3.87090E-14
   6008.0000    3.88730E-14
   6010.0000    3.90070E-14
   6012.0000    3.88990E-14
   6014.0000    3.90800E-14
   6016.0000    3.86900E-14
   6018.0000    3.86420E-14
   6020.0000    3.85450E-14
   6022.0000    3.85090E-14
   6024.0000    3.88680E-14
   6026.0000    3.96560E-14
   6028.0000    3.90360E-14
   6030.0000    3.86030E-14
   6032.0000    4.02930E-14
   6034.0000    3.94600E-14
   6036.0000    3.96290E-14
   6038.0000    4.00180E-14
   6040.0000    4.01550E-14
   6042.0000    4.08590E-14
   6044.0000    4.11550E-14
   6046.0000    4.07940E-14
   6048.0000    4.09880E-14
   6050.0000    4.08510E-14
   6052.0000    3.96430E-14
   6054.0000    4.10640E-14
   6056.0000    4.08120E-14
   6058.0000    4.00890E-14
   6060.0000    4.06580E-14
   6062.0000    4.05890E-14
   6064.0000    4.03850E-14
   6066.0000    4.04980E-14
   6068.0000    4.14250E-14
   6070.0000    3.99720E-14
   6072.0000    4.05740E-14
   6074.0000    4.00150E-14
   6076.0000    4.08160E-14
   6078.0000    4.03350E-14
   6080.0000    4.13880E-14
   6082.0000    4.06250E-14
   6084.0000    4.08910E-14
   6086.0000    4.02030E-14
   6088.0000    4.07490E-14
   6090.0000    3.96510E-14
   6092.0000    4.01020E-14
   6094.0000    3.97800E-14
   6096.0000    4.20040E-14
   6098.0000    4.00660E-14
   6100.0000    4.05580E-14
   6102.0000    4.03520E-14
   6104.0000    3.99050E-14
   6106.0000    3.96670E-14
   6108.0000    3.95390E-14
   6110.0000    4.00510E-14
   6112.0000    4.06540E-14
   6114.0000    4.01080E-14
   6116.0000    4.05230E-14
   6118.0000    3.96570E-14
   6120.0000    3.99010E-14
   6122.0000    3.94170E-14
   6124.0000    3.93300E-14
   6126.0000    3.90480E-14
   6128.0000    3.79300E-14
   6130.0000    4.00080E-14
   6132.0000    3.88480E-14
   6134.0000    3.98990E-14
   6136.0000    3.88220E-14
   6138.0000    3.92180E-14
   6140.0000    3.89600E-14
   6142.0000    3.83420E-14
   6144.0000    3.83860E-14
   6146.0000    3.87990E-14
   6148.0000    3.90740E-14
   6150.0000    3.90190E-14
   6152.0000    3.98200E-14
   6154.0000    3.78490E-14
   6156.0000    3.87690E-14
   6158.0000    3.89170E-14
   6160.0000    3.86020E-14
   6162.0000    3.71050E-14
   6164.0000    3.66970E-14
   6166.0000    3.70870E-14
   6168.0000    3.72140E-14
   6170.0000    3.65000E-14
   6172.0000    3.66310E-14
   6174.0000    3.72790E-14
   6176.0000    3.71790E-14
   6178.0000    3.69210E-14
   6180.0000    3.76010E-14
   6182.0000    3.76310E-14
   6184.0000    3.76490E-14
   6186.0000    3.61850E-14
   6188.0000    3.71770E-14
   6190.0000    3.67630E-14
   6192.0000    3.81710E-14
   6194.0000    3.77060E-14
   6196.0000    3.67860E-14
   6198.0000    3.73470E-14
   6200.0000    3.75500E-14
   6202.0000    3.76720E-14
   6204.0000    3.66620E-14
   6206.0000    3.80490E-14
   6208.0000    3.80060E-14
   6210.0000    3.75640E-14
   6212.0000    3.80820E-14
   6214.0000    3.74190E-14
   6216.0000    3.68970E-14
   6218.0000    3.60950E-14
   6220.0000    3.64660E-14
   6222.0000    3.58450E-14
   6224.0000    3.61600E-14
   6226.0000    3.67010E-14
   6228.0000    3.67300E-14
   6230.0000    3.57680E-14
   6232.0000    3.50100E-14
   6234.0000    3.54380E-14
   6236.0000    3.60720E-14
   6238.0000    3.55250E-14
   6240.0000    3.60520E-14
   6242.0000    3.46760E-14
   6244.0000    3.52510E-14
   6246.0000    3.48800E-14
   6248.0000    3.62780E-14
   6250.0000    3.52160E-14
   6252.0000    3.54360E-14
   6254.0000    3.56690E-14
   6256.0000    3.58690E-14
   6258.0000    3.60130E-14
   6260.0000    3.64790E-14
   6262.0000    3.62080E-14
   6264.0000    3.57960E-14
   6266.0000    3.62630E-14
   6268.0000    3.66960E-14
   6270.0000    3.69550E-14
   6272.0000    3.66780E-14
   6274.0000    3.65380E-14
   6276.0000    3.68280E-14
   6278.0000    3.75640E-14
   6280.0000    3.70710E-14
   6282.0000    3.62050E-14
   6284.0000    3.74030E-14
   6286.0000    3.61690E-14
   6288.0000    3.71340E-14
   6290.0000    3.81790E-14
   6292.0000    3.76130E-14
   6294.0000    3.73090E-14
   6296.0000    3.77630E-14
   6298.0000    3.77660E-14
   6300.0000    3.77670E-14
   6302.0000    3.72300E-14
   6304.0000    3.78000E-14
   6306.0000    3.73390E-14
   6308.0000    3.67590E-14
   6310.0000    3.83510E-14
   6312.0000    3.71320E-14
   6314.0000    3.79110E-14
   6316.0000    3.74260E-14
   6318.0000    3.79220E-14
   6320.0000    3.71620E-14
   6322.0000    3.77340E-14
   6324.0000    3.77070E-14
   6326.0000    3.90380E-14
   6328.0000    3.80510E-14
   6330.0000    3.82990E-14
   6332.0000    3.96300E-14
   6334.0000    3.82300E-14
   6336.0000    3.92220E-14
   6338.0000    3.83110E-14
   6340.0000    3.86210E-14
   6342.0000    3.83480E-14
   6344.0000    3.89110E-14
   6346.0000    3.90800E-14
   6348.0000    3.88960E-14
   6350.0000    3.86720E-14
   6352.0000    3.88950E-14
   6354.0000    3.95940E-14
   6356.0000    3.93840E-14
   6358.0000    3.80200E-14
   6360.0000    3.90960E-14
   6362.0000    3.92230E-14
   6364.0000    3.86210E-14
   6366.0000    3.78250E-14
   6368.0000    3.85410E-14
   6370.0000    3.93560E-14
   6372.0000    3.92380E-14
   6374.0000    3.84910E-14
   6376.0000    3.89020E-14
   6378.0000    4.01540E-14
   6380.0000    4.02210E-14
   6382.0000    4.07880E-14
   6384.0000    3.98790E-14
   6386.0000    3.96640E-14
   6388.0000    3.89590E-14
   6390.0000    4.05080E-14
   6392.0000    3.96400E-14
   6394.0000    3.95770E-14
   6396.0000    3.84340E-14
   6398.0000    3.94000E-14
   6400.0000    3.92210E-14
   6402.0000    3.92760E-14
   6404.0000    3.93650E-14
   6406.0000    3.99310E-14
   6408.0000    4.06360E-14
   6410.0000    4.00500E-14
   6412.0000    3.99610E-14
   6414.0000    3.96340E-14
   6416.0000    3.96100E-14
   6418.0000    3.97020E-14
   6420.0000    3.93800E-14
   6422.0000    4.03560E-14
   6424.0000    4.02320E-14
   6426.0000    3.99390E-14
   6428.0000    3.94180E-14
   6430.0000    3.98480E-14
   6432.0000    3.95360E-14
   6434.0000    4.02520E-14
   6436.0000    3.91840E-14
   6438.0000    4.03380E-14
   6440.0000    4.06070E-14
   6442.0000    3.91600E-14
   6444.0000    4.06050E-14
   6446.0000    3.89790E-14
   6448.0000    3.85540E-14
   6450.0000    3.97620E-14
   6452.0000    3.95400E-14
   6454.0000    4.08600E-14
   6456.0000    3.96160E-14
   6458.0000    3.96740E-14
   6460.0000    4.01930E-14
   6462.0000    3.97720E-14
   6464.0000    4.04310E-14
   6466.0000    4.01020E-14
   6468.0000    4.05690E-14
   6470.0000    4.05390E-14
   6472.0000    3.93200E-14
   6474.0000    4.01370E-14
   6476.0000    3.91440E-14
   6478.0000    3.98490E-14
   6480.0000    3.96630E-14
   6482.0000    4.13590E-14
   6484.0000    4.03240E-14
   6486.0000    3.93380E-14
   6488.0000    3.92800E-14
   6490.0000    3.88850E-14
   6492.0000    3.98670E-14
   6494.0000    3.76600E-14
   6496.0000    3.78090E-14
   6498.0000    3.87100E-14
   6500.0000    3.87860E-14
   6502.0000    3.89700E-14
   6504.0000    3.84740E-14
   6506.0000    3.88670E-14
   6508.0000    3.96070E-14
   6510.0000    3.92270E-14
   6512.0000    3.99590E-14
   6514.0000    3.99470E-14
   6516.0000    3.97760E-14
   6518.0000    4.02600E-14
   6520.0000    4.07250E-14
   6522.0000    4.00480E-14
   6524.0000    4.03030E-14
   6526.0000    4.20160E-14
   6528.0000    4.10650E-14
   6530.0000    4.05240E-14
   6532.0000    4.06230E-14
   6534.0000    4.09980E-14
   6536.0000    4.08960E-14
   6538.0000    4.15930E-14
   6540.0000    4.11390E-14
   6542.0000    4.06630E-14
   6544.0000    4.07360E-14
   6546.0000    3.98680E-14
   6548.0000    4.05500E-14
   6550.0000    3.98010E-14
   6552.0000    3.96760E-14
   6554.0000    3.91740E-14
   6556.0000    3.89500E-14
   6558.0000    3.91900E-14
   6560.0000    3.83360E-14
   6562.0000    3.80350E-14
   6564.0000    3.75840E-14
   6566.0000    3.74700E-14
   6568.0000    3.76650E-14
   6570.0000    3.69720E-14
   6572.0000    3.63990E-14
   6574.0000    3.87240E-14
   6576.0000    3.86370E-14
   6578.0000    3.75560E-14
   6580.0000    3.91850E-14
   6582.0000    3.91650E-14
   6584.0000    3.97290E-14
   6586.0000    3.88130E-14
   6588.0000    3.92600E-14
   6590.0000    3.87800E-14
   6592.0000    3.86920E-14
   6594.0000    3.89180E-14
   6596.0000    3.93350E-14
   6598.0000    4.02240E-14
   6600.0000    3.94990E-14
   6602.0000    3.94130E-14
   6604.0000    3.92430E-14
   6606.0000    3.92350E-14
   6608.0000    3.96990E-14
   6610.0000    3.99890E-14
   6612.0000    3.93480E-14
   6614.0000    4.05630E-14
   6616.0000    3.98780E-14
   6618.0000    3.95680E-14
   6620.0000    4.05450E-14
   6622.0000    3.91720E-14
   6624.0000    3.97880E-14
   6626.0000    4.00100E-14
   6628.0000    3.92300E-14
   6630.0000    3.95840E-14
   6632.0000    3.99490E-14
   6634.0000    3.94910E-14
   6636.0000    3.93660E-14
   6638.0000    3.90170E-14
   6640.0000    4.01550E-14
   6642.0000    3.93180E-14
   6644.0000    3.85720E-14
   6646.0000    3.83090E-14
   6648.0000    4.01550E-14
   6650.0000    3.91300E-14
   6652.0000    3.94830E-14
   6654.0000    3.83280E-14
   6656.0000    3.89900E-14
   6658.0000    3.91330E-14
   6660.0000    3.86290E-14
   6662.0000    3.83210E-14
   6664.0000    3.93310E-14
   6666.0000    3.86920E-14
   6668.0000    3.89950E-14
   6670.0000    3.77760E-14
   6672.0000    3.89610E-14
   6674.0000    3.91490E-14
   6676.0000    3.85990E-14
   6678.0000    3.84270E-14
   6680.0000    3.86470E-14
   6682.0000    3.82570E-14
   6684.0000    3.78370E-14
   6686.0000    3.87150E-14
   6688.0000    3.80380E-14
   6690.0000    3.83440E-14
   6692.0000    3.82370E-14
   6694.0000    3.77730E-14
   6696.0000    3.75680E-14
   6698.0000    3.97800E-14
   6700.0000    3.81020E-14
   6702.0000    3.82990E-14
   6704.0000    3.84710E-14
   6706.0000    3.90210E-14
   6708.0000    3.89900E-14
   6710.0000    3.79970E-14
   6712.0000    3.90850E-14
   6714.0000    3.78010E-14
   6716.0000    3.73370E-14
   6718.0000    3.83960E-14
   6720.0000    3.72880E-14
   6722.0000    3.73550E-14
   6724.0000    3.74400E-14
   6726.0000    3.81170E-14
   6728.0000    3.74810E-14
   6730.0000    3.82780E-14
   6732.0000    3.70600E-14
   6734.0000    3.78580E-14
   6736.0000    3.82040E-14
   6738.0000    3.79510E-14
   6740.0000    3.82360E-14
   6742.0000    3.66680E-14
   6744.0000    3.68140E-14
   6746.0000    3.83350E-14
   6748.0000    3.73310E-14
   6750.0000    3.73190E-14
   6752.0000    3.77770E-14
   6754.0000    3.83030E-14
   6756.0000    3.75670E-14
   6758.0000    3.73480E-14
   6760.0000    3.89910E-14
   6762.0000    3.84170E-14
   6764.0000    3.89270E-14
   6766.0000    3.73940E-14
   6768.0000    3.80380E-14
   6770.0000    3.78950E-14
   6772.0000    3.87840E-14
   6774.0000    3.76340E-14
   6776.0000    3.87280E-14
   6778.0000    3.72380E-14
   6780.0000    3.82490E-14
   6782.0000    3.84860E-14
   6784.0000    3.92550E-14
   6786.0000    3.85410E-14
   6788.0000    3.71080E-14
   6790.0000    3.81110E-14
   6792.0000    3.85420E-14
   6794.0000    3.81810E-14
   6796.0000    3.67960E-14
   6798.0000    3.81220E-14
   6800.0000    3.78580E-14
   6802.0000    3.77930E-14
   6804.0000    3.76270E-14
   6806.0000    3.74940E-14
   6808.0000    3.65170E-14
   6810.0000    3.74980E-14
   6812.0000    3.92910E-14
   6814.0000    3.69370E-14
   6816.0000    3.81200E-14
   6818.0000    3.70240E-14
   6820.0000    3.72940E-14
   6822.0000    3.74030E-14
   6824.0000    3.87440E-14
   6826.0000    3.69220E-14
   6828.0000    3.82380E-14
   6830.0000    3.91860E-14
   6832.0000    3.76290E-14
   6834.0000    3.75710E-14
   6836.0000    3.87550E-14
   6838.0000    3.87210E-14
   6840.0000    3.75090E-14
   6842.0000    3.79130E-14
   6844.0000    3.76510E-14
   6846.0000    3.88730E-14
   6848.0000    3.86250E-14
   6850.0000    3.91580E-14
   6852.0000    3.84650E-14
   6854.0000    3.75790E-14
   6856.0000    3.68880E-14
   6858.0000    3.73110E-14
   6860.0000    3.86210E-14
   6862.0000    3.76730E-14
   6864.0000    3.69610E-14
   6866.0000    3.66770E-14
   6868.0000    3.75850E-14
   6870.0000    3.70040E-14
   6872.0000    3.75130E-14
   6874.0000    3.68290E-14
   6876.0000    3.55450E-14
   6878.0000    3.74960E-14
   6880.0000    3.74800E-14
   6882.0000    3.72210E-14
   6884.0000    3.67070E-14
   6886.0000    3.64480E-14
   6888.0000    3.77840E-14
   6890.0000    3.76280E-14
   6892.0000    3.79090E-14
   6894.0000    3.77190E-14
   6896.0000    3.76470E-14
   6898.0000    3.82690E-14
   6900.0000    3.78140E-14
   6902.0000    3.78260E-14
   6904.0000    3.76080E-14
   6906.0000    3.83980E-14
   6908.0000    3.77200E-14
   6910.0000    3.74950E-14
   6912.0000    3.80290E-14
   6914.0000    3.77380E-14
   6916.0000    3.79730E-14
   6918.0000    3.90520E-14
   6920.0000    3.76390E-14
   6922.0000    3.80430E-14
   6924.0000    3.90840E-14
   6926.0000    3.87600E-14
   6928.0000    3.76340E-14
   6930.0000    3.92390E-14
   6932.0000    3.92370E-14
   6934.0000    3.91920E-14
   6936.0000    3.98190E-14
   6938.0000    3.96460E-14
   6940.0000    4.01550E-14
   6942.0000    3.97160E-14
   6944.0000    4.05500E-14
   6946.0000    3.95890E-14
   6948.0000    3.93960E-14
   6950.0000    4.00010E-14
   6952.0000    3.90780E-14
   6954.0000    3.85370E-14
   6956.0000    3.95040E-14
   6958.0000    3.97340E-14
   6960.0000    3.92430E-14
   6962.0000    4.01950E-14
   6964.0000    3.99130E-14
   6966.0000    4.01560E-14
   6968.0000    3.98550E-14
   6970.0000    4.06520E-14
   6972.0000    4.05930E-14
   6974.0000    4.05040E-14
   6976.0000    3.96900E-14
   6978.0000    4.01380E-14
   6980.0000    3.95760E-14
   6982.0000    4.01780E-14
   6984.0000    4.02650E-14
   6986.0000    3.97250E-14
   6988.0000    3.92660E-14
   6990.0000    3.88690E-14
   6992.0000    4.02700E-14
   6994.0000    3.99230E-14
   6996.0000    3.99740E-14
   6998.0000    3.95820E-14
   7000.0000    3.98440E-14
   7002.0000    3.93970E-14
   7004.0000    3.90840E-14
   7006.0000    4.07810E-14
   7008.0000    3.97830E-14
   7010.0000    3.90890E-14
   7012.0000    3.94530E-14
   7014.0000    3.98410E-14
   7016.0000    3.82850E-14
   7018.0000    3.96750E-14
   7020.0000    3.94720E-14
   7022.0000    4.01920E-14
   7024.0000    3.93730E-14
   7026.0000    4.05260E-14
   7028.0000    4.14000E-14
   7030.0000    4.12740E-14
   7032.0000    4.03330E-14
   7034.0000    4.06230E-14
   7036.0000    4.10930E-14
   7038.0000    4.07890E-14
   7040.0000    4.09090E-14
   7042.0000    4.11270E-14
   7044.0000    4.13630E-14
   7046.0000    4.06480E-14
   7048.0000    4.01490E-14
   7050.0000    4.04430E-14
   7052.0000    4.05370E-14
   7054.0000    4.01290E-14
   7056.0000    4.03810E-14
   7058.0000    3.99700E-14
   7060.0000    3.94010E-14
   7062.0000    3.83230E-14
   7064.0000    3.85140E-14
   7066.0000    3.98690E-14
   7068.0000    3.91180E-14
   7070.0000    3.85820E-14
   7072.0000    3.82280E-14
   7074.0000    3.91680E-14
   7076.0000    3.98720E-14
   7078.0000    3.78580E-14
   7080.0000    3.83250E-14
   7082.0000    3.83770E-14
   7084.0000    3.72580E-14
   7086.0000    3.75910E-14
   7088.0000    3.75220E-14
   7090.0000    3.70250E-14
   7092.0000    3.74140E-14
   7094.0000    3.77500E-14
   7096.0000    3.76550E-14
   7098.0000    3.63590E-14
   7100.0000    3.72730E-14
   7102.0000    3.72550E-14
   7104.0000    3.63330E-14
   7106.0000    3.72260E-14
   7108.0000    3.67290E-14
   7110.0000    3.74060E-14
   7112.0000    3.73830E-14
   7114.0000    3.68820E-14
   7116.0000    3.67420E-14
   7118.0000    3.69260E-14
   7120.0000    3.66520E-14
   7122.0000    3.63580E-14
   7124.0000    3.65540E-14
   7126.0000    3.70460E-14
   7128.0000    3.68230E-14
   7130.0000    3.73740E-14
   7132.0000    3.73020E-14
   7134.0000    3.71270E-14
   7136.0000    3.53730E-14
   7138.0000    3.63570E-14
   7140.0000    3.65850E-14
   7142.0000    3.59810E-14
   7144.0000    3.52690E-14
   7146.0000    3.60360E-14
   7148.0000    3.64940E-14
   7150.0000    3.57280E-14
   7152.0000    3.54060E-14
   7154.0000    3.55020E-14
   7156.0000    3.63250E-14
   7158.0000    3.72420E-14
   7160.0000    3.58210E-14
   7162.0000    3.60890E-14
   7164.0000    3.63500E-14
   7166.0000    3.52840E-14
   7168.0000    3.57140E-14
   7170.0000    3.61180E-14
   7172.0000    3.67130E-14
   7174.0000    3.62790E-14
   7176.0000    3.55480E-14
   7178.0000    3.61050E-14
   7180.0000    3.61140E-14
   7182.0000    3.63900E-14
   7184.0000    3.54020E-14
   7186.0000    3.68360E-14
   7188.0000    3.52250E-14
   7190.0000    3.58990E-14
   7192.0000    3.59380E-14
   7194.0000    3.55580E-14
   7196.0000    3.66200E-14
   7198.0000    3.54470E-14
   7200.0000    3.58550E-14
   7202.0000    3.74860E-14
   7204.0000    3.52410E-14
   7206.0000    3.49880E-14
   7208.0000    3.69960E-14
   7210.0000    3.68080E-14
   7212.0000    3.74670E-14
   7214.0000    3.62560E-14
   7216.0000    3.63670E-14
   7218.0000    3.72670E-14
   7220.0000    3.73310E-14
   7222.0000    3.77820E-14
   7224.0000    3.61890E-14
   7226.0000    3.79360E-14
   7228.0000    3.72330E-14
   7230.0000    3.81330E-14
   7232.0000    3.86560E-14
   7234.0000    3.76980E-14
   7236.0000    3.86090E-14
   7238.0000    3.80280E-14
   7240.0000    3.87340E-14
   7242.0000    3.86390E-14
   7244.0000    3.90250E-14
   7246.0000    3.84520E-14
   7248.0000    3.91640E-14
   7250.0000    3.79740E-14
   7252.0000    3.89940E-14
   7254.0000    3.80500E-14
   7256.0000    3.88340E-14
   7258.0000    3.88060E-14
   7260.0000    3.81990E-14
   7262.0000    3.83820E-14
   7264.0000    3.78430E-14
   7266.0000    3.81230E-14
   7268.0000    4.03210E-14
   7270.0000    3.99260E-14
   7272.0000    3.87300E-14
   7274.0000    3.97490E-14
   7276.0000    4.03040E-14
   7278.0000    3.95360E-14
   7280.0000    3.83790E-14
   7282.0000    3.91040E-14
   7284.0000    3.90620E-14
   7286.0000    3.93620E-14
   7288.0000    3.78230E-14
   7290.0000    4.04130E-14
   7292.0000    3.85660E-14
   7294.0000    3.91130E-14
   7296.0000    3.95790E-14
   7298.0000    3.87730E-14
   7300.0000    3.95490E-14
   7302.0000    3.95150E-14
   7304.0000    3.92620E-14
   7306.0000    3.91620E-14
   7308.0000    3.96340E-14
   7310.0000    4.04180E-14
   7312.0000    3.96650E-14
   7314.0000    4.01850E-14
   7316.0000    4.02780E-14
   7318.0000    4.07390E-14
   7320.0000    4.08370E-14
   7322.0000    3.99090E-14
   7324.0000    4.06010E-14
   7326.0000    4.01020E-14
   7328.0000    4.01480E-14
   7330.0000    4.02600E-14
   7332.0000    4.00540E-14
   7334.0000    4.02520E-14
   7336.0000    4.10290E-14
   7338.0000    4.11530E-14
   7340.0000    4.06960E-14
   7342.0000    4.01720E-14
   7344.0000    4.11150E-14
   7346.0000    4.04820E-14
   7348.0000    4.10880E-14
   7350.0000    4.01280E-14
   7352.0000    4.03880E-14
   7354.0000    4.11630E-14
   7356.0000    4.10630E-14
   7358.0000    4.06110E-14
   7360.0000    4.03060E-14
   7362.0000    4.15810E-14
   7364.0000    4.12720E-14
   7366.0000    4.06770E-14
   7368.0000    4.14520E-14
   7370.0000    4.04950E-14
   7372.0000    4.01930E-14
   7374.0000    4.24390E-14
   7376.0000    4.23370E-14
   7378.0000    4.11650E-14
   7380.0000    4.11250E-14
   7382.0000    4.23230E-14
   7384.0000    4.12830E-14
   7386.0000    4.14500E-14
   7388.0000    4.15330E-14
   7390.0000    4.17210E-14
   7392.0000    4.17620E-14
   7394.0000    4.23430E-14
   7396.0000    4.05300E-14
   7398.0000    4.12970E-14
   7400.0000    4.10050E-14
   7402.0000    4.33330E-14
   7404.0000    4.08190E-14
   7406.0000    4.10000E-14
   7408.0000    4.14500E-14
   7410.0000    4.12710E-14
   7412.0000    4.18330E-14
   7414.0000    4.21990E-14
   7416.0000    4.07500E-14
   7418.0000    4.21020E-14
   7420.0000    4.26170E-14
   7422.0000    4.15200E-14
   7424.0000    4.08450E-14
   7426.0000    4.19730E-14
   7428.0000    4.15430E-14
   7430.0000    4.11040E-14
   7432.0000    4.04320E-14
   7434.0000    4.14150E-14
   7436.0000    4.16810E-14
   7438.0000    4.17320E-14
   7440.0000    4.15840E-14
   7442.0000    4.16100E-14
   7444.0000    4.20280E-14
   7446.0000    4.24900E-14
   7448.0000    4.17790E-14
   7450.0000    4.17860E-14
   7452.0000    4.27010E-14
   7454.0000    4.20420E-14
   7456.0000    4.26610E-14
   7458.0000    4.12560E-14
   7460.0000    4.17960E-14
   7462.0000    4.22900E-14
   7464.0000    4.22750E-14
   7466.0000    4.26490E-14
   7468.0000    4.22450E-14
   7470.0000    4.18510E-14
   7472.0000    4.24370E-14
   7474.0000    4.14540E-14
   7476.0000    4.14190E-14
   7478.0000    4.25640E-14
   7480.0000    4.22510E-14
   7482.0000    4.29730E-14
   7484.0000    4.26320E-14
   7486.0000    4.25240E-14
   7488.0000    4.22480E-14
   7490.0000    4.17890E-14
   7492.0000    4.17790E-14
   7494.0000    4.17910E-14
   7496.0000    4.15170E-14
   7498.0000    4.21660E-14
   7500.0000    4.09470E-14
   7502.0000    4.24430E-14
   7504.0000    4.22500E-14
   7506.0000    4.18450E-14
   7508.0000    4.27400E-14
   7510.0000    4.26580E-14
   7512.0000    4.26290E-14
   7514.0000    4.30090E-14
   7516.0000    4.27940E-14
   7518.0000    4.16460E-14
   7520.0000    4.19500E-14
   7522.0000    4.29690E-14
   7524.0000    4.22610E-14
   7526.0000    4.34620E-14
   7528.0000    4.20470E-14
   7530.0000    4.38510E-14
   7532.0000    4.38500E-14
   7534.0000    4.19840E-14
   7536.0000    4.29960E-14
   7538.0000    4.22700E-14
   7540.0000    4.31650E-14
   7542.0000    4.35450E-14
   7544.0000    4.29680E-14
   7546.0000    4.23370E-14
   7548.0000    4.39140E-14
   7550.0000    4.29810E-14
   7552.0000    4.35630E-14
   7554.0000    4.21890E-14
   7556.0000    4.30310E-14
   7558.0000    4.25970E-14
   7560.0000    4.26710E-14
   7562.0000    4.22150E-14
   7564.0000    4.18760E-14
   7566.0000    4.14880E-14
   7568.0000    4.29320E-14
   7570.0000    4.14750E-14
   7572.0000    4.24650E-14
   7574.0000    4.23950E-14
   7576.0000    4.28240E-14
   7578.0000    4.31820E-14
   7580.0000    4.25590E-14
   7582.0000    4.23440E-14
   7584.0000    4.23670E-14
   7586.0000    4.30310E-14
   7588.0000    4.18360E-14
   7590.0000    4.19360E-14
   7592.0000    4.24780E-14
   7594.0000    4.13630E-14
   7596.0000    4.06440E-14
   7598.0000    4.22190E-14
   7600.0000    4.20480E-14
   7602.0000    4.15020E-14
   7604.0000    4.14700E-14
   7606.0000    4.16360E-14
   7608.0000    4.15830E-14
   7610.0000    4.18420E-14
   7612.0000    4.07700E-14
   7614.0000    4.06980E-14
   7616.0000    4.15040E-14
   7618.0000    4.09690E-14
   7620.0000    4.08160E-14
   7622.0000    4.16880E-14
   7624.0000    4.18550E-14
   7626.0000    4.09090E-14
   7628.0000    3.91980E-14
   7630.0000    4.06360E-14
   7632.0000    4.15450E-14
   7634.0000    4.11910E-14
   7636.0000    4.08440E-14
   7638.0000    4.23050E-14
   7640.0000    4.14460E-14
   7642.0000    4.05270E-14
   7644.0000    4.10760E-14
   7646.0000    4.01000E-14
   7648.0000    4.02860E-14
   7650.0000    3.93740E-14
   7652.0000    4.01710E-14
   7654.0000    3.98400E-14
   7656.0000    3.95740E-14
   7658.0000    3.89010E-14
   7660.0000    3.94980E-14
   7662.0000    3.99600E-14
   7664.0000    3.85250E-14
   7666.0000    3.99900E-14
   7668.0000    3.82810E-14
   7670.0000    3.82510E-14
   7672.0000    3.77710E-14
   7674.0000    3.89940E-14
   7676.0000    3.87020E-14
   7678.0000    3.87950E-14
   7680.0000    3.80070E-14
   7682.0000    3.96840E-14
   7684.0000    3.90160E-14
   7686.0000    3.81810E-14
   7688.0000    3.85520E-14
   7690.0000    3.87710E-14
   7692.0000    3.90700E-14
   7694.0000    3.94800E-14
   7696.0000    3.83290E-14
   7698.0000    3.90280E-14
   7700.0000    3.89410E-14
   7702.0000    3.82100E-14
   7704.0000    3.86120E-14
   7706.0000    3.77900E-14
   7708.0000    3.87310E-14
   7710.0000    3.87000E-14
   7712.0000    3.91950E-14
   7714.0000    3.94510E-14
   7716.0000    3.91470E-14
   7718.0000    3.89600E-14
   7720.0000    3.99710E-14
   7722.0000    3.91120E-14
   7724.0000    3.87510E-14
   7726.0000    3.80840E-14
   7728.0000    3.86050E-14
   7730.0000    3.92740E-14
   7732.0000    3.82700E-14
   7734.0000    3.87270E-14
   7736.0000    3.89210E-14
   7738.0000    3.86860E-14
   7740.0000    3.95540E-14
   7742.0000    3.88950E-14
   7744.0000    3.88830E-14
   7746.0000    3.92490E-14
   7748.0000    3.78820E-14
   7750.0000    3.84100E-14
   7752.0000    3.91160E-14
   7754.0000    3.81950E-14
   7756.0000    3.84290E-14
   7758.0000    3.83930E-14
   7760.0000    3.75330E-14
   7762.0000    3.84490E-14
   7764.0000    3.94020E-14
   7766.0000    3.76470E-14
   7768.0000    3.90290E-14
   7770.0000    3.78410E-14
   7772.0000    3.89380E-14
   7774.0000    3.92380E-14
   7776.0000    3.76930E-14
   7778.0000    3.85140E-14
   7780.0000    3.92720E-14
   7782.0000    3.91870E-14
   7784.0000    4.02090E-14
   7786.0000    3.83060E-14
   7788.0000    3.75980E-14
   7790.0000    3.94170E-14
   7792.0000    3.89110E-14
   7794.0000    3.97570E-14
   7796.0000    3.94370E-14
   7798.0000    3.95810E-14
   7800.0000    3.95530E-14
   7802.0000    3.87600E-14
   7804.0000    3.80680E-14
   7806.0000    3.91950E-14
   7808.0000    3.94910E-14
   7810.0000    3.98620E-14
   7812.0000    3.92910E-14
   7814.0000    3.93840E-14
   7816.0000    3.98380E-14
   7818.0000    3.94450E-14
   7820.0000    3.92450E-14
   7822.0000    3.97200E-14
   7824.0000    4.00270E-14
   7826.0000    3.95260E-14
   7828.0000    3.97450E-14
   7830.0000    3.99570E-14
   7832.0000    3.86340E-14
   7834.0000    3.99220E-14
   7836.0000    3.98740E-14
   7838.0000    3.89240E-14
   7840.0000    3.92950E-14
   7842.0000    3.94280E-14
   7844.0000    3.98380E-14
   7846.0000    3.92550E-14
   7848.0000    3.97450E-14
   7850.0000    4.05520E-14
   7852.0000    3.93680E-14
   7854.0000    3.88980E-14
   7856.0000    3.94840E-14
   7858.0000    3.94310E-14
   7860.0000    3.90960E-14
   7862.0000    4.08030E-14
   7864.0000    3.94170E-14
   7866.0000    3.91080E-14
   7868.0000    4.02750E-14
   7870.0000    4.14930E-14
   7872.0000    3.98250E-14
   7874.0000    3.97470E-14
   7876.0000    4.05980E-14
   7878.0000    4.04500E-14
   7880.0000    3.96810E-14
   7882.0000    3.92220E-14
   7884.0000    4.09670E-14
   7886.0000    4.09450E-14
   7888.0000    3.99310E-14
   7890.0000    4.02050E-14
   7892.0000    4.04230E-14
   7894.0000    3.96830E-14
   7896.0000    3.96880E-14
   7898.0000    4.01550E-14
   7900.0000    3.99770E-14
   7902.0000    3.97620E-14
   7904.0000    3.93400E-14
   7906.0000    3.92910E-14
   7908.0000    3.94040E-14
   7910.0000    3.91710E-14
   7912.0000    3.88840E-14
   7914.0000    3.86650E-14
   7916.0000    4.04440E-14
   7918.0000    3.95170E-14
   7920.0000    3.84970E-14
   7922.0000    3.88630E-14
   7924.0000    3.88140E-14
   7926.0000    3.98270E-14
   7928.0000    3.91430E-14
   7930.0000    3.89550E-14
   7932.0000    3.86830E-14
   7934.0000    3.81960E-14
   7936.0000    3.90660E-14
   7938.0000    3.96760E-14
   7940.0000    3.90850E-14
   7942.0000    3.98730E-14
   7944.0000    3.90440E-14
   7946.0000    3.87080E-14
   7948.0000    3.91190E-14
   7950.0000    3.96530E-14
   7952.0000    3.81810E-14
   7954.0000    3.85350E-14
   7956.0000    3.87140E-14
   7958.0000    3.93760E-14
   7960.0000    3.94350E-14
   7962.0000    3.92790E-14
   7964.0000    3.98710E-14
   7966.0000    4.05070E-14
   7968.0000    3.87790E-14
   7970.0000    3.93140E-14
   7972.0000    3.90820E-14
   7974.0000    3.96140E-14
   7976.0000    3.94310E-14
   7978.0000    4.06990E-14
   7980.0000    3.95410E-14
   7982.0000    3.96770E-14
   7984.0000    3.90300E-14
   7986.0000    4.03620E-14
   7988.0000    3.87450E-14
   7990.0000    3.96600E-14
   7992.0000    3.99150E-14
   7994.0000    3.91690E-14
   7996.0000    4.19670E-14
   7998.0000    4.01860E-14
   8000.0000    3.93210E-14
   8002.0000    3.91310E-14
   8004.0000    4.01410E-14
   8006.0000    3.91720E-14
   8008.0000    4.03020E-14
   8010.0000    3.87490E-14
   8012.0000    3.97240E-14
   8014.0000    4.00680E-14
   8016.0000    4.05080E-14
   8018.0000    3.97780E-14
   8020.0000    4.14300E-14
   8022.0000    4.05830E-14
   8024.0000    3.98240E-14
   8026.0000    3.96280E-14
   8028.0000    4.01540E-14
   8030.0000    4.12500E-14
   8032.0000    3.98280E-14
   8034.0000    4.10840E-14
   8036.0000    4.15240E-14
   8038.0000    4.00380E-14
   8040.0000    4.09800E-14
   8042.0000    3.92470E-14
   8044.0000    4.06250E-14
   8046.0000    4.01100E-14
   8048.0000    4.07070E-14
   8050.0000    4.02180E-14
   8052.0000    4.06130E-14
   8054.0000    3.96920E-14
   8056.0000    4.05030E-14
   8058.0000    4.13810E-14
   8060.0000    4.14220E-14
   8062.0000    4.06520E-14
   8064.0000    4.07020E-14
   8066.0000    4.16970E-14
   8068.0000    4.08450E-14
   8070.0000    4.08690E-14
   8072.0000    4.13630E-14
   8074.0000    3.96720E-14
   8076.0000    4.11310E-14
   8078.0000    4.01810E-14
   8080.0000    4.06880E-14
   8082.0000    4.07340E-14
   8084.0000    4.14150E-14
   8086.0000    4.07220E-14
   8088.0000    4.03550E-14
   8090.0000    4.00360E-14
   8092.0000    3.92760E-14
   8094.0000    3.92160E-14
   8096.0000    3.98740E-14
   8098.0000    3.98460E-14
   8100.0000    4.09470E-14
   8102.0000    3.95990E-14
   8104.0000    4.07250E-14
   8106.0000    3.99720E-14
   8108.0000    4.03190E-14
   8110.0000    4.14500E-14
   8112.0000    4.06700E-14
   8114.0000    4.03360E-14
   8116.0000    4.15340E-14
   8118.0000    4.06270E-14
   8120.0000    4.11420E-14
   8122.0000    4.08840E-14
   8124.0000    4.11670E-14
   8126.0000    4.02160E-14
   8128.0000    4.09540E-14
   8130.0000    4.11530E-14
   8132.0000    3.94700E-14
   8134.0000    4.08220E-14
   8136.0000    4.07880E-14
   8138.0000    4.18000E-14
   8140.0000    4.13890E-14
   8142.0000    4.07040E-14
   8144.0000    4.14200E-14
   8146.0000    4.08330E-14
   8148.0000    3.99900E-14
   8150.0000    4.12780E-14
   8152.0000    4.09820E-14
   8154.0000    4.06880E-14
   8156.0000    3.99040E-14
   8158.0000    4.00970E-14
   8160.0000    3.98430E-14
   8162.0000    4.05250E-14
   8164.0000    4.00280E-14
   8166.0000    4.02090E-14
   8168.0000    4.05720E-14
   8170.0000    4.10120E-14
   8172.0000    3.91070E-14
   8174.0000    3.91690E-14
   8176.0000    3.96770E-14
   8178.0000    3.92050E-14
   8180.0000    3.94430E-14
   8182.0000    3.88020E-14
   8184.0000    3.95980E-14
   8186.0000    4.02050E-14
   8188.0000    3.90920E-14
   8190.0000    3.96640E-14
   8192.0000    3.93260E-14
   8194.0000    3.91580E-14
   8196.0000    3.94530E-14
   8198.0000    3.89240E-14
   8200.0000    3.95300E-14
