   4300.0000    1.92790E-14
   4301.2500    2.04910E-14
   4302.5000    2.04420E-14
   4303.7500    1.89000E-14
   4305.0000    1.66540E-14
   4306.2500    1.86140E-14
   4307.5000    1.92370E-14
   4308.7500    1.72270E-14
   4310.0000    1.54880E-14
   4311.2500    1.67980E-14
   4312.5000    2.16830E-14
   4313.7500    2.31330E-14
   4315.0000    2.00090E-14
   4316.2500    2.20190E-14
   4317.5000    2.16510E-14
   4318.7500    2.03630E-14
   4320.0000    2.45100E-14
   4321.2500    2.30140E-14
   4322.5000    2.43840E-14
   4323.7500    2.34540E-14
   4325.0000    2.43300E-14
   4326.2500    2.35180E-14
   4327.5000    2.29460E-14
   4328.7500    2.40420E-14
   4330.0000    2.26430E-14
   4331.2500    2.46240E-14
   4332.5000    2.63260E-14
   4333.7500    2.44670E-14
   4335.0000    2.58930E-14
   4336.2500    2.33470E-14
   4337.5000    2.47220E-14
   4338.7500    2.32100E-14
   4340.0000    2.47290E-14
   4341.2500    2.41310E-14
   4342.5000    2.22080E-14
   4343.7500    2.34630E-14
   4345.0000    2.43490E-14
   4346.2500    2.36610E-14
   4347.5000    2.52670E-14
   4348.7500    2.50570E-14
   4350.0000    2.40920E-14
   4351.2500    2.31230E-14
   4352.5000    2.44560E-14
   4353.7500    2.49960E-14
   4355.0000    2.57370E-14
   4356.2500    2.56210E-14
   4357.5000    2.48750E-14
   4358.7500    2.60850E-14
   4360.0000    2.56260E-14
   4361.2500    2.71980E-14
   4362.5000    2.69470E-14
   4363.7500    2.55510E-14
   4365.0000    2.86110E-14
   4366.2500    2.69850E-14
   4367.5000    2.50710E-14
   4368.7500    2.51310E-14
   4370.0000    2.51980E-14
   4371.2500    2.66010E-14
   4372.5000    2.45810E-14
   4373.7500    2.73240E-14
   4375.0000    2.50190E-14
   4376.2500    2.47580E-14
   4377.5000    2.16910E-14
   4378.7500    2.36160E-14
   4380.0000    2.30820E-14
   4381.2500    2.31250E-14
   4382.5000    2.39180E-14
   4383.7500    2.44120E-14
   4385.0000    2.39010E-14
   4386.2500    2.13000E-14
   4387.5000    2.28130E-14
   4388.7500    2.26390E-14
   4390.0000    2.18440E-14
   4391.2500    2.32460E-14
   4392.5000    2.26470E-14
   4393.7500    2.25040E-14
   4395.0000    2.40300E-14
   4396.2500    2.49050E-14
   4397.5000    2.44420E-14
   4398.7500    2.29550E-14
   4400.0000    2.39170E-14
   4401.2500    2.49140E-14
   4402.5000    2.52990E-14
   4403.7500    2.67430E-14
   4405.0000    2.39480E-14
   4406.2500    2.50200E-14
   4407.5000    2.31840E-14
   4408.7500    2.50200E-14
   4410.0000    2.51870E-14
   4411.2500    2.73700E-14
   4412.5000    2.57830E-14
   4413.7500    2.25750E-14
   4415.0000    2.69600E-14
   4416.2500    2.50660E-14
   4417.5000    2.47210E-14
   4418.7500    2.42880E-14
   4420.0000    2.48390E-14
   4421.2500    2.70910E-14
   4422.5000    2.75720E-14
   4423.7500    2.83640E-14
   4425.0000    2.59620E-14
   4426.2500    2.70210E-14
   4427.5000    2.58300E-14
   4428.7500    2.26440E-14
   4430.0000    2.48720E-14
   4431.2500    2.46900E-14
   4432.5000    2.59230E-14
   4433.7500    2.56560E-14
   4435.0000    2.67020E-14
   4436.2500    2.74060E-14
   4437.5000    2.88290E-14
   4438.7500    2.87530E-14
   4440.0000    2.65050E-14
   4441.2500    2.80070E-14
   4442.5000    2.80140E-14
   4443.7500    2.84460E-14
   4445.0000    2.68510E-14
   4446.2500    2.76990E-14
   4447.5000    2.65160E-14
   4448.7500    2.67360E-14
   4450.0000    2.62530E-14
   4451.2500    2.84400E-14
   4452.5000    2.75810E-14
   4453.7500    2.81850E-14
   4455.0000    2.66640E-14
   4456.2500    2.57710E-14
   4457.5000    2.61180E-14
   4458.7500    2.60320E-14
   4460.0000    2.52390E-14
   4461.2500    2.53560E-14
   4462.5000    2.68840E-14
   4463.7500    2.55070E-14
   4465.0000    2.55940E-14
   4466.2500    2.84970E-14
   4467.5000    3.00450E-14
   4468.7500    3.01170E-14
   4470.0000    2.74870E-14
   4471.2500    2.76010E-14
   4472.5000    2.78870E-14
   4473.7500    3.05250E-14
   4475.0000    2.89990E-14
   4476.2500    2.91530E-14
   4477.5000    3.02610E-14
   4478.7500    3.17950E-14
   4480.0000    2.72030E-14
   4481.2500    3.07360E-14
   4482.5000    2.64910E-14
   4483.7500    2.99960E-14
   4485.0000    2.92260E-14
   4486.2500    2.96040E-14
   4487.5000    2.92150E-14
   4488.7500    2.88850E-14
   4490.0000    2.97850E-14
   4491.2500    2.91090E-14
   4492.5000    3.14120E-14
   4493.7500    3.03800E-14
   4495.0000    3.16500E-14
   4496.2500    2.98920E-14
   4497.5000    2.76120E-14
   4498.7500    3.04400E-14
   4500.0000    2.86660E-14
   4501.2500    2.93230E-14
   4502.5000    3.02210E-14
   4503.7500    3.11830E-14
   4505.0000    3.08870E-14
   4506.2500    2.88730E-14
   4507.5000    3.01630E-14
   4508.7500    2.90700E-14
   4510.0000    2.97620E-14
   4511.2500    3.33730E-14
   4512.5000    3.05320E-14
   4513.7500    3.14270E-14
   4515.0000    3.15250E-14
   4516.2500    2.96440E-14
   4517.5000    2.96010E-14
   4518.7500    3.13290E-14
   4520.0000    3.03440E-14
   4521.2500    3.09410E-14
   4522.5000    2.94230E-14
   4523.7500    3.19130E-14
   4525.0000    2.98150E-14
   4526.2500    2.90640E-14
   4527.5000    3.00300E-14
   4528.7500    2.89610E-14
   4530.0000    2.60020E-14
   4531.2500    2.99550E-14
   4532.5000    2.61860E-14
   4533.7500    3.14320E-14
   4535.0000    2.65260E-14
   4536.2500    2.87460E-14
   4537.5000    2.75590E-14
   4538.7500    2.73040E-14
   4540.0000    2.80070E-14
   4541.2500    2.91680E-14
   4542.5000    3.26750E-14
   4543.7500    3.06740E-14
   4545.0000    2.98440E-14
   4546.2500    3.03110E-14
   4547.5000    2.92370E-14
   4548.7500    3.06810E-14
   4550.0000    2.93390E-14
   4551.2500    3.15030E-14
   4552.5000    3.05850E-14
   4553.7500    3.15660E-14
   4555.0000    3.18390E-14
   4556.2500    2.86330E-14
   4557.5000    3.11340E-14
   4558.7500    3.11670E-14
   4560.0000    3.24020E-14
   4561.2500    2.94790E-14
   4562.5000    3.03160E-14
   4563.7500    3.12890E-14
   4565.0000    3.25940E-14
   4566.2500    3.06820E-14
   4567.5000    3.26600E-14
   4568.7500    3.41270E-14
   4570.0000    3.42640E-14
   4571.2500    3.16880E-14
   4572.5000    3.21740E-14
   4573.7500    3.01660E-14
   4575.0000    2.96340E-14
   4576.2500    3.23690E-14
   4577.5000    3.35120E-14
   4578.7500    2.98270E-14
   4580.0000    2.98900E-14
   4581.2500    2.98960E-14
   4582.5000    3.27120E-14
   4583.7500    3.09660E-14
   4585.0000    3.08630E-14
   4586.2500    3.23820E-14
   4587.5000    3.18850E-14
   4588.7500    3.09220E-14
   4590.0000    3.04160E-14
   4591.2500    3.16680E-14
   4592.5000    3.14280E-14
   4593.7500    3.23190E-14
   4595.0000    3.04860E-14
   4596.2500    2.99390E-14
   4597.5000    3.22950E-14
   4598.7500    3.07300E-14
   4600.0000    3.02250E-14
   4601.2500    2.96480E-14
   4602.5000    3.15950E-14
   4603.7500    3.19000E-14
   4605.0000    3.14140E-14
   4606.2500    3.13140E-14
   4607.5000    3.20860E-14
   4608.7500    3.33560E-14
   4610.0000    3.18960E-14
   4611.2500    3.14430E-14
   4612.5000    3.30310E-14
   4613.7500    3.31030E-14
   4615.0000    3.30860E-14
   4616.2500    3.23720E-14
   4617.5000    3.36700E-14
   4618.7500    3.44510E-14
   4620.0000    3.50530E-14
   4621.2500    3.19950E-14
   4622.5000    3.38120E-14
   4623.7500    3.29260E-14
   4625.0000    3.54160E-14
   4626.2500    3.29710E-14
   4627.5000    3.63380E-14
   4628.7500    3.29650E-14
   4630.0000    3.14210E-14
   4631.2500    3.07870E-14
   4632.5000    3.17800E-14
   4633.7500    3.20450E-14
   4635.0000    3.43980E-14
   4636.2500    3.13220E-14
   4637.5000    3.14750E-14
   4638.7500    3.23660E-14
   4640.0000    3.20990E-14
   4641.2500    3.30240E-14
   4642.5000    3.11470E-14
   4643.7500    3.02110E-14
   4645.0000    3.11680E-14
   4646.2500    2.91100E-14
   4647.5000    3.21580E-14
   4648.7500    3.02480E-14
   4650.0000    3.23080E-14
   4651.2500    3.14000E-14
   4652.5000    3.26920E-14
   4653.7500    3.08080E-14
   4655.0000    3.34540E-14
   4656.2500    3.07550E-14
   4657.5000    3.36310E-14
   4658.7500    3.18560E-14
   4660.0000    3.22570E-14
   4661.2500    3.06140E-14
   4662.5000    3.27600E-14
   4663.7500    3.21710E-14
   4665.0000    3.08140E-14
   4666.2500    3.01250E-14
   4667.5000    3.31500E-14
   4668.7500    3.30550E-14
   4670.0000    2.98770E-14
   4671.2500    3.17490E-14
   4672.5000    3.07770E-14
   4673.7500    3.03140E-14
   4675.0000    2.96320E-14
   4676.2500    3.24420E-14
   4677.5000    3.02170E-14
   4678.7500    3.02590E-14
   4680.0000    3.02820E-14
   4681.2500    3.17980E-14
   4682.5000    3.27250E-14
   4683.7500    3.23450E-14
   4685.0000    2.93290E-14
   4686.2500    3.01160E-14
   4687.5000    3.20520E-14
   4688.7500    3.22860E-14
   4690.0000    3.27030E-14
   4691.2500    3.24290E-14
   4692.5000    3.13160E-14
   4693.7500    3.19480E-14
   4695.0000    3.24540E-14
   4696.2500    2.98030E-14
   4697.5000    3.17160E-14
   4698.7500    2.95590E-14
   4700.0000    3.07750E-14
   4701.2500    2.93320E-14
   4702.5000    2.85570E-14
   4703.7500    3.00150E-14
   4705.0000    2.97690E-14
   4706.2500    3.13860E-14
   4707.5000    3.00400E-14
   4708.7500    3.09530E-14
   4710.0000    3.03170E-14
   4711.2500    3.09540E-14
   4712.5000    3.15250E-14
   4713.7500    3.04160E-14
   4715.0000    3.36680E-14
   4716.2500    3.06850E-14
   4717.5000    3.23360E-14
   4718.7500    3.26590E-14
   4720.0000    3.05250E-14
   4721.2500    3.26970E-14
   4722.5000    3.26350E-14
   4723.7500    3.38190E-14
   4725.0000    3.15350E-14
   4726.2500    3.27370E-14
   4727.5000    3.16160E-14
   4728.7500    3.51800E-14
   4730.0000    2.99500E-14
   4731.2500    3.30730E-14
   4732.5000    3.00910E-14
   4733.7500    3.21550E-14
   4735.0000    3.06240E-14
   4736.2500    3.22980E-14
   4737.5000    3.23310E-14
   4738.7500    3.56840E-14
   4740.0000    3.20620E-14
   4741.2500    3.45490E-14
   4742.5000    3.11440E-14
   4743.7500    3.22840E-14
   4745.0000    3.17020E-14
   4746.2500    3.35020E-14
   4747.5000    3.28390E-14
   4748.7500    3.36450E-14
   4750.0000    3.32700E-14
   4751.2500    3.34330E-14
   4752.5000    3.31320E-14
   4753.7500    3.25420E-14
   4755.0000    3.26430E-14
   4756.2500    3.22760E-14
   4757.5000    3.22170E-14
   4758.7500    3.33570E-14
   4760.0000    3.33070E-14
   4761.2500    3.48420E-14
   4762.5000    3.23340E-14
   4763.7500    3.31260E-14
   4765.0000    3.18610E-14
   4766.2500    3.20140E-14
   4767.5000    3.21560E-14
   4768.7500    3.31860E-14
   4770.0000    2.99710E-14
   4771.2500    3.28020E-14
   4772.5000    3.24270E-14
   4773.7500    3.15520E-14
   4775.0000    3.12050E-14
   4776.2500    3.16680E-14
   4777.5000    3.40040E-14
   4778.7500    3.28300E-14
   4780.0000    3.52870E-14
   4781.2500    3.06860E-14
   4782.5000    3.27190E-14
   4783.7500    3.24930E-14
   4785.0000    3.31610E-14
   4786.2500    3.26830E-14
   4787.5000    3.26900E-14
   4788.7500    3.55050E-14
   4790.0000    3.07480E-14
   4791.2500    3.32960E-14
   4792.5000    3.42910E-14
   4793.7500    3.30970E-14
   4795.0000    3.35080E-14
   4796.2500    3.10380E-14
   4797.5000    3.41970E-14
   4798.7500    3.31300E-14
   4800.0000    3.35480E-14
   4801.2500    3.29450E-14
   4802.5000    3.26310E-14
   4803.7500    3.33260E-14
   4805.0000    3.60160E-14
   4806.2500    3.43740E-14
   4807.5000    3.41490E-14
   4808.7500    3.35910E-14
   4810.0000    3.41590E-14
   4811.2500    3.32690E-14
   4812.5000    3.55810E-14
   4813.7500    3.40210E-14
   4815.0000    3.48960E-14
   4816.2500    3.39610E-14
   4817.5000    3.34750E-14
   4818.7500    3.30730E-14
   4820.0000    3.39080E-14
   4821.2500    3.27000E-14
   4822.5000    3.44270E-14
   4823.7500    3.47070E-14
   4825.0000    3.39080E-14
   4826.2500    3.48250E-14
   4827.5000    3.32550E-14
   4828.7500    3.01740E-14
   4830.0000    3.24230E-14
   4831.2500    3.32050E-14
   4832.5000    3.22990E-14
   4833.7500    3.79030E-14
   4835.0000    3.31550E-14
   4836.2500    3.41630E-14
   4837.5000    3.21480E-14
   4838.7500    3.24240E-14
   4840.0000    3.28980E-14
   4841.2500    3.22860E-14
   4842.5000    3.37570E-14
   4843.7500    3.46810E-14
   4845.0000    3.33780E-14
   4846.2500    3.40390E-14
   4847.5000    3.27670E-14
   4848.7500    3.16040E-14
   4850.0000    3.12220E-14
   4851.2500    3.32400E-14
   4852.5000    3.22700E-14
   4853.7500    3.35580E-14
   4855.0000    3.10940E-14
   4856.2500    3.25270E-14
   4857.5000    3.22500E-14
   4858.7500    3.28600E-14
   4860.0000    3.07830E-14
   4861.2500    3.02670E-14
   4862.5000    3.09990E-14
   4863.7500    3.17680E-14
   4865.0000    3.05720E-14
   4866.2500    3.17620E-14
   4867.5000    2.78750E-14
   4868.7500    2.88120E-14
   4870.0000    2.70950E-14
   4871.2500    3.02760E-14
   4872.5000    3.32120E-14
   4873.7500    3.01980E-14
   4875.0000    3.02290E-14
   4876.2500    3.15930E-14
   4877.5000    3.16650E-14
   4878.7500    3.30320E-14
   4880.0000    2.90250E-14
   4881.2500    3.14660E-14
   4882.5000    3.19960E-14
   4883.7500    3.12040E-14
   4885.0000    3.21660E-14
   4886.2500    3.37220E-14
   4887.5000    3.39310E-14
   4888.7500    3.17050E-14
   4890.0000    3.05580E-14
   4891.2500    3.20720E-14
   4892.5000    3.54420E-14
   4893.7500    3.30470E-14
   4895.0000    3.19860E-14
   4896.2500    3.33490E-14
   4897.5000    3.29060E-14
   4898.7500    3.58040E-14
   4900.0000    3.31800E-14
   4901.2500    3.39990E-14
   4902.5000    3.47600E-14
   4903.7500    3.46350E-14
   4905.0000    3.28640E-14
   4906.2500    3.51660E-14
   4907.5000    3.54730E-14
   4908.7500    3.42450E-14
   4910.0000    3.42690E-14
   4911.2500    3.37660E-14
   4912.5000    3.46660E-14
   4913.7500    3.25240E-14
   4915.0000    3.36080E-14
   4916.2500    3.51330E-14
   4917.5000    3.33450E-14
   4918.7500    3.35800E-14
   4920.0000    3.34450E-14
   4921.2500    3.29360E-14
   4922.5000    3.23830E-14
   4923.7500    3.18020E-14
   4925.0000    3.38200E-14
   4926.2500    3.30960E-14
   4927.5000    3.29260E-14
   4928.7500    3.52690E-14
   4930.0000    3.01700E-14
   4931.2500    3.20870E-14
   4932.5000    3.40540E-14
   4933.7500    3.43570E-14
   4935.0000    3.44040E-14
   4936.2500    3.41450E-14
   4937.5000    3.39870E-14
   4938.7500    3.68670E-14
   4940.0000    3.51280E-14
   4941.2500    3.54800E-14
   4942.5000    3.62910E-14
   4943.7500    3.41230E-14
   4945.0000    3.41630E-14
   4946.2500    3.62850E-14
   4947.5000    3.45250E-14
   4948.7500    3.43170E-14
   4950.0000    3.50300E-14
   4951.2500    3.56550E-14
   4952.5000    3.47020E-14
   4953.7500    3.71770E-14
   4955.0000    3.57000E-14
   4956.2500    3.37080E-14
   4957.5000    3.51850E-14
   4958.7500    3.49620E-14
   4960.0000    3.48180E-14
   4961.2500    3.56770E-14
   4962.5000    3.32560E-14
   4963.7500    3.46220E-14
   4965.0000    3.26710E-14
   4966.2500    3.35960E-14
   4967.5000    3.61410E-14
   4968.7500    3.33820E-14
   4970.0000    3.48950E-14
   4971.2500    3.25890E-14
   4972.5000    3.33980E-14
   4973.7500    3.22580E-14
   4975.0000    3.42670E-14
   4976.2500    3.38750E-14
   4977.5000    3.43380E-14
   4978.7500    3.54200E-14
   4980.0000    3.35180E-14
   4981.2500    3.21270E-14
   4982.5000    3.30180E-14
   4983.7500    3.10700E-14
   4985.0000    3.39080E-14
   4986.2500    3.12070E-14
   4987.5000    3.28320E-14
   4988.7500    3.17350E-14
   4990.0000    3.17230E-14
   4991.2500    3.14330E-14
   4992.5000    3.30000E-14
   4993.7500    3.32480E-14
   4995.0000    3.12450E-14
   4996.2500    3.31010E-14
   4997.5000    3.22380E-14
   4998.7500    2.96020E-14
   5000.0000    3.26950E-14
   5001.2500    2.92810E-14
   5002.5000    3.27340E-14
   5003.7500    3.13030E-14
   5005.0000    3.35550E-14
   5006.2500    3.32020E-14
   5007.5000    3.23980E-14
   5008.7500    3.11170E-14
   5010.0000    3.29450E-14
   5011.2500    2.96160E-14
   5012.5000    3.22880E-14
   5013.7500    3.07600E-14
   5015.0000    2.88300E-14
   5016.2500    2.85420E-14
   5017.5000    3.07870E-14
   5018.7500    3.05550E-14
   5020.0000    2.84230E-14
   5021.2500    2.87450E-14
   5022.5000    3.22790E-14
   5023.7500    2.93680E-14
   5025.0000    3.11820E-14
   5026.2500    3.29010E-14
   5027.5000    3.14090E-14
   5028.7500    3.24100E-14
   5030.0000    3.15900E-14
   5031.2500    3.15580E-14
   5032.5000    3.19750E-14
   5033.7500    3.25150E-14
   5035.0000    3.14460E-14
   5036.2500    3.11830E-14
   5037.5000    3.12750E-14
   5038.7500    2.97680E-14
   5040.0000    3.29470E-14
   5041.2500    2.91240E-14
   5042.5000    3.32100E-14
   5043.7500    3.13270E-14
   5045.0000    3.15390E-14
   5046.2500    3.16870E-14
   5047.5000    2.98860E-14
   5048.7500    3.16840E-14
   5050.0000    3.19810E-14
   5051.2500    3.15110E-14
   5052.5000    3.33710E-14
   5053.7500    3.24380E-14
   5055.0000    3.24540E-14
   5056.2500    3.51140E-14
   5057.5000    3.49170E-14
   5058.7500    3.35060E-14
   5060.0000    3.48270E-14
   5061.2500    3.57550E-14
   5062.5000    3.32370E-14
   5063.7500    3.23430E-14
   5065.0000    3.46250E-14
   5066.2500    3.55340E-14
   5067.5000    3.45790E-14
   5068.7500    3.53680E-14
   5070.0000    3.42760E-14
   5071.2500    3.08670E-14
   5072.5000    3.31360E-14
   5073.7500    3.38840E-14
   5075.0000    3.21780E-14
   5076.2500    3.31660E-14
   5077.5000    3.42010E-14
   5078.7500    3.13910E-14
   5080.0000    3.29900E-14
   5081.2500    3.34520E-14
   5082.5000    3.21900E-14
   5083.7500    3.05750E-14
   5085.0000    3.02230E-14
   5086.2500    3.25950E-14
   5087.5000    3.43440E-14
   5088.7500    3.11650E-14
   5090.0000    3.06940E-14
   5091.2500    3.13380E-14
   5092.5000    3.54570E-14
   5093.7500    3.20460E-14
   5095.0000    3.11740E-14
   5096.2500    3.41780E-14
   5097.5000    3.27190E-14
   5098.7500    3.36140E-14
   5100.0000    3.10870E-14
   5101.2500    3.27550E-14
   5102.5000    3.40530E-14
   5103.7500    3.08330E-14
   5105.0000    3.10460E-14
   5106.2500    3.36090E-14
   5107.5000    3.39560E-14
   5108.7500    3.22660E-14
   5110.0000    3.47030E-14
   5111.2500    3.25840E-14
   5112.5000    3.17600E-14
   5113.7500    3.25370E-14
   5115.0000    3.12720E-14
   5116.2500    3.16960E-14
   5117.5000    3.31670E-14
   5118.7500    3.30580E-14
   5120.0000    3.10780E-14
   5121.2500    3.23910E-14
   5122.5000    3.14000E-14
   5123.7500    3.16110E-14
   5125.0000    3.32150E-14
   5126.2500    3.36540E-14
   5127.5000    3.22960E-14
   5128.7500    3.23040E-14
   5130.0000    3.36450E-14
   5131.2500    3.26640E-14
   5132.5000    3.22210E-14
   5133.7500    3.21770E-14
   5135.0000    3.09910E-14
   5136.2500    3.29610E-14
   5137.5000    3.17770E-14
   5138.7500    3.29920E-14
   5140.0000    3.31110E-14
   5141.2500    3.34830E-14
   5142.5000    3.43720E-14
   5143.7500    3.38380E-14
   5145.0000    3.14800E-14
   5146.2500    2.97100E-14
   5147.5000    3.14450E-14
   5148.7500    3.21560E-14
   5150.0000    3.27970E-14
   5151.2500    2.87840E-14
   5152.5000    3.28120E-14
   5153.7500    3.20680E-14
   5155.0000    3.05560E-14
   5156.2500    3.26850E-14
   5157.5000    3.05060E-14
   5158.7500    3.14000E-14
   5160.0000    3.03300E-14
   5161.2500    3.22780E-14
   5162.5000    3.34910E-14
   5163.7500    3.14360E-14
   5165.0000    3.15300E-14
   5166.2500    3.05340E-14
   5167.5000    2.79790E-14
   5168.7500    2.83270E-14
   5170.0000    2.66030E-14
   5171.2500    2.77740E-14
   5172.5000    2.87740E-14
   5173.7500    3.03800E-14
   5175.0000    2.53100E-14
   5176.2500    2.62420E-14
   5177.5000    2.67500E-14
   5178.7500    2.80930E-14
   5180.0000    2.74480E-14
   5181.2500    2.76410E-14
   5182.5000    2.92450E-14
   5183.7500    2.56440E-14
   5185.0000    2.77270E-14
   5186.2500    2.94930E-14
   5187.5000    3.02770E-14
   5188.7500    2.73340E-14
   5190.0000    3.00640E-14
   5191.2500    3.12140E-14
   5192.5000    3.07590E-14
   5193.7500    2.98720E-14
   5195.0000    2.82160E-14
   5196.2500    2.79700E-14
   5197.5000    2.91670E-14
   5198.7500    3.08350E-14
   5200.0000    3.08310E-14
   5201.2500    2.99630E-14
   5202.5000    3.08470E-14
   5203.7500    3.16620E-14
   5205.0000    3.12260E-14
   5206.2500    3.04870E-14
   5207.5000    2.95100E-14
   5208.7500    3.26390E-14
   5210.0000    3.06290E-14
   5211.2500    2.94290E-14
   5212.5000    3.22530E-14
   5213.7500    3.14120E-14
   5215.0000    3.10710E-14
   5216.2500    3.28410E-14
   5217.5000    3.14850E-14
   5218.7500    3.21520E-14
   5220.0000    3.32180E-14
   5221.2500    3.24840E-14
   5222.5000    3.36570E-14
   5223.7500    3.11070E-14
   5225.0000    3.29860E-14
   5226.2500    3.30810E-14
   5227.5000    3.56570E-14
   5228.7500    3.15680E-14
   5230.0000    3.36530E-14
   5231.2500    3.20600E-14
   5232.5000    3.55080E-14
   5233.7500    3.34440E-14
   5235.0000    3.54580E-14
   5236.2500    3.31850E-14
   5237.5000    3.57010E-14
   5238.7500    3.39750E-14
   5240.0000    3.46280E-14
   5241.2500    3.50150E-14
   5242.5000    3.16400E-14
   5243.7500    3.31220E-14
   5245.0000    3.33320E-14
   5246.2500    3.51520E-14
   5247.5000    3.48290E-14
   5248.7500    3.46040E-14
   5250.0000    3.49120E-14
   5251.2500    3.40880E-14
   5252.5000    3.29720E-14
   5253.7500    3.48880E-14
   5255.0000    3.40370E-14
   5256.2500    3.39040E-14
   5257.5000    3.13060E-14
   5258.7500    3.29860E-14
   5260.0000    3.40910E-14
   5261.2500    3.38010E-14
   5262.5000    3.09960E-14
   5263.7500    3.30340E-14
   5265.0000    3.15990E-14
   5266.2500    3.20350E-14
   5267.5000    3.31590E-14
   5268.7500    3.13460E-14
   5270.0000    3.35020E-14
   5271.2500    2.85260E-14
   5272.5000    3.10210E-14
   5273.7500    3.33920E-14
   5275.0000    3.28540E-14
   5276.2500    3.21800E-14
   5277.5000    3.54930E-14
   5278.7500    3.26510E-14
   5280.0000    3.34400E-14
   5281.2500    3.44850E-14
   5282.5000    3.50960E-14
   5283.7500    3.19430E-14
   5285.0000    3.57400E-14
   5286.2500    3.66400E-14
   5287.5000    3.49920E-14
   5288.7500    3.51570E-14
   5290.0000    3.57760E-14
   5291.2500    3.52710E-14
   5292.5000    3.64060E-14
   5293.7500    3.70390E-14
   5295.0000    3.68560E-14
   5296.2500    3.81740E-14
   5297.5000    3.66040E-14
   5298.7500    3.43350E-14
   5300.0000    3.74480E-14
   5301.2500    3.85920E-14
   5302.5000    3.52760E-14
   5303.7500    3.74000E-14
   5305.0000    3.44130E-14
   5306.2500    3.63020E-14
   5307.5000    3.46290E-14
   5308.7500    3.65660E-14
   5310.0000    3.88990E-14
   5311.2500    3.86040E-14
   5312.5000    3.88820E-14
   5313.7500    3.66070E-14
   5315.0000    3.79320E-14
   5316.2500    3.83290E-14
   5317.5000    3.78610E-14
   5318.7500    3.77150E-14
   5320.0000    3.73130E-14
   5321.2500    3.74520E-14
   5322.5000    3.50280E-14
   5323.7500    3.64620E-14
   5325.0000    3.44500E-14
   5326.2500    3.68840E-14
   5327.5000    3.60350E-14
   5328.7500    3.27980E-14
   5330.0000    3.48170E-14
   5331.2500    3.46740E-14
   5332.5000    3.44290E-14
   5333.7500    3.58570E-14
   5335.0000    3.51210E-14
   5336.2500    3.37820E-14
   5337.5000    3.14590E-14
   5338.7500    3.57880E-14
   5340.0000    3.42210E-14
   5341.2500    3.53780E-14
   5342.5000    3.75100E-14
   5343.7500    3.56960E-14
   5345.0000    3.51800E-14
   5346.2500    3.95150E-14
   5347.5000    3.48120E-14
   5348.7500    3.49790E-14
   5350.0000    3.60690E-14
   5351.2500    3.76860E-14
   5352.5000    3.48250E-14
   5353.7500    3.48140E-14
   5355.0000    3.60520E-14
   5356.2500    3.82110E-14
   5357.5000    3.81220E-14
   5358.7500    3.72710E-14
   5360.0000    3.83470E-14
   5361.2500    3.80620E-14
   5362.5000    3.55760E-14
   5363.7500    3.80580E-14
   5365.0000    3.83030E-14
   5366.2500    3.74320E-14
   5367.5000    3.59980E-14
   5368.7500    3.61210E-14
   5370.0000    3.89600E-14
   5371.2500    3.66110E-14
   5372.5000    3.58160E-14
   5373.7500    3.82920E-14
   5375.0000    3.34820E-14
   5376.2500    3.47480E-14
   5377.5000    3.41460E-14
   5378.7500    3.72130E-14
   5380.0000    3.73310E-14
   5381.2500    3.89040E-14
   5382.5000    3.60510E-14
   5383.7500    3.73890E-14
   5385.0000    3.63050E-14
   5386.2500    3.71380E-14
   5387.5000    3.49010E-14
   5388.7500    3.52100E-14
   5390.0000    3.56980E-14
   5391.2500    3.54170E-14
   5392.5000    3.67260E-14
   5393.7500    3.60370E-14
   5395.0000    3.48050E-14
   5396.2500    3.54060E-14
   5397.5000    3.32430E-14
   5398.7500    3.88370E-14
   5400.0000    3.54800E-14
   5401.2500    3.39750E-14
   5402.5000    3.57910E-14
   5403.7500    3.62980E-14
   5405.0000    3.48920E-14
   5406.2500    3.21980E-14
   5407.5000    3.31020E-14
   5408.7500    3.50620E-14
   5410.0000    3.63370E-14
   5411.2500    3.61870E-14
   5412.5000    3.42370E-14
   5413.7500    3.54760E-14
   5415.0000    3.78980E-14
   5416.2500    3.49220E-14
   5417.5000    3.76950E-14
   5418.7500    3.69020E-14
   5420.0000    3.84280E-14
   5421.2500    3.65000E-14
   5422.5000    3.60390E-14
   5423.7500    3.68480E-14
   5425.0000    3.64640E-14
   5426.2500    3.58140E-14
   5427.5000    3.70400E-14
   5428.7500    3.84130E-14
   5430.0000    3.27980E-14
   5431.2500    3.64240E-14
   5432.5000    3.54930E-14
   5433.7500    3.68480E-14
   5435.0000    3.70100E-14
   5436.2500    3.38320E-14
   5437.5000    3.69580E-14
   5438.7500    3.65120E-14
   5440.0000    3.66150E-14
   5441.2500    3.60100E-14
   5442.5000    3.35160E-14
   5443.7500    3.80700E-14
   5445.0000    3.92920E-14
   5446.2500    3.52850E-14
   5447.5000    3.53340E-14
   5448.7500    3.53800E-14
   5450.0000    3.55860E-14
   5451.2500    3.52880E-14
   5452.5000    3.53120E-14
   5453.7500    3.63850E-14
   5455.0000    3.51800E-14
   5456.2500    3.49940E-14
   5457.5000    3.60670E-14
   5458.7500    3.55500E-14
   5460.0000    3.57500E-14
   5461.2500    3.54000E-14
   5462.5000    3.57030E-14
   5463.7500    3.64090E-14
   5465.0000    3.58520E-14
   5466.2500    3.80820E-14
   5467.5000    3.90240E-14
   5468.7500    3.59870E-14
   5470.0000    3.59530E-14
   5471.2500    3.65140E-14
   5472.5000    3.48260E-14
   5473.7500    3.53800E-14
   5475.0000    3.44340E-14
   5476.2500    3.77720E-14
   5477.5000    3.65460E-14
   5478.7500    3.56270E-14
   5480.0000    3.72510E-14
   5481.2500    3.57520E-14
   5482.5000    3.56920E-14
   5483.7500    3.46430E-14
   5485.0000    3.60980E-14
   5486.2500    3.49300E-14
   5487.5000    3.79450E-14
   5488.7500    3.46800E-14
   5490.0000    3.53570E-14
   5491.2500    3.66340E-14
   5492.5000    3.51330E-14
   5493.7500    3.83420E-14
   5495.0000    3.65960E-14
   5496.2500    3.76730E-14
   5497.5000    3.64930E-14
   5498.7500    3.57170E-14
   5500.0000    3.67880E-14
   5501.2500    3.82100E-14
   5502.5000    3.92870E-14
   5503.7500    3.57890E-14
   5505.0000    3.92580E-14
   5506.2500    3.53750E-14
   5507.5000    3.69690E-14
   5508.7500    3.64960E-14
   5510.0000    3.70110E-14
   5511.2500    3.64900E-14
   5512.5000    3.61690E-14
   5513.7500    3.71210E-14
   5515.0000    3.59870E-14
   5516.2500    3.75820E-14
   5517.5000    3.54030E-14
   5518.7500    3.58120E-14
   5520.0000    3.51620E-14
   5521.2500    3.82070E-14
   5522.5000    3.86790E-14
   5523.7500    3.50170E-14
   5525.0000    3.73070E-14
   5526.2500    3.45070E-14
   5527.5000    3.85750E-14
   5528.7500    3.48840E-14
   5530.0000    3.72920E-14
   5531.2500    3.80270E-14
   5532.5000    3.73860E-14
   5533.7500    4.01220E-14
   5535.0000    3.55560E-14
   5536.2500    3.77390E-14
   5537.5000    3.56910E-14
   5538.7500    3.58820E-14
   5540.0000    3.73130E-14
   5541.2500    3.84540E-14
   5542.5000    3.59430E-14
   5543.7500    3.86320E-14
   5545.0000    3.56050E-14
   5546.2500    3.74900E-14
   5547.5000    3.95020E-14
   5548.7500    3.83200E-14
   5550.0000    3.84490E-14
   5551.2500    3.90320E-14
   5552.5000    3.62450E-14
   5553.7500    3.65510E-14
   5555.0000    3.54900E-14
   5556.2500    3.70660E-14
   5557.5000    3.88060E-14
   5558.7500    3.91350E-14
   5560.0000    3.76650E-14
   5561.2500    3.32940E-14
   5562.5000    3.71450E-14
   5563.7500    3.60730E-14
   5565.0000    4.16180E-14
   5566.2500    3.75500E-14
   5567.5000    3.77700E-14
   5568.7500    3.77710E-14
   5570.0000    3.67140E-14
   5571.2500    3.72750E-14
   5572.5000    3.67970E-14
   5573.7500    3.86110E-14
   5575.0000    3.75450E-14
   5576.2500    3.51350E-14
   5577.5000    3.80520E-14
   5578.7500    3.68300E-14
   5580.0000    3.83390E-14
   5581.2500    3.68200E-14
   5582.5000    3.98400E-14
   5583.7500    3.60080E-14
   5585.0000    3.86370E-14
   5586.2500    3.71280E-14
   5587.5000    3.51450E-14
   5588.7500    3.47670E-14
   5590.0000    3.71980E-14
   5591.2500    3.75380E-14
   5592.5000    3.56180E-14
   5593.7500    3.40520E-14
   5595.0000    3.49150E-14
   5596.2500    3.56130E-14
   5597.5000    3.60160E-14
   5598.7500    3.59840E-14
   5600.0000    3.75140E-14
   5601.2500    3.35240E-14
   5602.5000    3.79590E-14
   5603.7500    3.67890E-14
   5605.0000    3.62630E-14
   5606.2500    3.91680E-14
   5607.5000    3.47030E-14
   5608.7500    3.58590E-14
   5610.0000    3.69580E-14
   5611.2500    3.66290E-14
   5612.5000    3.78450E-14
   5613.7500    3.81040E-14
   5615.0000    3.57880E-14
   5616.2500    3.71140E-14
   5617.5000    3.72400E-14
   5618.7500    3.61110E-14
   5620.0000    3.65730E-14
   5621.2500    3.78880E-14
   5622.5000    3.66190E-14
   5623.7500    3.57120E-14
   5625.0000    3.52210E-14
   5626.2500    3.54480E-14
   5627.5000    3.93630E-14
   5628.7500    3.61620E-14
   5630.0000    3.84110E-14
   5631.2500    3.69960E-14
   5632.5000    3.65040E-14
   5633.7500    3.68230E-14
   5635.0000    3.53020E-14
   5636.2500    3.56330E-14
   5637.5000    3.77770E-14
   5638.7500    3.77700E-14
   5640.0000    3.76890E-14
   5641.2500    3.72710E-14
   5642.5000    3.79660E-14
   5643.7500    3.59080E-14
   5645.0000    4.01380E-14
   5646.2500    3.96570E-14
   5647.5000    3.65490E-14
   5648.7500    3.75150E-14
   5650.0000    3.56510E-14
   5651.2500    3.65610E-14
   5652.5000    3.61840E-14
   5653.7500    3.76610E-14
   5655.0000    3.82620E-14
   5656.2500    3.86500E-14
   5657.5000    3.68370E-14
   5658.7500    3.65110E-14
   5660.0000    3.91620E-14
   5661.2500    3.71080E-14
   5662.5000    3.72830E-14
   5663.7500    3.50560E-14
   5665.0000    3.57800E-14
   5666.2500    3.83220E-14
   5667.5000    3.64660E-14
   5668.7500    3.67960E-14
   5670.0000    3.67570E-14
   5671.2500    3.66790E-14
   5672.5000    3.70310E-14
   5673.7500    3.79940E-14
   5675.0000    3.80680E-14
   5676.2500    3.65880E-14
   5677.5000    3.79290E-14
   5678.7500    3.72380E-14
   5680.0000    3.86790E-14
   5681.2500    3.85410E-14
   5682.5000    3.68420E-14
   5683.7500    3.78340E-14
   5685.0000    3.53260E-14
   5686.2500    3.86410E-14
   5687.5000    3.94370E-14
   5688.7500    3.82950E-14
   5690.0000    3.77180E-14
   5691.2500    3.72850E-14
   5692.5000    3.84160E-14
   5693.7500    3.72730E-14
   5695.0000    3.80360E-14
   5696.2500    3.75850E-14
   5697.5000    3.63310E-14
   5698.7500    3.71020E-14
   5700.0000    3.80530E-14
   5701.2500    3.63800E-14
   5702.5000    3.89450E-14
   5703.7500    3.63740E-14
   5705.0000    3.76290E-14
   5706.2500    3.62740E-14
   5707.5000    3.82990E-14
   5708.7500    3.55220E-14
   5710.0000    3.64700E-14
   5711.2500    3.52390E-14
   5712.5000    3.68550E-14
   5713.7500    3.62790E-14
   5715.0000    3.76800E-14
   5716.2500    3.58900E-14
   5717.5000    3.69290E-14
   5718.7500    3.85120E-14
   5720.0000    3.98880E-14
   5721.2500    3.68140E-14
   5722.5000    3.97660E-14
   5723.7500    3.95530E-14
   5725.0000    3.79830E-14
   5726.2500    3.72810E-14
   5727.5000    4.00380E-14
   5728.7500    3.73040E-14
   5730.0000    3.99580E-14
   5731.2500    3.84560E-14
   5732.5000    3.88960E-14
   5733.7500    3.91090E-14
   5735.0000    3.88750E-14
   5736.2500    4.08600E-14
   5737.5000    3.84800E-14
   5738.7500    3.85280E-14
   5740.0000    3.95690E-14
   5741.2500    3.87210E-14
   5742.5000    4.00860E-14
   5743.7500    4.12010E-14
   5745.0000    4.12950E-14
   5746.2500    3.99320E-14
   5747.5000    3.95250E-14
   5748.7500    3.93930E-14
   5750.0000    3.88130E-14
   5751.2500    3.80340E-14
   5752.5000    4.08330E-14
   5753.7500    3.88470E-14
   5755.0000    3.75320E-14
   5756.2500    4.04340E-14
   5757.5000    3.81130E-14
   5758.7500    4.00690E-14
   5760.0000    3.91260E-14
   5761.2500    3.89360E-14
   5762.5000    3.85190E-14
   5763.7500    3.98450E-14
   5765.0000    4.21450E-14
   5766.2500    3.62470E-14
   5767.5000    3.79880E-14
   5768.7500    3.74720E-14
   5770.0000    3.99130E-14
   5771.2500    3.84560E-14
   5772.5000    3.90380E-14
   5773.7500    4.02790E-14
   5775.0000    3.72620E-14
   5776.2500    3.81010E-14
   5777.5000    3.98110E-14
   5778.7500    3.90490E-14
   5780.0000    3.72250E-14
   5781.2500    3.73990E-14
   5782.5000    4.18020E-14
   5783.7500    3.85440E-14
   5785.0000    3.82100E-14
   5786.2500    3.84000E-14
   5787.5000    3.74890E-14
   5788.7500    4.00470E-14
   5790.0000    3.73200E-14
   5791.2500    4.02570E-14
   5792.5000    3.91080E-14
   5793.7500    3.85270E-14
   5795.0000    3.96370E-14
   5796.2500    3.89520E-14
   5797.5000    3.96550E-14
   5798.7500    4.06670E-14
   5800.0000    3.92140E-14
