   3600.0000    2.88760E-14
   3602.0000    2.80890E-14
   3604.0000    2.82940E-14
   3606.0000    2.82560E-14
   3608.0000    2.82680E-14
   3610.0000    2.86920E-14
   3612.0000    2.78300E-14
   3614.0000    2.95740E-14
   3616.0000    2.92230E-14
   3618.0000    2.93450E-14
   3620.0000    2.92170E-14
   3622.0000    3.01020E-14
   3624.0000    2.93050E-14
   3626.0000    2.99960E-14
   3628.0000    3.08770E-14
   3630.0000    3.01280E-14
   3632.0000    2.96550E-14
   3634.0000    3.00920E-14
   3636.0000    2.97390E-14
   3638.0000    2.93300E-14
   3640.0000    2.96080E-14
   3642.0000    2.99730E-14
   3644.0000    2.94390E-14
   3646.0000    2.91020E-14
   3648.0000    2.97510E-14
   3650.0000    2.99050E-14
   3652.0000    3.05000E-14
   3654.0000    2.88580E-14
   3656.0000    3.01290E-14
   3658.0000    3.01150E-14
   3660.0000    2.93740E-14
   3662.0000    3.06090E-14
   3664.0000    2.96140E-14
   3666.0000    2.99800E-14
   3668.0000    2.92880E-14
   3670.0000    3.02680E-14
   3672.0000    2.91200E-14
   3674.0000    2.92640E-14
   3676.0000    2.88710E-14
   3678.0000    2.92600E-14
   3680.0000    2.91040E-14
   3682.0000    2.86460E-14
   3684.0000    2.94200E-14
   3686.0000    2.81780E-14
   3688.0000    2.77890E-14
   3690.0000    2.94320E-14
   3692.0000    2.87770E-14
   3694.0000    2.93110E-14
   3696.0000    2.91270E-14
   3698.0000    2.92530E-14
   3700.0000    2.94810E-14
   3702.0000    2.94100E-14
   3704.0000    2.83680E-14
   3706.0000    2.75640E-14
   3708.0000    2.81650E-14
   3710.0000    2.75460E-14
   3712.0000    2.75180E-14
   3714.0000    2.81010E-14
   3716.0000    2.87050E-14
   3718.0000    2.94030E-14
   3720.0000    2.89150E-14
   3722.0000    2.69500E-14
   3724.0000    2.80580E-14
   3726.0000    2.98350E-14
   3728.0000    3.09510E-14
   3730.0000    3.09790E-14
   3732.0000    2.93070E-14
   3734.0000    2.70110E-14
   3736.0000    2.69420E-14
   3738.0000    2.85630E-14
   3740.0000    3.13920E-14
   3742.0000    3.29420E-14
   3744.0000    3.32840E-14
   3746.0000    3.18530E-14
   3748.0000    2.92000E-14
   3750.0000    2.70910E-14
   3752.0000    2.74680E-14
   3754.0000    2.95050E-14
   3756.0000    3.20100E-14
   3758.0000    3.31360E-14
   3760.0000    3.56380E-14
   3762.0000    3.49490E-14
   3764.0000    3.38090E-14
   3766.0000    3.19480E-14
   3768.0000    3.04550E-14
   3770.0000    2.73400E-14
   3772.0000    2.68210E-14
   3774.0000    2.74990E-14
   3776.0000    3.11420E-14
   3778.0000    3.43980E-14
   3780.0000    3.64970E-14
   3782.0000    3.76350E-14
   3784.0000    3.86740E-14
   3786.0000    3.94460E-14
   3788.0000    3.82240E-14
   3790.0000    3.64020E-14
   3792.0000    3.43650E-14
   3794.0000    3.19390E-14
   3796.0000    2.85970E-14
   3798.0000    2.56840E-14
   3800.0000    2.61000E-14
   3802.0000    2.85190E-14
   3804.0000    3.19820E-14
   3806.0000    3.50640E-14
   3808.0000    3.75940E-14
   3810.0000    3.86830E-14
   3812.0000    3.96370E-14
   3814.0000    3.98080E-14
   3816.0000    3.94390E-14
   3818.0000    3.76120E-14
   3820.0000    3.76510E-14
   3822.0000    3.76530E-14
   3824.0000    3.67790E-14
   3826.0000    3.67060E-14
   3828.0000    3.50240E-14
   3830.0000    3.26030E-14
   3832.0000    3.01090E-14
   3834.0000    2.63890E-14
   3836.0000    2.57010E-14
   3838.0000    2.43760E-14
   3840.0000    2.88830E-14
   3842.0000    3.15800E-14
   3844.0000    3.52510E-14
   3846.0000    3.74440E-14
   3848.0000    3.95230E-14
   3850.0000    4.03600E-14
   3852.0000    4.03280E-14
   3854.0000    4.03430E-14
   3856.0000    4.09640E-14
   3858.0000    4.11130E-14
   3860.0000    4.17570E-14
   3862.0000    4.08300E-14
   3864.0000    4.08700E-14
   3866.0000    4.08710E-14
   3868.0000    4.10780E-14
   3870.0000    4.02250E-14
   3872.0000    4.00830E-14
   3874.0000    3.94990E-14
   3876.0000    3.93230E-14
   3878.0000    3.86090E-14
   3880.0000    3.69810E-14
   3882.0000    3.66830E-14
   3884.0000    3.35230E-14
   3886.0000    2.97990E-14
   3888.0000    2.68640E-14
   3890.0000    2.57420E-14
   3892.0000    2.58190E-14
   3894.0000    2.99860E-14
   3896.0000    3.33290E-14
   3898.0000    3.61570E-14
   3900.0000    3.73900E-14
   3902.0000    3.98770E-14
   3904.0000    4.09940E-14
   3906.0000    4.12390E-14
   3908.0000    4.16500E-14
   3910.0000    4.24210E-14
   3912.0000    4.36180E-14
   3914.0000    4.38100E-14
   3916.0000    4.32930E-14
   3918.0000    4.18020E-14
   3920.0000    4.27180E-14
   3922.0000    4.29140E-14
   3924.0000    4.19900E-14
   3926.0000    4.25280E-14
   3928.0000    4.15280E-14
   3930.0000    3.96500E-14
   3932.0000    3.83080E-14
   3934.0000    3.78810E-14
   3936.0000    3.81170E-14
   3938.0000    3.92770E-14
   3940.0000    4.10040E-14
   3942.0000    4.16760E-14
   3944.0000    4.21920E-14
   3946.0000    4.21800E-14
   3948.0000    4.17590E-14
   3950.0000    4.23140E-14
   3952.0000    4.14120E-14
   3954.0000    4.14770E-14
   3956.0000    4.05120E-14
   3958.0000    4.04570E-14
   3960.0000    3.92300E-14
   3962.0000    3.70360E-14
   3964.0000    3.36610E-14
   3966.0000    2.98200E-14
   3968.0000    2.66340E-14
   3970.0000    2.42980E-14
   3972.0000    2.45290E-14
   3974.0000    2.67440E-14
   3976.0000    3.12710E-14
   3978.0000    3.40590E-14
   3980.0000    3.62710E-14
   3982.0000    3.92540E-14
   3984.0000    4.04810E-14
   3986.0000    4.09750E-14
   3988.0000    4.19770E-14
   3990.0000    4.24760E-14
   3992.0000    4.22500E-14
   3994.0000    4.29490E-14
   3996.0000    4.35720E-14
   3998.0000    4.32750E-14
   4000.0000    4.33940E-14
   4002.0000    4.40240E-14
   4004.0000    4.37520E-14
   4006.0000    4.37960E-14
   4008.0000    4.34910E-14
   4010.0000    4.29200E-14
   4012.0000    4.31280E-14
   4014.0000    4.43450E-14
   4016.0000    4.46090E-14
   4018.0000    4.54050E-14
   4020.0000    4.48920E-14
   4022.0000    4.48340E-14
   4024.0000    4.47690E-14
   4026.0000    4.28850E-14
   4028.0000    4.29860E-14
   4030.0000    4.27930E-14
   4032.0000    4.36650E-14
   4034.0000    4.46890E-14
   4036.0000    4.43400E-14
   4038.0000    4.55150E-14
   4040.0000    4.52900E-14
   4042.0000    4.53450E-14
   4044.0000    4.46350E-14
   4046.0000    4.45800E-14
   4048.0000    4.51280E-14
   4050.0000    4.57400E-14
   4052.0000    4.44560E-14
   4054.0000    4.52170E-14
   4056.0000    4.50160E-14
   4058.0000    4.53870E-14
   4060.0000    4.46100E-14
   4062.0000    4.47600E-14
   4064.0000    4.39990E-14
   4066.0000    4.31390E-14
   4068.0000    4.35790E-14
   4070.0000    4.21260E-14
   4072.0000    4.19970E-14
   4074.0000    4.21020E-14
   4076.0000    4.14060E-14
   4078.0000    4.09190E-14
   4080.0000    4.20230E-14
   4082.0000    4.20410E-14
   4084.0000    4.15960E-14
   4086.0000    4.14190E-14
   4088.0000    4.04400E-14
   4090.0000    4.04210E-14
   4092.0000    3.85200E-14
   4094.0000    3.82540E-14
   4096.0000    3.43200E-14
   4098.0000    3.25580E-14
   4100.0000    2.95150E-14
   4102.0000    2.72380E-14
   4104.0000    2.70140E-14
   4106.0000    2.96000E-14
   4108.0000    3.22020E-14
   4110.0000    3.48510E-14
   4112.0000    3.73590E-14
   4114.0000    3.87370E-14
   4116.0000    3.97480E-14
   4118.0000    4.04550E-14
   4120.0000    3.99520E-14
   4122.0000    4.10100E-14
   4124.0000    4.21550E-14
   4126.0000    4.13880E-14
   4128.0000    4.19680E-14
   4130.0000    4.13540E-14
   4132.0000    4.21900E-14
   4134.0000    4.18390E-14
   4136.0000    4.26740E-14
   4138.0000    4.34030E-14
   4140.0000    4.36970E-14
   4142.0000    4.32020E-14
   4144.0000    4.25790E-14
   4146.0000    4.19880E-14
   4148.0000    4.32270E-14
   4150.0000    4.27240E-14
   4152.0000    4.36170E-14
   4154.0000    4.34590E-14
   4156.0000    4.35210E-14
   4158.0000    4.30250E-14
   4160.0000    4.38040E-14
   4162.0000    4.35750E-14
   4164.0000    4.42310E-14
   4166.0000    4.43390E-14
   4168.0000    4.31800E-14
   4170.0000    4.37170E-14
   4172.0000    4.29590E-14
   4174.0000    4.29080E-14
   4176.0000    4.34280E-14
   4178.0000    4.17260E-14
   4180.0000    4.34440E-14
   4182.0000    4.31550E-14
   4184.0000    4.28950E-14
   4186.0000    4.35030E-14
   4188.0000    4.32190E-14
   4190.0000    4.45050E-14
   4192.0000    4.35310E-14
   4194.0000    4.30720E-14
   4196.0000    4.29870E-14
   4198.0000    4.30370E-14
   4200.0000    4.20270E-14
   4202.0000    4.16180E-14
   4204.0000    4.22710E-14
   4206.0000    4.30900E-14
   4208.0000    4.37930E-14
   4210.0000    4.24390E-14
   4212.0000    4.36420E-14
   4214.0000    4.36790E-14
   4216.0000    4.32800E-14
   4218.0000    4.33830E-14
   4220.0000    4.35930E-14
   4222.0000    4.30430E-14
   4224.0000    4.31900E-14
   4226.0000    4.26190E-14
   4228.0000    4.27770E-14
   4230.0000    4.24510E-14
   4232.0000    4.30370E-14
   4234.0000    4.26930E-14
   4236.0000    4.27390E-14
   4238.0000    4.38250E-14
   4240.0000    4.34450E-14
   4242.0000    4.31770E-14
   4244.0000    4.33330E-14
   4246.0000    4.29990E-14
   4248.0000    4.32610E-14
   4250.0000    4.37240E-14
   4252.0000    4.25100E-14
   4254.0000    4.24050E-14
   4256.0000    4.33760E-14
   4258.0000    4.26590E-14
   4260.0000    4.27490E-14
   4262.0000    4.26600E-14
   4264.0000    4.26850E-14
   4266.0000    4.31800E-14
   4268.0000    4.25000E-14
   4270.0000    4.31210E-14
   4272.0000    4.28010E-14
   4274.0000    4.22100E-14
   4276.0000    4.20410E-14
   4278.0000    4.16840E-14
   4280.0000    4.14200E-14
   4282.0000    4.26710E-14
   4284.0000    4.21930E-14
   4286.0000    4.30430E-14
   4288.0000    4.21210E-14
   4290.0000    4.10690E-14
   4292.0000    4.16740E-14
   4294.0000    4.13510E-14
   4296.0000    4.13380E-14
   4298.0000    3.98380E-14
   4300.0000    4.00160E-14
   4302.0000    4.02980E-14
   4304.0000    4.01910E-14
   4306.0000    3.90730E-14
   4308.0000    4.02810E-14
   4310.0000    3.92690E-14
   4312.0000    4.10090E-14
   4314.0000    4.04460E-14
   4316.0000    4.08150E-14
   4318.0000    4.18230E-14
   4320.0000    4.11650E-14
   4322.0000    4.06160E-14
   4324.0000    3.92760E-14
   4326.0000    3.92930E-14
   4328.0000    3.87400E-14
   4330.0000    3.79830E-14
   4332.0000    3.71260E-14
   4334.0000    3.62810E-14
   4336.0000    3.32780E-14
   4338.0000    2.99350E-14
   4340.0000    2.73780E-14
   4342.0000    2.76430E-14
   4344.0000    2.82830E-14
   4346.0000    3.10280E-14
   4348.0000    3.42580E-14
   4350.0000    3.59930E-14
   4352.0000    3.72240E-14
   4354.0000    3.76870E-14
   4356.0000    3.92880E-14
   4358.0000    4.04300E-14
   4360.0000    4.03490E-14
   4362.0000    4.09550E-14
   4364.0000    4.18710E-14
   4366.0000    4.05220E-14
   4368.0000    4.04480E-14
   4370.0000    4.14120E-14
   4372.0000    4.09920E-14
   4374.0000    4.06080E-14
   4376.0000    4.08610E-14
   4378.0000    4.02130E-14
   4380.0000    4.09830E-14
   4382.0000    4.04970E-14
   4384.0000    3.88350E-14
   4386.0000    3.83520E-14
   4388.0000    3.88260E-14
   4390.0000    3.92730E-14
   4392.0000    3.98630E-14
   4394.0000    3.98490E-14
   4396.0000    4.00850E-14
   4398.0000    4.09480E-14
   4400.0000    4.04810E-14
   4402.0000    4.10580E-14
   4404.0000    4.03740E-14
   4406.0000    4.02100E-14
   4408.0000    4.05980E-14
   4410.0000    4.16630E-14
   4412.0000    4.08640E-14
   4414.0000    4.07150E-14
   4416.0000    3.98790E-14
   4418.0000    4.05400E-14
   4420.0000    4.09280E-14
   4422.0000    4.08750E-14
   4424.0000    4.03150E-14
   4426.0000    4.08500E-14
   4428.0000    4.15910E-14
   4430.0000    4.15730E-14
   4432.0000    4.07020E-14
   4434.0000    4.09050E-14
   4436.0000    4.08450E-14
   4438.0000    4.11230E-14
   4440.0000    4.10270E-14
   4442.0000    4.11820E-14
   4444.0000    4.13220E-14
   4446.0000    4.15230E-14
   4448.0000    4.16680E-14
   4450.0000    4.23870E-14
   4452.0000    4.18630E-14
   4454.0000    4.07920E-14
   4456.0000    4.06840E-14
   4458.0000    4.06920E-14
   4460.0000    4.12990E-14
   4462.0000    4.11410E-14
   4464.0000    4.10940E-14
   4466.0000    4.06900E-14
   4468.0000    4.03440E-14
   4470.0000    3.99190E-14
   4472.0000    3.99500E-14
   4474.0000    3.95160E-14
   4476.0000    4.02890E-14
   4478.0000    4.10100E-14
   4480.0000    4.10760E-14
   4482.0000    4.13950E-14
   4484.0000    4.04620E-14
   4486.0000    4.10580E-14
   4488.0000    4.09680E-14
   4490.0000    4.15510E-14
   4492.0000    4.16330E-14
   4494.0000    4.13530E-14
   4496.0000    4.16790E-14
   4498.0000    4.14690E-14
   4500.0000    4.17330E-14
   4502.0000    4.20900E-14
   4504.0000    4.16900E-14
   4506.0000    4.17170E-14
   4508.0000    4.26030E-14
   4510.0000    4.13180E-14
   4512.0000    4.11940E-14
   4514.0000    4.13760E-14
   4516.0000    4.09940E-14
   4518.0000    4.09150E-14
   4520.0000    4.15130E-14
   4522.0000    4.04340E-14
   4524.0000    4.07680E-14
   4526.0000    4.07400E-14
   4528.0000    4.06060E-14
   4530.0000    4.00390E-14
   4532.0000    3.99120E-14
   4534.0000    3.97960E-14
   4536.0000    4.05820E-14
   4538.0000    4.10990E-14
   4540.0000    4.11020E-14
   4542.0000    4.12120E-14
   4544.0000    4.03520E-14
   4546.0000    4.06580E-14
   4548.0000    4.02110E-14
   4550.0000    4.08880E-14
   4552.0000    4.03570E-14
   4554.0000    4.06820E-14
   4556.0000    4.00090E-14
   4558.0000    4.08810E-14
   4560.0000    4.06150E-14
   4562.0000    4.16100E-14
   4564.0000    4.04010E-14
   4566.0000    4.06560E-14
   4568.0000    4.16330E-14
   4570.0000    4.13450E-14
   4572.0000    4.10170E-14
   4574.0000    4.08150E-14
   4576.0000    4.03340E-14
   4578.0000    4.12650E-14
   4580.0000    4.05410E-14
   4582.0000    3.98600E-14
   4584.0000    3.97230E-14
   4586.0000    3.98710E-14
   4588.0000    3.99370E-14
   4590.0000    4.02050E-14
   4592.0000    4.04360E-14
   4594.0000    3.98060E-14
   4596.0000    3.96900E-14
   4598.0000    4.12120E-14
   4600.0000    4.04040E-14
   4602.0000    3.99470E-14
   4604.0000    4.01960E-14
   4606.0000    4.04000E-14
   4608.0000    4.10900E-14
   4610.0000    4.05630E-14
   4612.0000    4.05050E-14
   4614.0000    4.01230E-14
   4616.0000    4.11710E-14
   4618.0000    4.06130E-14
   4620.0000    4.05740E-14
   4622.0000    4.02930E-14
   4624.0000    4.07080E-14
   4626.0000    4.09330E-14
   4628.0000    4.09120E-14
   4630.0000    4.04320E-14
   4632.0000    4.05830E-14
   4634.0000    4.02850E-14
   4636.0000    4.03990E-14
   4638.0000    4.02370E-14
   4640.0000    3.99390E-14
   4642.0000    4.04820E-14
   4644.0000    3.99300E-14
   4646.0000    4.01290E-14
   4648.0000    4.01480E-14
   4650.0000    3.96570E-14
   4652.0000    4.03690E-14
   4654.0000    3.99530E-14
   4656.0000    3.98850E-14
   4658.0000    4.16700E-14
   4660.0000    4.06880E-14
   4662.0000    4.10830E-14
   4664.0000    4.03260E-14
   4666.0000    4.06140E-14
   4668.0000    4.02770E-14
   4670.0000    4.01120E-14
   4672.0000    3.98470E-14
   4674.0000    3.99120E-14
   4676.0000    3.99820E-14
   4678.0000    4.06630E-14
   4680.0000    3.99770E-14
   4682.0000    3.97930E-14
   4684.0000    3.97100E-14
   4686.0000    4.03060E-14
   4688.0000    4.01320E-14
   4690.0000    3.99110E-14
   4692.0000    4.03040E-14
   4694.0000    3.96060E-14
   4696.0000    3.96210E-14
   4698.0000    3.94860E-14
   4700.0000    4.02200E-14
   4702.0000    3.94620E-14
   4704.0000    3.93090E-14
   4706.0000    3.94310E-14
   4708.0000    4.02940E-14
   4710.0000    3.93770E-14
   4712.0000    3.80500E-14
   4714.0000    3.98440E-14
   4716.0000    4.00000E-14
   4718.0000    3.96720E-14
   4720.0000    3.95200E-14
   4722.0000    4.05290E-14
   4724.0000    3.96560E-14
   4726.0000    4.02850E-14
   4728.0000    3.92390E-14
   4730.0000    3.93710E-14
   4732.0000    3.84310E-14
   4734.0000    3.95710E-14
   4736.0000    3.96130E-14
   4738.0000    3.99940E-14
   4740.0000    4.01870E-14
   4742.0000    3.98730E-14
   4744.0000    3.95590E-14
   4746.0000    4.01750E-14
   4748.0000    3.99100E-14
   4750.0000    4.08020E-14
   4752.0000    4.06030E-14
   4754.0000    4.04220E-14
   4756.0000    4.02200E-14
   4758.0000    3.99760E-14
   4760.0000    3.96440E-14
   4762.0000    3.96760E-14
   4764.0000    4.00030E-14
   4766.0000    3.97680E-14
   4768.0000    3.91590E-14
   4770.0000    4.02040E-14
   4772.0000    4.03760E-14
   4774.0000    3.99770E-14
   4776.0000    4.03570E-14
   4778.0000    4.10390E-14
   4780.0000    3.99030E-14
   4782.0000    4.04640E-14
   4784.0000    4.04850E-14
   4786.0000    4.02690E-14
   4788.0000    3.99270E-14
   4790.0000    4.05100E-14
   4792.0000    4.07070E-14
   4794.0000    3.98900E-14
   4796.0000    4.08650E-14
   4798.0000    4.11800E-14
   4800.0000    3.99020E-14
   4802.0000    4.02240E-14
   4804.0000    4.02740E-14
   4806.0000    4.05650E-14
   4808.0000    4.00330E-14
   4810.0000    4.09250E-14
   4812.0000    4.00970E-14
   4814.0000    4.04760E-14
   4816.0000    4.07990E-14
   4818.0000    3.93810E-14
   4820.0000    4.06380E-14
   4822.0000    3.96490E-14
   4824.0000    4.01190E-14
   4826.0000    3.98560E-14
   4828.0000    3.90400E-14
   4830.0000    4.00240E-14
   4832.0000    4.03050E-14
   4834.0000    3.93750E-14
   4836.0000    3.96690E-14
   4838.0000    3.90230E-14
   4840.0000    3.87810E-14
   4842.0000    3.85150E-14
   4844.0000    3.77830E-14
   4846.0000    3.81370E-14
   4848.0000    3.66040E-14
   4850.0000    3.69480E-14
   4852.0000    3.61990E-14
   4854.0000    3.42660E-14
   4856.0000    3.32270E-14
   4858.0000    3.02780E-14
   4860.0000    2.85500E-14
   4862.0000    2.62600E-14
   4864.0000    2.65500E-14
   4866.0000    2.84540E-14
   4868.0000    2.96480E-14
   4870.0000    3.19400E-14
   4872.0000    3.37810E-14
   4874.0000    3.51500E-14
   4876.0000    3.73850E-14
   4878.0000    3.64190E-14
   4880.0000    3.74890E-14
   4882.0000    3.72240E-14
   4884.0000    3.85680E-14
   4886.0000    3.82250E-14
   4888.0000    3.86060E-14
   4890.0000    3.83460E-14
   4892.0000    3.81340E-14
   4894.0000    3.83210E-14
   4896.0000    3.97830E-14
   4898.0000    3.91290E-14
   4900.0000    4.02570E-14
   4902.0000    3.90650E-14
   4904.0000    3.93810E-14
   4906.0000    4.03750E-14
   4908.0000    4.02150E-14
   4910.0000    3.92000E-14
   4912.0000    3.96100E-14
   4914.0000    3.85680E-14
   4916.0000    3.84180E-14
   4918.0000    3.80480E-14
   4920.0000    3.80770E-14
   4922.0000    3.73910E-14
   4924.0000    3.77180E-14
   4926.0000    3.80650E-14
   4928.0000    3.85280E-14
   4930.0000    3.81270E-14
   4932.0000    3.95040E-14
   4934.0000    3.90250E-14
   4936.0000    3.91710E-14
   4938.0000    3.87840E-14
   4940.0000    3.88280E-14
   4942.0000    3.91650E-14
   4944.0000    3.92000E-14
   4946.0000    3.90120E-14
   4948.0000    3.99520E-14
   4950.0000    3.96730E-14
   4952.0000    3.89920E-14
   4954.0000    3.91500E-14
   4956.0000    3.89400E-14
   4958.0000    3.88660E-14
   4960.0000    3.94230E-14
   4962.0000    3.83460E-14
   4964.0000    3.77590E-14
   4966.0000    3.89700E-14
   4968.0000    3.91050E-14
   4970.0000    3.83720E-14
   4972.0000    3.93410E-14
   4974.0000    3.92480E-14
   4976.0000    3.83720E-14
   4978.0000    3.90320E-14
   4980.0000    3.84390E-14
   4982.0000    3.81540E-14
   4984.0000    3.76080E-14
   4986.0000    3.76930E-14
   4988.0000    3.78510E-14
   4990.0000    3.78500E-14
   4992.0000    3.79880E-14
   4994.0000    3.87590E-14
   4996.0000    3.85770E-14
   4998.0000    3.91900E-14
   5000.0000    3.77900E-14
   5002.0000    3.87630E-14
   5004.0000    3.85090E-14
   5006.0000    3.72150E-14
   5008.0000    3.71410E-14
   5010.0000    3.76580E-14
   5012.0000    3.75250E-14
   5014.0000    3.61640E-14
   5016.0000    3.74930E-14
   5018.0000    3.62380E-14
   5020.0000    3.66520E-14
   5022.0000    3.71610E-14
   5024.0000    3.66870E-14
   5026.0000    3.76670E-14
   5028.0000    3.80950E-14
   5030.0000    3.82700E-14
   5032.0000    3.82260E-14
   5034.0000    3.83800E-14
   5036.0000    3.71740E-14
   5038.0000    3.71670E-14
   5040.0000    3.74860E-14
   5042.0000    3.68360E-14
   5044.0000    3.64380E-14
   5046.0000    3.71140E-14
   5048.0000    3.80480E-14
   5050.0000    3.79160E-14
   5052.0000    3.76790E-14
   5054.0000    3.79870E-14
   5056.0000    3.77570E-14
   5058.0000    3.88500E-14
   5060.0000    3.88970E-14
   5062.0000    3.86040E-14
   5064.0000    3.85130E-14
   5066.0000    3.76580E-14
   5068.0000    3.89250E-14
   5070.0000    3.81370E-14
   5072.0000    3.84130E-14
   5074.0000    3.75360E-14
   5076.0000    3.78350E-14
   5078.0000    3.71910E-14
   5080.0000    3.77030E-14
   5082.0000    3.68660E-14
   5084.0000    3.72110E-14
   5086.0000    3.80600E-14
   5088.0000    3.84380E-14
   5090.0000    3.81710E-14
   5092.0000    3.84790E-14
   5094.0000    3.82680E-14
   5096.0000    3.78850E-14
   5098.0000    3.69690E-14
   5100.0000    3.78370E-14
   5102.0000    3.77170E-14
   5104.0000    3.69300E-14
   5106.0000    3.80240E-14
   5108.0000    3.77220E-14
   5110.0000    3.71720E-14
   5112.0000    3.82270E-14
   5114.0000    3.77120E-14
   5116.0000    3.80450E-14
   5118.0000    3.86690E-14
   5120.0000    3.82230E-14
   5122.0000    3.80280E-14
   5124.0000    3.72970E-14
   5126.0000    3.81600E-14
   5128.0000    3.73930E-14
   5130.0000    3.69980E-14
   5132.0000    3.73180E-14
   5134.0000    3.78310E-14
   5136.0000    3.73130E-14
   5138.0000    3.84030E-14
   5140.0000    3.74540E-14
   5142.0000    3.68780E-14
   5144.0000    3.75790E-14
   5146.0000    3.74470E-14
   5148.0000    3.65340E-14
   5150.0000    3.69940E-14
   5152.0000    3.68730E-14
   5154.0000    3.68380E-14
   5156.0000    3.73670E-14
   5158.0000    3.77250E-14
   5160.0000    3.71250E-14
   5162.0000    3.80110E-14
   5164.0000    3.66150E-14
   5166.0000    3.63080E-14
   5168.0000    3.54080E-14
   5170.0000    3.46700E-14
   5172.0000    3.48370E-14
   5174.0000    3.51230E-14
   5176.0000    3.59530E-14
   5178.0000    3.65720E-14
   5180.0000    3.65520E-14
   5182.0000    3.51900E-14
   5184.0000    3.53200E-14
   5186.0000    3.53940E-14
   5188.0000    3.60400E-14
   5190.0000    3.60600E-14
   5192.0000    3.69380E-14
   5194.0000    3.62380E-14
   5196.0000    3.61210E-14
   5198.0000    3.59060E-14
   5200.0000    3.65340E-14
   5202.0000    3.61510E-14
   5204.0000    3.60950E-14
   5206.0000    3.61550E-14
   5208.0000    3.60220E-14
   5210.0000    3.55950E-14
   5212.0000    3.58150E-14
   5214.0000    3.55160E-14
   5216.0000    3.68160E-14
   5218.0000    3.61910E-14
   5220.0000    3.67750E-14
   5222.0000    3.71370E-14
   5224.0000    3.61250E-14
   5226.0000    3.67650E-14
   5228.0000    3.63740E-14
   5230.0000    3.67040E-14
   5232.0000    3.62270E-14
   5234.0000    3.62470E-14
   5236.0000    3.68600E-14
   5238.0000    3.74330E-14
   5240.0000    3.68800E-14
   5242.0000    3.68540E-14
   5244.0000    3.68160E-14
   5246.0000    3.75130E-14
   5248.0000    3.74350E-14
   5250.0000    3.72360E-14
   5252.0000    3.59240E-14
   5254.0000    3.65360E-14
   5256.0000    3.71100E-14
   5258.0000    3.64940E-14
   5260.0000    3.68870E-14
   5262.0000    3.63110E-14
   5264.0000    3.58100E-14
   5266.0000    3.56430E-14
   5268.0000    3.52010E-14
   5270.0000    3.49620E-14
   5272.0000    3.57620E-14
   5274.0000    3.55810E-14
   5276.0000    3.53450E-14
   5278.0000    3.63610E-14
   5280.0000    3.61130E-14
   5282.0000    3.74790E-14
   5284.0000    3.74220E-14
   5286.0000    3.71980E-14
   5288.0000    3.77680E-14
   5290.0000    3.74080E-14
   5292.0000    3.77410E-14
   5294.0000    3.78610E-14
   5296.0000    3.73730E-14
   5298.0000    3.71450E-14
   5300.0000    3.69420E-14
   5302.0000    3.71490E-14
   5304.0000    3.73890E-14
   5306.0000    3.68880E-14
   5308.0000    3.73760E-14
   5310.0000    3.74190E-14
   5312.0000    3.80280E-14
   5314.0000    3.83500E-14
   5316.0000    3.66340E-14
   5318.0000    3.68210E-14
   5320.0000    3.66620E-14
   5322.0000    3.68210E-14
   5324.0000    3.56830E-14
   5326.0000    3.55300E-14
   5328.0000    3.66610E-14
   5330.0000    3.60100E-14
   5332.0000    3.58800E-14
   5334.0000    3.63580E-14
   5336.0000    3.70400E-14
   5338.0000    3.70840E-14
   5340.0000    3.70630E-14
   5342.0000    3.70710E-14
   5344.0000    3.65290E-14
   5346.0000    3.58260E-14
   5348.0000    3.59810E-14
   5350.0000    3.69460E-14
   5352.0000    3.70640E-14
   5354.0000    3.72330E-14
   5356.0000    3.73380E-14
   5358.0000    3.74300E-14
   5360.0000    3.69530E-14
   5362.0000    3.75610E-14
   5364.0000    3.71780E-14
   5366.0000    3.73740E-14
   5368.0000    3.68630E-14
   5370.0000    3.70460E-14
   5372.0000    3.62450E-14
   5374.0000    3.67170E-14
   5376.0000    3.68980E-14
   5378.0000    3.69080E-14
   5380.0000    3.68430E-14
   5382.0000    3.68390E-14
   5384.0000    3.70450E-14
   5386.0000    3.72690E-14
   5388.0000    3.64680E-14
   5390.0000    3.63140E-14
   5392.0000    3.66500E-14
   5394.0000    3.68240E-14
   5396.0000    3.56340E-14
   5398.0000    3.67030E-14
   5400.0000    3.60500E-14
   5402.0000    3.57640E-14
   5404.0000    3.65120E-14
   5406.0000    3.52690E-14
   5408.0000    3.53570E-14
   5410.0000    3.57510E-14
   5412.0000    3.52600E-14
   5414.0000    3.58670E-14
   5416.0000    3.67260E-14
   5418.0000    3.69590E-14
   5420.0000    3.71470E-14
   5422.0000    3.69290E-14
   5424.0000    3.57300E-14
   5426.0000    3.74680E-14
   5428.0000    3.67110E-14
   5430.0000    3.70160E-14
   5432.0000    3.62200E-14
   5434.0000    3.65960E-14
   5436.0000    3.70180E-14
   5438.0000    3.69200E-14
   5440.0000    3.74510E-14
   5442.0000    3.67420E-14
   5444.0000    3.73920E-14
   5446.0000    3.62420E-14
   5448.0000    3.72830E-14
   5450.0000    3.55450E-14
   5452.0000    3.60980E-14
   5454.0000    3.70540E-14
   5456.0000    3.65900E-14
   5458.0000    3.58240E-14
   5460.0000    3.62190E-14
   5462.0000    3.61840E-14
   5464.0000    3.63380E-14
   5466.0000    3.58780E-14
   5468.0000    3.65510E-14
   5470.0000    3.70830E-14
   5472.0000    3.60390E-14
   5474.0000    3.58610E-14
   5476.0000    3.60120E-14
   5478.0000    3.57070E-14
   5480.0000    3.56590E-14
   5482.0000    3.59120E-14
   5484.0000    3.63140E-14
   5486.0000    3.58260E-14
   5488.0000    3.67410E-14
   5490.0000    3.59820E-14
   5492.0000    3.67570E-14
   5494.0000    3.64290E-14
   5496.0000    3.64560E-14
   5498.0000    3.60140E-14
   5500.0000    3.60200E-14
   5502.0000    3.62100E-14
   5504.0000    3.64450E-14
   5506.0000    3.61590E-14
   5508.0000    3.56830E-14
   5510.0000    3.61340E-14
   5512.0000    3.56300E-14
   5514.0000    3.58620E-14
   5516.0000    3.59470E-14
   5518.0000    3.61240E-14
   5520.0000    3.61880E-14
   5522.0000    3.63890E-14
   5524.0000    3.62530E-14
   5526.0000    3.65870E-14
   5528.0000    3.55720E-14
   5530.0000    3.63360E-14
   5532.0000    3.61630E-14
   5534.0000    3.56180E-14
   5536.0000    3.63930E-14
   5538.0000    3.61550E-14
   5540.0000    3.66890E-14
   5542.0000    3.58230E-14
   5544.0000    3.61720E-14
   5546.0000    3.69480E-14
   5548.0000    3.69090E-14
   5550.0000    3.72190E-14
   5552.0000    3.66680E-14
   5554.0000    3.62950E-14
   5556.0000    3.68560E-14
   5558.0000    3.60730E-14
   5560.0000    3.60320E-14
   5562.0000    3.65580E-14
   5564.0000    3.60980E-14
   5566.0000    3.66520E-14
   5568.0000    3.59580E-14
   5570.0000    3.68250E-14
   5572.0000    3.58420E-14
   5574.0000    3.65750E-14
   5576.0000    3.65730E-14
   5578.0000    3.54360E-14
   5580.0000    3.68280E-14
   5582.0000    3.68950E-14
   5584.0000    3.63310E-14
   5586.0000    3.54130E-14
   5588.0000    3.55980E-14
   5590.0000    3.53120E-14
   5592.0000    3.56900E-14
   5594.0000    3.54730E-14
   5596.0000    3.60660E-14
   5598.0000    3.49650E-14
   5600.0000    3.58300E-14
   5602.0000    3.60280E-14
   5604.0000    3.64100E-14
   5606.0000    3.66190E-14
   5608.0000    3.69360E-14
   5610.0000    3.66170E-14
   5612.0000    3.65230E-14
   5614.0000    3.57890E-14
   5616.0000    3.59440E-14
   5618.0000    3.62450E-14
   5620.0000    3.55150E-14
   5622.0000    3.57560E-14
   5624.0000    3.61600E-14
   5626.0000    3.57890E-14
   5628.0000    3.61400E-14
   5630.0000    3.64100E-14
   5632.0000    3.65510E-14
   5634.0000    3.62810E-14
   5636.0000    3.69250E-14
   5638.0000    3.62310E-14
   5640.0000    3.58990E-14
   5642.0000    3.57930E-14
   5644.0000    3.59430E-14
   5646.0000    3.60850E-14
   5648.0000    3.58030E-14
   5650.0000    3.56340E-14
   5652.0000    3.65750E-14
   5654.0000    3.61020E-14
   5656.0000    3.58920E-14
   5658.0000    3.50080E-14
   5660.0000    3.53730E-14
   5662.0000    3.51460E-14
   5664.0000    3.53080E-14
   5666.0000    3.54280E-14
   5668.0000    3.65500E-14
   5670.0000    3.61350E-14
   5672.0000    3.58650E-14
   5674.0000    3.52350E-14
   5676.0000    3.55580E-14
   5678.0000    3.57310E-14
   5680.0000    3.59600E-14
   5682.0000    3.61710E-14
   5684.0000    3.64410E-14
   5686.0000    3.57980E-14
   5688.0000    3.50890E-14
   5690.0000    3.56250E-14
   5692.0000    3.61060E-14
   5694.0000    3.59670E-14
   5696.0000    3.55560E-14
   5698.0000    3.61290E-14
   5700.0000    3.54040E-14
   5702.0000    3.66750E-14
   5704.0000    3.61460E-14
   5706.0000    3.43420E-14
   5708.0000    3.57310E-14
   5710.0000    3.59170E-14
   5712.0000    3.53590E-14
   5714.0000    3.55190E-14
   5716.0000    3.58050E-14
   5718.0000    3.56800E-14
   5720.0000    3.58130E-14
   5722.0000    3.58220E-14
   5724.0000    3.57620E-14
   5726.0000    3.57100E-14
   5728.0000    3.62190E-14
   5730.0000    3.59330E-14
   5732.0000    3.62180E-14
   5734.0000    3.64540E-14
   5736.0000    3.65060E-14
   5738.0000    3.61410E-14
   5740.0000    3.61200E-14
   5742.0000    3.58090E-14
   5744.0000    3.63320E-14
   5746.0000    3.62090E-14
   5748.0000    3.67340E-14
   5750.0000    3.61580E-14
   5752.0000    3.62800E-14
   5754.0000    3.53170E-14
   5756.0000    3.62460E-14
   5758.0000    3.71530E-14
   5760.0000    3.63460E-14
   5762.0000    3.60580E-14
   5764.0000    3.51610E-14
   5766.0000    3.64240E-14
   5768.0000    3.62760E-14
   5770.0000    3.58260E-14
   5772.0000    3.60440E-14
   5774.0000    3.64190E-14
   5776.0000    3.62040E-14
   5778.0000    3.56930E-14
   5780.0000    3.61480E-14
   5782.0000    3.52260E-14
   5784.0000    3.48270E-14
   5786.0000    3.52460E-14
   5788.0000    3.48540E-14
   5790.0000    3.54760E-14
   5792.0000    3.64080E-14
   5794.0000    3.54040E-14
   5796.0000    3.62230E-14
   5798.0000    3.61290E-14
   5800.0000    3.58440E-14
   5802.0000    3.71530E-14
   5804.0000    3.60790E-14
   5806.0000    3.63670E-14
   5808.0000    3.70660E-14
   5810.0000    3.66730E-14
   5812.0000    3.63790E-14
   5814.0000    3.60670E-14
   5816.0000    3.64600E-14
   5818.0000    3.59740E-14
   5820.0000    3.69380E-14
   5822.0000    3.59270E-14
   5824.0000    3.57370E-14
   5826.0000    3.68710E-14
   5828.0000    3.63870E-14
   5830.0000    3.65510E-14
   5832.0000    3.65680E-14
   5834.0000    3.71630E-14
   5836.0000    3.70010E-14
   5838.0000    3.61760E-14
   5840.0000    3.66670E-14
   5842.0000    3.70150E-14
   5844.0000    3.67130E-14
   5846.0000    3.69390E-14
   5848.0000    3.63990E-14
   5850.0000    3.60660E-14
   5852.0000    3.64410E-14
   5854.0000    3.58880E-14
   5856.0000    3.57670E-14
   5858.0000    3.56930E-14
   5860.0000    3.57370E-14
   5862.0000    3.59270E-14
   5864.0000    3.59720E-14
   5866.0000    3.58800E-14
   5868.0000    3.51220E-14
   5870.0000    3.54390E-14
   5872.0000    3.47390E-14
   5874.0000    3.50600E-14
   5876.0000    3.55440E-14
   5878.0000    3.52660E-14
   5880.0000    3.50580E-14
   5882.0000    3.54800E-14
   5884.0000    3.53820E-14
   5886.0000    3.47490E-14
   5888.0000    3.30910E-14
   5890.0000    3.34290E-14
   5892.0000    3.23720E-14
   5894.0000    3.21730E-14
   5896.0000    3.22080E-14
   5898.0000    3.29380E-14
   5900.0000    3.33070E-14
   5902.0000    3.36380E-14
   5904.0000    3.44090E-14
   5906.0000    3.42970E-14
   5908.0000    3.53200E-14
   5910.0000    3.44630E-14
   5912.0000    3.54280E-14
   5914.0000    3.56050E-14
   5916.0000    3.47180E-14
   5918.0000    3.36620E-14
   5920.0000    3.44680E-14
   5922.0000    3.53260E-14
   5924.0000    3.48280E-14
   5926.0000    3.52310E-14
   5928.0000    3.54280E-14
   5930.0000    3.52500E-14
   5932.0000    3.46570E-14
   5934.0000    3.47890E-14
   5936.0000    3.46870E-14
   5938.0000    3.57700E-14
   5940.0000    3.48770E-14
   5942.0000    3.54770E-14
   5944.0000    3.44700E-14
   5946.0000    3.54530E-14
   5948.0000    3.48010E-14
   5950.0000    3.45570E-14
   5952.0000    3.49180E-14
   5954.0000    3.43640E-14
   5956.0000    3.45930E-14
   5958.0000    3.42690E-14
   5960.0000    3.42050E-14
   5962.0000    3.45910E-14
   5964.0000    3.46220E-14
   5966.0000    3.50140E-14
   5968.0000    3.54110E-14
   5970.0000    3.53880E-14
   5972.0000    3.46840E-14
   5974.0000    3.50560E-14
   5976.0000    3.46130E-14
   5978.0000    3.42260E-14
   5980.0000    3.52100E-14
   5982.0000    3.46310E-14
   5984.0000    3.51310E-14
   5986.0000    3.50460E-14
   5988.0000    3.58680E-14
   5990.0000    3.55270E-14
   5992.0000    3.62350E-14
   5994.0000    3.47830E-14
   5996.0000    3.57050E-14
   5998.0000    3.43010E-14
   6000.0000    3.48370E-14
   6002.0000    3.54490E-14
   6004.0000    3.53880E-14
   6006.0000    3.45300E-14
   6008.0000    3.42090E-14
   6010.0000    3.51510E-14
   6012.0000    3.49160E-14
   6014.0000    3.46240E-14
   6016.0000    3.49550E-14
   6018.0000    3.43650E-14
   6020.0000    3.54430E-14
   6022.0000    3.51450E-14
   6024.0000    3.50960E-14
   6026.0000    3.54830E-14
   6028.0000    3.52450E-14
   6030.0000    3.56440E-14
   6032.0000    3.57980E-14
   6034.0000    3.56750E-14
   6036.0000    3.60240E-14
   6038.0000    3.54410E-14
   6040.0000    3.56360E-14
   6042.0000    3.58570E-14
   6044.0000    3.53760E-14
   6046.0000    3.59270E-14
   6048.0000    3.58640E-14
   6050.0000    3.49820E-14
   6052.0000    3.56930E-14
   6054.0000    3.57410E-14
   6056.0000    3.51110E-14
   6058.0000    3.55060E-14
   6060.0000    3.63430E-14
   6062.0000    3.52280E-14
   6064.0000    3.46820E-14
   6066.0000    3.52810E-14
   6068.0000    3.52960E-14
   6070.0000    3.60760E-14
   6072.0000    3.54030E-14
   6074.0000    3.52190E-14
   6076.0000    3.55770E-14
   6078.0000    3.53620E-14
   6080.0000    3.53060E-14
   6082.0000    3.53310E-14
   6084.0000    3.54830E-14
   6086.0000    3.53910E-14
   6088.0000    3.49510E-14
   6090.0000    3.53300E-14
   6092.0000    3.51430E-14
   6094.0000    3.54660E-14
   6096.0000    3.43530E-14
   6098.0000    3.57970E-14
   6100.0000    3.53340E-14
   6102.0000    3.52700E-14
   6104.0000    3.55290E-14
   6106.0000    3.48390E-14
   6108.0000    3.56920E-14
   6110.0000    3.55230E-14
   6112.0000    3.59230E-14
   6114.0000    3.60460E-14
   6116.0000    3.51030E-14
   6118.0000    3.51870E-14
   6120.0000    3.52820E-14
   6122.0000    3.63230E-14
   6124.0000    3.50360E-14
   6126.0000    3.48320E-14
   6128.0000    3.59640E-14
   6130.0000    3.52140E-14
   6132.0000    3.49360E-14
   6134.0000    3.64090E-14
   6136.0000    3.53590E-14
   6138.0000    3.55540E-14
   6140.0000    3.36480E-14
   6142.0000    3.53450E-14
   6144.0000    3.52870E-14
   6146.0000    3.39220E-14
   6148.0000    3.44530E-14
   6150.0000    3.46690E-14
   6152.0000    3.52120E-14
   6154.0000    3.46080E-14
   6156.0000    3.45000E-14
   6158.0000    3.44050E-14
   6160.0000    3.48970E-14
   6162.0000    3.35930E-14
   6164.0000    3.35630E-14
   6166.0000    3.38280E-14
   6168.0000    3.34740E-14
   6170.0000    3.38690E-14
   6172.0000    3.40390E-14
   6174.0000    3.34670E-14
   6176.0000    3.38670E-14
   6178.0000    3.42170E-14
   6180.0000    3.45330E-14
   6182.0000    3.43140E-14
   6184.0000    3.33280E-14
   6186.0000    3.38120E-14
   6188.0000    3.45270E-14
   6190.0000    3.40310E-14
   6192.0000    3.36790E-14
   6194.0000    3.39820E-14
   6196.0000    3.40110E-14
   6198.0000    3.43960E-14
   6200.0000    3.42740E-14
   6202.0000    3.33650E-14
   6204.0000    3.41210E-14
   6206.0000    3.45420E-14
   6208.0000    3.41950E-14
   6210.0000    3.52180E-14
   6212.0000    3.36800E-14
   6214.0000    3.38930E-14
   6216.0000    3.41920E-14
   6218.0000    3.35900E-14
   6220.0000    3.31240E-14
   6222.0000    3.37410E-14
   6224.0000    3.30430E-14
   6226.0000    3.34540E-14
   6228.0000    3.32370E-14
   6230.0000    3.34820E-14
   6232.0000    3.28840E-14
   6234.0000    3.35840E-14
   6236.0000    3.24770E-14
   6238.0000    3.27610E-14
   6240.0000    3.28690E-14
   6242.0000    3.29770E-14
   6244.0000    3.30150E-14
   6246.0000    3.36190E-14
   6248.0000    3.31150E-14
   6250.0000    3.26440E-14
   6252.0000    3.30790E-14
   6254.0000    3.36740E-14
   6256.0000    3.26510E-14
   6258.0000    3.33490E-14
   6260.0000    3.27520E-14
   6262.0000    3.33790E-14
   6264.0000    3.33280E-14
   6266.0000    3.38140E-14
   6268.0000    3.36460E-14
   6270.0000    3.36630E-14
   6272.0000    3.28770E-14
   6274.0000    3.31210E-14
   6276.0000    3.38070E-14
   6278.0000    3.26220E-14
   6280.0000    3.39790E-14
   6282.0000    3.28870E-14
   6284.0000    3.26380E-14
   6286.0000    3.24380E-14
   6288.0000    3.35540E-14
   6290.0000    3.32010E-14
   6292.0000    3.32920E-14
   6294.0000    3.27630E-14
   6296.0000    3.27460E-14
   6298.0000    3.38710E-14
   6300.0000    3.38880E-14
   6302.0000    3.29810E-14
   6304.0000    3.28920E-14
   6306.0000    3.32750E-14
   6308.0000    3.41190E-14
   6310.0000    3.33450E-14
   6312.0000    3.35490E-14
   6314.0000    3.36320E-14
   6316.0000    3.33850E-14
   6318.0000    3.28470E-14
   6320.0000    3.34040E-14
   6322.0000    3.36430E-14
   6324.0000    3.35980E-14
   6326.0000    3.34130E-14
   6328.0000    3.36960E-14
   6330.0000    3.43590E-14
   6332.0000    3.43950E-14
   6334.0000    3.37620E-14
   6336.0000    3.40490E-14
   6338.0000    3.38190E-14
   6340.0000    3.34260E-14
   6342.0000    3.41910E-14
   6344.0000    3.39890E-14
   6346.0000    3.43730E-14
   6348.0000    3.42850E-14
   6350.0000    3.44620E-14
   6352.0000    3.45610E-14
   6354.0000    3.40070E-14
   6356.0000    3.43140E-14
   6358.0000    3.42340E-14
   6360.0000    3.34160E-14
   6362.0000    3.42460E-14
   6364.0000    3.39460E-14
   6366.0000    3.36990E-14
   6368.0000    3.44190E-14
   6370.0000    3.27150E-14
   6372.0000    3.47810E-14
   6374.0000    3.38530E-14
   6376.0000    3.39130E-14
   6378.0000    3.44470E-14
   6380.0000    3.44110E-14
   6382.0000    3.47050E-14
   6384.0000    3.39000E-14
   6386.0000    3.43140E-14
   6388.0000    3.40190E-14
   6390.0000    3.44140E-14
   6392.0000    3.55960E-14
   6394.0000    3.36940E-14
   6396.0000    3.39810E-14
   6398.0000    3.40680E-14
   6400.0000    3.42150E-14
   6402.0000    3.36370E-14
   6404.0000    3.47810E-14
   6406.0000    3.43410E-14
   6408.0000    3.40420E-14
   6410.0000    3.39530E-14
   6412.0000    3.40780E-14
   6414.0000    3.35090E-14
   6416.0000    3.47920E-14
   6418.0000    3.40150E-14
   6420.0000    3.45430E-14
   6422.0000    3.43980E-14
   6424.0000    3.45370E-14
   6426.0000    3.43700E-14
   6428.0000    3.40530E-14
   6430.0000    3.42900E-14
   6432.0000    3.46480E-14
   6434.0000    3.41320E-14
   6436.0000    3.44730E-14
   6438.0000    3.50080E-14
   6440.0000    3.44530E-14
   6442.0000    3.44610E-14
   6444.0000    3.48820E-14
   6446.0000    3.46430E-14
   6448.0000    3.43260E-14
   6450.0000    3.43730E-14
   6452.0000    3.42830E-14
   6454.0000    3.40620E-14
   6456.0000    3.46530E-14
   6458.0000    3.42980E-14
   6460.0000    3.48100E-14
   6462.0000    3.41170E-14
   6464.0000    3.43100E-14
   6466.0000    3.49590E-14
   6468.0000    3.49170E-14
   6470.0000    3.39850E-14
   6472.0000    3.40480E-14
   6474.0000    3.37240E-14
   6476.0000    3.39460E-14
   6478.0000    3.51220E-14
   6480.0000    3.36010E-14
   6482.0000    3.43640E-14
   6484.0000    3.43690E-14
   6486.0000    3.41070E-14
   6488.0000    3.46330E-14
   6490.0000    3.39370E-14
   6492.0000    3.31950E-14
   6494.0000    3.32640E-14
   6496.0000    3.30550E-14
   6498.0000    3.29810E-14
   6500.0000    3.32080E-14
   6502.0000    3.38450E-14
   6504.0000    3.31630E-14
   6506.0000    3.40780E-14
   6508.0000    3.44750E-14
   6510.0000    3.45110E-14
   6512.0000    3.49680E-14
   6514.0000    3.43050E-14
   6516.0000    3.44330E-14
   6518.0000    3.36730E-14
   6520.0000    3.41780E-14
   6522.0000    3.42350E-14
   6524.0000    3.42230E-14
   6526.0000    3.42720E-14
   6528.0000    3.45170E-14
   6530.0000    3.28340E-14
   6532.0000    3.43260E-14
   6534.0000    3.49570E-14
   6536.0000    3.40830E-14
   6538.0000    3.47380E-14
   6540.0000    3.40880E-14
   6542.0000    3.48380E-14
   6544.0000    3.36220E-14
   6546.0000    3.37990E-14
   6548.0000    3.28290E-14
   6550.0000    3.21970E-14
   6552.0000    3.18360E-14
   6554.0000    3.18430E-14
   6556.0000    3.07000E-14
   6558.0000    2.97110E-14
   6560.0000    2.85940E-14
   6562.0000    2.80300E-14
   6564.0000    2.69110E-14
   6566.0000    2.71210E-14
   6568.0000    2.81340E-14
   6570.0000    2.89240E-14
   6572.0000    2.98310E-14
   6574.0000    3.09950E-14
   6576.0000    3.15230E-14
   6578.0000    3.08710E-14
   6580.0000    3.23350E-14
   6582.0000    3.33980E-14
   6584.0000    3.32760E-14
   6586.0000    3.32700E-14
   6588.0000    3.32670E-14
   6590.0000    3.30470E-14
   6592.0000    3.40760E-14
   6594.0000    3.33440E-14
   6596.0000    3.35280E-14
   6598.0000    3.38990E-14
   6600.0000    3.44070E-14
   6602.0000    3.38460E-14
   6604.0000    3.39960E-14
   6606.0000    3.38050E-14
   6608.0000    3.40080E-14
   6610.0000    3.39950E-14
   6612.0000    3.33980E-14
   6614.0000    3.41440E-14
   6616.0000    3.40070E-14
   6618.0000    3.35210E-14
   6620.0000    3.50230E-14
   6622.0000    3.40230E-14
   6624.0000    3.43120E-14
   6626.0000    3.34510E-14
   6628.0000    3.44120E-14
   6630.0000    3.37460E-14
   6632.0000    3.37540E-14
   6634.0000    3.32770E-14
   6636.0000    3.39140E-14
   6638.0000    3.36730E-14
   6640.0000    3.34690E-14
   6642.0000    3.41600E-14
   6644.0000    3.39470E-14
   6646.0000    3.39450E-14
   6648.0000    3.38350E-14
   6650.0000    3.28640E-14
   6652.0000    3.39050E-14
   6654.0000    3.43170E-14
   6656.0000    3.29600E-14
   6658.0000    3.37940E-14
   6660.0000    3.30750E-14
   6662.0000    3.34640E-14
   6664.0000    3.38140E-14
   6666.0000    3.36260E-14
   6668.0000    3.38900E-14
   6670.0000    3.31010E-14
   6672.0000    3.30050E-14
   6674.0000    3.39430E-14
   6676.0000    3.36950E-14
   6678.0000    3.18620E-14
   6680.0000    3.32790E-14
   6682.0000    3.23270E-14
   6684.0000    3.38930E-14
   6686.0000    3.36590E-14
   6688.0000    3.33480E-14
   6690.0000    3.33040E-14
   6692.0000    3.28610E-14
   6694.0000    3.37050E-14
   6696.0000    3.39110E-14
   6698.0000    3.24080E-14
   6700.0000    3.29400E-14
   6702.0000    3.31580E-14
   6704.0000    3.33180E-14
   6706.0000    3.33850E-14
   6708.0000    3.32760E-14
   6710.0000    3.32240E-14
   6712.0000    3.32850E-14
   6714.0000    3.35280E-14
   6716.0000    3.24960E-14
   6718.0000    3.27630E-14
   6720.0000    3.29850E-14
   6722.0000    3.26280E-14
   6724.0000    3.23160E-14
   6726.0000    3.26940E-14
   6728.0000    3.29230E-14
   6730.0000    3.34140E-14
   6732.0000    3.34940E-14
   6734.0000    3.31890E-14
   6736.0000    3.33890E-14
   6738.0000    3.31070E-14
   6740.0000    3.30810E-14
   6742.0000    3.33150E-14
   6744.0000    3.29990E-14
   6746.0000    3.26750E-14
   6748.0000    3.16570E-14
   6750.0000    3.33760E-14
   6752.0000    3.22080E-14
   6754.0000    3.20420E-14
   6756.0000    3.34320E-14
   6758.0000    3.28330E-14
   6760.0000    3.27610E-14
   6762.0000    3.27310E-14
   6764.0000    3.32440E-14
   6766.0000    3.27050E-14
   6768.0000    3.24090E-14
   6770.0000    3.30970E-14
   6772.0000    3.30730E-14
   6774.0000    3.36330E-14
   6776.0000    3.30690E-14
   6778.0000    3.26570E-14
   6780.0000    3.28410E-14
   6782.0000    3.24990E-14
   6784.0000    3.35840E-14
   6786.0000    3.28640E-14
   6788.0000    3.28460E-14
   6790.0000    3.21580E-14
   6792.0000    3.23230E-14
   6794.0000    3.25500E-14
   6796.0000    3.24770E-14
   6798.0000    3.28720E-14
   6800.0000    3.33270E-14
   6802.0000    3.33630E-14
   6804.0000    3.20260E-14
   6806.0000    3.29630E-14
   6808.0000    3.27240E-14
   6810.0000    3.31600E-14
   6812.0000    3.37840E-14
   6814.0000    3.33650E-14
   6816.0000    3.26730E-14
   6818.0000    3.25580E-14
   6820.0000    3.22710E-14
   6822.0000    3.29300E-14
   6824.0000    3.27160E-14
   6826.0000    3.35540E-14
   6828.0000    3.31750E-14
   6830.0000    3.32490E-14
   6832.0000    3.31810E-14
   6834.0000    3.34040E-14
   6836.0000    3.37210E-14
   6838.0000    3.27670E-14
   6840.0000    3.24270E-14
   6842.0000    3.27220E-14
   6844.0000    3.27150E-14
   6846.0000    3.32320E-14
   6848.0000    3.27420E-14
   6850.0000    3.33610E-14
   6852.0000    3.35430E-14
   6854.0000    3.34380E-14
   6856.0000    3.32370E-14
   6858.0000    3.24080E-14
   6860.0000    3.25350E-14
   6862.0000    3.32520E-14
   6864.0000    3.25420E-14
   6866.0000    3.29440E-14
   6868.0000    3.25470E-14
   6870.0000    3.23960E-14
   6872.0000    3.25810E-14
   6874.0000    3.23500E-14
   6876.0000    3.33400E-14
   6878.0000    3.29390E-14
   6880.0000    3.26380E-14
   6882.0000    3.24680E-14
   6884.0000    3.34180E-14
   6886.0000    3.24520E-14
   6888.0000    3.26650E-14
   6890.0000    3.27250E-14
   6892.0000    3.22300E-14
   6894.0000    3.28890E-14
   6896.0000    3.33400E-14
   6898.0000    3.30750E-14
   6900.0000    3.21280E-14
   6902.0000    3.28780E-14
   6904.0000    3.35040E-14
   6906.0000    3.26450E-14
   6908.0000    3.23620E-14
   6910.0000    3.27350E-14
   6912.0000    3.33660E-14
   6914.0000    3.30790E-14
   6916.0000    3.33760E-14
   6918.0000    3.30060E-14
   6920.0000    3.34820E-14
   6922.0000    3.32520E-14
   6924.0000    3.31840E-14
   6926.0000    3.25470E-14
   6928.0000    3.22800E-14
   6930.0000    3.31480E-14
   6932.0000    3.34930E-14
   6934.0000    3.31170E-14
   6936.0000    3.32140E-14
   6938.0000    3.30460E-14
   6940.0000    3.43250E-14
   6942.0000    3.37620E-14
   6944.0000    3.41080E-14
   6946.0000    3.30040E-14
   6948.0000    3.37720E-14
   6950.0000    3.38650E-14
   6952.0000    3.42390E-14
   6954.0000    3.36470E-14
   6956.0000    3.32320E-14
   6958.0000    3.39230E-14
   6960.0000    3.38300E-14
   6962.0000    3.37220E-14
   6964.0000    3.33770E-14
   6966.0000    3.36100E-14
   6968.0000    3.42310E-14
   6970.0000    3.45780E-14
   6972.0000    3.37000E-14
   6974.0000    3.41690E-14
   6976.0000    3.39360E-14
   6978.0000    3.35390E-14
   6980.0000    3.33740E-14
   6982.0000    3.37120E-14
   6984.0000    3.33070E-14
   6986.0000    3.36130E-14
   6988.0000    3.44340E-14
   6990.0000    3.39140E-14
   6992.0000    3.41630E-14
   6994.0000    3.39360E-14
   6996.0000    3.43370E-14
   6998.0000    3.39230E-14
   7000.0000    3.38750E-14
   7002.0000    3.33410E-14
   7004.0000    3.43240E-14
   7006.0000    3.30430E-14
   7008.0000    3.35890E-14
   7010.0000    3.36290E-14
   7012.0000    3.41620E-14
   7014.0000    3.40900E-14
   7016.0000    3.33510E-14
   7018.0000    3.31980E-14
   7020.0000    3.32950E-14
   7022.0000    3.43390E-14
   7024.0000    3.34660E-14
   7026.0000    3.39590E-14
   7028.0000    3.42920E-14
   7030.0000    3.35990E-14
   7032.0000    3.40030E-14
   7034.0000    3.37870E-14
   7036.0000    3.46770E-14
   7038.0000    3.45750E-14
   7040.0000    3.44900E-14
   7042.0000    3.41220E-14
   7044.0000    3.53160E-14
   7046.0000    3.46650E-14
   7048.0000    3.55600E-14
   7050.0000    3.45150E-14
   7052.0000    3.47310E-14
   7054.0000    3.35470E-14
   7056.0000    3.36170E-14
   7058.0000    3.30710E-14
   7060.0000    3.31570E-14
   7062.0000    3.27670E-14
   7064.0000    3.34780E-14
   7066.0000    3.22790E-14
   7068.0000    3.26160E-14
   7070.0000    3.28360E-14
   7072.0000    3.39560E-14
   7074.0000    3.29450E-14
   7076.0000    3.27320E-14
   7078.0000    3.33610E-14
   7080.0000    3.34150E-14
   7082.0000    3.29860E-14
   7084.0000    3.25780E-14
   7086.0000    3.30690E-14
   7088.0000    3.26150E-14
   7090.0000    3.25690E-14
   7092.0000    3.20280E-14
   7094.0000    3.24710E-14
   7096.0000    3.27860E-14
   7098.0000    3.21050E-14
   7100.0000    3.12460E-14
   7102.0000    3.21420E-14
   7104.0000    3.22460E-14
   7106.0000    3.20510E-14
   7108.0000    3.24410E-14
   7110.0000    3.21100E-14
   7112.0000    3.27350E-14
   7114.0000    3.27470E-14
   7116.0000    3.22970E-14
   7118.0000    3.21230E-14
   7120.0000    3.24040E-14
   7122.0000    3.25810E-14
   7124.0000    3.27250E-14
   7126.0000    3.16410E-14
   7128.0000    3.18840E-14
   7130.0000    3.20320E-14
   7132.0000    3.21100E-14
   7134.0000    3.15730E-14
   7136.0000    3.17590E-14
   7138.0000    3.17710E-14
   7140.0000    3.15690E-14
   7142.0000    3.14960E-14
   7144.0000    3.12190E-14
   7146.0000    3.19640E-14
   7148.0000    3.11920E-14
   7150.0000    3.21540E-14
   7152.0000    3.22120E-14
   7154.0000    3.17790E-14
   7156.0000    3.15110E-14
   7158.0000    3.20050E-14
   7160.0000    3.19820E-14
   7162.0000    3.20230E-14
   7164.0000    3.14890E-14
   7166.0000    3.14980E-14
   7168.0000    3.22750E-14
   7170.0000    3.21190E-14
   7172.0000    3.17540E-14
   7174.0000    3.11320E-14
   7176.0000    3.12090E-14
   7178.0000    3.09120E-14
   7180.0000    3.19130E-14
   7182.0000    3.08910E-14
   7184.0000    3.14960E-14
   7186.0000    3.07280E-14
   7188.0000    3.08220E-14
   7190.0000    3.10000E-14
   7192.0000    3.17070E-14
   7194.0000    3.10610E-14
   7196.0000    3.08680E-14
   7198.0000    3.10240E-14
   7200.0000    3.12660E-14
   7202.0000    3.09740E-14
   7204.0000    3.13810E-14
   7206.0000    3.13240E-14
   7208.0000    3.08890E-14
   7210.0000    3.14300E-14
   7212.0000    3.12970E-14
   7214.0000    3.22180E-14
   7216.0000    3.24800E-14
   7218.0000    3.29870E-14
   7220.0000    3.20870E-14
   7222.0000    3.28760E-14
   7224.0000    3.20010E-14
   7226.0000    3.39400E-14
   7228.0000    3.25510E-14
   7230.0000    3.26620E-14
   7232.0000    3.22410E-14
   7234.0000    3.16900E-14
   7236.0000    3.27200E-14
   7238.0000    3.23540E-14
   7240.0000    3.25050E-14
   7242.0000    3.26210E-14
   7244.0000    3.26180E-14
   7246.0000    3.30080E-14
   7248.0000    3.32260E-14
   7250.0000    3.26290E-14
   7252.0000    3.22650E-14
   7254.0000    3.22520E-14
   7256.0000    3.26910E-14
   7258.0000    3.33050E-14
   7260.0000    3.26960E-14
   7262.0000    3.31880E-14
   7264.0000    3.29920E-14
   7266.0000    3.26530E-14
   7268.0000    3.30200E-14
   7270.0000    3.27630E-14
   7272.0000    3.34410E-14
   7274.0000    3.29850E-14
   7276.0000    3.23090E-14
   7278.0000    3.30710E-14
   7280.0000    3.29800E-14
   7282.0000    3.22900E-14
   7284.0000    3.22870E-14
   7286.0000    3.26830E-14
   7288.0000    3.31240E-14
   7290.0000    3.25610E-14
   7292.0000    3.32320E-14
   7294.0000    3.30810E-14
   7296.0000    3.24430E-14
   7298.0000    3.44430E-14
   7300.0000    3.37160E-14
   7302.0000    3.31710E-14
   7304.0000    3.29260E-14
   7306.0000    3.38570E-14
   7308.0000    3.30710E-14
   7310.0000    3.28750E-14
   7312.0000    3.34080E-14
   7314.0000    3.35240E-14
   7316.0000    3.34250E-14
   7318.0000    3.39940E-14
   7320.0000    3.40070E-14
   7322.0000    3.42500E-14
   7324.0000    3.42690E-14
   7326.0000    3.36400E-14
   7328.0000    3.39300E-14
   7330.0000    3.35930E-14
   7332.0000    3.44540E-14
   7334.0000    3.40490E-14
   7336.0000    3.44930E-14
   7338.0000    3.39080E-14
   7340.0000    3.41540E-14
   7342.0000    3.47820E-14
   7344.0000    3.41840E-14
   7346.0000    3.45660E-14
   7348.0000    3.40700E-14
   7350.0000    3.45380E-14
   7352.0000    3.39460E-14
   7354.0000    3.40980E-14
   7356.0000    3.43160E-14
   7358.0000    3.38650E-14
   7360.0000    3.43300E-14
   7362.0000    3.40120E-14
   7364.0000    3.36920E-14
   7366.0000    3.40900E-14
   7368.0000    3.44290E-14
   7370.0000    3.50860E-14
   7372.0000    3.47110E-14
   7374.0000    3.44800E-14
   7376.0000    3.48920E-14
   7378.0000    3.47210E-14
   7380.0000    3.37440E-14
   7382.0000    3.44820E-14
   7384.0000    3.52620E-14
   7386.0000    3.44970E-14
   7388.0000    3.41820E-14
   7390.0000    3.43820E-14
   7392.0000    3.37880E-14
   7394.0000    3.41280E-14
   7396.0000    3.47890E-14
   7398.0000    3.45670E-14
   7400.0000    3.43540E-14
   7402.0000    3.37110E-14
   7404.0000    3.47220E-14
   7406.0000    3.40310E-14
   7408.0000    3.51360E-14
   7410.0000    3.40880E-14
   7412.0000    3.41520E-14
   7414.0000    3.42460E-14
   7416.0000    3.47450E-14
   7418.0000    3.39160E-14
   7420.0000    3.40680E-14
   7422.0000    3.44900E-14
   7424.0000    3.47140E-14
   7426.0000    3.47330E-14
   7428.0000    3.46320E-14
   7430.0000    3.50170E-14
   7432.0000    3.49070E-14
   7434.0000    3.46070E-14
   7436.0000    3.50230E-14
   7438.0000    3.43180E-14
   7440.0000    3.46560E-14
   7442.0000    3.52100E-14
   7444.0000    3.51050E-14
   7446.0000    3.47740E-14
   7448.0000    3.41450E-14
   7450.0000    3.43140E-14
   7452.0000    3.41910E-14
   7454.0000    3.45750E-14
   7456.0000    3.47290E-14
   7458.0000    3.52800E-14
   7460.0000    3.46900E-14
   7462.0000    3.44280E-14
   7464.0000    3.51460E-14
   7466.0000    3.44350E-14
   7468.0000    3.41660E-14
   7470.0000    3.41600E-14
   7472.0000    3.50350E-14
   7474.0000    3.45960E-14
   7476.0000    3.51320E-14
   7478.0000    3.55290E-14
   7480.0000    3.54020E-14
   7482.0000    3.44750E-14
   7484.0000    3.56590E-14
   7486.0000    3.54350E-14
   7488.0000    3.48660E-14
   7490.0000    3.44190E-14
   7492.0000    3.47540E-14
   7494.0000    3.53020E-14
   7496.0000    3.39740E-14
   7498.0000    3.49820E-14
   7500.0000    3.38290E-14
   7502.0000    3.41200E-14
   7504.0000    3.55230E-14
   7506.0000    3.56360E-14
   7508.0000    3.45430E-14
   7510.0000    3.51230E-14
   7512.0000    3.48100E-14
   7514.0000    3.50700E-14
   7516.0000    3.40900E-14
   7518.0000    3.46900E-14
   7520.0000    3.62750E-14
   7522.0000    3.52250E-14
   7524.0000    3.55000E-14
   7526.0000    3.50100E-14
   7528.0000    3.52850E-14
   7530.0000    3.47770E-14
   7532.0000    3.55040E-14
   7534.0000    3.52150E-14
   7536.0000    3.51770E-14
   7538.0000    3.57400E-14
   7540.0000    3.54310E-14
   7542.0000    3.57710E-14
   7544.0000    3.56420E-14
   7546.0000    3.46980E-14
   7548.0000    3.52690E-14
   7550.0000    3.49640E-14
   7552.0000    3.48060E-14
   7554.0000    3.60020E-14
   7556.0000    3.51330E-14
   7558.0000    3.55010E-14
   7560.0000    3.49140E-14
   7562.0000    3.53050E-14
   7564.0000    3.52510E-14
   7566.0000    3.51340E-14
   7568.0000    3.47620E-14
   7570.0000    3.44530E-14
   7572.0000    3.53470E-14
   7574.0000    3.46660E-14
   7576.0000    3.45980E-14
   7578.0000    3.48260E-14
   7580.0000    3.49940E-14
   7582.0000    3.47810E-14
   7584.0000    3.51950E-14
   7586.0000    3.48240E-14
   7588.0000    3.48590E-14
   7590.0000    3.42780E-14
   7592.0000    3.46990E-14
   7594.0000    3.33670E-14
   7596.0000    3.46130E-14
   7598.0000    3.40500E-14
   7600.0000    3.41640E-14
   7602.0000    3.39360E-14
   7604.0000    3.39720E-14
   7606.0000    3.39890E-14
   7608.0000    3.42460E-14
   7610.0000    3.43160E-14
   7612.0000    3.33040E-14
   7614.0000    3.38120E-14
   7616.0000    3.37770E-14
   7618.0000    3.39220E-14
   7620.0000    3.39470E-14
   7622.0000    3.39430E-14
   7624.0000    3.43840E-14
   7626.0000    3.34370E-14
   7628.0000    3.36870E-14
   7630.0000    3.48520E-14
   7632.0000    3.46330E-14
   7634.0000    3.43220E-14
   7636.0000    3.42550E-14
   7638.0000    3.31270E-14
   7640.0000    3.38820E-14
   7642.0000    3.38030E-14
   7644.0000    3.36670E-14
   7646.0000    3.36030E-14
   7648.0000    3.38580E-14
   7650.0000    3.28320E-14
   7652.0000    3.36250E-14
   7654.0000    3.29030E-14
   7656.0000    3.31360E-14
   7658.0000    3.33370E-14
   7660.0000    3.27930E-14
   7662.0000    3.23200E-14
   7664.0000    3.24150E-14
   7666.0000    3.16370E-14
   7668.0000    3.23220E-14
   7670.0000    3.26750E-14
   7672.0000    3.17640E-14
   7674.0000    3.21400E-14
   7676.0000    3.29120E-14
   7678.0000    3.28090E-14
   7680.0000    3.23170E-14
   7682.0000    3.29180E-14
   7684.0000    3.28090E-14
   7686.0000    3.32510E-14
   7688.0000    3.33380E-14
   7690.0000    3.31370E-14
   7692.0000    3.26340E-14
   7694.0000    3.26440E-14
   7696.0000    3.18970E-14
   7698.0000    3.26990E-14
   7700.0000    3.20030E-14
   7702.0000    3.19810E-14
   7704.0000    3.15490E-14
   7706.0000    3.20960E-14
   7708.0000    3.14820E-14
   7710.0000    3.20950E-14
   7712.0000    3.35640E-14
   7714.0000    3.28700E-14
   7716.0000    3.19710E-14
   7718.0000    3.19830E-14
   7720.0000    3.26360E-14
   7722.0000    3.23730E-14
   7724.0000    3.26940E-14
   7726.0000    3.32850E-14
   7728.0000    3.27090E-14
   7730.0000    3.27030E-14
   7732.0000    3.29620E-14
   7734.0000    3.28660E-14
   7736.0000    3.29750E-14
   7738.0000    3.31280E-14
   7740.0000    3.28890E-14
   7742.0000    3.27230E-14
   7744.0000    3.24510E-14
   7746.0000    3.29370E-14
   7748.0000    3.26590E-14
   7750.0000    3.18280E-14
   7752.0000    3.26170E-14
   7754.0000    3.25640E-14
   7756.0000    3.23810E-14
   7758.0000    3.22340E-14
   7760.0000    3.23250E-14
   7762.0000    3.22860E-14
   7764.0000    3.22470E-14
   7766.0000    3.27260E-14
   7768.0000    3.21580E-14
   7770.0000    3.20990E-14
   7772.0000    3.15710E-14
   7774.0000    3.19660E-14
   7776.0000    3.19170E-14
   7778.0000    3.27710E-14
   7780.0000    3.16990E-14
   7782.0000    3.15750E-14
   7784.0000    3.27010E-14
   7786.0000    3.16400E-14
   7788.0000    3.17480E-14
   7790.0000    3.27660E-14
   7792.0000    3.28690E-14
   7794.0000    3.28630E-14
   7796.0000    3.19840E-14
   7798.0000    3.19900E-14
   7800.0000    3.31820E-14
   7802.0000    3.29720E-14
   7804.0000    3.26680E-14
   7806.0000    3.22100E-14
   7808.0000    3.25460E-14
   7810.0000    3.29710E-14
   7812.0000    3.24950E-14
   7814.0000    3.35410E-14
   7816.0000    3.32290E-14
   7818.0000    3.28800E-14
   7820.0000    3.33340E-14
   7822.0000    3.27170E-14
   7824.0000    3.34310E-14
   7826.0000    3.32010E-14
   7828.0000    3.34590E-14
   7830.0000    3.27800E-14
   7832.0000    3.31320E-14
   7834.0000    3.27150E-14
   7836.0000    3.28460E-14
   7838.0000    3.35680E-14
   7840.0000    3.11600E-14
   7842.0000    3.30630E-14
   7844.0000    3.27610E-14
   7846.0000    3.37820E-14
   7848.0000    3.36910E-14
   7850.0000    3.37610E-14
   7852.0000    3.25780E-14
   7854.0000    3.34790E-14
   7856.0000    3.31880E-14
   7858.0000    3.40390E-14
   7860.0000    3.32760E-14
   7862.0000    3.31870E-14
   7864.0000    3.38480E-14
   7866.0000    3.37340E-14
   7868.0000    3.29250E-14
   7870.0000    3.34060E-14
   7872.0000    3.36430E-14
   7874.0000    3.38430E-14
   7876.0000    3.27270E-14
   7878.0000    3.30080E-14
   7880.0000    3.32890E-14
   7882.0000    3.31860E-14
   7884.0000    3.26600E-14
   7886.0000    3.31240E-14
   7888.0000    3.33920E-14
   7890.0000    3.33820E-14
   7892.0000    3.38070E-14
   7894.0000    3.28150E-14
   7896.0000    3.28320E-14
   7898.0000    3.28430E-14
   7900.0000    3.33300E-14
   7902.0000    3.30550E-14
   7904.0000    3.24650E-14
   7906.0000    3.28700E-14
   7908.0000    3.22930E-14
   7910.0000    3.28310E-14
   7912.0000    3.27440E-14
   7914.0000    3.30210E-14
   7916.0000    3.20660E-14
   7918.0000    3.23700E-14
   7920.0000    3.32170E-14
   7922.0000    3.26170E-14
   7924.0000    3.26350E-14
   7926.0000    3.30650E-14
   7928.0000    3.31730E-14
   7930.0000    3.29430E-14
   7932.0000    3.26090E-14
   7934.0000    3.22810E-14
   7936.0000    3.31830E-14
   7938.0000    3.19470E-14
   7940.0000    3.28910E-14
   7942.0000    3.23210E-14
   7944.0000    3.25770E-14
   7946.0000    3.20010E-14
   7948.0000    3.26350E-14
   7950.0000    3.25430E-14
   7952.0000    3.21760E-14
   7954.0000    3.28940E-14
   7956.0000    3.26920E-14
   7958.0000    3.27740E-14
   7960.0000    3.38510E-14
   7962.0000    3.27830E-14
   7964.0000    3.32180E-14
   7966.0000    3.30570E-14
   7968.0000    3.30090E-14
   7970.0000    3.30890E-14
   7972.0000    3.44870E-14
   7974.0000    3.27780E-14
   7976.0000    3.35590E-14
   7978.0000    3.31590E-14
   7980.0000    3.31490E-14
   7982.0000    3.36970E-14
   7984.0000    3.35530E-14
   7986.0000    3.37410E-14
   7988.0000    3.26690E-14
   7990.0000    3.33460E-14
   7992.0000    3.35680E-14
   7994.0000    3.25360E-14
   7996.0000    3.29800E-14
   7998.0000    3.30560E-14
   8000.0000    3.27400E-14
   8002.0000    3.34960E-14
   8004.0000    3.34950E-14
   8006.0000    3.38260E-14
   8008.0000    3.29970E-14
   8010.0000    3.38780E-14
   8012.0000    3.30310E-14
   8014.0000    3.39090E-14
   8016.0000    3.35450E-14
   8018.0000    3.34890E-14
   8020.0000    3.47570E-14
   8022.0000    3.35740E-14
   8024.0000    3.40990E-14
   8026.0000    3.38820E-14
   8028.0000    3.31420E-14
   8030.0000    3.30990E-14
   8032.0000    3.36670E-14
   8034.0000    3.39310E-14
   8036.0000    3.35070E-14
   8038.0000    3.43050E-14
   8040.0000    3.41160E-14
   8042.0000    3.39420E-14
   8044.0000    3.30830E-14
   8046.0000    3.41650E-14
   8048.0000    3.36160E-14
   8050.0000    3.43660E-14
   8052.0000    3.35160E-14
   8054.0000    3.38050E-14
   8056.0000    3.37660E-14
   8058.0000    3.38570E-14
   8060.0000    3.38350E-14
   8062.0000    3.37430E-14
   8064.0000    3.42620E-14
   8066.0000    3.46330E-14
   8068.0000    3.37660E-14
   8070.0000    3.37110E-14
   8072.0000    3.32290E-14
   8074.0000    3.38080E-14
   8076.0000    3.27340E-14
   8078.0000    3.38330E-14
   8080.0000    3.31250E-14
   8082.0000    3.30020E-14
   8084.0000    3.35790E-14
   8086.0000    3.29410E-14
   8088.0000    3.31880E-14
   8090.0000    3.30930E-14
   8092.0000    3.33710E-14
   8094.0000    3.32150E-14
   8096.0000    3.31170E-14
   8098.0000    3.30640E-14
   8100.0000    3.25460E-14
   8102.0000    3.36360E-14
   8104.0000    3.39060E-14
   8106.0000    3.36190E-14
   8108.0000    3.38870E-14
   8110.0000    3.43340E-14
   8112.0000    3.45430E-14
   8114.0000    3.40620E-14
   8116.0000    3.34230E-14
   8118.0000    3.32130E-14
   8120.0000    3.38970E-14
   8122.0000    3.34770E-14
   8124.0000    3.40660E-14
   8126.0000    3.35520E-14
   8128.0000    3.37190E-14
   8130.0000    3.45670E-14
   8132.0000    3.45140E-14
   8134.0000    3.32640E-14
   8136.0000    3.39190E-14
   8138.0000    3.42520E-14
   8140.0000    3.42080E-14
   8142.0000    3.43910E-14
   8144.0000    3.35600E-14
   8146.0000    3.37300E-14
   8148.0000    3.37030E-14
   8150.0000    3.30180E-14
   8152.0000    3.36160E-14
   8154.0000    3.36590E-14
   8156.0000    3.38550E-14
   8158.0000    3.38680E-14
   8160.0000    3.37210E-14
   8162.0000    3.31070E-14
   8164.0000    3.34660E-14
   8166.0000    3.26150E-14
   8168.0000    3.22550E-14
   8170.0000    3.34590E-14
   8172.0000    3.30050E-14
   8174.0000    3.31780E-14
   8176.0000    3.35170E-14
   8178.0000    3.31990E-14
   8180.0000    3.31090E-14
   8182.0000    3.25480E-14
   8184.0000    3.31120E-14
   8186.0000    3.29410E-14
   8188.0000    3.32790E-14
   8190.0000    3.22730E-14
   8192.0000    3.20150E-14
   8194.0000    3.21230E-14
   8196.0000    3.23040E-14
   8198.0000    3.20780E-14
   8200.0000    3.23310E-14
