  1350.00000    6.07130E-16
  1351.00000    1.12090E-15
  1352.00000    1.35720E-15
  1353.00000    1.34430E-15
  1354.00000    2.09300E-15
  1355.00000    2.98480E-15
  1356.00000    1.85680E-15
  1357.00000    3.28070E-15
  1358.00000    2.41580E-15
  1359.00000    2.38230E-15
  1360.00000    2.19590E-15
  1361.00000    2.54260E-15
  1362.00000    1.47700E-15
  1363.00000    2.03890E-15
  1364.00000    1.85370E-15
  1365.00000    3.79520E-15
  1366.00000    2.68230E-15
  1367.00000    1.70210E-15
  1368.00000    9.23730E-16
  1369.00000    1.32100E-15
  1370.00000    7.85210E-16
  1371.00000    2.38240E-15
  1372.00000    2.95460E-15
  1373.00000    7.65550E-16
  1374.00000    7.49570E-16
  1375.00000    1.76920E-15
  1376.00000    2.77560E-15
  1377.00000    1.04420E-15
  1378.00000    2.01250E-15
  1379.00000    2.55920E-15
  1380.00000    3.48990E-15
  1381.00000    1.06140E-15
  1382.00000   -4.85500E-16
  1383.00000    1.93590E-15
  1384.00000    1.58630E-15
  1385.00000    1.44780E-16
  1386.00000    1.43240E-15
  1387.00000    1.17290E-15
  1388.00000    1.27720E-15
  1389.00000    1.77180E-15
  1390.00000    1.95120E-15
  1391.00000    2.27160E-15
  1392.00000    2.26130E-16
  1393.00000    3.53230E-16
  1394.00000    4.66070E-17
  1395.00000    1.26850E-15
  1396.00000    1.36220E-15
  1397.00000    8.58820E-16
  1398.00000    1.28630E-15
  1399.00000    8.04790E-16
  1400.00000    7.36340E-16
  1401.00000    7.54230E-16
  1402.00000    1.32130E-15
  1403.00000    1.44610E-15
  1404.00000    1.37840E-15
  1405.00000    2.36140E-15
  1406.00000    2.62870E-15
  1407.00000    1.37880E-15
  1408.00000    3.12320E-15
  1409.00000    2.70750E-16
  1410.00000    1.39790E-15
  1411.00000    7.69800E-16
  1412.00000    7.55480E-16
  1413.00000    1.87610E-15
  1414.00000    1.09640E-15
  1415.00000    6.54110E-16
  1416.00000    1.56090E-15
  1417.00000    8.26000E-16
  1418.00000    1.49880E-15
  1419.00000    5.19760E-17
  1420.00000    2.80280E-15
  1421.00000    8.66050E-16
  1422.00000    1.22640E-15
  1423.00000    1.06280E-15
  1424.00000    1.86510E-15
  1425.00000    8.46080E-16
  1426.00000    7.20630E-16
  1427.00000    2.14350E-15
  1428.00000    1.52610E-15
  1429.00000    1.59590E-15
  1430.00000    2.33300E-15
  1431.00000    1.49920E-15
  1432.00000    1.35330E-15
  1433.00000    1.52390E-15
  1434.00000    1.09160E-15
  1435.00000    3.15050E-15
  1436.00000    1.45750E-15
  1437.00000    1.69420E-15
  1438.00000    1.48170E-15
  1439.00000    4.48880E-16
  1440.00000    2.04200E-15
  1441.00000    2.83770E-15
  1442.00000    1.46550E-15
  1443.00000    1.77500E-15
  1444.00000    1.60940E-15
  1445.00000    1.42030E-15
  1446.00000    1.17970E-15
  1447.00000    1.88320E-15
  1448.00000    2.29370E-15
  1449.00000    6.13050E-16
  1450.00000    2.78770E-15
  1451.00000    2.24270E-15
  1452.00000    2.76050E-15
  1453.00000    1.89620E-15
  1454.00000    1.79840E-15
  1455.00000    2.52920E-15
  1456.00000    2.83720E-15
  1457.00000    2.12760E-15
  1458.00000    1.84490E-15
  1459.00000    2.15170E-15
  1460.00000    1.76790E-15
  1461.00000    6.80620E-16
  1462.00000    2.14070E-15
  1463.00000    9.36780E-16
  1464.00000    1.68690E-15
  1465.00000    9.37200E-16
  1466.00000    1.22470E-15
  1467.00000    2.25920E-15
  1468.00000    2.25880E-15
  1469.00000   -4.11330E-16
  1470.00000    3.53420E-16
  1471.00000    1.99290E-15
  1472.00000    9.32930E-16
  1473.00000    2.00420E-15
  1474.00000    1.03370E-15
  1475.00000    2.24270E-15
  1476.00000    1.42260E-15
  1477.00000    1.60290E-15
  1478.00000    2.67110E-15
  1479.00000    1.06100E-15
  1480.00000    6.42510E-16
  1481.00000    1.16740E-15
  1482.00000    1.89720E-15
  1483.00000    1.77960E-16
  1484.00000    1.95980E-15
  1485.00000    1.12270E-15
  1486.00000    1.66120E-15
  1487.00000    1.41330E-15
  1488.00000    9.50200E-16
  1489.00000    4.05700E-16
  1490.00000    2.17200E-15
  1491.00000    1.65150E-15
  1492.00000    1.18660E-15
  1493.00000    1.26740E-15
  1494.00000    2.07860E-15
  1495.00000    1.64110E-15
  1496.00000    2.62520E-15
  1497.00000    1.31370E-15
  1498.00000   -6.91170E-17
  1499.00000    6.80050E-16
  1500.00000    1.33410E-15
  1501.00000    2.01920E-15
  1502.00000   -1.62860E-17
  1503.00000    1.39730E-15
  1504.00000    1.17910E-16
  1505.00000    9.07120E-16
  1506.00000    2.72810E-15
  1507.00000    4.85250E-16
  1508.00000    1.24620E-15
  1509.00000    2.03860E-15
  1510.00000    1.47500E-15
  1511.00000    4.09000E-16
  1512.00000    1.31220E-15
  1513.00000    1.45570E-15
  1514.00000    1.22780E-15
  1515.00000    2.80940E-16
  1516.00000    2.18150E-15
  1517.00000    1.74020E-15
  1518.00000   -2.32910E-16
  1519.00000    1.40370E-15
  1520.00000    2.33750E-15
  1521.00000    4.85950E-16
  1522.00000    7.74730E-16
  1523.00000    1.24750E-15
  1524.00000    1.40080E-15
  1525.00000    2.02720E-16
  1526.00000    1.66910E-15
  1527.00000    2.53710E-15
  1528.00000    1.19990E-15
  1529.00000    1.49580E-15
  1530.00000    1.25380E-15
  1531.00000    7.06340E-16
  1532.00000    4.66310E-16
  1533.00000    8.31500E-16
  1534.00000    1.43400E-15
  1535.00000    1.71330E-15
  1536.00000    3.63020E-15
  1537.00000    1.66250E-15
  1538.00000    1.30850E-15
  1539.00000    6.51450E-16
  1540.00000    8.38430E-16
  1541.00000   -2.42800E-16
  1542.00000    1.36520E-15
  1543.00000    1.35250E-16
  1544.00000    6.08780E-16
  1545.00000    1.80460E-15
  1546.00000    3.34760E-16
  1547.00000    2.20520E-15
  1548.00000    8.04610E-16
  1549.00000    1.32740E-15
  1550.00000    9.62550E-16
  1551.00000    7.15080E-16
  1552.00000    1.99990E-15
  1553.00000    8.20550E-16
  1554.00000    6.21700E-16
  1555.00000    1.07720E-15
  1556.00000    7.30570E-16
  1557.00000    2.21030E-15
  1558.00000    1.67070E-16
  1559.00000    5.75800E-16
  1560.00000    1.70420E-15
  1561.00000    1.65090E-15
  1562.00000    1.30560E-15
  1563.00000    1.62750E-16
  1564.00000    1.48220E-15
  1565.00000    1.90510E-15
  1566.00000    1.86990E-15
  1567.00000   -5.43490E-16
  1568.00000    1.59860E-15
  1569.00000    1.55380E-15
  1570.00000    7.24690E-16
  1571.00000    7.26130E-16
  1572.00000    1.63180E-15
  1573.00000    2.98110E-16
  1574.00000    1.74590E-15
  1575.00000    5.71280E-16
  1576.00000    1.56090E-15
  1577.00000    1.45800E-15
  1578.00000    3.18140E-15
  1579.00000    1.97390E-15
  1580.00000    1.57660E-15
  1581.00000    2.55500E-15
  1582.00000    9.82650E-16
  1583.00000    7.75860E-16
  1584.00000    1.21940E-15
  1585.00000    8.45530E-16
  1586.00000    1.04400E-15
  1587.00000    2.46220E-17
  1588.00000    1.91110E-15
  1589.00000    1.05030E-15
  1590.00000    1.09550E-15
  1591.00000    4.97860E-16
  1592.00000    1.68100E-15
  1593.00000    3.44040E-15
  1594.00000    1.00990E-15
  1595.00000    7.19330E-16
  1596.00000    1.26680E-15
  1597.00000    2.32810E-16
  1598.00000    1.65940E-15
  1599.00000    1.65450E-15
  1600.00000    1.39780E-15
  1601.00000    1.48180E-15
  1602.00000    1.77640E-15
  1603.00000    1.76700E-15
  1604.00000    1.60080E-15
  1605.00000    1.16580E-16
  1606.00000    1.35640E-15
  1607.00000    1.15770E-15
  1608.00000    1.86480E-15
  1609.00000    1.46010E-15
  1610.00000    6.03530E-16
  1611.00000    6.83620E-16
  1612.00000    1.03150E-16
  1613.00000    8.38330E-16
  1614.00000    1.06980E-15
  1615.00000    3.93720E-16
  1616.00000    1.85690E-15
  1617.00000    9.32620E-16
  1618.00000    1.83660E-15
  1619.00000    1.20320E-15
  1620.00000    1.91130E-15
  1621.00000    1.37580E-15
  1622.00000    4.62800E-16
  1623.00000    2.79890E-15
  1624.00000   -1.09380E-16
  1625.00000   -1.90760E-16
  1626.00000    4.59790E-16
  1627.00000    1.06680E-15
  1628.00000    1.98020E-15
  1629.00000    2.21540E-15
  1630.00000    1.74780E-15
  1631.00000    1.09500E-16
  1632.00000    1.58200E-15
  1633.00000    3.79580E-16
  1634.00000    1.81530E-15
  1635.00000    8.40390E-16
  1636.00000    1.78390E-15
  1637.00000    2.15990E-15
  1638.00000    8.63920E-16
  1639.00000    7.92340E-16
  1640.00000    6.64740E-16
  1641.00000    1.16040E-16
  1642.00000    1.40380E-16
  1643.00000    1.92480E-15
  1644.00000    7.95190E-17
  1645.00000    1.47580E-15
  1646.00000    1.61590E-15
  1647.00000    1.94050E-15
  1648.00000    1.55450E-15
  1649.00000    6.57570E-16
  1650.00000    1.96490E-15
  1651.00000    1.07570E-15
  1652.00000    2.04660E-15
  1653.00000    1.01010E-15
  1654.00000    1.16610E-15
  1655.00000    1.33090E-15
  1656.00000    1.92160E-15
  1657.00000    2.02140E-16
  1658.00000    2.24620E-15
  1659.00000    1.09690E-15
  1660.00000    1.10180E-15
  1661.00000    1.91890E-15
  1662.00000    1.27150E-15
  1663.00000    1.11870E-15
  1664.00000    9.52460E-16
  1665.00000    1.83470E-15
  1666.00000    1.03480E-15
  1667.00000    2.09850E-15
  1668.00000    2.47320E-15
  1669.00000    7.23940E-16
  1670.00000    1.60210E-15
  1671.00000    4.68980E-16
  1672.00000    1.48480E-15
  1673.00000    1.78270E-15
  1674.00000    1.30110E-15
  1675.00000    1.14460E-15
  1676.00000    1.18730E-15
  1677.00000    1.94550E-15
  1678.00000    7.96400E-16
  1679.00000    1.62540E-15
  1680.00000    1.22080E-15
  1681.00000    1.25700E-15
  1682.00000    3.91180E-16
  1683.00000    1.72190E-15
  1684.00000    1.38500E-15
  1685.00000    8.29700E-16
  1686.00000    1.30550E-15
  1687.00000    2.76510E-15
  1688.00000    1.13420E-15
  1689.00000    1.91480E-16
  1690.00000    4.29210E-16
  1691.00000    3.93230E-16
  1692.00000    2.66230E-15
  1693.00000    1.02820E-15
  1694.00000    1.93830E-15
  1695.00000    3.33680E-16
  1696.00000    5.40390E-16
  1697.00000    1.28780E-15
  1698.00000    2.77610E-15
  1699.00000    5.43930E-16
  1700.00000    1.02340E-15
  1701.00000    2.07200E-15
  1702.00000    1.99660E-15
  1703.00000    4.81670E-16
  1704.00000    1.36280E-15
  1705.00000    1.55570E-15
  1706.00000    2.15580E-16
  1707.00000    1.03260E-15
  1708.00000    2.06780E-15
  1709.00000    2.44250E-15
  1710.00000    2.16020E-16
  1711.00000    9.72360E-16
  1712.00000    9.31800E-16
  1713.00000    1.78480E-15
  1714.00000    1.54160E-15
  1715.00000    1.02690E-15
  1716.00000    1.72170E-15
  1717.00000    1.28650E-15
  1718.00000    1.78200E-15
  1719.00000    1.52030E-15
  1720.00000    9.44770E-16
  1721.00000    1.52120E-15
  1722.00000    8.61890E-16
  1723.00000    1.35990E-15
  1724.00000    1.19840E-15
  1725.00000    8.54320E-16
  1726.00000    1.14580E-15
  1727.00000    1.66930E-15
  1728.00000    4.08870E-16
  1729.00000   -1.83750E-17
  1730.00000    7.28900E-16
  1731.00000    5.57590E-16
  1732.00000    1.71290E-15
  1733.00000    2.75300E-15
  1734.00000    1.00420E-15
  1735.00000    2.72650E-15
  1736.00000    1.89070E-15
  1737.00000    1.85630E-15
  1738.00000    1.15890E-15
  1739.00000    2.10770E-15
  1740.00000    2.04490E-15
  1741.00000    1.94540E-15
  1742.00000    8.21130E-16
  1743.00000    1.31890E-15
  1744.00000    1.31330E-15
  1745.00000    3.09240E-16
  1746.00000    2.12820E-15
  1747.00000    5.38910E-16
  1748.00000    4.53910E-16
  1749.00000    9.56630E-16
  1750.00000    1.00220E-15
  1751.00000    1.67630E-15
  1752.00000   -8.37240E-16
  1753.00000    1.00060E-15
  1754.00000    1.52240E-15
  1755.00000    7.47860E-16
  1756.00000    5.42460E-17
  1757.00000    7.00880E-16
  1758.00000    6.56140E-16
  1759.00000    1.25870E-15
  1760.00000    3.55270E-16
  1761.00000    4.73720E-16
  1762.00000    2.01440E-17
  1763.00000    8.79670E-16
  1764.00000    1.82130E-15
  1765.00000    1.86550E-15
  1766.00000    4.51900E-16
  1767.00000    8.16190E-16
  1768.00000    2.23960E-15
  1769.00000    1.61280E-15
  1770.00000    5.13320E-16
  1771.00000    1.43100E-16
  1772.00000    5.05340E-16
  1773.00000    1.91180E-15
  1774.00000    1.05140E-15
  1775.00000    1.91600E-15
  1776.00000   -4.08450E-17
  1777.00000    6.66360E-16
  1778.00000    1.39090E-15
  1779.00000    1.83050E-15
  1780.00000   -5.34160E-17
  1781.00000    8.29020E-16
  1782.00000    2.15250E-15
  1783.00000    1.12980E-16
  1784.00000    1.39770E-15
  1785.00000    8.78880E-16
  1786.00000    2.66590E-16
  1787.00000    2.18770E-15
  1788.00000   -6.06370E-16
  1789.00000    2.22260E-15
  1790.00000    1.77710E-15
  1791.00000    1.98940E-15
  1792.00000    8.36260E-16
  1793.00000    4.45430E-16
  1794.00000    1.45120E-15
  1795.00000    1.77320E-15
  1796.00000    4.14610E-16
  1797.00000    4.62760E-16
  1798.00000    1.53870E-15
  1799.00000    2.31510E-15
  1800.00000    8.90200E-16
  1801.00000    1.34980E-15
  1802.00000    7.45740E-16
  1803.00000    1.17140E-16
  1804.00000    1.71280E-15
  1805.00000    2.57520E-15
  1806.00000    2.23430E-15
  1807.00000    3.31740E-16
  1808.00000    2.22860E-15
  1809.00000    2.36000E-15
  1810.00000    9.02130E-16
  1811.00000   -1.29720E-16
  1812.00000    2.05780E-15
  1813.00000    1.40320E-16
  1814.00000    2.95920E-16
  1815.00000    1.00980E-15
  1816.00000    1.95380E-15
  1817.00000    2.62310E-15
  1818.00000   -6.49940E-16
  1819.00000    2.26930E-15
  1820.00000    2.21010E-16
  1821.00000    7.70110E-16
  1822.00000    1.22060E-15
  1823.00000   -6.42900E-18
  1824.00000    1.43610E-15
  1825.00000    1.12940E-15
  1826.00000    2.15850E-15
  1827.00000    1.45060E-15
  1828.00000    7.67880E-16
  1829.00000    1.89670E-15
  1830.00000    1.36110E-15
  1831.00000    7.59210E-16
  1832.00000    1.32980E-15
  1833.00000    8.96060E-16
  1834.00000    1.61630E-15
  1835.00000    5.02230E-16
  1836.00000    8.01360E-16
  1837.00000    1.26310E-15
  1838.00000    1.17030E-15
  1839.00000    1.07870E-15
  1840.00000    7.37380E-17
  1841.00000    1.32390E-15
  1842.00000    1.19970E-15
  1843.00000    1.19600E-15
  1844.00000    2.34330E-15
  1845.00000    3.60470E-16
  1846.00000    1.14550E-15
  1847.00000    1.13870E-15
  1848.00000    8.60860E-16
  1849.00000    6.75570E-16
  1850.00000   -2.45300E-16
  1851.00000    2.11980E-15
  1852.00000    1.25650E-16
  1853.00000    1.27850E-15
  1854.00000    1.49840E-15
  1855.00000    1.55110E-15
  1856.00000    1.13840E-15
  1857.00000    4.43500E-16
  1858.00000    8.57370E-16
  1859.00000    2.71880E-15
  1860.00000    1.51030E-15
  1861.00000    1.13810E-15
  1862.00000   -4.72140E-17
  1863.00000    7.96690E-16
  1864.00000    1.23550E-15
  1865.00000    2.20780E-16
  1866.00000    8.78640E-16
  1867.00000    1.11410E-15
  1868.00000   -4.66150E-16
  1869.00000   -4.80820E-16
  1870.00000    9.83660E-16
  1871.00000    9.89680E-16
  1872.00000    1.23600E-15
  1873.00000    1.41640E-15
  1874.00000    1.98310E-15
  1875.00000    1.39890E-15
  1876.00000    3.92700E-16
  1877.00000    8.67720E-16
  1878.00000    1.41210E-15
  1879.00000   -8.95170E-17
  1880.00000    1.30670E-15
  1881.00000    1.60200E-15
  1882.00000    6.12540E-16
  1883.00000    1.48860E-15
  1884.00000    2.22960E-15
  1885.00000    1.26520E-15
  1886.00000    1.11880E-15
  1887.00000    5.60880E-16
  1888.00000    2.99080E-16
  1889.00000    1.12920E-15
  1890.00000    1.88470E-15
  1891.00000    1.64330E-15
  1892.00000    1.65740E-15
  1893.00000    4.09900E-16
  1894.00000    7.84850E-16
  1895.00000   -1.69350E-16
  1896.00000   -6.85230E-16
  1897.00000    1.49280E-15
  1898.00000    1.16320E-15
  1899.00000    1.78000E-15
  1900.00000    8.01150E-16
  1901.00000    9.30830E-16
  1902.00000    1.06310E-15
  1903.00000    2.33980E-15
  1904.00000    2.26320E-16
  1905.00000    2.71460E-16
  1906.00000    2.09710E-15
  1907.00000    5.47360E-16
  1908.00000    2.09400E-15
  1909.00000    1.28330E-15
  1910.00000   -9.44830E-16
  1911.00000    1.50090E-15
  1912.00000   -1.06410E-16
  1913.00000    2.00540E-15
  1914.00000   -2.53440E-17
  1915.00000    2.51970E-15
  1916.00000    1.06930E-15
  1917.00000    1.08380E-16
  1918.00000    1.28720E-15
  1919.00000    4.98870E-16
  1920.00000    2.00530E-15
  1921.00000    2.80770E-16
  1922.00000    2.63770E-16
  1923.00000    1.01800E-15
  1924.00000   -5.31600E-16
  1925.00000   -6.01010E-16
  1926.00000    1.06730E-15
  1927.00000    1.41400E-15
  1928.00000    8.36820E-16
  1929.00000   -2.44210E-16
  1930.00000    2.14290E-15
  1931.00000    1.54200E-15
  1932.00000   -3.61600E-16
  1933.00000   -2.38400E-16
  1934.00000    3.62890E-16
  1935.00000    8.23810E-16
  1936.00000    5.51420E-16
  1937.00000    6.50730E-16
  1938.00000    2.12820E-15
  1939.00000    1.48730E-15
  1940.00000    1.03780E-15
  1941.00000    2.89630E-15
  1942.00000    1.05680E-16
  1943.00000    9.66800E-16
  1944.00000    2.30340E-15
  1945.00000    1.73950E-15
  1946.00000    6.19810E-16
  1947.00000    6.32780E-16
  1948.00000    1.02660E-15
  1949.00000    1.22980E-15
  1950.00000   -2.56800E-16
  1951.00000    1.58890E-15
  1952.00000    1.44140E-15
  1953.00000    8.75470E-16
  1954.00000    1.10860E-15
  1955.00000    1.71980E-15
  1956.00000    9.31550E-16
  1957.00000    9.74930E-16
  1958.00000    1.24230E-15
  1959.00000    1.90910E-15
  1960.00000    1.60840E-15
  1961.00000    1.30260E-15
  1962.00000    9.41700E-16
  1963.00000   -2.26860E-16
  1964.00000    2.29400E-15
  1965.00000    1.37950E-15
  1966.00000    1.37630E-15
  1967.00000    1.89270E-15
  1968.00000    6.73090E-16
  1969.00000    1.80160E-15
  1970.00000    6.24580E-16
  1971.00000    1.07970E-15
  1972.00000    7.96490E-16
  1973.00000    1.54440E-15
  1974.00000    1.72320E-15
  1975.00000    1.03160E-15
  1976.00000    1.30200E-15
  1977.00000    1.10270E-15
  1978.00000    8.38000E-16
  1979.00000    3.90290E-16
  1980.00000    8.89360E-16
  1981.00000    9.25390E-16
  1982.00000    1.05790E-15
  1983.00000    1.59500E-15
  1984.00000    3.47910E-16
  1985.00000    1.05070E-15
  1986.00000    1.07500E-15
  1987.00000    1.56810E-15
  1988.00000    8.80530E-16
  1989.00000    1.07640E-15
  1990.00000    1.32650E-15
  1991.00000    2.98090E-16
  1992.00000    9.13470E-16
  1993.00000    2.56890E-15
  1994.00000    2.38220E-15
  1995.00000    2.07780E-15
  1996.00000    1.00120E-15
  1997.00000    1.03710E-15
  1998.00000    8.74270E-16
  1999.00000    1.38540E-16
  2000.00000    9.77670E-16
  2001.00000    1.08680E-15
  2002.00000    1.78860E-15
  2003.00000    2.66640E-16
