  1400.00000    2.25970E-15
  1403.00000    3.41620E-16
  1406.00000    5.30910E-16
  1409.00000    1.46080E-15
  1412.00000    4.69880E-16
  1415.00000    1.92460E-15
  1418.00000   -1.32060E-16
  1421.00000   -6.90630E-17
  1424.00000    8.28400E-16
  1427.00000    1.08660E-15
  1430.00000    2.04820E-15
  1433.00000    5.42550E-16
  1436.00000    4.99720E-17
  1439.00000    1.19590E-15
  1442.00000    4.76530E-16
  1445.00000    1.60080E-16
  1448.00000   -2.56360E-16
  1451.00000    1.06800E-17
  1454.00000    4.85140E-17
  1457.00000    5.62920E-16
  1460.00000    1.09730E-15
  1463.00000    7.38660E-16
  1466.00000    1.27100E-16
  1469.00000    1.14900E-15
  1472.00000    8.03730E-16
  1475.00000    1.64220E-16
  1478.00000    4.92880E-16
  1481.00000    2.62600E-16
  1484.00000    2.21500E-15
  1487.00000    9.67390E-16
  1490.00000    1.24880E-16
  1493.00000   -3.52530E-16
  1496.00000    1.75100E-15
  1499.00000    1.37900E-15
  1502.00000    1.91560E-15
  1505.00000    2.06950E-15
  1508.00000   -7.26210E-16
  1511.00000    1.36500E-15
  1514.00000    2.48630E-15
  1517.00000    4.74390E-16
  1520.00000    7.25950E-16
  1523.00000    5.10300E-16
  1526.00000   -1.05280E-16
  1529.00000    7.50680E-16
  1532.00000   -5.11940E-16
  1535.00000    4.51270E-16
  1538.00000    2.05470E-15
  1541.00000    1.21840E-15
  1544.00000   -5.52880E-16
  1547.00000    2.93490E-16
  1550.00000    8.48590E-17
  1553.00000    1.33330E-15
  1556.00000    6.41730E-16
  1559.00000    3.71300E-16
  1562.00000    9.27620E-16
  1565.00000    1.25740E-15
  1568.00000    3.42070E-16
  1571.00000    7.19830E-16
  1574.00000   -9.19860E-16
  1577.00000    6.29440E-16
  1580.00000    9.27110E-16
  1583.00000    1.15460E-15
  1586.00000   -6.54420E-16
  1589.00000    1.20190E-15
  1592.00000   -3.08060E-17
  1595.00000    2.31920E-15
  1598.00000   -5.11770E-16
  1601.00000   -4.49390E-16
  1604.00000   -1.13410E-15
  1607.00000    1.13590E-15
  1610.00000    2.52400E-16
  1613.00000    1.19520E-15
  1616.00000    3.11680E-15
  1619.00000    1.10780E-15
  1622.00000    2.08430E-16
  1625.00000    1.28000E-15
  1628.00000    1.13040E-15
  1631.00000    1.74780E-15
  1634.00000   -1.64040E-15
  1637.00000    7.56170E-16
  1640.00000    1.57360E-15
  1643.00000    1.21210E-15
  1646.00000    2.54150E-15
  1649.00000    3.48300E-16
  1652.00000    4.95890E-16
  1655.00000    1.08080E-15
  1658.00000    1.95270E-15
  1661.00000    4.22560E-17
  1664.00000    1.65020E-15
  1667.00000   -1.05900E-17
  1670.00000   -2.47740E-16
  1673.00000    1.61040E-16
  1676.00000    1.02000E-15
  1679.00000    3.48340E-15
  1682.00000    1.09150E-15
  1685.00000   -1.58880E-15
  1688.00000   -1.03420E-16
  1691.00000    5.72380E-16
  1694.00000   -5.32540E-16
  1697.00000    6.37670E-16
  1700.00000    1.35350E-15
  1703.00000   -1.36360E-15
  1706.00000   -3.44770E-16
  1709.00000    8.98670E-16
  1712.00000    3.87230E-16
  1715.00000    4.55190E-16
  1718.00000    2.93430E-16
  1721.00000   -8.46100E-16
  1724.00000    1.51360E-15
  1727.00000    7.94090E-16
  1730.00000    2.71870E-15
  1733.00000   -4.80570E-16
  1736.00000    4.71140E-17
  1739.00000    9.82510E-16
  1742.00000    1.47110E-15
  1745.00000    2.92730E-16
  1748.00000    1.26520E-15
  1751.00000    2.19700E-15
  1754.00000    1.53920E-15
  1757.00000    7.93090E-16
  1760.00000    1.01000E-15
  1763.00000   -1.97380E-15
  1766.00000    1.09890E-15
  1769.00000    1.14630E-15
  1772.00000   -1.92890E-17
  1775.00000    1.00050E-15
  1778.00000    1.13900E-15
  1781.00000    1.93930E-15
  1784.00000    4.63750E-16
  1787.00000    2.42770E-15
  1790.00000    9.47250E-16
  1793.00000    2.97020E-15
  1796.00000    4.57080E-16
  1799.00000    3.24730E-16
  1802.00000    1.82870E-15
  1805.00000    1.83490E-15
  1808.00000    3.19350E-16
  1811.00000    9.92520E-16
  1814.00000   -7.61200E-16
  1817.00000    2.47810E-15
  1820.00000    3.31830E-16
  1823.00000    1.06310E-15
  1826.00000    1.26190E-15
  1829.00000    4.33430E-16
  1832.00000    1.02420E-15
  1835.00000   -4.62800E-18
  1838.00000    1.90270E-15
  1841.00000    3.60580E-15
  1844.00000   -4.36680E-16
  1847.00000    2.36590E-15
  1850.00000    9.76490E-16
  1853.00000    1.16370E-15
  1856.00000   -1.53300E-15
  1859.00000    1.86540E-15
  1862.00000    8.09540E-16
  1865.00000    1.12010E-15
  1868.00000    1.81240E-15
  1871.00000    3.57250E-16
  1874.00000    3.13620E-16
  1877.00000    9.78920E-16
  1880.00000    3.26150E-16
  1883.00000   -9.40940E-17
  1886.00000    1.30300E-15
  1889.00000   -3.48520E-16
  1892.00000    1.06750E-15
  1895.00000    6.57020E-16
  1898.00000    6.50310E-16
  1901.00000    4.84700E-16
  1904.00000    2.90300E-15
  1907.00000    2.11370E-15
  1910.00000    9.26790E-16
  1913.00000    1.21110E-15
  1916.00000    1.16160E-15
  1919.00000    1.62640E-15
  1922.00000    1.84510E-15
  1925.00000    2.13700E-15
  1928.00000    6.11070E-16
  1931.00000    1.75670E-15
  1934.00000   -1.51800E-16
  1937.00000    7.89360E-16
  1940.00000    7.32770E-16
  1943.00000    1.71650E-16
  1946.00000    1.68260E-15
  1949.00000    6.92560E-16
  1952.00000    2.61090E-15
  1955.00000    5.32930E-16
  1958.00000    6.46070E-16
  1961.00000    1.25480E-15
  1964.00000    8.17700E-16
  1967.00000    2.72200E-16
  1970.00000    5.98650E-16
  1973.00000   -2.18050E-16
  1976.00000    1.39490E-15
  1979.00000    1.91110E-15
  1982.00000    2.56540E-15
  1985.00000    7.50700E-16
  1988.00000    9.93050E-16
  1991.00000    4.02150E-16
  1994.00000    1.69400E-15
  1997.00000   -1.96100E-15
  2000.00000    1.65800E-15
  2003.00000    1.06240E-15
  2006.00000    1.48410E-15
  2009.00000    1.53350E-15
  2012.00000    2.39910E-15
  2015.00000    1.09710E-15
  2018.00000    1.52040E-15
  2021.00000   -4.31540E-16
  2024.00000    2.83700E-15
  2027.00000    1.35040E-16
  2030.00000    1.54100E-15
  2033.00000    2.20610E-15
  2036.00000    1.68380E-15
  2039.00000   -2.23000E-16
  2042.00000    1.10610E-15
  2045.00000   -3.53810E-17
  2048.00000   -9.05590E-16
  2051.00000   -1.88710E-16
  2054.00000    1.16740E-15
  2057.00000    8.68860E-16
  2060.00000    6.46020E-16
  2063.00000    1.44750E-15
  2066.00000    1.04510E-15
  2069.00000    4.46140E-16
  2072.00000    7.62550E-16
  2075.00000    8.11220E-16
  2078.00000   -7.32380E-16
  2081.00000    1.24160E-16
  2084.00000    4.94500E-16
  2087.00000   -1.24260E-16
  2090.00000    2.64650E-15
  2093.00000   -2.90000E-16
  2096.00000   -9.01080E-16
  2099.00000    1.20860E-15
  2102.00000    8.23350E-16
  2105.00000    2.81190E-15
  2108.00000    5.55330E-16
  2111.00000    1.99510E-15
  2114.00000    9.55050E-16
  2117.00000    6.84320E-16
  2120.00000    1.15660E-15
  2123.00000    1.09030E-15
  2126.00000    1.31890E-15
  2129.00000    2.19340E-15
  2132.00000    1.50940E-15
  2135.00000    1.29910E-15
  2138.00000    1.30170E-15
  2141.00000    1.75970E-15
  2144.00000    1.40180E-15
  2147.00000    1.32440E-15
  2150.00000    1.31570E-15
  2153.00000    2.23270E-15
  2156.00000    1.89020E-15
  2159.00000    2.23210E-15
  2162.00000    2.00170E-15
  2165.00000    3.25400E-17
  2168.00000    1.53800E-15
  2171.00000    2.06030E-15
  2174.00000    1.00540E-15
  2177.00000    3.55090E-16
  2180.00000    1.42090E-16
  2183.00000   -6.55550E-16
  2186.00000    2.05760E-16
  2189.00000    2.27470E-15
  2192.00000    1.27820E-15
  2195.00000    2.03970E-15
  2198.00000    8.34650E-16
  2201.00000    3.08580E-15
  2204.00000    1.25800E-15
  2207.00000    2.62850E-15
  2210.00000    1.28080E-15
  2213.00000    2.35960E-15
  2216.00000    2.96660E-15
  2219.00000    1.40760E-15
  2222.00000    1.81260E-15
  2225.00000    2.30980E-15
  2228.00000    2.07960E-15
  2231.00000    2.69580E-16
  2234.00000    2.22880E-15
  2237.00000    2.12980E-15
  2240.00000    2.04890E-15
  2243.00000    2.78450E-15
  2246.00000    1.11680E-15
  2249.00000    2.71370E-15
  2252.00000    2.40370E-15
  2255.00000    8.32050E-16
  2258.00000    1.97590E-15
  2261.00000    1.49720E-15
  2264.00000    7.15160E-16
  2267.00000    1.52120E-15
  2270.00000    1.10430E-15
  2273.00000    2.83440E-15
  2276.00000    6.00480E-16
  2279.00000    2.27410E-15
  2282.00000    2.02670E-15
  2285.00000    1.07920E-15
  2288.00000    6.72080E-16
  2291.00000    2.40180E-15
  2294.00000    2.70450E-16
  2297.00000    1.97040E-15
  2300.00000    1.24850E-15
  2303.00000    3.03680E-16
  2306.00000    2.02450E-15
  2309.00000    2.68220E-15
  2312.00000    1.85580E-15
  2315.00000    1.56770E-15
  2318.00000    1.33650E-15
  2321.00000    9.84090E-16
  2324.00000    3.70430E-16
  2327.00000    1.00540E-15
  2330.00000    8.64320E-17
  2333.00000    4.54670E-16
  2336.00000    1.70500E-15
  2339.00000    1.96980E-15
  2342.00000    1.32290E-15
  2345.00000   -1.22160E-16
  2348.00000    9.96370E-16
  2351.00000    1.28770E-15
  2354.00000    1.90660E-15
  2357.00000    2.23770E-15
  2360.00000    7.37480E-16
  2363.00000    1.86750E-15
  2366.00000    1.92710E-15
  2369.00000    1.41260E-15
  2372.00000    1.38240E-15
  2375.00000    5.39520E-16
  2378.00000    7.89300E-16
  2381.00000    1.43200E-16
  2384.00000    2.05220E-15
  2387.00000   -5.84840E-16
  2390.00000   -1.69330E-15
  2393.00000    1.02850E-15
  2396.00000    9.02540E-16
  2399.00000    1.09480E-15
  2402.00000    2.38750E-15
  2405.00000    1.58910E-15
  2408.00000    1.18790E-15
  2411.00000    1.10430E-15
  2414.00000    6.77300E-16
  2417.00000    3.18030E-16
  2420.00000    9.62900E-16
  2423.00000    8.38400E-16
  2426.00000    3.20980E-15
  2429.00000    1.87500E-15
  2432.00000    2.02450E-15
  2435.00000    1.71530E-15
  2438.00000    2.32810E-15
  2441.00000    3.08210E-15
  2444.00000    2.34790E-15
  2447.00000    2.88940E-15
  2450.00000   -2.54320E-16
  2453.00000    1.92240E-15
  2456.00000    1.63520E-15
  2459.00000    2.01600E-15
  2462.00000    2.26400E-15
  2465.00000    1.64300E-15
  2468.00000    1.92570E-16
  2471.00000    1.10740E-15
  2474.00000    1.41520E-15
  2477.00000    1.25400E-15
  2480.00000    1.41380E-15
  2483.00000    2.00690E-15
  2486.00000    2.90090E-15
  2489.00000    9.82930E-16
  2492.00000    5.38120E-16
  2495.00000   -1.04540E-15
  2498.00000    3.28800E-16
  2501.00000    2.62210E-15
  2504.00000    3.29880E-15
  2507.00000    2.43580E-15
  2510.00000    1.55580E-15
  2513.00000    1.15530E-15
  2516.00000    7.00720E-16
  2519.00000    9.44830E-16
  2522.00000    8.17290E-16
  2525.00000    1.20570E-15
  2528.00000    2.58700E-15
  2531.00000    6.97280E-16
  2534.00000    5.26250E-16
  2537.00000    7.59220E-16
  2540.00000    1.73090E-15
  2543.00000    6.39160E-16
  2546.00000    2.99410E-15
  2549.00000    1.20780E-15
  2552.00000    1.87940E-15
  2555.00000    1.79800E-15
  2558.00000    2.02300E-15
  2561.00000    7.77360E-16
  2564.00000    8.98930E-16
  2567.00000    2.88270E-15
  2570.00000    3.67090E-15
  2573.00000    9.12850E-16
  2576.00000    1.73200E-15
  2579.00000    1.31250E-15
  2582.00000    1.55590E-15
  2585.00000    3.21330E-15
  2588.00000    9.09220E-16
  2591.00000    8.39200E-16
  2594.00000    9.80260E-17
  2597.00000    1.59620E-15
  2600.00000    2.18090E-15
  2603.00000    2.73240E-15
  2606.00000    5.87850E-16
  2609.00000    1.50820E-15
  2612.00000    1.29430E-15
  2615.00000    1.98210E-15
  2618.00000    6.10940E-17
  2621.00000    1.07340E-15
  2624.00000    3.38940E-15
  2627.00000    4.29890E-16
  2630.00000   -2.12050E-16
  2633.00000    1.60170E-15
  2636.00000    8.70060E-16
  2639.00000    3.40470E-15
  2642.00000    3.37270E-15
  2645.00000    1.23230E-15
  2648.00000    2.75510E-15
  2651.00000    4.25890E-15
  2654.00000    4.58880E-15
  2657.00000    2.70930E-15
  2660.00000    3.96150E-15
  2663.00000    5.36210E-15
  2666.00000    3.78900E-15
  2669.00000    3.57870E-15
  2672.00000    1.55260E-15
  2675.00000    3.72430E-15
  2678.00000    3.43310E-15
  2681.00000    3.49330E-15
  2684.00000    4.67310E-15
  2687.00000    3.73470E-15
  2690.00000    3.40560E-15
  2693.00000    2.20610E-15
  2696.00000    4.17060E-15
  2699.00000    2.69150E-15
  2702.00000    4.92540E-15
  2705.00000    2.45150E-15
  2708.00000    1.54600E-15
  2711.00000    2.02230E-15
  2714.00000    3.87520E-15
  2717.00000    3.49910E-15
  2720.00000    4.03880E-15
  2723.00000    2.12110E-15
  2726.00000    2.71300E-15
  2729.00000    9.55650E-16
  2732.00000    3.09600E-15
  2735.00000    4.44240E-15
  2738.00000    2.58950E-15
  2741.00000    2.73910E-16
  2744.00000    3.69140E-15
  2747.00000    2.68370E-15
  2750.00000    1.13520E-15
  2753.00000    2.77530E-15
  2756.00000   -2.46790E-16
  2759.00000    1.77500E-15
  2762.00000    3.31450E-15
  2765.00000    1.79520E-15
  2768.00000    1.18860E-15
  2771.00000    2.15270E-15
  2774.00000    3.00340E-15
  2777.00000    2.41510E-15
  2780.00000    3.03880E-15
  2783.00000    1.58910E-15
  2786.00000    5.32110E-16
  2789.00000    3.34700E-15
  2792.00000    8.68680E-16
  2795.00000    1.73900E-15
  2798.00000    1.13870E-15
  2801.00000    3.71040E-16
  2804.00000    2.05530E-15
  2807.00000    1.31820E-15
  2810.00000    2.90990E-15
  2813.00000    9.92880E-16
  2816.00000    4.10220E-15
  2819.00000    1.91760E-15
  2822.00000    2.80750E-15
  2825.00000    3.98300E-15
  2828.00000    3.57960E-15
  2831.00000    3.90780E-15
  2834.00000    4.07180E-15
  2837.00000    5.92610E-15
  2840.00000    4.53690E-15
  2843.00000    3.02880E-15
  2846.00000    2.35440E-15
  2849.00000    2.55840E-15
  2852.00000    1.80810E-15
  2855.00000    1.87270E-15
  2858.00000    2.86590E-15
  2861.00000    2.16760E-16
  2864.00000    4.30630E-15
  2867.00000    3.37010E-15
  2870.00000    2.50280E-15
  2873.00000    4.64030E-15
  2876.00000    2.68260E-15
  2879.00000    4.26580E-15
  2882.00000    4.80890E-15
  2885.00000    4.12660E-15
  2888.00000    2.89110E-15
  2891.00000    3.93850E-15
  2894.00000    4.40000E-15
  2897.00000    4.62550E-15
  2900.00000    3.46460E-15
  2903.00000    6.09310E-15
  2906.00000    4.60520E-15
  2909.00000    7.21600E-15
  2912.00000    6.32210E-15
  2915.00000    4.24970E-15
  2918.00000    5.91270E-15
  2921.00000    6.59240E-15
  2924.00000    4.56680E-15
  2927.00000    3.47820E-15
  2930.00000    3.77200E-15
  2933.00000    4.79990E-15
  2936.00000    4.42450E-15
  2939.00000    4.71680E-15
  2942.00000    4.02370E-15
  2945.00000    4.67430E-15
  2948.00000    4.29850E-15
  2951.00000    5.40530E-15
  2954.00000    4.09430E-15
  2957.00000    4.59200E-15
  2960.00000    4.54800E-15
  2963.00000    4.37090E-15
  2966.00000    6.68720E-15
  2969.00000    5.46620E-15
  2972.00000    6.09930E-15
  2975.00000    4.25270E-15
  2978.00000    4.36110E-15
  2981.00000    3.91120E-15
  2984.00000    6.24410E-15
  2987.00000    4.84210E-15
  2990.00000    4.83340E-15
  2993.00000    6.33650E-15
  2996.00000    6.53880E-15
  2999.00000    4.16860E-15
  3002.00000    5.54500E-15
  3005.00000    6.09080E-15
  3008.00000    6.20950E-15
  3011.00000    5.75310E-15
  3014.00000    5.21280E-15
  3017.00000    5.99190E-15
  3020.00000    5.13020E-15
  3023.00000    5.92630E-15
  3026.00000    5.50650E-15
  3029.00000    5.82400E-15
  3032.00000    7.64070E-15
  3035.00000    5.65790E-15
  3038.00000    7.10620E-15
  3041.00000    5.15070E-15
  3044.00000    6.83940E-15
  3047.00000    6.71390E-15
  3050.00000    6.27830E-15
  3053.00000    5.30860E-15
  3056.00000    5.51800E-15
  3059.00000    4.19470E-15
  3062.00000    7.89050E-15
  3065.00000    6.53770E-15
  3068.00000    5.69870E-15
  3071.00000    7.11840E-15
  3074.00000    6.02800E-15
  3077.00000    7.78670E-15
  3080.00000    7.37330E-15
  3083.00000    5.85450E-15
  3086.00000    6.59150E-15
  3089.00000    7.87170E-15
  3092.00000    6.65100E-15
  3095.00000    6.05120E-15
  3098.00000    4.35920E-15
  3101.00000    6.17860E-15
  3104.00000    6.55610E-15
  3107.00000    6.95190E-15
  3110.00000    6.83020E-15
  3113.00000    6.03190E-15
  3116.00000    7.94400E-15
  3119.00000    7.12470E-15
  3122.00000    6.81490E-15
  3125.00000    6.88260E-15
  3128.00000    4.52400E-15
  3131.00000    5.39040E-15
  3134.00000    7.27160E-15
  3137.00000    6.86940E-15
  3140.00000    5.19220E-15
  3143.00000    5.32440E-15
  3146.00000    7.06540E-15
  3149.00000    7.01910E-15
  3152.00000    6.26840E-15
  3155.00000    7.54360E-15
  3158.00000    7.03900E-15
  3161.00000    8.60320E-15
  3164.00000    6.48970E-15
  3167.00000    8.14600E-15
  3170.00000    7.83000E-15
  3173.00000    7.32670E-15
  3176.00000    6.29020E-15
  3179.00000    5.85020E-15
  3182.00000    6.18970E-15
  3185.00000    5.27770E-15
  3188.00000    6.49440E-15
  3191.00000    5.15960E-15
  3194.00000    6.25890E-15
  3197.00000    6.03080E-15
  3200.00000    6.31140E-15
  3203.00000    8.40250E-15
  3206.00000    7.06920E-15
  3209.00000    6.97740E-15
  3212.00000    7.41950E-15
  3215.00000    7.78460E-15
  3218.00000    7.04110E-15
  3221.00000    5.49360E-15
  3224.00000    5.74270E-15
  3227.00000    7.16530E-15
  3230.00000    6.11670E-15
  3233.00000    5.97650E-15
  3236.00000    5.81020E-15
  3239.00000    5.40900E-15
  3242.00000    5.98270E-15
  3245.00000    8.06280E-15
  3248.00000    6.69830E-15
  3251.00000    7.70680E-15
  3254.00000    8.32730E-15
  3257.00000    9.53990E-15
  3260.00000    9.02400E-15
  3263.00000    9.98910E-15
  3266.00000    9.31400E-15
  3269.00000    1.14790E-14
  3272.00000    9.89640E-15
  3275.00000    9.78300E-15
  3278.00000    8.97920E-15
  3281.00000    1.06650E-14
  3284.00000    9.07320E-15
  3287.00000    9.69160E-15
  3290.00000    8.73700E-15
  3293.00000    8.57950E-15
  3296.00000    1.01270E-14
  3299.00000    8.50520E-15
  3302.00000    9.91690E-15
  3305.00000    9.51530E-15
  3308.00000    9.95880E-15
  3311.00000    9.01420E-15
  3314.00000    8.51000E-15
  3317.00000    8.85880E-15
  3320.00000    8.60710E-15
  3323.00000    8.29050E-15
  3326.00000    6.93140E-15
  3329.00000    7.47640E-15
  3332.00000    9.11830E-15
  3335.00000    9.26670E-15
  3338.00000    8.72020E-15
  3341.00000    9.41850E-15
  3344.00000    8.92900E-15
  3347.00000    8.63960E-15
  3350.00000    1.03450E-14
  3353.00000    8.11460E-15
  3356.00000    1.15130E-14
  3359.00000    8.35100E-15
  3362.00000    9.00450E-15
  3365.00000    7.02700E-15
  3368.00000    7.97410E-15
  3371.00000    8.39390E-15
  3374.00000    8.39220E-15
  3377.00000    8.51560E-15
  3380.00000    9.28230E-15
  3383.00000    7.76340E-15
  3386.00000    1.04930E-14
  3389.00000    7.19040E-15
  3392.00000    8.77870E-15
  3395.00000    1.01770E-14
  3398.00000    8.40050E-15
  3401.00000    1.15700E-14
  3404.00000    1.02100E-14
  3407.00000    7.59730E-15
  3410.00000    7.90710E-15
  3413.00000    9.30440E-15
  3416.00000    8.84050E-15
  3419.00000    8.63610E-15
  3422.00000    8.47590E-15
  3425.00000    1.06940E-14
  3428.00000    9.43680E-15
  3431.00000    9.66540E-15
  3434.00000    8.72330E-15
  3437.00000    7.91810E-15
  3440.00000    9.48540E-15
  3443.00000    9.48040E-15
  3446.00000    9.31680E-15
  3449.00000    8.09740E-15
  3452.00000    9.65560E-15
  3455.00000    9.47850E-15
  3458.00000    9.04930E-15
  3461.00000    9.53150E-15
  3464.00000    9.39530E-15
  3467.00000    1.05320E-14
  3470.00000    7.66190E-15
  3473.00000    9.87940E-15
  3476.00000    7.70230E-15
  3479.00000    1.05440E-14
  3482.00000    8.64830E-15
  3485.00000    9.36790E-15
  3488.00000    9.98990E-15
  3491.00000    8.55150E-15
  3494.00000    6.26350E-15
  3497.00000    8.78320E-15
  3500.00000    1.15760E-14
  3503.00000    1.04360E-14
  3506.00000    9.01140E-15
  3509.00000    9.71050E-15
  3512.00000    1.01690E-14
  3515.00000    7.68670E-15
  3518.00000    9.88950E-15
  3521.00000    1.05240E-14
  3524.00000    1.01570E-14
  3527.00000    8.85870E-15
  3530.00000    8.73420E-15
  3533.00000    1.01430E-14
  3536.00000    1.02310E-14
  3539.00000    1.13010E-14
  3542.00000    1.15250E-14
  3545.00000    9.72300E-15
  3548.00000    1.17590E-14
  3551.00000    1.09250E-14
  3554.00000    1.15110E-14
  3557.00000    9.06720E-15
  3560.00000    9.90090E-15
  3563.00000    1.15990E-14
  3566.00000    9.77980E-15
  3569.00000    9.37970E-15
  3572.00000    7.77700E-15
  3575.00000    7.26140E-15
  3578.00000    9.65930E-15
  3581.00000    7.64780E-15
  3584.00000    8.16420E-15
  3587.00000    8.43210E-15
  3590.00000    8.07660E-15
  3593.00000    9.21020E-15
  3596.00000    1.09750E-14
  3599.00000    1.07610E-14
  3602.00000    1.11970E-14
  3605.00000    9.31720E-15
  3608.00000    9.91750E-15
  3611.00000    1.06920E-14
  3614.00000    9.32270E-15
  3617.00000    9.36340E-15
  3620.00000    9.49820E-15
  3623.00000    1.09830E-14
  3626.00000    1.21210E-14
  3629.00000    1.12390E-14
  3632.00000    1.01270E-14
  3635.00000    1.27370E-14
  3638.00000    1.11670E-14
  3641.00000    1.19780E-14
  3644.00000    1.06660E-14
  3647.00000    1.12460E-14
  3650.00000    1.13090E-14
  3653.00000    1.25680E-14
  3656.00000    1.30650E-14
  3659.00000    1.27480E-14
  3662.00000    1.47160E-14
  3665.00000    1.19630E-14
  3668.00000    1.28370E-14
  3671.00000    1.45180E-14
  3674.00000    1.25620E-14
  3677.00000    1.29450E-14
  3680.00000    1.27440E-14
  3683.00000    1.21080E-14
  3686.00000    1.06850E-14
  3689.00000    1.20480E-14
  3692.00000    1.12120E-14
  3695.00000    1.24310E-14
  3698.00000    1.39500E-14
  3701.00000    1.17850E-14
  3704.00000    1.16580E-14
  3707.00000    1.16260E-14
  3710.00000    1.13610E-14
  3713.00000    1.16270E-14
  3716.00000    1.13350E-14
  3719.00000    1.24640E-14
  3722.00000    1.13310E-14
  3725.00000    9.65480E-15
  3728.00000    1.20930E-14
  3731.00000    8.24250E-15
  3734.00000    1.05760E-14
  3737.00000    9.58880E-15
  3740.00000    1.08620E-14
  3743.00000    9.61100E-15
  3746.00000    9.96950E-15
  3749.00000    9.25680E-15
  3752.00000    1.14920E-14
  3755.00000    9.42070E-15
  3758.00000    1.13580E-14
  3761.00000    1.05680E-14
  3764.00000    1.08200E-14
  3767.00000    1.10590E-14
  3770.00000    1.17730E-14
  3773.00000    1.15190E-14
  3776.00000    1.01560E-14
  3779.00000    1.32980E-14
  3782.00000    1.40750E-14
  3785.00000    1.30140E-14
  3788.00000    1.12920E-14
  3791.00000    9.05840E-15
  3794.00000    9.84480E-15
  3797.00000    1.08690E-14
  3800.00000    1.02640E-14
  3803.00000    1.05500E-14
  3806.00000    1.06260E-14
  3809.00000    1.20400E-14
  3812.00000    1.14730E-14
  3815.00000    1.05980E-14
  3818.00000    1.19450E-14
  3821.00000    1.11020E-14
  3824.00000    9.80700E-15
  3827.00000    7.57740E-15
  3830.00000    1.00660E-14
  3833.00000    8.02460E-15
  3836.00000    6.57140E-15
  3839.00000    8.88640E-15
  3842.00000    6.60840E-15
  3845.00000    1.10560E-14
  3848.00000    1.09140E-14
  3851.00000    1.15610E-14
  3854.00000    1.18100E-14
  3857.00000    1.14800E-14
  3860.00000    9.05230E-15
  3863.00000    1.03860E-14
  3866.00000    1.23560E-14
  3869.00000    1.05940E-14
  3872.00000    1.29180E-14
  3875.00000    1.17610E-14
  3878.00000    1.20830E-14
  3881.00000    9.26160E-15
  3884.00000    1.07000E-14
  3887.00000    1.11030E-14
  3890.00000    9.39410E-15
  3893.00000    1.21770E-14
  3896.00000    1.30320E-14
  3899.00000    1.32540E-14
  3902.00000    1.30740E-14
  3905.00000    1.33380E-14
  3908.00000    1.43030E-14
  3911.00000    1.53800E-14
  3914.00000    1.28030E-14
  3917.00000    1.33640E-14
  3920.00000    1.25650E-14
  3923.00000    1.21170E-14
  3926.00000    1.22960E-14
  3929.00000    1.29240E-14
  3932.00000    9.67470E-15
  3935.00000    6.63350E-15
  3938.00000    7.83630E-15
  3941.00000    1.00820E-14
  3944.00000    1.00090E-14
  3947.00000    1.31130E-14
  3950.00000    1.17460E-14
  3953.00000    1.15060E-14
  3956.00000    1.33280E-14
  3959.00000    1.28700E-14
  3962.00000    1.18830E-14
  3965.00000    9.69650E-15
  3968.00000    7.42560E-15
  3971.00000    1.01290E-14
  3974.00000    1.15200E-14
  3977.00000    1.08540E-14
  3980.00000    1.52230E-14
  3983.00000    1.47890E-14
  3986.00000    1.66930E-14
  3989.00000    1.60890E-14
  3992.00000    1.87020E-14
  3995.00000    1.91570E-14
  3998.00000    2.04950E-14
  4001.00000    1.78240E-14
  4004.00000    1.89350E-14
  4007.00000    1.86210E-14
  4010.00000    1.95090E-14
  4013.00000    1.98810E-14
  4016.00000    1.97370E-14
  4019.00000    2.04460E-14
  4022.00000    2.21010E-14
  4025.00000    2.12100E-14
  4028.00000    2.07970E-14
  4031.00000    2.05920E-14
  4034.00000    2.10820E-14
  4037.00000    2.05820E-14
  4040.00000    2.14930E-14
  4043.00000    2.02220E-14
  4046.00000    1.97720E-14
  4049.00000    1.95360E-14
  4052.00000    2.16490E-14
  4055.00000    2.06320E-14
  4058.00000    1.98290E-14
  4061.00000    1.91860E-14
  4064.00000    1.87230E-14
  4067.00000    1.69900E-14
  4070.00000    1.98340E-14
  4073.00000    1.92300E-14
  4076.00000    1.92830E-14
  4079.00000    1.98420E-14
  4082.00000    1.96480E-14
  4085.00000    2.06390E-14
  4088.00000    2.08550E-14
  4091.00000    2.05840E-14
  4094.00000    1.84870E-14
  4097.00000    1.82910E-14
  4100.00000    1.98790E-14
  4103.00000    1.79940E-14
  4106.00000    2.02390E-14
  4109.00000    1.80490E-14
  4112.00000    1.92040E-14
  4115.00000    2.00870E-14
  4118.00000    2.08470E-14
  4121.00000    2.03650E-14
  4124.00000    2.35880E-14
  4127.00000    2.04300E-14
  4130.00000    1.98560E-14
  4133.00000    2.03200E-14
  4136.00000    2.17740E-14
  4139.00000    2.18670E-14
  4142.00000    2.03140E-14
  4145.00000    2.06260E-14
  4148.00000    2.20110E-14
  4151.00000    1.86700E-14
  4154.00000    1.95760E-14
  4157.00000    2.00780E-14
  4160.00000    2.11600E-14
  4163.00000    2.00090E-14
  4166.00000    2.20420E-14
  4169.00000    2.21100E-14
  4172.00000    2.11500E-14
  4175.00000    2.16930E-14
  4178.00000    1.93700E-14
  4181.00000    2.13700E-14
  4184.00000    1.82950E-14
  4187.00000    2.10390E-14
  4190.00000    2.16210E-14
  4193.00000    2.01120E-14
  4196.00000    2.15510E-14
  4199.00000    2.03080E-14
  4202.00000    2.20110E-14
  4205.00000    1.98680E-14
  4208.00000    2.12310E-14
  4211.00000    2.19670E-14
  4214.00000    2.07480E-14
  4217.00000    2.25510E-14
  4220.00000    2.24750E-14
  4223.00000    2.32040E-14
  4226.00000    2.01450E-14
  4229.00000    2.14900E-14
  4232.00000    2.19130E-14
  4235.00000    2.12640E-14
  4238.00000    2.12200E-14
  4241.00000    2.14610E-14
  4244.00000    2.18880E-14
  4247.00000    2.31650E-14
  4250.00000    2.14580E-14
  4253.00000    2.08980E-14
  4256.00000    2.14420E-14
  4259.00000    2.20920E-14
  4262.00000    2.12520E-14
  4265.00000    2.10270E-14
  4268.00000    2.14050E-14
  4271.00000    2.19210E-14
  4274.00000    1.95250E-14
  4277.00000    2.25640E-14
  4280.00000    2.14590E-14
  4283.00000    2.24040E-14
  4286.00000    2.17970E-14
  4289.00000    1.99350E-14
  4292.00000    2.09430E-14
  4295.00000    1.78930E-14
  4298.00000    1.89720E-14
  4301.00000    1.79610E-14
  4304.00000    1.82600E-14
  4307.00000    1.94520E-14
  4310.00000    1.73850E-14
  4313.00000    1.85150E-14
  4316.00000    2.12060E-14
  4319.00000    2.25080E-14
  4322.00000    2.43360E-14
  4325.00000    2.32340E-14
  4328.00000    2.47410E-14
  4331.00000    2.55130E-14
  4334.00000    2.51290E-14
  4337.00000    2.37150E-14
  4340.00000    2.22740E-14
  4343.00000    2.29220E-14
  4346.00000    2.49130E-14
  4349.00000    2.37100E-14
  4352.00000    2.39970E-14
  4355.00000    2.48810E-14
  4358.00000    2.53240E-14
  4361.00000    2.48620E-14
  4364.00000    2.52530E-14
  4367.00000    2.56990E-14
  4370.00000    2.99170E-14
  4373.00000    2.58960E-14
  4376.00000    2.59310E-14
  4379.00000    2.51980E-14
  4382.00000    2.36910E-14
  4385.00000    2.15470E-14
  4388.00000    2.41920E-14
  4391.00000    2.32470E-14
  4394.00000    2.26210E-14
  4397.00000    2.44450E-14
  4400.00000    2.37680E-14
  4403.00000    2.57450E-14
  4406.00000    2.35700E-14
  4409.00000    2.50830E-14
  4412.00000    2.67670E-14
  4415.00000    2.56630E-14
  4418.00000    2.47540E-14
  4421.00000    2.79300E-14
  4424.00000    2.75360E-14
  4427.00000    2.64160E-14
  4430.00000    2.70690E-14
  4433.00000    2.69610E-14
  4436.00000    2.69010E-14
  4439.00000    2.68900E-14
  4442.00000    2.88190E-14
  4445.00000    2.83240E-14
  4448.00000    2.67410E-14
  4451.00000    2.72810E-14
  4454.00000    2.80970E-14
  4457.00000    2.67730E-14
  4460.00000    2.67310E-14
  4463.00000    2.73850E-14
  4466.00000    2.66370E-14
  4469.00000    2.56490E-14
  4472.00000    2.89490E-14
  4475.00000    2.68410E-14
  4478.00000    2.97680E-14
  4481.00000    2.81200E-14
  4484.00000    2.99690E-14
  4487.00000    2.80410E-14
  4490.00000    3.23380E-14
  4493.00000    2.86350E-14
  4496.00000    2.95700E-14
  4499.00000    2.88050E-14
  4502.00000    2.94170E-14
  4505.00000    3.12050E-14
  4508.00000    3.27990E-14
  4511.00000    3.22060E-14
  4514.00000    3.18160E-14
  4517.00000    2.94030E-14
  4520.00000    3.11690E-14
  4523.00000    3.01920E-14
  4526.00000    2.94270E-14
  4529.00000    2.87330E-14
  4532.00000    2.91340E-14
  4535.00000    2.75670E-14
  4538.00000    2.77810E-14
  4541.00000    2.89600E-14
  4544.00000    2.93420E-14
  4547.00000    2.97150E-14
  4550.00000    3.35170E-14
  4553.00000    3.07280E-14
  4556.00000    2.82540E-14
  4559.00000    3.03500E-14
  4562.00000    2.98590E-14
  4565.00000    3.15200E-14
  4568.00000    3.13420E-14
  4571.00000    3.01610E-14
  4574.00000    3.07930E-14
  4577.00000    3.12380E-14
  4580.00000    3.01120E-14
  4583.00000    3.05360E-14
  4586.00000    3.26370E-14
  4589.00000    2.95660E-14
  4592.00000    3.05280E-14
  4595.00000    2.99460E-14
  4598.00000    2.98190E-14
  4601.00000    3.04180E-14
  4604.00000    3.13220E-14
  4607.00000    3.33150E-14
  4610.00000    3.20890E-14
  4613.00000    3.04670E-14
  4616.00000    3.35700E-14
  4619.00000    3.20360E-14
  4622.00000    3.19120E-14
  4625.00000    3.30670E-14
  4628.00000    3.30150E-14
  4631.00000    3.22210E-14
  4634.00000    3.44770E-14
  4637.00000    3.19340E-14
  4640.00000    3.40640E-14
  4643.00000    3.18120E-14
  4646.00000    2.99080E-14
  4649.00000    3.16140E-14
  4652.00000    3.10590E-14
  4655.00000    3.04640E-14
  4658.00000    3.31810E-14
  4661.00000    3.19040E-14
  4664.00000    3.13780E-14
  4667.00000    2.98900E-14
  4670.00000    3.05800E-14
  4673.00000    3.16780E-14
  4676.00000    3.07230E-14
  4679.00000    3.00420E-14
  4682.00000    3.04110E-14
  4685.00000    3.10670E-14
  4688.00000    3.22400E-14
  4691.00000    3.17800E-14
  4694.00000    3.05400E-14
  4697.00000    3.30360E-14
  4700.00000    3.08300E-14
  4703.00000    2.98780E-14
  4706.00000    2.95210E-14
  4709.00000    2.96660E-14
  4712.00000    3.13620E-14
  4715.00000    3.27110E-14
  4718.00000    3.27100E-14
  4721.00000    3.14930E-14
  4724.00000    3.13090E-14
  4727.00000    3.28230E-14
  4730.00000    3.18210E-14
  4733.00000    3.15930E-14
  4736.00000    3.07590E-14
  4739.00000    3.27020E-14
  4742.00000    3.23670E-14
  4745.00000    3.24560E-14
  4748.00000    3.48840E-14
  4751.00000    3.27430E-14
  4754.00000    3.42510E-14
  4757.00000    3.30980E-14
  4760.00000    3.18660E-14
  4763.00000    3.14100E-14
  4766.00000    3.20780E-14
  4769.00000    3.26760E-14
  4772.00000    3.15030E-14
  4775.00000    3.42520E-14
  4778.00000    3.27490E-14
  4781.00000    3.26940E-14
  4784.00000    3.46630E-14
  4787.00000    3.27580E-14
  4790.00000    3.41200E-14
  4793.00000    3.33360E-14
  4796.00000    3.25690E-14
  4799.00000    3.39140E-14
  4802.00000    3.29130E-14
  4805.00000    3.49160E-14
  4808.00000    3.46850E-14
  4811.00000    3.38360E-14
  4814.00000    3.34550E-14
  4817.00000    3.61880E-14
  4820.00000    3.48320E-14
  4823.00000    3.46960E-14
  4826.00000    3.57480E-14
  4829.00000    3.25340E-14
  4832.00000    3.46910E-14
  4835.00000    3.44170E-14
  4838.00000    3.26190E-14
  4841.00000    3.27180E-14
  4844.00000    3.34900E-14
  4847.00000    3.33950E-14
  4850.00000    3.49880E-14
  4853.00000    3.24760E-14
  4856.00000    3.22040E-14
  4859.00000    3.04370E-14
  4862.00000    2.92040E-14
  4865.00000    3.01120E-14
  4868.00000    3.03870E-14
  4871.00000    3.00380E-14
  4874.00000    3.14020E-14
  4877.00000    3.08020E-14
  4880.00000    3.30570E-14
  4883.00000    2.95560E-14
  4886.00000    3.12850E-14
  4889.00000    3.23530E-14
  4892.00000    3.12920E-14
  4895.00000    3.29290E-14
  4898.00000    3.35810E-14
  4901.00000    3.49220E-14
  4904.00000    3.48170E-14
  4907.00000    3.40290E-14
  4910.00000    3.35330E-14
  4913.00000    3.35750E-14
  4916.00000    3.28300E-14
  4919.00000    3.20130E-14
  4922.00000    3.18060E-14
  4925.00000    3.27720E-14
  4928.00000    3.39130E-14
  4931.00000    3.54300E-14
  4934.00000    3.62330E-14
  4937.00000    3.30300E-14
  4940.00000    3.46100E-14
  4943.00000    3.51450E-14
  4946.00000    3.54900E-14
  4949.00000    3.44140E-14
  4952.00000    3.50350E-14
  4955.00000    3.62130E-14
  4958.00000    3.45290E-14
  4961.00000    3.41660E-14
  4964.00000    3.45660E-14
  4967.00000    3.47710E-14
  4970.00000    3.33490E-14
  4973.00000    3.26210E-14
  4976.00000    3.41050E-14
  4979.00000    3.39280E-14
  4982.00000    3.26030E-14
  4985.00000    3.13090E-14
  4988.00000    3.23970E-14
  4991.00000    3.21220E-14
  4994.00000    3.16170E-14
  4997.00000    3.21080E-14
  5000.00000    3.24700E-14
  5003.00000    3.04170E-14
  5006.00000    3.03340E-14
  5009.00000    2.89760E-14
  5012.00000    3.06970E-14
  5015.00000    3.12870E-14
  5018.00000    2.96310E-14
  5021.00000    2.99290E-14
  5024.00000    3.25180E-14
  5027.00000    3.16490E-14
  5030.00000    3.13400E-14
  5033.00000    3.18680E-14
  5036.00000    3.26540E-14
  5039.00000    3.22000E-14
  5042.00000    3.21400E-14
  5045.00000    3.10630E-14
  5048.00000    3.30640E-14
  5051.00000    3.31440E-14
  5054.00000    3.30520E-14
  5057.00000    3.35440E-14
  5060.00000    3.49340E-14
  5063.00000    3.43060E-14
  5066.00000    3.41440E-14
  5069.00000    3.46410E-14
  5072.00000    3.36680E-14
  5075.00000    3.18530E-14
  5078.00000    3.35080E-14
  5081.00000    3.39810E-14
  5084.00000    3.31320E-14
  5087.00000    3.17650E-14
  5090.00000    3.30990E-14
  5093.00000    3.36980E-14
  5096.00000    3.22780E-14
  5099.00000    3.29700E-14
  5102.00000    3.37740E-14
  5105.00000    3.36070E-14
  5108.00000    3.37040E-14
  5111.00000    3.31810E-14
  5114.00000    3.17690E-14
  5117.00000    3.21900E-14
  5120.00000    3.37570E-14
  5123.00000    3.29310E-14
  5126.00000    3.17940E-14
  5129.00000    2.94690E-14
  5132.00000    3.17150E-14
  5135.00000    2.90000E-14
  5138.00000    3.27960E-14
  5141.00000    3.16100E-14
  5144.00000    3.09820E-14
  5147.00000    3.19220E-14
  5150.00000    3.13340E-14
  5153.00000    3.19100E-14
  5156.00000    3.01220E-14
  5159.00000    3.16050E-14
  5162.00000    3.15800E-14
  5165.00000    3.02000E-14
  5168.00000    3.03860E-14
  5171.00000    2.96740E-14
  5174.00000    2.79860E-14
  5177.00000    2.72660E-14
  5180.00000    2.76660E-14
  5183.00000    2.83640E-14
  5186.00000    2.93130E-14
  5189.00000    2.81460E-14
  5192.00000    2.89810E-14
  5195.00000    2.81360E-14
  5198.00000    3.17430E-14
  5201.00000    3.06930E-14
  5204.00000    3.13860E-14
  5207.00000    3.12640E-14
  5210.00000    3.06310E-14
  5213.00000    3.07260E-14
  5216.00000    3.14510E-14
  5219.00000    3.34200E-14
  5222.00000    3.41550E-14
  5225.00000    3.19880E-14
  5228.00000    3.14380E-14
  5231.00000    3.33300E-14
  5234.00000    3.33990E-14
  5237.00000    3.40090E-14
  5240.00000    3.53280E-14
  5243.00000    3.44790E-14
  5246.00000    3.52870E-14
  5249.00000    3.60900E-14
  5252.00000    3.49710E-14
  5255.00000    3.47150E-14
  5258.00000    3.34770E-14
  5261.00000    3.24000E-14
  5264.00000    3.18530E-14
  5267.00000    3.22380E-14
  5270.00000    3.16270E-14
  5273.00000    3.11740E-14
  5276.00000    3.22690E-14
  5279.00000    3.24420E-14
  5282.00000    3.15930E-14
  5285.00000    3.38460E-14
  5288.00000    3.72460E-14
  5291.00000    3.67720E-14
  5294.00000    3.48720E-14
  5297.00000    3.86750E-14
  5300.00000    3.50570E-14
  5303.00000    3.73170E-14
  5306.00000    3.55740E-14
  5309.00000    3.49900E-14
  5312.00000    3.68660E-14
  5315.00000    3.78960E-14
  5318.00000    3.71130E-14
  5321.00000    3.38840E-14
  5324.00000    3.76820E-14
  5327.00000    3.44260E-14
  5330.00000    3.36030E-14
  5333.00000    3.55970E-14
  5336.00000    3.29480E-14
  5339.00000    3.38240E-14
  5342.00000    3.55240E-14
  5345.00000    3.58760E-14
  5348.00000    3.68310E-14
  5351.00000    3.74260E-14
  5354.00000    3.76220E-14
  5357.00000    3.86390E-14
  5360.00000    3.81440E-14
  5363.00000    3.75520E-14
  5366.00000    3.72070E-14
  5369.00000    3.72860E-14
  5372.00000    3.71390E-14
  5375.00000    3.46590E-14
  5378.00000    3.68130E-14
  5381.00000    3.65910E-14
  5384.00000    3.59880E-14
  5387.00000    3.61960E-14
  5390.00000    3.49360E-14
  5393.00000    3.55850E-14
  5396.00000    3.44680E-14
  5399.00000    3.61700E-14
  5402.00000    3.49340E-14
  5405.00000    3.46620E-14
  5408.00000    3.66800E-14
  5411.00000    3.43860E-14
  5414.00000    3.66250E-14
  5417.00000    3.40980E-14
  5420.00000    3.68070E-14
  5423.00000    3.76130E-14
  5426.00000    3.75750E-14
  5429.00000    3.78860E-14
  5432.00000    3.68600E-14
  5435.00000    3.73190E-14
  5438.00000    3.60450E-14
  5441.00000    3.66500E-14
  5444.00000    3.85410E-14
  5447.00000    3.75720E-14
  5450.00000    3.73330E-14
  5453.00000    3.66890E-14
  5456.00000    3.68460E-14
  5459.00000    3.49860E-14
  5462.00000    3.66990E-14
  5465.00000    3.72120E-14
  5468.00000    3.56310E-14
  5471.00000    3.56920E-14
  5474.00000    3.49860E-14
  5477.00000    3.74070E-14
  5480.00000    3.50800E-14
  5483.00000    3.63290E-14
  5486.00000    3.54430E-14
  5489.00000    3.71940E-14
  5492.00000    3.70490E-14
  5495.00000    3.62100E-14
  5498.00000    3.59070E-14
  5501.00000    3.60350E-14
  5504.00000    3.68620E-14
  5507.00000    3.59400E-14
  5510.00000    3.55830E-14
  5513.00000    3.70010E-14
  5516.00000    3.48590E-14
  5519.00000    3.80790E-14
  5522.00000    3.54590E-14
  5525.00000    3.63360E-14
  5528.00000    3.58450E-14
  5531.00000    3.75490E-14
  5534.00000    3.65290E-14
  5537.00000    3.74710E-14
  5540.00000    3.73240E-14
  5543.00000    3.64990E-14
  5546.00000    3.84070E-14
  5549.00000    3.71940E-14
  5552.00000    3.78450E-14
  5555.00000    3.66980E-14
  5558.00000    3.68380E-14
  5561.00000    3.89870E-14
  5564.00000    3.70040E-14
  5567.00000    3.81880E-14
  5570.00000    3.73450E-14
  5573.00000    3.73760E-14
  5576.00000    3.78520E-14
  5579.00000    3.68530E-14
  5582.00000    3.56330E-14
  5585.00000    3.73600E-14
  5588.00000    3.58630E-14
  5591.00000    3.56970E-14
  5594.00000    3.45550E-14
  5597.00000    3.56580E-14
  5600.00000    3.57030E-14
  5603.00000    3.52850E-14
  5606.00000    3.60170E-14
  5609.00000    3.67100E-14
  5612.00000    3.83200E-14
  5615.00000    3.81240E-14
  5618.00000    3.68750E-14
  5621.00000    3.58490E-14
  5624.00000    3.61510E-14
  5627.00000    3.61500E-14
  5630.00000    3.75030E-14
  5633.00000    3.73070E-14
  5636.00000    3.82640E-14
  5639.00000    3.58660E-14
  5642.00000    3.56420E-14
  5645.00000    3.74070E-14
  5648.00000    3.67490E-14
  5651.00000    3.78160E-14
  5654.00000    3.64600E-14
  5657.00000    3.67820E-14
  5660.00000    3.67430E-14
  5663.00000    3.69300E-14
  5666.00000    3.76890E-14
  5669.00000    3.82040E-14
  5672.00000    3.61900E-14
  5675.00000    3.78210E-14
  5678.00000    3.70840E-14
  5681.00000    3.79700E-14
  5684.00000    3.64050E-14
  5687.00000    3.68020E-14
  5690.00000    3.66480E-14
  5693.00000    3.92390E-14
  5696.00000    3.90740E-14
  5699.00000    3.69090E-14
  5702.00000    3.68860E-14
  5705.00000    3.74940E-14
  5708.00000    3.84590E-14
  5711.00000    3.63350E-14
  5714.00000    3.79700E-14
  5717.00000    3.90790E-14
  5720.00000    3.86610E-14
  5723.00000    3.91350E-14
  5726.00000    3.81170E-14
  5729.00000    3.98950E-14
  5732.00000    4.00540E-14
  5735.00000    3.91790E-14
  5738.00000    3.81180E-14
  5741.00000    3.89730E-14
  5744.00000    4.00410E-14
  5747.00000    4.05760E-14
  5750.00000    3.92150E-14
  5753.00000    4.09230E-14
  5756.00000    3.93210E-14
  5759.00000    3.88080E-14
  5762.00000    3.94600E-14
  5765.00000    3.89950E-14
  5768.00000    3.93480E-14
  5771.00000    4.13480E-14
  5774.00000    3.77400E-14
  5777.00000    3.90860E-14
  5780.00000    3.99530E-14
  5783.00000    3.98350E-14
  5786.00000    3.85220E-14
  5789.00000    3.79140E-14
  5792.00000    3.88740E-14
  5795.00000    3.90520E-14
  5798.00000    3.87650E-14
  5801.00000    4.03270E-14
  5804.00000    3.88920E-14
  5807.00000    3.97760E-14
  5810.00000    4.09360E-14
  5813.00000    4.03780E-14
  5816.00000    3.89610E-14
  5819.00000    4.11230E-14
  5822.00000    4.05660E-14
  5825.00000    4.03940E-14
  5828.00000    3.89980E-14
  5831.00000    4.02460E-14
  5834.00000    3.97160E-14
  5837.00000    4.13630E-14
  5840.00000    4.02480E-14
  5843.00000    4.04170E-14
  5846.00000    4.06220E-14
  5849.00000    4.08540E-14
  5852.00000    3.98440E-14
  5855.00000    3.98960E-14
  5858.00000    3.85770E-14
  5861.00000    3.85010E-14
  5864.00000    3.91530E-14
  5867.00000    3.86970E-14
  5870.00000    3.80090E-14
  5873.00000    3.79580E-14
  5876.00000    3.83530E-14
  5879.00000    3.78560E-14
  5882.00000    3.80400E-14
  5885.00000    3.68630E-14
  5888.00000    3.60850E-14
  5891.00000    3.41950E-14
  5894.00000    3.53450E-14
  5897.00000    3.31460E-14
  5900.00000    3.24120E-14
  5903.00000    3.40800E-14
  5906.00000    3.34140E-14
  5909.00000    3.42470E-14
  5912.00000    3.63150E-14
  5915.00000    3.81750E-14
  5918.00000    3.71590E-14
  5921.00000    3.86970E-14
  5924.00000    3.66290E-14
  5927.00000    3.75420E-14
  5930.00000    3.98000E-14
  5933.00000    3.92110E-14
  5936.00000    3.71880E-14
  5939.00000    3.92160E-14
  5942.00000    3.66710E-14
  5945.00000    4.04130E-14
  5948.00000    3.88020E-14
  5951.00000    3.84520E-14
  5954.00000    3.93040E-14
  5957.00000    3.86730E-14
  5960.00000    3.97500E-14
  5963.00000    3.87820E-14
  5966.00000    3.87150E-14
  5969.00000    3.95200E-14
  5972.00000    3.81630E-14
  5975.00000    3.82610E-14
  5978.00000    3.85350E-14
  5981.00000    3.86140E-14
  5984.00000    3.73160E-14
  5987.00000    3.69100E-14
  5990.00000    3.91690E-14
  5993.00000    3.95120E-14
  5996.00000    3.73390E-14
  5999.00000    3.96870E-14
  6002.00000    3.99080E-14
  6005.00000    3.82860E-14
  6008.00000    3.78260E-14
  6011.00000    3.89540E-14
  6014.00000    3.95220E-14
  6017.00000    3.94410E-14
  6020.00000    3.68020E-14
  6023.00000    3.96510E-14
  6026.00000    3.94220E-14
  6029.00000    3.84190E-14
  6032.00000    3.90810E-14
  6035.00000    4.03060E-14
  6038.00000    4.03380E-14
  6041.00000    3.99890E-14
  6044.00000    3.98810E-14
  6047.00000    4.11000E-14
  6050.00000    4.20020E-14
  6053.00000    4.08350E-14
  6056.00000    4.10470E-14
  6059.00000    4.11410E-14
  6062.00000    4.15700E-14
  6065.00000    3.91870E-14
  6068.00000    4.12370E-14
  6071.00000    4.12520E-14
  6074.00000    3.96980E-14
  6077.00000    3.89470E-14
  6080.00000    3.90270E-14
  6083.00000    4.06620E-14
  6086.00000    4.05900E-14
  6089.00000    4.06070E-14
  6092.00000    4.14970E-14
  6095.00000    4.05310E-14
  6098.00000    3.97360E-14
  6101.00000    4.05390E-14
  6104.00000    4.02610E-14
  6107.00000    4.09390E-14
  6110.00000    4.21040E-14
  6113.00000    4.04660E-14
  6116.00000    3.96160E-14
  6119.00000    3.89940E-14
  6122.00000    3.92460E-14
  6125.00000    3.96790E-14
  6128.00000    3.94560E-14
  6131.00000    3.88850E-14
  6134.00000    3.98240E-14
  6137.00000    3.92440E-14
  6140.00000    3.77050E-14
  6143.00000    3.81170E-14
  6146.00000    3.98630E-14
  6149.00000    3.78130E-14
  6152.00000    3.87310E-14
  6155.00000    4.09590E-14
  6158.00000    3.87090E-14
  6161.00000    3.72670E-14
  6164.00000    3.66370E-14
  6167.00000    3.64920E-14
  6170.00000    3.74630E-14
  6173.00000    3.68700E-14
  6176.00000    3.78930E-14
  6179.00000    3.74970E-14
  6182.00000    3.70560E-14
  6185.00000    3.79440E-14
  6188.00000    3.78250E-14
  6191.00000    3.77950E-14
  6194.00000    3.61430E-14
  6197.00000    3.76880E-14
  6200.00000    3.66680E-14
  6203.00000    3.66700E-14
  6206.00000    3.66720E-14
  6209.00000    3.88150E-14
  6212.00000    3.83710E-14
  6215.00000    3.70680E-14
  6218.00000    3.77950E-14
  6221.00000    3.64450E-14
  6224.00000    3.59610E-14
  6227.00000    3.54620E-14
  6230.00000    3.48070E-14
  6233.00000    3.71040E-14
  6236.00000    3.57010E-14
  6239.00000    3.62140E-14
  6242.00000    3.77000E-14
  6245.00000    3.57580E-14
  6248.00000    3.66480E-14
  6251.00000    3.58350E-14
  6254.00000    3.54440E-14
  6257.00000    3.57940E-14
  6260.00000    3.68550E-14
  6263.00000    3.68890E-14
  6266.00000    3.43080E-14
  6269.00000    3.63450E-14
  6272.00000    3.45810E-14
  6275.00000    3.63460E-14
  6278.00000    3.63090E-14
  6281.00000    3.68910E-14
  6284.00000    3.71240E-14
  6287.00000    3.81950E-14
  6290.00000    3.81560E-14
  6293.00000    3.66570E-14
  6296.00000    3.56770E-14
  6299.00000    3.69040E-14
  6302.00000    3.60140E-14
  6305.00000    3.73790E-14
  6308.00000    3.76360E-14
  6311.00000    3.74460E-14
  6314.00000    3.80590E-14
  6317.00000    3.68900E-14
  6320.00000    3.64050E-14
  6323.00000    3.99250E-14
  6326.00000    3.75310E-14
  6329.00000    3.78010E-14
  6332.00000    3.96930E-14
  6335.00000    4.06590E-14
  6338.00000    3.89990E-14
  6341.00000    3.89450E-14
  6344.00000    3.88360E-14
  6347.00000    4.10850E-14
  6350.00000    3.77690E-14
  6353.00000    3.88030E-14
  6356.00000    3.86560E-14
  6359.00000    3.85460E-14
  6362.00000    4.09640E-14
  6365.00000    3.98620E-14
  6368.00000    3.89170E-14
  6371.00000    3.85870E-14
  6374.00000    3.68660E-14
  6377.00000    3.99540E-14
  6380.00000    4.03130E-14
  6383.00000    4.08480E-14
  6386.00000    3.99430E-14
  6389.00000    4.04050E-14
  6392.00000    3.91940E-14
  6395.00000    3.93380E-14
  6398.00000    3.90650E-14
  6401.00000    4.05760E-14
  6404.00000    3.89290E-14
  6407.00000    3.83600E-14
  6410.00000    3.83160E-14
  6413.00000    4.04930E-14
  6416.00000    3.86340E-14
  6419.00000    3.99870E-14
  6422.00000    4.02300E-14
  6425.00000    3.89060E-14
  6428.00000    4.00600E-14
  6431.00000    3.91510E-14
  6434.00000    3.89610E-14
  6437.00000    4.00100E-14
  6440.00000    4.11150E-14
  6443.00000    4.12840E-14
  6446.00000    3.94570E-14
  6449.00000    4.08950E-14
  6452.00000    4.15150E-14
  6455.00000    3.89180E-14
  6458.00000    4.06750E-14
  6461.00000    4.11350E-14
  6464.00000    3.91250E-14
  6467.00000    3.88920E-14
  6470.00000    4.04410E-14
  6473.00000    3.88650E-14
  6476.00000    4.13040E-14
  6479.00000    3.97040E-14
  6482.00000    3.95560E-14
  6485.00000    3.94100E-14
  6488.00000    3.83390E-14
  6491.00000    4.06990E-14
  6494.00000    3.93060E-14
  6497.00000    3.78980E-14
  6500.00000    3.90250E-14
  6503.00000    3.68050E-14
  6506.00000    3.86800E-14
  6509.00000    3.92570E-14
  6512.00000    3.98710E-14
  6515.00000    3.90220E-14
  6518.00000    3.99210E-14
  6521.00000    3.97540E-14
  6524.00000    4.02700E-14
  6527.00000    4.11350E-14
  6530.00000    4.19690E-14
  6533.00000    4.05640E-14
  6536.00000    4.19610E-14
  6539.00000    4.03360E-14
  6542.00000    3.95650E-14
  6545.00000    4.13050E-14
  6548.00000    3.91820E-14
  6551.00000    3.96840E-14
  6554.00000    3.98760E-14
  6557.00000    3.81070E-14
  6560.00000    3.69070E-14
  6563.00000    3.77910E-14
  6566.00000    3.72610E-14
  6569.00000    3.73210E-14
  6572.00000    3.87420E-14
  6575.00000    3.70760E-14
  6578.00000    3.67850E-14
  6581.00000    3.97110E-14
  6584.00000    3.91430E-14
  6587.00000    3.89120E-14
  6590.00000    3.92040E-14
  6593.00000    3.91260E-14
  6596.00000    3.85490E-14
  6599.00000    3.86920E-14
  6602.00000    3.95900E-14
  6605.00000    3.94900E-14
  6608.00000    3.99850E-14
  6611.00000    3.96570E-14
  6614.00000    4.00650E-14
  6617.00000    3.85650E-14
  6620.00000    4.02590E-14
  6623.00000    4.07520E-14
  6626.00000    4.00920E-14
  6629.00000    3.84200E-14
  6632.00000    3.95070E-14
  6635.00000    3.94880E-14
  6638.00000    3.90440E-14
  6641.00000    3.89320E-14
  6644.00000    3.92440E-14
  6647.00000    3.86610E-14
  6650.00000    3.92970E-14
  6653.00000    3.93530E-14
  6656.00000    3.76120E-14
  6659.00000    3.78410E-14
  6662.00000    3.88920E-14
  6665.00000    3.70140E-14
  6668.00000    4.11600E-14
  6671.00000    3.75990E-14
  6674.00000    3.90550E-14
  6677.00000    3.76860E-14
  6680.00000    3.97010E-14
  6683.00000    3.81910E-14
  6686.00000    4.01450E-14
  6689.00000    3.85140E-14
  6692.00000    3.88820E-14
  6695.00000    3.81410E-14
  6698.00000    3.69480E-14
  6701.00000    3.75300E-14
  6704.00000    3.68970E-14
  6707.00000    3.66190E-14
  6710.00000    3.73090E-14
  6713.00000    3.81170E-14
  6716.00000    3.65770E-14
  6719.00000    3.87820E-14
  6722.00000    3.99690E-14
  6725.00000    3.86690E-14
  6728.00000    3.67560E-14
  6731.00000    3.68490E-14
  6734.00000    3.82840E-14
  6737.00000    3.70840E-14
  6740.00000    3.77370E-14
  6743.00000    3.73270E-14
  6746.00000    3.63500E-14
  6749.00000    3.72420E-14
  6752.00000    3.71310E-14
  6755.00000    3.65050E-14
  6758.00000    3.91500E-14
  6761.00000    3.97210E-14
  6764.00000    3.87240E-14
  6767.00000    3.78400E-14
  6770.00000    3.73530E-14
  6773.00000    3.87350E-14
  6776.00000    3.88350E-14
  6779.00000    3.75720E-14
  6782.00000    3.87180E-14
  6785.00000    3.78450E-14
  6788.00000    3.73630E-14
  6791.00000    3.75760E-14
  6794.00000    3.83230E-14
  6797.00000    3.78440E-14
  6800.00000    3.78110E-14
  6803.00000    4.00630E-14
  6806.00000    3.85110E-14
  6809.00000    4.01230E-14
  6812.00000    3.71640E-14
  6815.00000    3.71330E-14
  6818.00000    3.73480E-14
  6821.00000    3.72820E-14
  6824.00000    3.94470E-14
  6827.00000    3.87630E-14
  6830.00000    3.60170E-14
  6833.00000    3.84640E-14
  6836.00000    3.89630E-14
  6839.00000    3.78410E-14
  6842.00000    3.72290E-14
  6845.00000    3.64410E-14
  6848.00000    3.73760E-14
  6851.00000    3.78560E-14
  6854.00000    3.83260E-14
  6857.00000    3.78910E-14
  6860.00000    3.64940E-14
  6863.00000    3.63710E-14
  6866.00000    3.72680E-14
  6869.00000    3.66350E-14
  6872.00000    3.91310E-14
  6875.00000    3.80890E-14
  6878.00000    3.75990E-14
  6881.00000    3.57410E-14
  6884.00000    3.63230E-14
  6887.00000    3.70500E-14
  6890.00000    3.79850E-14
  6893.00000    3.79970E-14
  6896.00000    3.68440E-14
  6899.00000    3.77970E-14
  6902.00000    3.69280E-14
  6905.00000    3.79310E-14
  6908.00000    3.82360E-14
  6911.00000    3.91910E-14
  6914.00000    3.65330E-14
  6917.00000    3.90470E-14
  6920.00000    3.71620E-14
  6923.00000    3.83090E-14
  6926.00000    3.79690E-14
  6929.00000    3.60250E-14
  6932.00000    3.75860E-14
  6935.00000    3.85600E-14
  6938.00000    4.01230E-14
  6941.00000    3.89790E-14
  6944.00000    3.91650E-14
  6947.00000    3.77030E-14
  6950.00000    4.04040E-14
  6953.00000    4.17490E-14
  6956.00000    4.00940E-14
  6959.00000    3.93960E-14
  6962.00000    4.08650E-14
  6965.00000    3.94360E-14
  6968.00000    4.05310E-14
  6971.00000    4.02080E-14
  6974.00000    3.92220E-14
  6977.00000    3.98920E-14
  6980.00000    3.71580E-14
  6983.00000    3.83270E-14
  6986.00000    3.94290E-14
  6989.00000    4.12600E-14
  6992.00000    3.94900E-14
  6995.00000    4.01210E-14
  6998.00000    4.06010E-14
  7001.00000    3.90800E-14
  7004.00000    3.98630E-14
  7007.00000    3.99300E-14
  7010.00000    3.90510E-14
  7013.00000    4.03910E-14
  7016.00000    3.97730E-14
  7019.00000    4.12410E-14
  7022.00000    3.83830E-14
  7025.00000    4.01810E-14
  7028.00000    3.97680E-14
  7031.00000    3.89930E-14
  7034.00000    3.98300E-14
  7037.00000    3.99180E-14
  7040.00000    3.98950E-14
  7043.00000    4.08600E-14
  7046.00000    4.19070E-14
  7049.00000    4.01630E-14
  7052.00000    3.94870E-14
  7055.00000    3.98390E-14
  7058.00000    4.08030E-14
  7061.00000    3.90180E-14
  7064.00000    3.83010E-14
  7067.00000    3.99490E-14
  7070.00000    3.78070E-14
  7073.00000    3.82500E-14
  7076.00000    3.85710E-14
  7079.00000    3.97940E-14
  7082.00000    3.87800E-14
  7085.00000    3.91440E-14
  7088.00000    4.02110E-14
  7091.00000    3.79690E-14
  7094.00000    3.48310E-14
  7097.00000    3.88790E-14
  7100.00000    3.58970E-14
  7103.00000    3.61960E-14
  7106.00000    3.83040E-14
  7109.00000    3.67570E-14
  7112.00000    3.61730E-14
  7115.00000    3.71750E-14
  7118.00000    3.67510E-14
  7121.00000    3.64070E-14
  7124.00000    3.75160E-14
  7127.00000    3.59190E-14
  7130.00000    3.75050E-14
  7133.00000    3.60860E-14
  7136.00000    3.63950E-14
  7139.00000    3.71110E-14
  7142.00000    3.57060E-14
  7145.00000    3.72510E-14
  7148.00000    3.58780E-14
  7151.00000    3.63390E-14
  7154.00000    3.59340E-14
  7157.00000    3.43530E-14
  7160.00000    3.65220E-14
  7163.00000    3.69550E-14
  7166.00000    3.56430E-14
  7169.00000    3.62040E-14
  7172.00000    3.72640E-14
  7175.00000    3.80810E-14
  7178.00000    3.68700E-14
  7181.00000    3.59150E-14
  7184.00000    3.66840E-14
  7187.00000    3.51830E-14
  7190.00000    3.69030E-14
  7193.00000    3.84230E-14
  7196.00000    3.78360E-14
  7199.00000    3.69360E-14
  7202.00000    3.57730E-14
  7205.00000    3.64990E-14
  7208.00000    3.62610E-14
  7211.00000    3.83560E-14
  7214.00000    3.70720E-14
  7217.00000    3.69620E-14
  7220.00000    3.73570E-14
  7223.00000    3.77410E-14
  7226.00000    3.80320E-14
  7229.00000    3.58830E-14
  7232.00000    3.80640E-14
  7235.00000    3.89840E-14
  7238.00000    3.71500E-14
  7241.00000    3.79610E-14
  7244.00000    3.73160E-14
  7247.00000    3.83050E-14
  7250.00000    3.91610E-14
  7253.00000    3.76820E-14
  7256.00000    3.79750E-14
  7259.00000    3.93100E-14
  7262.00000    3.94590E-14
  7265.00000    3.77740E-14
  7268.00000    3.87460E-14
  7271.00000    3.86430E-14
  7274.00000    3.84900E-14
  7277.00000    3.78790E-14
  7280.00000    3.96030E-14
  7283.00000    3.86330E-14
  7286.00000    4.10440E-14
  7289.00000    3.88790E-14
  7292.00000    3.94650E-14
  7295.00000    3.86620E-14
  7298.00000    4.09050E-14
  7301.00000    3.97610E-14
  7304.00000    3.89840E-14
  7307.00000    3.83700E-14
  7310.00000    4.00420E-14
  7313.00000    4.10570E-14
  7316.00000    3.96550E-14
  7319.00000    4.20180E-14
  7322.00000    4.23190E-14
  7325.00000    4.03240E-14
  7328.00000    4.06110E-14
  7331.00000    4.13200E-14
  7334.00000    3.93170E-14
  7337.00000    4.01820E-14
  7340.00000    3.98590E-14
  7343.00000    4.01170E-14
  7346.00000    4.04050E-14
  7349.00000    4.09040E-14
  7352.00000    4.15560E-14
  7355.00000    4.07310E-14
  7358.00000    3.94330E-14
  7361.00000    4.30970E-14
  7364.00000    4.07040E-14
  7367.00000    4.19270E-14
  7370.00000    4.11560E-14
  7373.00000    4.19530E-14
  7376.00000    4.06720E-14
  7379.00000    4.15040E-14
  7382.00000    4.03070E-14
  7385.00000    4.16090E-14
  7388.00000    4.11610E-14
  7391.00000    4.14990E-14
  7394.00000    4.23960E-14
  7397.00000    4.15720E-14
  7400.00000    4.01510E-14
  7403.00000    4.11150E-14
  7406.00000    4.27670E-14
  7409.00000    4.12890E-14
  7412.00000    4.12690E-14
  7415.00000    4.07470E-14
  7418.00000    4.14300E-14
  7421.00000    4.13270E-14
  7424.00000    4.11630E-14
  7427.00000    4.03580E-14
  7430.00000    4.25510E-14
  7433.00000    4.16420E-14
  7436.00000    4.20660E-14
  7439.00000    4.07100E-14
  7442.00000    4.27130E-14
  7445.00000    4.09540E-14
  7448.00000    4.34270E-14
  7451.00000    4.14990E-14
  7454.00000    4.28800E-14
  7457.00000    4.20650E-14
  7460.00000    4.32930E-14
  7463.00000    4.17540E-14
  7466.00000    4.21500E-14
  7469.00000    4.27150E-14
  7472.00000    4.16390E-14
  7475.00000    4.31930E-14
  7478.00000    4.04800E-14
  7481.00000    4.20360E-14
  7484.00000    4.26010E-14
  7487.00000    4.21660E-14
  7490.00000    4.05640E-14
  7493.00000    4.16460E-14
  7496.00000    4.28430E-14
  7499.00000    4.25200E-14
  7502.00000    4.11260E-14
  7505.00000    4.13440E-14
  7508.00000    4.27110E-14
  7511.00000    4.15660E-14
  7514.00000    4.42540E-14
  7517.00000    4.10100E-14
  7520.00000    4.24950E-14
  7523.00000    4.37640E-14
  7526.00000    4.32320E-14
  7529.00000    4.43180E-14
  7532.00000    4.40640E-14
  7535.00000    4.41740E-14
  7538.00000    4.30600E-14
  7541.00000    4.61100E-14
  7544.00000    4.23990E-14
  7547.00000    4.30630E-14
  7550.00000    4.46020E-14
  7553.00000    4.24260E-14
  7556.00000    4.40060E-14
  7559.00000    4.32970E-14
  7562.00000    4.37780E-14
  7565.00000    4.29760E-14
  7568.00000    4.12510E-14
  7571.00000    4.20600E-14
  7574.00000    4.17100E-14
  7577.00000    4.08120E-14
  7580.00000    4.23590E-14
  7583.00000    4.09340E-14
  7586.00000    4.20450E-14
  7589.00000    4.12070E-14
  7592.00000    4.18600E-14
  7595.00000    4.32670E-14
  7598.00000    3.95020E-14
  7601.00000    4.13310E-14
  7604.00000    4.28200E-14
  7607.00000    4.12970E-14
  7610.00000    3.97040E-14
  7613.00000    3.99230E-14
  7616.00000    4.03820E-14
  7619.00000    4.17390E-14
  7622.00000    4.11130E-14
  7625.00000    4.09940E-14
  7628.00000    4.11930E-14
  7631.00000    4.08630E-14
  7634.00000    4.01820E-14
  7637.00000    3.97930E-14
  7640.00000    4.14770E-14
  7643.00000    4.07630E-14
  7646.00000    4.14480E-14
  7649.00000    4.07960E-14
  7652.00000    3.99130E-14
  7655.00000    4.01120E-14
  7658.00000    3.75980E-14
  7661.00000    4.00490E-14
  7664.00000    3.92010E-14
  7667.00000    3.83850E-14
  7670.00000    4.02330E-14
  7673.00000    3.82050E-14
  7676.00000    3.92860E-14
  7679.00000    3.81080E-14
  7682.00000    3.82780E-14
  7685.00000    3.74780E-14
  7688.00000    3.76730E-14
  7691.00000    3.92020E-14
  7694.00000    3.95640E-14
  7697.00000    3.95520E-14
  7700.00000    3.82290E-14
  7703.00000    3.71590E-14
  7706.00000    3.84000E-14
  7709.00000    3.77170E-14
  7712.00000    3.87950E-14
  7715.00000    3.92310E-14
  7718.00000    3.90530E-14
  7721.00000    4.00460E-14
  7724.00000    3.99020E-14
  7727.00000    3.84500E-14
  7730.00000    3.82230E-14
  7733.00000    3.95230E-14
  7736.00000    3.97040E-14
  7739.00000    3.73420E-14
  7742.00000    3.93190E-14
  7745.00000    3.83130E-14
  7748.00000    3.80830E-14
  7751.00000    3.79960E-14
  7754.00000    3.87580E-14
  7757.00000    3.77920E-14
  7760.00000    3.97510E-14
  7763.00000    4.01430E-14
  7766.00000    3.92350E-14
  7769.00000    3.81820E-14
  7772.00000    3.93830E-14
  7775.00000    3.71280E-14
  7778.00000    3.78650E-14
  7781.00000    3.82570E-14
  7784.00000    3.97810E-14
  7787.00000    3.83320E-14
  7790.00000    3.90320E-14
  7793.00000    3.93860E-14
  7796.00000    3.86080E-14
  7799.00000    3.96900E-14
  7802.00000    3.98530E-14
  7805.00000    3.95440E-14
  7808.00000    3.99100E-14
  7811.00000    3.99800E-14
  7814.00000    3.92560E-14
  7817.00000    4.02810E-14
  7820.00000    4.05000E-14
  7823.00000    3.87000E-14
  7826.00000    3.95550E-14
  7829.00000    4.02480E-14
  7832.00000    3.83120E-14
  7835.00000    3.96640E-14
  7838.00000    4.07450E-14
  7841.00000    4.04570E-14
  7844.00000    3.90910E-14
  7847.00000    3.84790E-14
  7850.00000    3.97060E-14
  7853.00000    3.88170E-14
  7856.00000    4.12840E-14
  7859.00000    3.90310E-14
  7862.00000    4.09050E-14
  7865.00000    3.92370E-14
  7868.00000    4.08320E-14
  7871.00000    3.95290E-14
  7874.00000    3.93230E-14
  7877.00000    3.99110E-14
  7880.00000    4.08450E-14
  7883.00000    4.03330E-14
  7886.00000    3.96960E-14
  7889.00000    4.17480E-14
  7892.00000    4.04700E-14
  7895.00000    3.99070E-14
  7898.00000    3.96890E-14
  7901.00000    3.88500E-14
  7904.00000    3.96610E-14
  7907.00000    3.80590E-14
  7910.00000    3.93660E-14
  7913.00000    3.91200E-14
  7916.00000    4.03070E-14
  7919.00000    3.96670E-14
  7922.00000    3.99470E-14
  7925.00000    3.87370E-14
  7928.00000    3.88660E-14
  7931.00000    3.82150E-14
  7934.00000    3.70060E-14
  7937.00000    3.69110E-14
  7940.00000    3.92480E-14
  7943.00000    3.82270E-14
  7946.00000    3.88710E-14
  7949.00000    3.71340E-14
  7952.00000    3.77000E-14
  7955.00000    3.90120E-14
  7958.00000    3.94540E-14
  7961.00000    3.94950E-14
  7964.00000    3.84910E-14
  7967.00000    3.95520E-14
  7970.00000    3.84150E-14
  7973.00000    4.03720E-14
  7976.00000    3.90690E-14
  7979.00000    3.87500E-14
  7982.00000    3.93890E-14
  7985.00000    3.95310E-14
  7988.00000    4.01410E-14
  7991.00000    4.02340E-14
  7994.00000    4.02670E-14
  7997.00000    3.90460E-14
  8000.00000    4.03780E-14
  8003.00000    3.97790E-14
  8006.00000    3.96090E-14
  8009.00000    4.07820E-14
  8012.00000    4.04760E-14
  8015.00000    4.07550E-14
  8018.00000    4.06340E-14
  8021.00000    4.06960E-14
  8024.00000    4.23100E-14
  8027.00000    3.97660E-14
  8030.00000    4.10180E-14
  8033.00000    3.92540E-14
  8036.00000    3.93210E-14
  8039.00000    3.94950E-14
  8042.00000    3.78610E-14
  8045.00000    4.13680E-14
  8048.00000    4.06910E-14
  8051.00000    4.18210E-14
  8054.00000    4.18070E-14
  8057.00000    4.15530E-14
  8060.00000    4.10460E-14
  8063.00000    4.20910E-14
  8066.00000    4.04640E-14
  8069.00000    3.98960E-14
  8072.00000    4.14110E-14
  8075.00000    4.06530E-14
  8078.00000    4.05540E-14
  8081.00000    4.16820E-14
  8084.00000    3.99890E-14
  8087.00000    4.00000E-14
  8090.00000    3.96340E-14
  8093.00000    4.07400E-14
  8096.00000    3.95490E-14
  8099.00000    3.97450E-14
  8102.00000    4.16530E-14
  8105.00000    3.95370E-14
  8108.00000    4.08020E-14
  8111.00000    4.06120E-14
  8114.00000    4.10740E-14
  8117.00000    4.10710E-14
  8120.00000    3.92330E-14
  8123.00000    4.01530E-14
  8126.00000    4.07410E-14
  8129.00000    4.00040E-14
  8132.00000    3.98600E-14
  8135.00000    4.05790E-14
  8138.00000    4.07690E-14
  8141.00000    4.15700E-14
  8144.00000    4.17440E-14
  8147.00000    4.12800E-14
  8150.00000    4.06710E-14
  8153.00000    4.10100E-14
  8156.00000    3.92240E-14
  8159.00000    4.10030E-14
  8162.00000    3.99900E-14
  8165.00000    4.09860E-14
  8168.00000    3.97910E-14
  8171.00000    4.16760E-14
  8174.00000    3.96410E-14
  8177.00000    3.88680E-14
  8180.00000    3.83400E-14
  8183.00000    3.99430E-14
  8186.00000    3.90820E-14
  8189.00000    3.76880E-14
  8192.00000    3.93290E-14
  8195.00000    3.91970E-14
  8198.00000    3.76160E-14
  8201.00000    3.94270E-14
  8204.00000    3.91000E-14
  8207.00000    3.78450E-14
  8210.00000    4.02340E-14
  8213.00000    4.07710E-14
  8216.00000    3.91090E-14
  8219.00000    4.07400E-14
  8222.00000    3.91070E-14
  8225.00000    4.10950E-14
  8228.00000    4.00570E-14
  8231.00000    3.88180E-14
  8234.00000    4.04320E-14
  8237.00000    3.90310E-14
  8240.00000    4.04100E-14
  8243.00000    4.21250E-14
  8246.00000    4.05610E-14
  8249.00000    4.02920E-14
  8252.00000    3.99780E-14
  8255.00000    3.94430E-14
  8258.00000    4.16950E-14
  8261.00000    4.03930E-14
  8264.00000    4.04560E-14
  8267.00000    4.14220E-14
  8270.00000    3.96900E-14
  8273.00000    3.99480E-14
  8276.00000    3.91530E-14
  8279.00000    4.19360E-14
  8282.00000    4.03290E-14
  8285.00000    3.93530E-14
  8288.00000    3.83490E-14
  8291.00000    4.07610E-14
  8294.00000    3.99570E-14
  8297.00000    3.85570E-14
  8300.00000    3.87680E-14
  8303.00000    4.17650E-14
  8306.00000    4.01550E-14
  8309.00000    3.82120E-14
  8312.00000    3.91560E-14
  8315.00000    3.66500E-14
  8318.00000    3.96790E-14
  8321.00000    3.83190E-14
  8324.00000    4.09820E-14
  8327.00000    3.95400E-14
  8330.00000    3.97630E-14
  8333.00000    4.00500E-14
  8336.00000    3.94670E-14
  8339.00000    3.92950E-14
  8342.00000    3.93590E-14
  8345.00000    3.84170E-14
  8348.00000    4.05090E-14
  8351.00000    4.03350E-14
  8354.00000    3.98690E-14
  8357.00000    3.96950E-14
  8360.00000    3.92190E-14
  8363.00000    4.11470E-14
  8366.00000    3.81420E-14
  8369.00000    3.98670E-14
  8372.00000    3.92670E-14
  8375.00000    3.72260E-14
  8378.00000    3.90930E-14
  8381.00000    4.02050E-14
  8384.00000    3.85740E-14
  8387.00000    3.95710E-14
  8390.00000    3.92770E-14
  8393.00000    3.74660E-14
  8396.00000    3.76740E-14
  8399.00000    3.79620E-14
  8402.00000    4.01690E-14
  8405.00000    3.91250E-14
  8408.00000    3.90550E-14
  8411.00000    3.96230E-14
  8414.00000    3.99880E-14
  8417.00000    4.12010E-14
  8420.00000    4.04750E-14
  8423.00000    3.82280E-14
  8426.00000    3.88470E-14
  8429.00000    3.94120E-14
  8432.00000    3.78290E-14
  8435.00000    3.98130E-14
  8438.00000    3.88750E-14
  8441.00000    3.83540E-14
  8444.00000    4.05690E-14
  8447.00000    3.87100E-14
  8450.00000    3.80980E-14
  8453.00000    3.77920E-14
  8456.00000    3.86660E-14
  8459.00000    3.72810E-14
  8462.00000    3.81080E-14
  8465.00000    3.84180E-14
  8468.00000    3.93410E-14
  8471.00000    3.93060E-14
  8474.00000    3.93120E-14
  8477.00000    3.79800E-14
  8480.00000    3.94290E-14
  8483.00000    3.88680E-14
  8486.00000    3.75810E-14
  8489.00000    3.81780E-14
  8492.00000    3.81880E-14
  8495.00000    3.84760E-14
  8498.00000    3.74350E-14
  8501.00000    3.69810E-14
  8504.00000    3.77100E-14
  8507.00000    3.69350E-14
  8510.00000    3.77610E-14
  8513.00000    3.61690E-14
  8516.00000    3.70770E-14
  8519.00000    3.56810E-14
  8522.00000    3.73540E-14
  8525.00000    3.78870E-14
  8528.00000    3.56730E-14
  8531.00000    3.68730E-14
  8534.00000    3.42290E-14
  8537.00000    3.48220E-14
  8540.00000    3.52010E-14
  8543.00000    3.54970E-14
  8546.00000    3.39740E-14
  8549.00000    3.51100E-14
  8552.00000    3.52500E-14
  8555.00000    3.62520E-14
  8558.00000    3.82360E-14
  8561.00000    3.81880E-14
  8564.00000    3.62290E-14
  8567.00000    3.72220E-14
  8570.00000    3.68790E-14
  8573.00000    3.90640E-14
  8576.00000    3.83810E-14
  8579.00000    3.93680E-14
  8582.00000    3.81850E-14
  8585.00000    3.78990E-14
  8588.00000    3.91520E-14
  8591.00000    3.78930E-14
  8594.00000    3.95020E-14
  8597.00000    3.76240E-14
  8600.00000    3.78680E-14
  8603.00000    3.83340E-14
  8606.00000    3.84040E-14
  8609.00000    3.94940E-14
  8612.00000    3.85450E-14
  8615.00000    3.93090E-14
  8618.00000    3.84130E-14
  8621.00000    3.84480E-14
  8624.00000    3.88810E-14
  8627.00000    3.79070E-14
  8630.00000    3.65640E-14
  8633.00000    3.81070E-14
  8636.00000    3.83030E-14
  8639.00000    3.92050E-14
  8642.00000    3.81160E-14
  8645.00000    3.76990E-14
  8648.00000    3.78480E-14
  8651.00000    3.72280E-14
  8654.00000    3.62000E-14
  8657.00000    3.79900E-14
  8660.00000    3.45190E-14
  8663.00000    3.73440E-14
  8666.00000    3.60320E-14
  8669.00000    3.38190E-14
  8672.00000    3.51210E-14
  8675.00000    3.59270E-14
  8678.00000    3.59960E-14
  8681.00000    3.62040E-14
  8684.00000    3.52130E-14
  8687.00000    3.64370E-14
  8690.00000    3.65230E-14
  8693.00000    3.63650E-14
  8696.00000    3.72640E-14
  8699.00000    3.78430E-14
  8702.00000    3.73680E-14
  8705.00000    3.65460E-14
  8708.00000    3.66510E-14
  8711.00000    3.75950E-14
  8714.00000    3.80120E-14
  8717.00000    3.87490E-14
  8720.00000    4.00440E-14
  8723.00000    3.85520E-14
  8726.00000    3.75560E-14
  8729.00000    3.82240E-14
  8732.00000    3.81320E-14
  8735.00000    3.86530E-14
  8738.00000    3.79280E-14
  8741.00000    4.06350E-14
  8744.00000    3.94360E-14
  8747.00000    3.81440E-14
  8750.00000    3.84350E-14
  8753.00000    3.94650E-14
  8756.00000    3.77510E-14
  8759.00000    3.96110E-14
  8762.00000    3.91290E-14
  8765.00000    3.80020E-14
  8768.00000    3.83620E-14
  8771.00000    3.70610E-14
  8774.00000    3.85530E-14
  8777.00000    3.76210E-14
  8780.00000    3.85350E-14
  8783.00000    3.80220E-14
  8786.00000    3.77110E-14
  8789.00000    3.86600E-14
  8792.00000    3.80550E-14
  8795.00000    3.84890E-14
  8798.00000    3.86280E-14
  8801.00000    3.77090E-14
  8804.00000    3.78950E-14
  8807.00000    3.73310E-14
  8810.00000    3.76700E-14
  8813.00000    3.71030E-14
  8816.00000    3.68660E-14
  8819.00000    3.68060E-14
  8822.00000    3.83050E-14
  8825.00000    3.64080E-14
  8828.00000    3.83670E-14
  8831.00000    3.72670E-14
  8834.00000    3.90530E-14
  8837.00000    3.74640E-14
  8840.00000    3.92520E-14
  8843.00000    3.91470E-14
  8846.00000    3.93810E-14
  8849.00000    3.97460E-14
  8852.00000    3.82390E-14
  8855.00000    3.79940E-14
  8858.00000    3.83670E-14
  8861.00000    3.89150E-14
  8864.00000    3.70520E-14
  8867.00000    3.62000E-14
  8870.00000    3.76270E-14
  8873.00000    3.60810E-14
  8876.00000    3.67800E-14
  8879.00000    3.61160E-14
  8882.00000    3.68810E-14
  8885.00000    3.75160E-14
  8888.00000    3.61990E-14
  8891.00000    3.65450E-14
  8894.00000    3.68840E-14
  8897.00000    3.78820E-14
  8900.00000    3.60530E-14
  8903.00000    3.75500E-14
  8906.00000    3.62130E-14
  8909.00000    3.67340E-14
  8912.00000    3.73090E-14
  8915.00000    3.72930E-14
  8918.00000    3.63040E-14
  8921.00000    3.71150E-14
  8924.00000    3.70540E-14
  8927.00000    3.76930E-14
  8930.00000    3.74770E-14
  8933.00000    3.85670E-14
  8936.00000    3.91160E-14
  8939.00000    3.84630E-14
  8942.00000    3.79800E-14
  8945.00000    3.71970E-14
  8948.00000    3.76810E-14
  8951.00000    3.74800E-14
  8954.00000    3.47010E-14
  8957.00000    3.68860E-14
  8960.00000    3.57320E-14
  8963.00000    3.57310E-14
  8966.00000    3.69370E-14
  8969.00000    3.54520E-14
  8972.00000    3.49700E-14
  8975.00000    3.61710E-14
  8978.00000    3.68610E-14
  8981.00000    3.51600E-14
  8984.00000    3.60280E-14
  8987.00000    3.60040E-14
  8990.00000    3.63520E-14
  8993.00000    3.43390E-14
  8996.00000    3.43920E-14
  8999.00000    3.59470E-14
  9002.00000    3.50590E-14
  9005.00000    3.49490E-14
  9008.00000    3.44940E-14
  9011.00000    3.56700E-14
  9014.00000    3.41300E-14
  9017.00000    3.53150E-14
  9020.00000    3.44000E-14
  9023.00000    3.42610E-14
  9026.00000    3.56990E-14
  9029.00000    3.72880E-14
  9032.00000    3.81300E-14
  9035.00000    3.66240E-14
  9038.00000    3.83330E-14
  9041.00000    3.90020E-14
  9044.00000    3.84210E-14
  9047.00000    3.74840E-14
  9050.00000    3.84430E-14
  9053.00000    3.88950E-14
  9056.00000    3.92570E-14
  9059.00000    3.87740E-14
  9062.00000    3.83850E-14
  9065.00000    3.73810E-14
  9068.00000    3.79970E-14
  9071.00000    3.75610E-14
  9074.00000    3.81260E-14
  9077.00000    3.79050E-14
  9080.00000    3.69700E-14
  9083.00000    3.73810E-14
  9086.00000    3.56890E-14
  9089.00000    3.74860E-14
  9092.00000    3.71200E-14
  9095.00000    3.70810E-14
  9098.00000    3.70920E-14
  9101.00000    3.70940E-14
  9104.00000    3.70470E-14
  9107.00000    3.57160E-14
  9110.00000    3.62170E-14
  9113.00000    3.70510E-14
  9116.00000    3.52940E-14
  9119.00000    3.66970E-14
  9122.00000    3.57360E-14
  9125.00000    3.65110E-14
  9128.00000    3.53300E-14
  9131.00000    3.74430E-14
  9134.00000    3.73890E-14
  9137.00000    3.68910E-14
  9140.00000    3.46840E-14
  9143.00000    3.75820E-14
  9146.00000    3.46910E-14
  9149.00000    3.65940E-14
  9152.00000    3.58450E-14
  9155.00000    3.65380E-14
  9158.00000    3.59170E-14
  9161.00000    3.47150E-14
  9164.00000    3.70920E-14
  9167.00000    3.52340E-14
  9170.00000    3.58690E-14
  9173.00000    3.49040E-14
  9176.00000    3.57040E-14
  9179.00000    3.59820E-14
  9182.00000    3.39050E-14
  9185.00000    3.68010E-14
  9188.00000    3.63740E-14
  9191.00000    3.45920E-14
  9194.00000    3.67450E-14
  9197.00000    3.83450E-14
  9200.00000    3.60020E-14
  9203.00000    3.57510E-14
  9206.00000    3.57800E-14
  9209.00000    3.66180E-14
  9212.00000    3.72820E-14
  9215.00000    3.62590E-14
  9218.00000    3.53210E-14
  9221.00000    3.72440E-14
  9224.00000    3.46430E-14
  9227.00000    3.57830E-14
  9230.00000    3.52460E-14
  9233.00000    3.49440E-14
  9236.00000    3.56050E-14
  9239.00000    3.52380E-14
  9242.00000    3.55960E-14
  9245.00000    3.45340E-14
  9248.00000    3.50550E-14
  9251.00000    3.72310E-14
  9254.00000    3.35190E-14
  9257.00000    3.60950E-14
  9260.00000    3.78220E-14
  9263.00000    3.57750E-14
  9266.00000    3.55870E-14
  9269.00000    3.70750E-14
  9272.00000    3.73810E-14
  9275.00000    3.49080E-14
  9278.00000    3.66720E-14
  9281.00000    3.63240E-14
  9284.00000    3.74620E-14
  9287.00000    3.55550E-14
  9290.00000    3.52660E-14
  9293.00000    3.67420E-14
  9296.00000    3.49600E-14
  9299.00000    3.76680E-14
  9302.00000    3.63820E-14
  9305.00000    3.55120E-14
  9308.00000    3.56090E-14
  9311.00000    3.54490E-14
  9314.00000    3.67660E-14
  9317.00000    3.76060E-14
  9320.00000    3.50120E-14
  9323.00000    3.66900E-14
  9326.00000    3.81740E-14
  9329.00000    3.67720E-14
  9332.00000    3.74010E-14
  9335.00000    3.78610E-14
  9338.00000    3.87770E-14
  9341.00000    3.71040E-14
  9344.00000    3.81890E-14
  9347.00000    4.00890E-14
  9350.00000    3.82180E-14
  9353.00000    3.76280E-14
  9356.00000    3.81380E-14
  9359.00000    3.74030E-14
  9362.00000    3.89180E-14
  9365.00000    3.71460E-14
  9368.00000    3.67030E-14
  9371.00000    3.84780E-14
  9374.00000    3.66840E-14
  9377.00000    3.65030E-14
  9380.00000    3.66720E-14
  9383.00000    3.86710E-14
  9386.00000    3.81900E-14
  9389.00000    3.92220E-14
  9392.00000    3.76840E-14
  9395.00000    3.91310E-14
  9398.00000    3.60670E-14
  9401.00000    3.68000E-14
  9404.00000    3.77090E-14
  9407.00000    3.79560E-14
  9410.00000    3.88860E-14
  9413.00000    3.82060E-14
  9416.00000    3.76870E-14
  9419.00000    3.64050E-14
  9422.00000    3.72760E-14
  9425.00000    3.68200E-14
  9428.00000    3.98570E-14
  9431.00000    3.80420E-14
  9434.00000    3.74540E-14
  9437.00000    3.62470E-14
  9440.00000    3.80710E-14
  9443.00000    3.82640E-14
  9446.00000    3.73070E-14
  9449.00000    3.84480E-14
  9452.00000    3.74440E-14
  9455.00000    3.78310E-14
  9458.00000    3.75430E-14
  9461.00000    3.69410E-14
  9464.00000    3.91670E-14
  9467.00000    3.76350E-14
  9470.00000    3.84360E-14
  9473.00000    3.93860E-14
  9476.00000    3.86980E-14
  9479.00000    3.87150E-14
  9482.00000    4.10380E-14
  9485.00000    3.93220E-14
  9488.00000    3.89400E-14
  9491.00000    3.92450E-14
  9494.00000    4.08010E-14
  9497.00000    3.94240E-14
  9500.00000    3.93570E-14
  9503.00000    3.88320E-14
  9506.00000    4.05090E-14
  9509.00000    3.70800E-14
  9512.00000    3.68820E-14
  9515.00000    3.80910E-14
  9518.00000    3.83030E-14
  9521.00000    3.79470E-14
  9524.00000    3.98500E-14
  9527.00000    3.87910E-14
  9530.00000    3.93310E-14
  9533.00000    3.77490E-14
  9536.00000    3.82950E-14
  9539.00000    3.77880E-14
  9542.00000    3.81520E-14
  9545.00000    3.83800E-14
  9548.00000    3.69360E-14
  9551.00000    3.88800E-14
  9554.00000    3.90640E-14
  9557.00000    3.92120E-14
  9560.00000    3.77480E-14
  9563.00000    3.97380E-14
  9566.00000    3.86740E-14
  9569.00000    3.97550E-14
  9572.00000    3.89940E-14
  9575.00000    3.67350E-14
  9578.00000    3.77240E-14
  9581.00000    3.97880E-14
  9584.00000    3.82770E-14
  9587.00000    3.96260E-14
  9590.00000    3.96540E-14
  9593.00000    3.76570E-14
  9596.00000    3.90040E-14
  9599.00000    3.65320E-14
  9602.00000    3.93170E-14
  9605.00000    3.91790E-14
  9608.00000    3.75270E-14
  9611.00000    3.87000E-14
  9614.00000    3.95060E-14
  9617.00000    3.97100E-14
  9620.00000    3.80240E-14
  9623.00000    3.84790E-14
  9626.00000    3.75490E-14
  9629.00000    3.86350E-14
  9632.00000    3.82190E-14
  9635.00000    4.00650E-14
  9638.00000    3.77410E-14
  9641.00000    3.71830E-14
  9644.00000    4.03320E-14
  9647.00000    3.84760E-14
  9650.00000    3.84200E-14
  9653.00000    3.92800E-14
  9656.00000    3.94610E-14
  9659.00000    3.61870E-14
  9662.00000    3.64710E-14
  9665.00000    3.85840E-14
  9668.00000    3.81590E-14
  9671.00000    3.73140E-14
  9674.00000    3.68900E-14
  9677.00000    3.70190E-14
  9680.00000    3.75280E-14
  9683.00000    3.88750E-14
  9686.00000    3.92700E-14
  9689.00000    3.85480E-14
  9692.00000    3.73960E-14
  9695.00000    3.69790E-14
  9698.00000    3.77340E-14
  9701.00000    3.84200E-14
  9704.00000    3.62490E-14
  9707.00000    3.71460E-14
  9710.00000    3.75060E-14
  9713.00000    3.90260E-14
  9716.00000    3.60190E-14
  9719.00000    3.74620E-14
  9722.00000    3.88310E-14
  9725.00000    3.71160E-14
  9728.00000    3.91050E-14
  9731.00000    3.85800E-14
  9734.00000    3.56740E-14
  9737.00000    3.68010E-14
  9740.00000    3.66330E-14
  9743.00000    3.75990E-14
  9746.00000    3.64100E-14
  9749.00000    3.61310E-14
  9752.00000    3.84660E-14
  9755.00000    3.78030E-14
  9758.00000    3.78220E-14
  9761.00000    3.80820E-14
  9764.00000    3.71070E-14
  9767.00000    3.78880E-14
  9770.00000    3.73750E-14
  9773.00000    3.86470E-14
  9776.00000    3.79420E-14
  9779.00000    3.89310E-14
  9782.00000    3.78320E-14
  9785.00000    3.80390E-14
  9788.00000    3.75310E-14
  9791.00000    3.72990E-14
  9794.00000    3.84520E-14
  9797.00000    3.73690E-14
  9800.00000    3.70560E-14
