   4300.0000    2.59770E-14
   4301.2500    2.37180E-14
   4302.5000    2.40620E-14
   4303.7500    2.35230E-14
   4305.0000    2.36270E-14
   4306.2500    2.49000E-14
   4307.5000    2.48170E-14
   4308.7500    2.46490E-14
   4310.0000    2.33830E-14
   4311.2500    2.51310E-14
   4312.5000    2.37610E-14
   4313.7500    2.49190E-14
   4315.0000    2.59120E-14
   4316.2500    2.85510E-14
   4317.5000    2.62260E-14
   4318.7500    3.06080E-14
   4320.0000    2.80460E-14
   4321.2500    2.68120E-14
   4322.5000    2.79090E-14
   4323.7500    2.60790E-14
   4325.0000    2.71730E-14
   4326.2500    2.40470E-14
   4327.5000    2.56410E-14
   4328.7500    2.65010E-14
   4330.0000    2.66990E-14
   4331.2500    2.56890E-14
   4332.5000    2.58130E-14
   4333.7500    2.44640E-14
   4335.0000    2.59420E-14
   4336.2500    2.40460E-14
   4337.5000    2.39230E-14
   4338.7500    2.27030E-14
   4340.0000    2.46890E-14
   4341.2500    2.31120E-14
   4342.5000    2.37690E-14
   4343.7500    2.47430E-14
   4345.0000    2.42000E-14
   4346.2500    2.61510E-14
   4347.5000    2.76070E-14
   4348.7500    2.66090E-14
   4350.0000    2.84420E-14
   4351.2500    2.78860E-14
   4352.5000    2.78530E-14
   4353.7500    2.86580E-14
   4355.0000    2.62940E-14
   4356.2500    2.96900E-14
   4357.5000    2.89950E-14
   4358.7500    3.06150E-14
   4360.0000    3.19940E-14
   4361.2500    2.98760E-14
   4362.5000    2.70680E-14
   4363.7500    2.96810E-14
   4365.0000    3.15270E-14
   4366.2500    2.84640E-14
   4367.5000    3.06100E-14
   4368.7500    2.98070E-14
   4370.0000    2.80300E-14
   4371.2500    2.85290E-14
   4372.5000    2.79910E-14
   4373.7500    2.94540E-14
   4375.0000    3.01100E-14
   4376.2500    2.97570E-14
   4377.5000    2.83420E-14
   4378.7500    2.92380E-14
   4380.0000    2.74180E-14
   4381.2500    2.50320E-14
   4382.5000    2.70060E-14
   4383.7500    2.97030E-14
   4385.0000    2.43590E-14
   4386.2500    3.00550E-14
   4387.5000    2.73520E-14
   4388.7500    2.78870E-14
   4390.0000    2.85530E-14
   4391.2500    2.90010E-14
   4392.5000    2.80350E-14
   4393.7500    3.01100E-14
   4395.0000    2.81850E-14
   4396.2500    3.03350E-14
   4397.5000    3.00200E-14
   4398.7500    2.97030E-14
   4400.0000    3.06010E-14
   4401.2500    3.04190E-14
   4402.5000    2.81530E-14
   4403.7500    2.90780E-14
   4405.0000    2.85770E-14
   4406.2500    3.08710E-14
   4407.5000    2.86210E-14
   4408.7500    2.63530E-14
   4410.0000    2.91890E-14
   4411.2500    3.23580E-14
   4412.5000    2.88010E-14
   4413.7500    2.95220E-14
   4415.0000    2.80910E-14
   4416.2500    2.90330E-14
   4417.5000    2.93000E-14
   4418.7500    2.92320E-14
   4420.0000    2.89230E-14
   4421.2500    2.88930E-14
   4422.5000    2.80740E-14
   4423.7500    3.29320E-14
   4425.0000    3.11800E-14
   4426.2500    3.25760E-14
   4427.5000    2.97450E-14
   4428.7500    2.85050E-14
   4430.0000    2.99250E-14
   4431.2500    2.99590E-14
   4432.5000    3.13470E-14
   4433.7500    3.14000E-14
   4435.0000    2.93790E-14
   4436.2500    3.05310E-14
   4437.5000    3.04010E-14
   4438.7500    3.22860E-14
   4440.0000    3.16100E-14
   4441.2500    3.28420E-14
   4442.5000    3.10640E-14
   4443.7500    3.14330E-14
   4445.0000    3.12270E-14
   4446.2500    2.99150E-14
   4447.5000    3.17450E-14
   4448.7500    3.15400E-14
   4450.0000    3.00640E-14
   4451.2500    3.24070E-14
   4452.5000    2.99130E-14
   4453.7500    2.93710E-14
   4455.0000    3.20050E-14
   4456.2500    2.97650E-14
   4457.5000    3.07500E-14
   4458.7500    3.15600E-14
   4460.0000    3.00960E-14
   4461.2500    3.25400E-14
   4462.5000    3.19200E-14
   4463.7500    3.06580E-14
   4465.0000    3.22370E-14
   4466.2500    2.99600E-14
   4467.5000    3.12530E-14
   4468.7500    3.20900E-14
   4470.0000    3.16360E-14
   4471.2500    3.24830E-14
   4472.5000    3.03070E-14
   4473.7500    3.22420E-14
   4475.0000    3.54960E-14
   4476.2500    3.24500E-14
   4477.5000    3.37440E-14
   4478.7500    3.29360E-14
   4480.0000    3.10860E-14
   4481.2500    3.25890E-14
   4482.5000    3.40150E-14
   4483.7500    3.37910E-14
   4485.0000    3.17680E-14
   4486.2500    3.28990E-14
   4487.5000    3.37350E-14
   4488.7500    3.33580E-14
   4490.0000    3.44690E-14
   4491.2500    3.42380E-14
   4492.5000    3.18540E-14
   4493.7500    3.16390E-14
   4495.0000    3.26370E-14
   4496.2500    3.17710E-14
   4497.5000    3.38070E-14
   4498.7500    3.48250E-14
   4500.0000    3.16020E-14
   4501.2500    3.30660E-14
   4502.5000    3.30400E-14
   4503.7500    3.19870E-14
   4505.0000    3.22970E-14
   4506.2500    3.49240E-14
   4507.5000    3.13010E-14
   4508.7500    3.20630E-14
   4510.0000    3.39540E-14
   4511.2500    3.50830E-14
   4512.5000    3.35110E-14
   4513.7500    3.54880E-14
   4515.0000    3.42140E-14
   4516.2500    3.37460E-14
   4517.5000    3.27230E-14
   4518.7500    2.87390E-14
   4520.0000    3.45470E-14
   4521.2500    3.35490E-14
   4522.5000    3.27620E-14
   4523.7500    3.06430E-14
   4525.0000    3.34210E-14
   4526.2500    3.19100E-14
   4527.5000    3.07010E-14
   4528.7500    3.29860E-14
   4530.0000    2.91830E-14
   4531.2500    2.91430E-14
   4532.5000    3.33680E-14
   4533.7500    3.27060E-14
   4535.0000    3.22890E-14
   4536.2500    3.18870E-14
   4537.5000    3.06200E-14
   4538.7500    3.26950E-14
   4540.0000    3.05620E-14
   4541.2500    3.10120E-14
   4542.5000    3.44240E-14
   4543.7500    3.16980E-14
   4545.0000    2.93940E-14
   4546.2500    3.24720E-14
   4547.5000    3.48300E-14
   4548.7500    3.27180E-14
   4550.0000    3.13880E-14
   4551.2500    3.16180E-14
   4552.5000    3.01480E-14
   4553.7500    3.27860E-14
   4555.0000    3.35270E-14
   4556.2500    3.36580E-14
   4557.5000    3.20740E-14
   4558.7500    3.12930E-14
   4560.0000    3.14570E-14
   4561.2500    3.45620E-14
   4562.5000    3.27800E-14
   4563.7500    3.51040E-14
   4565.0000    3.25230E-14
   4566.2500    3.12800E-14
   4567.5000    3.22560E-14
   4568.7500    3.13170E-14
   4570.0000    3.27080E-14
   4571.2500    3.30850E-14
   4572.5000    3.17720E-14
   4573.7500    3.52930E-14
   4575.0000    3.25500E-14
   4576.2500    3.17990E-14
   4577.5000    3.23410E-14
   4578.7500    3.03640E-14
   4580.0000    3.33280E-14
   4581.2500    3.38070E-14
   4582.5000    3.28190E-14
   4583.7500    3.53200E-14
   4585.0000    3.40350E-14
   4586.2500    3.22260E-14
   4587.5000    3.16870E-14
   4588.7500    3.32740E-14
   4590.0000    3.13580E-14
   4591.2500    3.26540E-14
   4592.5000    3.10330E-14
   4593.7500    3.36550E-14
   4595.0000    3.35410E-14
   4596.2500    3.32580E-14
   4597.5000    3.31690E-14
   4598.7500    3.18390E-14
   4600.0000    3.13260E-14
   4601.2500    3.19140E-14
   4602.5000    3.18520E-14
   4603.7500    3.25870E-14
   4605.0000    3.32160E-14
   4606.2500    3.23110E-14
   4607.5000    3.34050E-14
   4608.7500    3.36640E-14
   4610.0000    3.18700E-14
   4611.2500    3.17530E-14
   4612.5000    3.45910E-14
   4613.7500    3.43820E-14
   4615.0000    3.35880E-14
   4616.2500    3.29440E-14
   4617.5000    3.33500E-14
   4618.7500    3.69060E-14
   4620.0000    3.32730E-14
   4621.2500    3.33580E-14
   4622.5000    3.48230E-14
   4623.7500    3.33560E-14
   4625.0000    3.28710E-14
   4626.2500    3.35810E-14
   4627.5000    3.33320E-14
   4628.7500    3.37260E-14
   4630.0000    3.46040E-14
   4631.2500    3.23260E-14
   4632.5000    3.41040E-14
   4633.7500    3.51420E-14
   4635.0000    3.16860E-14
   4636.2500    3.48350E-14
   4637.5000    3.55750E-14
   4638.7500    3.39570E-14
   4640.0000    3.33730E-14
   4641.2500    3.36280E-14
   4642.5000    3.42830E-14
   4643.7500    3.33800E-14
   4645.0000    3.28890E-14
   4646.2500    3.40410E-14
   4647.5000    3.45800E-14
   4648.7500    3.49090E-14
   4650.0000    3.40140E-14
   4651.2500    3.45960E-14
   4652.5000    3.41180E-14
   4653.7500    3.31440E-14
   4655.0000    3.43440E-14
   4656.2500    3.45170E-14
   4657.5000    3.31590E-14
   4658.7500    3.19870E-14
   4660.0000    3.29930E-14
   4661.2500    3.31340E-14
   4662.5000    3.32370E-14
   4663.7500    3.17130E-14
   4665.0000    3.14580E-14
   4666.2500    3.17070E-14
   4667.5000    3.48970E-14
   4668.7500    3.36930E-14
   4670.0000    3.27860E-14
   4671.2500    3.23930E-14
   4672.5000    3.22500E-14
   4673.7500    3.25870E-14
   4675.0000    3.61910E-14
   4676.2500    3.36620E-14
   4677.5000    3.55410E-14
   4678.7500    3.49230E-14
   4680.0000    3.11850E-14
   4681.2500    3.15870E-14
   4682.5000    3.32230E-14
   4683.7500    3.39230E-14
   4685.0000    3.32640E-14
   4686.2500    3.48000E-14
   4687.5000    3.60610E-14
   4688.7500    3.32880E-14
   4690.0000    3.50030E-14
   4691.2500    3.28260E-14
   4692.5000    3.46820E-14
   4693.7500    3.19630E-14
   4695.0000    3.42400E-14
   4696.2500    3.14410E-14
   4697.5000    3.49420E-14
   4698.7500    3.46650E-14
   4700.0000    3.15460E-14
   4701.2500    3.17370E-14
   4702.5000    3.43100E-14
   4703.7500    3.34590E-14
   4705.0000    3.36010E-14
   4706.2500    3.30200E-14
   4707.5000    3.30320E-14
   4708.7500    3.43430E-14
   4710.0000    3.40710E-14
   4711.2500    3.43000E-14
   4712.5000    3.54210E-14
   4713.7500    3.36020E-14
   4715.0000    3.17980E-14
   4716.2500    3.36780E-14
   4717.5000    3.16910E-14
   4718.7500    3.62010E-14
   4720.0000    3.48540E-14
   4721.2500    3.61000E-14
   4722.5000    3.27420E-14
   4723.7500    3.24560E-14
   4725.0000    3.15780E-14
   4726.2500    3.41300E-14
   4727.5000    3.49710E-14
   4728.7500    3.35980E-14
   4730.0000    3.45690E-14
   4731.2500    3.43770E-14
   4732.5000    3.30270E-14
   4733.7500    3.37880E-14
   4735.0000    3.48140E-14
   4736.2500    3.43650E-14
   4737.5000    3.35020E-14
   4738.7500    3.34720E-14
   4740.0000    3.50260E-14
   4741.2500    3.35610E-14
   4742.5000    3.53930E-14
   4743.7500    3.66400E-14
   4745.0000    3.33740E-14
   4746.2500    3.37310E-14
   4747.5000    3.42960E-14
   4748.7500    3.75980E-14
   4750.0000    3.35470E-14
   4751.2500    3.35330E-14
   4752.5000    3.37010E-14
   4753.7500    3.40580E-14
   4755.0000    3.48800E-14
   4756.2500    3.50350E-14
   4757.5000    3.69730E-14
   4758.7500    3.43510E-14
   4760.0000    3.36190E-14
   4761.2500    3.35240E-14
   4762.5000    3.31930E-14
   4763.7500    3.49470E-14
   4765.0000    3.49080E-14
   4766.2500    3.22700E-14
   4767.5000    3.46320E-14
   4768.7500    3.60720E-14
   4770.0000    3.45050E-14
   4771.2500    3.26820E-14
   4772.5000    3.52540E-14
   4773.7500    3.52010E-14
   4775.0000    3.64020E-14
   4776.2500    3.34810E-14
   4777.5000    3.59450E-14
   4778.7500    3.60240E-14
   4780.0000    3.43490E-14
   4781.2500    3.31880E-14
   4782.5000    3.35220E-14
   4783.7500    3.65280E-14
   4785.0000    3.50030E-14
   4786.2500    3.55900E-14
   4787.5000    3.42140E-14
   4788.7500    3.39520E-14
   4790.0000    3.36320E-14
   4791.2500    3.68900E-14
   4792.5000    3.68810E-14
   4793.7500    3.40170E-14
   4795.0000    3.57800E-14
   4796.2500    3.33960E-14
   4797.5000    3.42640E-14
   4798.7500    3.67640E-14
   4800.0000    3.75820E-14
   4801.2500    3.53560E-14
   4802.5000    3.24700E-14
   4803.7500    3.86760E-14
   4805.0000    3.65770E-14
   4806.2500    3.42380E-14
   4807.5000    3.50220E-14
   4808.7500    3.43310E-14
   4810.0000    3.71990E-14
   4811.2500    3.59730E-14
   4812.5000    3.69420E-14
   4813.7500    3.66000E-14
   4815.0000    3.70090E-14
   4816.2500    3.46920E-14
   4817.5000    3.53850E-14
   4818.7500    3.59980E-14
   4820.0000    3.68720E-14
   4821.2500    3.44120E-14
   4822.5000    3.58710E-14
   4823.7500    3.45250E-14
   4825.0000    3.49990E-14
   4826.2500    3.46030E-14
   4827.5000    3.66490E-14
   4828.7500    3.35710E-14
   4830.0000    3.32940E-14
   4831.2500    3.71050E-14
   4832.5000    3.56010E-14
   4833.7500    3.26010E-14
   4835.0000    3.75750E-14
   4836.2500    3.47220E-14
   4837.5000    3.42210E-14
   4838.7500    3.60600E-14
   4840.0000    3.55410E-14
   4841.2500    3.26550E-14
   4842.5000    3.32170E-14
   4843.7500    3.21220E-14
   4845.0000    3.21020E-14
   4846.2500    3.25320E-14
   4847.5000    3.12460E-14
   4848.7500    3.17460E-14
   4850.0000    3.05210E-14
   4851.2500    3.23370E-14
   4852.5000    3.06410E-14
   4853.7500    3.16820E-14
   4855.0000    3.16350E-14
   4856.2500    2.93110E-14
   4857.5000    3.09000E-14
   4858.7500    2.86800E-14
   4860.0000    2.99910E-14
   4861.2500    2.76090E-14
   4862.5000    2.88190E-14
   4863.7500    2.79800E-14
   4865.0000    2.89430E-14
   4866.2500    2.84760E-14
   4867.5000    2.80260E-14
   4868.7500    3.02120E-14
   4870.0000    2.78250E-14
   4871.2500    2.93140E-14
   4872.5000    2.96690E-14
   4873.7500    3.21460E-14
   4875.0000    3.13180E-14
   4876.2500    3.32860E-14
   4877.5000    3.06460E-14
   4878.7500    3.55040E-14
   4880.0000    3.24810E-14
   4881.2500    3.23950E-14
   4882.5000    3.49780E-14
   4883.7500    3.12420E-14
   4885.0000    3.37840E-14
   4886.2500    3.28660E-14
   4887.5000    3.15490E-14
   4888.7500    3.66770E-14
   4890.0000    3.51290E-14
   4891.2500    3.50520E-14
   4892.5000    3.49760E-14
   4893.7500    3.28230E-14
   4895.0000    3.52350E-14
   4896.2500    3.53340E-14
   4897.5000    3.80950E-14
   4898.7500    3.52160E-14
   4900.0000    3.40990E-14
   4901.2500    3.75190E-14
   4902.5000    3.58430E-14
   4903.7500    3.52100E-14
   4905.0000    3.54180E-14
   4906.2500    3.77250E-14
   4907.5000    3.44670E-14
   4908.7500    3.36760E-14
   4910.0000    3.41740E-14
   4911.2500    3.39470E-14
   4912.5000    3.40800E-14
   4913.7500    3.35030E-14
   4915.0000    3.44440E-14
   4916.2500    3.62230E-14
   4917.5000    3.31380E-14
   4918.7500    3.29570E-14
   4920.0000    3.43450E-14
   4921.2500    3.36850E-14
   4922.5000    3.59780E-14
   4923.7500    3.48530E-14
   4925.0000    3.57680E-14
   4926.2500    3.56020E-14
   4927.5000    3.48730E-14
   4928.7500    3.51740E-14
   4930.0000    3.28400E-14
   4931.2500    3.65990E-14
   4932.5000    3.42260E-14
   4933.7500    3.31550E-14
   4935.0000    3.42820E-14
   4936.2500    3.57140E-14
   4937.5000    3.37350E-14
   4938.7500    3.51840E-14
   4940.0000    3.28750E-14
   4941.2500    3.70190E-14
   4942.5000    3.57020E-14
   4943.7500    3.52130E-14
   4945.0000    3.76810E-14
   4946.2500    3.63090E-14
   4947.5000    3.60280E-14
   4948.7500    3.61780E-14
   4950.0000    3.41450E-14
   4951.2500    3.86000E-14
   4952.5000    3.69840E-14
   4953.7500    3.71990E-14
   4955.0000    3.65830E-14
   4956.2500    3.46080E-14
   4957.5000    3.59040E-14
   4958.7500    3.51030E-14
   4960.0000    3.62140E-14
   4961.2500    3.37930E-14
   4962.5000    3.44380E-14
   4963.7500    3.67460E-14
   4965.0000    3.46880E-14
   4966.2500    3.42870E-14
   4967.5000    3.43870E-14
   4968.7500    3.61230E-14
   4970.0000    3.61370E-14
   4971.2500    3.49860E-14
   4972.5000    3.57260E-14
   4973.7500    3.24140E-14
   4975.0000    3.40070E-14
   4976.2500    3.47790E-14
   4977.5000    3.53550E-14
   4978.7500    3.48130E-14
   4980.0000    3.45490E-14
   4981.2500    3.63380E-14
   4982.5000    3.21210E-14
   4983.7500    3.52130E-14
   4985.0000    3.48960E-14
   4986.2500    3.56200E-14
   4987.5000    3.46130E-14
   4988.7500    3.21500E-14
   4990.0000    3.49210E-14
   4991.2500    3.62420E-14
   4992.5000    3.39110E-14
   4993.7500    3.47650E-14
   4995.0000    3.48200E-14
   4996.2500    3.36280E-14
   4997.5000    3.29290E-14
   4998.7500    3.47690E-14
   5000.0000    3.51820E-14
   5001.2500    3.41370E-14
   5002.5000    3.19140E-14
   5003.7500    3.24650E-14
   5005.0000    3.11980E-14
   5006.2500    3.42710E-14
   5007.5000    3.35080E-14
   5008.7500    3.19610E-14
   5010.0000    3.34410E-14
   5011.2500    3.33070E-14
   5012.5000    3.38510E-14
   5013.7500    3.54060E-14
   5015.0000    3.65820E-14
   5016.2500    3.34360E-14
   5017.5000    3.36990E-14
   5018.7500    3.35440E-14
   5020.0000    3.47390E-14
   5021.2500    3.46770E-14
   5022.5000    3.44150E-14
   5023.7500    3.42930E-14
   5025.0000    3.44330E-14
   5026.2500    3.41710E-14
   5027.5000    3.52110E-14
   5028.7500    3.40380E-14
   5030.0000    3.26830E-14
   5031.2500    3.48790E-14
   5032.5000    3.55100E-14
   5033.7500    3.42450E-14
   5035.0000    3.33230E-14
   5036.2500    3.51150E-14
   5037.5000    3.44800E-14
   5038.7500    3.25950E-14
   5040.0000    3.36750E-14
   5041.2500    3.22280E-14
   5042.5000    3.58150E-14
   5043.7500    3.54590E-14
   5045.0000    3.46860E-14
   5046.2500    3.51520E-14
   5047.5000    3.36590E-14
   5048.7500    3.35850E-14
   5050.0000    3.40870E-14
   5051.2500    3.35960E-14
   5052.5000    3.39990E-14
   5053.7500    3.69320E-14
   5055.0000    3.55500E-14
   5056.2500    3.55100E-14
   5057.5000    3.46490E-14
   5058.7500    3.55260E-14
   5060.0000    3.44360E-14
   5061.2500    3.67500E-14
   5062.5000    3.69390E-14
   5063.7500    3.39450E-14
   5065.0000    3.44790E-14
   5066.2500    3.63930E-14
   5067.5000    3.54870E-14
   5068.7500    3.76100E-14
   5070.0000    3.58370E-14
   5071.2500    3.65280E-14
   5072.5000    3.39370E-14
   5073.7500    3.52190E-14
   5075.0000    3.29080E-14
   5076.2500    3.39220E-14
   5077.5000    3.44360E-14
   5078.7500    3.81150E-14
   5080.0000    3.32780E-14
   5081.2500    3.48250E-14
   5082.5000    3.47350E-14
   5083.7500    3.57610E-14
   5085.0000    3.40420E-14
   5086.2500    3.37460E-14
   5087.5000    3.36970E-14
   5088.7500    3.69150E-14
   5090.0000    3.52080E-14
   5091.2500    3.62100E-14
   5092.5000    3.29420E-14
   5093.7500    3.56560E-14
   5095.0000    3.17870E-14
   5096.2500    3.54000E-14
   5097.5000    3.54610E-14
   5098.7500    3.47520E-14
   5100.0000    3.76650E-14
   5101.2500    3.55240E-14
   5102.5000    3.40270E-14
   5103.7500    3.69940E-14
   5105.0000    3.72140E-14
   5106.2500    3.59470E-14
   5107.5000    3.48600E-14
   5108.7500    3.48310E-14
   5110.0000    3.65470E-14
   5111.2500    3.38830E-14
   5112.5000    3.34950E-14
   5113.7500    3.59150E-14
   5115.0000    3.44260E-14
   5116.2500    3.39700E-14
   5117.5000    3.34510E-14
   5118.7500    3.36860E-14
   5120.0000    3.61000E-14
   5121.2500    3.43470E-14
   5122.5000    3.46050E-14
   5123.7500    3.49190E-14
   5125.0000    3.26110E-14
   5126.2500    3.33020E-14
   5127.5000    3.23170E-14
   5128.7500    3.51050E-14
   5130.0000    3.47390E-14
   5131.2500    3.35390E-14
   5132.5000    3.47100E-14
   5133.7500    3.46880E-14
   5135.0000    3.39410E-14
   5136.2500    3.34380E-14
   5137.5000    3.37080E-14
   5138.7500    3.45370E-14
   5140.0000    3.44840E-14
   5141.2500    3.45730E-14
   5142.5000    3.41220E-14
   5143.7500    3.69840E-14
   5145.0000    3.44350E-14
   5146.2500    3.60150E-14
   5147.5000    3.43780E-14
   5148.7500    3.38910E-14
   5150.0000    3.58860E-14
   5151.2500    3.47610E-14
   5152.5000    3.46570E-14
   5153.7500    3.32270E-14
   5155.0000    3.17210E-14
   5156.2500    3.48790E-14
   5157.5000    3.36320E-14
   5158.7500    3.48260E-14
   5160.0000    3.22850E-14
   5161.2500    3.40100E-14
   5162.5000    3.12490E-14
   5163.7500    3.21990E-14
   5165.0000    3.05830E-14
   5166.2500    3.34620E-14
   5167.5000    3.15070E-14
   5168.7500    3.24640E-14
   5170.0000    3.27750E-14
   5171.2500    3.42880E-14
   5172.5000    3.38880E-14
   5173.7500    3.25500E-14
   5175.0000    3.15780E-14
   5176.2500    3.00760E-14
   5177.5000    3.07940E-14
   5178.7500    3.11860E-14
   5180.0000    3.36550E-14
   5181.2500    3.14490E-14
   5182.5000    3.13780E-14
   5183.7500    3.05140E-14
   5185.0000    3.06980E-14
   5186.2500    3.35590E-14
   5187.5000    3.43950E-14
   5188.7500    3.20850E-14
   5190.0000    3.64840E-14
   5191.2500    3.61590E-14
   5192.5000    3.35560E-14
   5193.7500    3.24630E-14
   5195.0000    3.28700E-14
   5196.2500    3.55390E-14
   5197.5000    3.20440E-14
   5198.7500    3.45540E-14
   5200.0000    3.19810E-14
   5201.2500    3.40990E-14
   5202.5000    3.44630E-14
   5203.7500    3.41270E-14
   5205.0000    3.40570E-14
   5206.2500    3.40080E-14
   5207.5000    3.12380E-14
   5208.7500    3.52010E-14
   5210.0000    3.36050E-14
   5211.2500    3.43780E-14
   5212.5000    3.23890E-14
   5213.7500    3.29640E-14
   5215.0000    3.31380E-14
   5216.2500    3.39150E-14
   5217.5000    3.32430E-14
   5218.7500    3.46780E-14
   5220.0000    3.37120E-14
   5221.2500    3.43070E-14
   5222.5000    3.41170E-14
   5223.7500    3.33600E-14
   5225.0000    3.49000E-14
   5226.2500    3.40460E-14
   5227.5000    3.40890E-14
   5228.7500    3.59900E-14
   5230.0000    3.52270E-14
   5231.2500    3.41740E-14
   5232.5000    3.44470E-14
   5233.7500    3.58460E-14
   5235.0000    3.59320E-14
   5236.2500    3.50310E-14
   5237.5000    3.52970E-14
   5238.7500    3.62410E-14
   5240.0000    3.70240E-14
   5241.2500    3.43600E-14
   5242.5000    3.52930E-14
   5243.7500    3.63940E-14
   5245.0000    3.43840E-14
   5246.2500    3.50170E-14
   5247.5000    3.75890E-14
   5248.7500    3.47490E-14
   5250.0000    3.58840E-14
   5251.2500    3.47000E-14
   5252.5000    3.59960E-14
   5253.7500    3.30530E-14
   5255.0000    3.43400E-14
   5256.2500    3.61580E-14
   5257.5000    3.49370E-14
   5258.7500    3.45500E-14
   5260.0000    3.29930E-14
   5261.2500    3.26570E-14
   5262.5000    3.02330E-14
   5263.7500    3.04500E-14
   5265.0000    3.27710E-14
   5266.2500    3.26750E-14
   5267.5000    3.23440E-14
   5268.7500    3.43980E-14
   5270.0000    3.19760E-14
   5271.2500    3.37870E-14
   5272.5000    3.24300E-14
   5273.7500    3.59390E-14
   5275.0000    3.56050E-14
   5276.2500    3.47140E-14
   5277.5000    3.65730E-14
   5278.7500    3.78980E-14
   5280.0000    3.82700E-14
   5281.2500    3.37720E-14
   5282.5000    3.68560E-14
   5283.7500    3.57770E-14
   5285.0000    3.48250E-14
   5286.2500    3.56240E-14
   5287.5000    3.78740E-14
   5288.7500    3.46750E-14
   5290.0000    3.69210E-14
   5291.2500    3.73480E-14
   5292.5000    3.92050E-14
   5293.7500    3.60220E-14
   5295.0000    3.67400E-14
   5296.2500    3.75830E-14
   5297.5000    3.45890E-14
   5298.7500    4.04340E-14
   5300.0000    3.61340E-14
   5301.2500    3.58670E-14
   5302.5000    3.58010E-14
   5303.7500    3.68730E-14
   5305.0000    3.72820E-14
   5306.2500    3.54010E-14
   5307.5000    3.80250E-14
   5308.7500    3.98890E-14
   5310.0000    3.87400E-14
   5311.2500    3.73730E-14
   5312.5000    3.43350E-14
   5313.7500    3.65740E-14
   5315.0000    3.70640E-14
   5316.2500    3.74730E-14
   5317.5000    3.72490E-14
   5318.7500    3.56900E-14
   5320.0000    3.55290E-14
   5321.2500    3.60510E-14
   5322.5000    3.39710E-14
   5323.7500    3.46530E-14
   5325.0000    3.67610E-14
   5326.2500    3.42590E-14
   5327.5000    3.35010E-14
   5328.7500    3.64350E-14
   5330.0000    3.52500E-14
   5331.2500    3.35860E-14
   5332.5000    3.44680E-14
   5333.7500    3.56780E-14
   5335.0000    3.60820E-14
   5336.2500    3.82870E-14
   5337.5000    3.44020E-14
   5338.7500    3.62060E-14
   5340.0000    3.71490E-14
   5341.2500    3.49650E-14
   5342.5000    3.81570E-14
   5343.7500    3.53290E-14
   5345.0000    3.86060E-14
   5346.2500    3.58690E-14
   5347.5000    3.47450E-14
   5348.7500    3.63110E-14
   5350.0000    3.74120E-14
   5351.2500    3.69630E-14
   5352.5000    3.61100E-14
   5353.7500    3.74240E-14
   5355.0000    3.82020E-14
   5356.2500    3.76470E-14
   5357.5000    3.81790E-14
   5358.7500    3.90290E-14
   5360.0000    3.65670E-14
   5361.2500    3.54570E-14
   5362.5000    3.69780E-14
   5363.7500    3.81780E-14
   5365.0000    3.60830E-14
   5366.2500    3.68180E-14
   5367.5000    3.49400E-14
   5368.7500    3.71420E-14
   5370.0000    3.53540E-14
   5371.2500    3.65170E-14
   5372.5000    3.66910E-14
   5373.7500    3.57470E-14
   5375.0000    3.57970E-14
   5376.2500    3.43420E-14
   5377.5000    3.62220E-14
   5378.7500    3.77120E-14
   5380.0000    3.57940E-14
   5381.2500    3.66770E-14
   5382.5000    3.63410E-14
   5383.7500    3.63780E-14
   5385.0000    3.65560E-14
   5386.2500    3.81580E-14
   5387.5000    3.61560E-14
   5388.7500    3.51180E-14
   5390.0000    3.38350E-14
   5391.2500    3.44600E-14
   5392.5000    3.62240E-14
   5393.7500    3.58320E-14
   5395.0000    3.64550E-14
   5396.2500    3.57930E-14
   5397.5000    3.67440E-14
   5398.7500    3.40190E-14
   5400.0000    3.50210E-14
   5401.2500    3.57350E-14
   5402.5000    3.72160E-14
   5403.7500    3.48850E-14
   5405.0000    3.59860E-14
   5406.2500    3.63600E-14
   5407.5000    3.43960E-14
   5408.7500    3.60960E-14
   5410.0000    3.56730E-14
   5411.2500    3.77190E-14
   5412.5000    3.61690E-14
   5413.7500    3.44860E-14
   5415.0000    3.61920E-14
   5416.2500    3.72840E-14
   5417.5000    3.36090E-14
   5418.7500    3.64020E-14
   5420.0000    3.65660E-14
   5421.2500    3.68170E-14
   5422.5000    3.79730E-14
   5423.7500    3.74190E-14
   5425.0000    3.79740E-14
   5426.2500    3.80470E-14
   5427.5000    3.68730E-14
   5428.7500    3.70910E-14
   5430.0000    3.71350E-14
   5431.2500    3.61200E-14
   5432.5000    3.59270E-14
   5433.7500    3.68540E-14
   5435.0000    3.59500E-14
   5436.2500    3.60600E-14
   5437.5000    3.58920E-14
   5438.7500    3.71080E-14
   5440.0000    3.61150E-14
   5441.2500    3.56630E-14
   5442.5000    3.73140E-14
   5443.7500    3.72800E-14
   5445.0000    3.64380E-14
   5446.2500    3.94100E-14
   5447.5000    3.77840E-14
   5448.7500    3.64320E-14
   5450.0000    3.71850E-14
   5451.2500    3.58310E-14
   5452.5000    3.68780E-14
   5453.7500    3.63690E-14
   5455.0000    3.82270E-14
   5456.2500    3.49760E-14
   5457.5000    3.78480E-14
   5458.7500    3.61180E-14
   5460.0000    3.68290E-14
   5461.2500    3.73860E-14
   5462.5000    3.68620E-14
   5463.7500    3.70900E-14
   5465.0000    3.68990E-14
   5466.2500    3.68500E-14
   5467.5000    3.77750E-14
   5468.7500    3.39640E-14
   5470.0000    3.85950E-14
   5471.2500    3.73270E-14
   5472.5000    3.56680E-14
   5473.7500    3.55420E-14
   5475.0000    3.68630E-14
   5476.2500    3.64360E-14
   5477.5000    3.70890E-14
   5478.7500    3.45750E-14
   5480.0000    3.75020E-14
   5481.2500    3.61010E-14
   5482.5000    3.80970E-14
   5483.7500    3.59300E-14
   5485.0000    3.53070E-14
   5486.2500    3.68450E-14
   5487.5000    3.82960E-14
   5488.7500    3.45340E-14
   5490.0000    3.69730E-14
   5491.2500    3.54790E-14
   5492.5000    3.90730E-14
   5493.7500    3.83370E-14
   5495.0000    3.58950E-14
   5496.2500    3.60000E-14
   5497.5000    3.76490E-14
   5498.7500    3.72510E-14
   5500.0000    3.64570E-14
   5501.2500    3.59230E-14
   5502.5000    3.66550E-14
   5503.7500    3.69980E-14
   5505.0000    3.72210E-14
   5506.2500    3.47450E-14
   5507.5000    3.57690E-14
   5508.7500    3.70810E-14
   5510.0000    3.67670E-14
   5511.2500    3.75730E-14
   5512.5000    3.54310E-14
   5513.7500    3.63580E-14
   5515.0000    3.62090E-14
   5516.2500    3.68670E-14
   5517.5000    3.74820E-14
   5518.7500    3.78180E-14
   5520.0000    3.59760E-14
   5521.2500    3.82030E-14
   5522.5000    3.70890E-14
   5523.7500    3.80580E-14
   5525.0000    3.53300E-14
   5526.2500    3.67110E-14
   5527.5000    3.75890E-14
   5528.7500    3.74190E-14
   5530.0000    3.48860E-14
   5531.2500    3.60660E-14
   5532.5000    3.78520E-14
   5533.7500    3.66760E-14
   5535.0000    3.60430E-14
   5536.2500    3.72370E-14
   5537.5000    3.84900E-14
   5538.7500    3.65200E-14
   5540.0000    3.90250E-14
   5541.2500    3.72160E-14
   5542.5000    3.70300E-14
   5543.7500    3.86110E-14
   5545.0000    3.84230E-14
   5546.2500    3.55020E-14
   5547.5000    3.71690E-14
   5548.7500    4.10840E-14
   5550.0000    3.72570E-14
   5551.2500    3.67520E-14
   5552.5000    4.08750E-14
   5553.7500    3.82620E-14
   5555.0000    3.94920E-14
   5556.2500    3.95380E-14
   5557.5000    3.64420E-14
   5558.7500    3.63990E-14
   5560.0000    3.55730E-14
   5561.2500    3.73120E-14
   5562.5000    3.61310E-14
   5563.7500    3.59190E-14
   5565.0000    3.69920E-14
   5566.2500    3.80340E-14
   5567.5000    3.63520E-14
   5568.7500    3.78250E-14
   5570.0000    3.96000E-14
   5571.2500    3.77050E-14
   5572.5000    3.83210E-14
   5573.7500    3.71980E-14
   5575.0000    3.71300E-14
   5576.2500    3.51980E-14
   5577.5000    3.79250E-14
   5578.7500    3.47150E-14
   5580.0000    3.68860E-14
   5581.2500    3.59910E-14
   5582.5000    3.72630E-14
   5583.7500    3.64340E-14
   5585.0000    3.60880E-14
   5586.2500    3.75490E-14
   5587.5000    3.56380E-14
   5588.7500    3.60070E-14
   5590.0000    3.56230E-14
   5591.2500    3.34540E-14
   5592.5000    3.62130E-14
   5593.7500    3.72900E-14
   5595.0000    3.49570E-14
   5596.2500    3.45980E-14
   5597.5000    3.56450E-14
   5598.7500    3.74530E-14
   5600.0000    3.87090E-14
   5601.2500    3.73990E-14
   5602.5000    3.71470E-14
   5603.7500    3.51500E-14
   5605.0000    3.79930E-14
   5606.2500    3.71750E-14
   5607.5000    3.55260E-14
   5608.7500    3.86890E-14
   5610.0000    3.78580E-14
   5611.2500    3.90430E-14
   5612.5000    3.56540E-14
   5613.7500    3.91950E-14
   5615.0000    3.91060E-14
   5616.2500    3.82670E-14
   5617.5000    3.60850E-14
   5618.7500    3.95540E-14
   5620.0000    3.64720E-14
   5621.2500    3.86280E-14
   5622.5000    3.87970E-14
   5623.7500    3.89970E-14
   5625.0000    3.76500E-14
   5626.2500    3.88880E-14
   5627.5000    3.77050E-14
   5628.7500    3.78270E-14
   5630.0000    3.94580E-14
   5631.2500    3.57060E-14
   5632.5000    3.60970E-14
   5633.7500    3.71360E-14
   5635.0000    3.87290E-14
   5636.2500    3.89080E-14
   5637.5000    3.72800E-14
   5638.7500    3.68280E-14
   5640.0000    3.83500E-14
   5641.2500    3.72880E-14
   5642.5000    3.69930E-14
   5643.7500    3.59120E-14
   5645.0000    3.77710E-14
   5646.2500    4.05120E-14
   5647.5000    3.72710E-14
   5648.7500    3.68860E-14
   5650.0000    3.57630E-14
   5651.2500    3.85100E-14
   5652.5000    3.77360E-14
   5653.7500    3.88710E-14
   5655.0000    3.54000E-14
   5656.2500    3.56080E-14
   5657.5000    3.59420E-14
   5658.7500    3.60510E-14
   5660.0000    3.81630E-14
   5661.2500    3.62250E-14
   5662.5000    3.77780E-14
   5663.7500    3.62880E-14
   5665.0000    4.03480E-14
   5666.2500    3.60600E-14
   5667.5000    3.76050E-14
   5668.7500    3.86860E-14
   5670.0000    3.67240E-14
   5671.2500    3.72800E-14
   5672.5000    3.69430E-14
   5673.7500    3.73220E-14
   5675.0000    3.68800E-14
   5676.2500    3.59930E-14
   5677.5000    3.54830E-14
   5678.7500    3.86510E-14
   5680.0000    3.66310E-14
   5681.2500    3.81470E-14
   5682.5000    3.93170E-14
   5683.7500    3.83010E-14
   5685.0000    3.78880E-14
   5686.2500    3.94670E-14
   5687.5000    3.74140E-14
   5688.7500    3.68410E-14
   5690.0000    3.60830E-14
   5691.2500    3.77870E-14
   5692.5000    3.64600E-14
   5693.7500    3.78760E-14
   5695.0000    3.69640E-14
   5696.2500    3.68860E-14
   5697.5000    3.80390E-14
   5698.7500    3.85640E-14
   5700.0000    3.70150E-14
   5701.2500    3.76280E-14
   5702.5000    3.70990E-14
   5703.7500    3.72550E-14
   5705.0000    3.71290E-14
   5706.2500    3.75700E-14
   5707.5000    3.64390E-14
   5708.7500    3.68480E-14
   5710.0000    3.82680E-14
   5711.2500    3.76580E-14
   5712.5000    3.86870E-14
   5713.7500    3.76130E-14
   5715.0000    3.88320E-14
   5716.2500    3.76520E-14
   5717.5000    3.88100E-14
   5718.7500    3.80470E-14
   5720.0000    3.97210E-14
   5721.2500    3.90520E-14
   5722.5000    4.02150E-14
   5723.7500    3.83500E-14
   5725.0000    3.85340E-14
   5726.2500    3.95820E-14
   5727.5000    3.94960E-14
   5728.7500    3.96120E-14
   5730.0000    3.76120E-14
   5731.2500    4.08080E-14
   5732.5000    3.78210E-14
   5733.7500    3.98050E-14
   5735.0000    3.96120E-14
   5736.2500    3.95420E-14
   5737.5000    4.17140E-14
   5738.7500    4.05930E-14
   5740.0000    3.93340E-14
   5741.2500    3.76700E-14
   5742.5000    4.02030E-14
   5743.7500    3.86850E-14
   5745.0000    3.67240E-14
   5746.2500    3.87780E-14
   5747.5000    3.66510E-14
   5748.7500    3.85050E-14
   5750.0000    3.75230E-14
   5751.2500    3.77050E-14
   5752.5000    3.88300E-14
   5753.7500    4.00510E-14
   5755.0000    3.92780E-14
   5756.2500    4.08250E-14
   5757.5000    3.73200E-14
   5758.7500    3.86740E-14
   5760.0000    3.85120E-14
   5761.2500    3.81370E-14
   5762.5000    3.62260E-14
   5763.7500    3.91410E-14
   5765.0000    3.87040E-14
   5766.2500    3.74980E-14
   5767.5000    3.75710E-14
   5768.7500    3.82300E-14
   5770.0000    4.02950E-14
   5771.2500    3.70950E-14
   5772.5000    3.69510E-14
   5773.7500    3.84450E-14
   5775.0000    3.84070E-14
   5776.2500    3.91930E-14
   5777.5000    3.82820E-14
   5778.7500    3.88580E-14
   5780.0000    3.74720E-14
   5781.2500    3.58250E-14
   5782.5000    3.92740E-14
   5783.7500    4.03920E-14
   5785.0000    3.74190E-14
   5786.2500    3.79370E-14
   5787.5000    3.88260E-14
   5788.7500    3.81820E-14
   5790.0000    3.66180E-14
   5791.2500    3.84260E-14
   5792.5000    3.75550E-14
   5793.7500    3.98470E-14
   5795.0000    3.90840E-14
   5796.2500    4.08900E-14
   5797.5000    3.59580E-14
   5798.7500    3.86620E-14
   5800.0000    3.93300E-14
