   1350.0000    3.41050E-15
   1351.0000    4.16660E-15
   1352.0000    3.25010E-15
   1353.0000    2.67890E-15
   1354.0000    4.05450E-15
   1355.0000    4.37590E-15
   1356.0000    2.93490E-15
   1357.0000    4.17730E-15
   1358.0000    3.21360E-15
   1359.0000    3.32020E-15
   1360.0000    3.68870E-15
   1361.0000    4.20260E-15
   1362.0000    2.73140E-16
   1363.0000    3.85130E-15
   1364.0000    2.62910E-15
   1365.0000    3.16860E-15
   1366.0000    2.31630E-15
   1367.0000    2.94330E-15
   1368.0000    3.48880E-15
   1369.0000    3.54730E-15
   1370.0000    3.93450E-15
   1371.0000    3.36800E-15
   1372.0000    2.03700E-15
   1373.0000    3.84880E-15
   1374.0000    2.87660E-15
   1375.0000    4.08140E-15
   1376.0000    3.63740E-15
   1377.0000    1.87030E-15
   1378.0000    3.37550E-15
   1379.0000    1.27460E-15
   1380.0000    2.31390E-15
   1381.0000    2.42570E-15
   1382.0000    4.34040E-15
   1383.0000    3.98690E-15
   1384.0000    4.60570E-15
   1385.0000    2.68630E-15
   1386.0000    2.29380E-15
   1387.0000    1.74380E-15
   1388.0000    2.91980E-15
   1389.0000    3.93030E-15
   1390.0000    1.87260E-15
   1391.0000    3.11440E-15
   1392.0000    2.38990E-15
   1393.0000    2.23420E-15
   1394.0000    3.42350E-15
   1395.0000    1.52940E-15
   1396.0000    3.51240E-15
   1397.0000    2.55350E-15
   1398.0000    2.36630E-15
   1399.0000    3.39680E-15
   1400.0000    2.18630E-15
   1401.0000    4.57820E-15
   1402.0000    1.94700E-15
   1403.0000    1.59370E-15
   1404.0000    2.59590E-15
   1405.0000    2.27030E-15
   1406.0000    1.85570E-15
   1407.0000    2.58090E-15
   1408.0000    2.62680E-15
   1409.0000    3.69310E-15
   1410.0000    1.74380E-15
   1411.0000    3.04050E-15
   1412.0000    4.46000E-15
   1413.0000    3.00080E-15
   1414.0000    2.46340E-15
   1415.0000    1.65400E-15
   1416.0000    4.68240E-15
   1417.0000    3.08640E-15
   1418.0000    9.38020E-16
   1419.0000    3.12090E-15
   1420.0000    2.86340E-15
   1421.0000    2.61320E-15
   1422.0000    2.68810E-15
   1423.0000    3.52900E-15
   1424.0000    2.85200E-15
   1425.0000    2.02920E-15
   1426.0000    1.78420E-15
   1427.0000    3.18710E-15
   1428.0000    3.27110E-15
   1429.0000    2.47210E-15
   1430.0000    3.04400E-15
   1431.0000    3.42360E-15
   1432.0000    3.34440E-15
   1433.0000    2.56030E-15
   1434.0000    2.21820E-15
   1435.0000    2.92820E-15
   1436.0000    2.32590E-15
   1437.0000    3.88020E-15
   1438.0000    2.91820E-15
   1439.0000    2.21170E-15
   1440.0000    2.59620E-15
   1441.0000    3.97990E-15
   1442.0000    3.19980E-15
   1443.0000    3.38580E-15
   1444.0000    3.38770E-15
   1445.0000    3.82980E-15
   1446.0000    2.84720E-15
   1447.0000    4.46080E-15
   1448.0000    2.40730E-15
   1449.0000    3.13180E-15
   1450.0000    4.12840E-15
   1451.0000    1.91180E-15
   1452.0000    3.55850E-15
   1453.0000    4.71740E-15
   1454.0000    4.86780E-15
   1455.0000    3.76990E-15
   1456.0000    2.58800E-15
   1457.0000    3.57260E-15
   1458.0000    2.33100E-15
   1459.0000    2.78120E-15
   1460.0000    4.52030E-15
   1461.0000    2.61520E-15
   1462.0000    1.84840E-15
   1463.0000    2.88830E-15
   1464.0000    1.82310E-15
   1465.0000    2.42280E-15
   1466.0000    2.70530E-15
   1467.0000    2.84280E-15
   1468.0000    3.45220E-15
   1469.0000    3.91510E-15
   1470.0000    3.63520E-15
   1471.0000    4.11790E-15
   1472.0000    2.54380E-15
   1473.0000    1.57850E-15
   1474.0000    2.67830E-15
   1475.0000    3.09030E-15
   1476.0000    2.61500E-15
   1477.0000    3.39380E-15
   1478.0000    2.96460E-15
   1479.0000    1.34320E-15
   1480.0000    2.68840E-15
   1481.0000    2.64250E-15
   1482.0000    2.84110E-15
   1483.0000    2.51830E-15
   1484.0000    3.75650E-15
   1485.0000    2.59370E-15
   1486.0000    3.25780E-15
   1487.0000    2.63210E-15
   1488.0000    3.79090E-15
   1489.0000    3.12020E-15
   1490.0000    3.49560E-15
   1491.0000    4.01800E-15
   1492.0000    2.19030E-15
   1493.0000    3.59050E-15
   1494.0000    2.69350E-15
   1495.0000    2.47900E-15
   1496.0000    2.51100E-15
   1497.0000    2.21340E-15
   1498.0000    4.13470E-15
   1499.0000    3.57550E-15
   1500.0000    2.64570E-15
   1501.0000    3.52530E-15
   1502.0000    3.71170E-15
   1503.0000    1.99260E-15
   1504.0000    2.13230E-15
   1505.0000    5.04020E-15
   1506.0000    2.52680E-15
   1507.0000    2.60550E-15
   1508.0000    3.14380E-15
   1509.0000    3.42700E-15
   1510.0000    3.43350E-15
   1511.0000    3.57270E-15
   1512.0000    2.64200E-15
   1513.0000    2.20460E-15
   1514.0000    2.18200E-15
   1515.0000    2.57040E-15
   1516.0000    1.49890E-15
   1517.0000    2.10550E-15
   1518.0000    2.31570E-15
   1519.0000    3.23040E-15
   1520.0000    2.34380E-15
   1521.0000    3.45220E-15
   1522.0000    3.18600E-15
   1523.0000    2.17120E-15
   1524.0000    2.55520E-15
   1525.0000    2.27280E-15
   1526.0000    3.43770E-15
   1527.0000    3.82660E-15
   1528.0000    1.91180E-15
   1529.0000    2.85930E-15
   1530.0000    6.72210E-16
   1531.0000    2.57770E-15
   1532.0000    1.36850E-15
   1533.0000    2.40520E-15
   1534.0000    2.16940E-15
   1535.0000    2.98570E-15
   1536.0000    2.56810E-15
   1537.0000    1.68120E-15
   1538.0000    3.17390E-15
   1539.0000    2.18360E-15
   1540.0000    2.04580E-15
   1541.0000    1.89840E-15
   1542.0000    1.87260E-15
   1543.0000    2.39780E-15
   1544.0000    1.59270E-15
   1545.0000    2.13890E-15
   1546.0000    2.47150E-15
   1547.0000    3.39820E-15
   1548.0000    1.43590E-15
   1549.0000    3.11020E-15
   1550.0000    2.47460E-15
   1551.0000    2.39240E-15
   1552.0000    2.29470E-15
   1553.0000    1.58890E-15
   1554.0000    2.71060E-15
   1555.0000    3.00130E-15
   1556.0000    2.37670E-15
   1557.0000    3.42960E-15
   1558.0000    3.26710E-15
   1559.0000    2.12000E-15
   1560.0000    2.95060E-15
   1561.0000    2.25010E-15
   1562.0000    2.75960E-15
   1563.0000    2.39020E-15
   1564.0000    3.10210E-15
   1565.0000    2.02210E-15
   1566.0000    2.14930E-15
   1567.0000    3.44510E-15
   1568.0000    2.11670E-15
   1569.0000    2.08640E-15
   1570.0000    2.91690E-15
   1571.0000    2.68990E-15
   1572.0000    3.02480E-15
   1573.0000    2.99950E-15
   1574.0000    2.75770E-15
   1575.0000    2.55460E-15
   1576.0000    2.38440E-15
   1577.0000    2.63640E-15
   1578.0000    2.58910E-15
   1579.0000    2.07110E-15
   1580.0000    2.94780E-15
   1581.0000    3.69470E-15
   1582.0000    3.03480E-15
   1583.0000    3.18480E-15
   1584.0000    2.21270E-15
   1585.0000    2.59380E-15
   1586.0000    4.08540E-15
   1587.0000    2.28950E-15
   1588.0000    2.97780E-15
   1589.0000    2.63620E-15
   1590.0000    3.82820E-15
   1591.0000    2.25610E-15
   1592.0000    2.83160E-15
   1593.0000    1.76210E-15
   1594.0000    3.21630E-15
   1595.0000    3.96550E-15
   1596.0000    3.14100E-15
   1597.0000    3.39240E-15
   1598.0000    2.58250E-15
   1599.0000    2.88090E-15
   1600.0000    3.06750E-15
   1601.0000    3.91880E-15
   1602.0000    2.88350E-15
   1603.0000    4.09330E-15
   1604.0000    1.87110E-15
   1605.0000    3.28230E-15
   1606.0000    4.16430E-15
   1607.0000    2.52340E-15
   1608.0000    2.70160E-15
   1609.0000    3.10180E-15
   1610.0000    3.52080E-15
   1611.0000    3.01310E-15
   1612.0000    2.95460E-15
   1613.0000    4.08150E-15
   1614.0000    2.78990E-15
   1615.0000    2.55960E-15
   1616.0000    2.85010E-15
   1617.0000    2.50490E-15
   1618.0000    2.88400E-15
   1619.0000    3.49950E-15
   1620.0000    2.71520E-15
   1621.0000    3.13990E-15
   1622.0000    3.68550E-15
   1623.0000    2.65540E-15
   1624.0000    3.69960E-15
   1625.0000    2.18170E-15
   1626.0000    2.50250E-15
   1627.0000    3.31940E-15
   1628.0000    3.09150E-15
   1629.0000    2.52010E-15
   1630.0000    3.01770E-15
   1631.0000    2.64780E-15
   1632.0000    1.60880E-15
   1633.0000    2.80420E-15
   1634.0000    4.15410E-15
   1635.0000    3.17700E-15
   1636.0000    2.49340E-15
   1637.0000    3.12010E-15
   1638.0000    3.61670E-15
   1639.0000    4.79080E-15
   1640.0000    3.28380E-15
   1641.0000    3.65530E-15
   1642.0000    3.87400E-15
   1643.0000    2.81830E-15
   1644.0000    2.29000E-15
   1645.0000    2.59970E-15
   1646.0000    2.24980E-15
   1647.0000    3.69900E-15
   1648.0000    3.33570E-15
   1649.0000    2.76670E-15
   1650.0000    4.62030E-15
   1651.0000    1.73640E-15
   1652.0000    1.80300E-15
   1653.0000    4.12390E-15
   1654.0000    2.43970E-15
   1655.0000    2.47140E-15
   1656.0000    2.72010E-15
   1657.0000    3.32450E-15
   1658.0000    3.40610E-15
   1659.0000    1.73610E-15
   1660.0000    2.31370E-15
   1661.0000    2.99310E-15
   1662.0000    4.00780E-15
   1663.0000    2.67630E-15
   1664.0000    1.54600E-15
   1665.0000    2.39230E-15
   1666.0000    2.94920E-15
   1667.0000    4.17700E-15
   1668.0000    2.77680E-15
   1669.0000    3.11120E-15
   1670.0000    3.87270E-15
   1671.0000    2.80720E-15
   1672.0000    1.93650E-15
   1673.0000    2.32470E-15
   1674.0000    4.13030E-15
   1675.0000    4.20070E-15
   1676.0000    5.67440E-15
   1677.0000    4.05920E-15
   1678.0000    4.93060E-15
   1679.0000    3.11110E-15
   1680.0000    4.30280E-15
   1681.0000    2.31770E-15
   1682.0000    3.28730E-15
   1683.0000    2.92090E-15
   1684.0000    2.90360E-15
   1685.0000    2.50360E-15
   1686.0000    3.51520E-15
   1687.0000    4.21370E-15
   1688.0000    2.45830E-15
   1689.0000    3.29550E-15
   1690.0000    2.33870E-15
   1691.0000    4.46940E-15
   1692.0000    3.08620E-15
   1693.0000    3.34060E-15
   1694.0000    2.05080E-15
   1695.0000    2.73490E-15
   1696.0000    2.71410E-15
   1697.0000    4.44910E-15
   1698.0000    9.79610E-16
   1699.0000    3.22610E-15
   1700.0000    3.56850E-15
   1701.0000    3.62150E-15
   1702.0000    3.51960E-15
   1703.0000    2.95480E-15
   1704.0000    3.36720E-15
   1705.0000    4.02910E-15
   1706.0000    2.48800E-15
   1707.0000    1.58080E-15
   1708.0000    3.71690E-15
   1709.0000    3.64100E-15
   1710.0000    3.22240E-15
   1711.0000    2.91300E-15
   1712.0000    2.51360E-15
   1713.0000    3.42570E-15
   1714.0000    1.12010E-15
   1715.0000    4.95550E-15
   1716.0000    7.56270E-16
   1717.0000    3.55170E-15
   1718.0000    4.00030E-15
   1719.0000    3.27640E-15
   1720.0000    3.02770E-15
   1721.0000    3.61520E-15
   1722.0000    3.25120E-15
   1723.0000    3.74000E-15
   1724.0000    1.91460E-15
   1725.0000    2.14780E-15
   1726.0000    3.98480E-15
   1727.0000    2.63170E-15
   1728.0000    3.50440E-15
   1729.0000    3.93750E-15
   1730.0000    3.15120E-15
   1731.0000    3.01600E-15
   1732.0000    3.38080E-15
   1733.0000    2.84040E-15
   1734.0000    2.00140E-15
   1735.0000    3.37280E-15
   1736.0000    2.47310E-15
   1737.0000    3.34730E-15
   1738.0000    4.35660E-15
   1739.0000    3.25010E-15
   1740.0000    4.07080E-15
   1741.0000    2.99250E-15
   1742.0000    3.97130E-15
   1743.0000    4.98100E-15
   1744.0000    3.02830E-15
   1745.0000    2.27280E-15
   1746.0000    2.53020E-15
   1747.0000    2.71430E-15
   1748.0000    4.03450E-15
   1749.0000    2.04590E-15
   1750.0000    1.71300E-15
   1751.0000    2.29680E-15
   1752.0000    4.54440E-15
   1753.0000    4.01610E-15
   1754.0000    3.09860E-15
   1755.0000    2.20730E-15
   1756.0000    4.86180E-15
   1757.0000    3.29370E-15
   1758.0000    2.56530E-15
   1759.0000    4.47850E-15
   1760.0000    4.64570E-15
   1761.0000    1.57270E-15
   1762.0000    3.70690E-15
   1763.0000    3.99360E-15
   1764.0000    2.70430E-15
   1765.0000    3.59340E-15
   1766.0000    2.64010E-15
   1767.0000    3.06670E-15
   1768.0000    2.24700E-15
   1769.0000    2.45080E-15
   1770.0000    3.82170E-15
   1771.0000    2.82400E-15
   1772.0000    2.80090E-15
   1773.0000    3.04140E-15
   1774.0000    2.08470E-15
   1775.0000    3.75250E-15
   1776.0000    4.44930E-15
   1777.0000    2.83650E-15
   1778.0000    4.54430E-15
   1779.0000    2.86970E-15
   1780.0000    3.13780E-15
   1781.0000    3.57730E-15
   1782.0000    2.30200E-15
   1783.0000    2.28030E-15
   1784.0000    2.42680E-15
   1785.0000    3.19840E-15
   1786.0000    3.52380E-15
   1787.0000    3.88580E-15
   1788.0000    4.09240E-15
   1789.0000    2.89990E-15
   1790.0000    2.90360E-15
   1791.0000    3.67730E-15
   1792.0000    3.66040E-15
   1793.0000    4.29850E-15
   1794.0000    3.76810E-15
   1795.0000    3.84510E-15
   1796.0000    3.83150E-15
   1797.0000    3.64020E-15
   1798.0000    3.20920E-15
   1799.0000    5.22300E-15
   1800.0000    3.32840E-15
   1801.0000    4.17290E-15
   1802.0000    4.12740E-15
   1803.0000    3.72690E-15
   1804.0000    3.73270E-15
   1805.0000    3.47610E-15
   1806.0000    3.96770E-15
   1807.0000    4.06800E-15
   1808.0000    3.72140E-15
   1809.0000    3.26380E-15
   1810.0000    3.74410E-15
   1811.0000    3.61870E-15
   1812.0000    3.88750E-15
   1813.0000    3.73850E-15
   1814.0000    3.11970E-15
   1815.0000    4.50460E-15
   1816.0000    2.75770E-15
   1817.0000    3.59390E-15
   1818.0000    2.54410E-15
   1819.0000    2.00640E-15
   1820.0000    4.12200E-15
   1821.0000    3.43980E-15
   1822.0000    2.08800E-15
   1823.0000    4.05400E-15
   1824.0000    3.18400E-15
   1825.0000    3.03870E-15
   1826.0000    3.81720E-15
   1827.0000    2.90070E-15
   1828.0000    3.57420E-15
   1829.0000    2.57370E-15
   1830.0000    2.66010E-15
   1831.0000    4.48130E-15
   1832.0000    5.35830E-15
   1833.0000    3.18060E-15
   1834.0000    3.06330E-15
   1835.0000    2.76790E-15
   1836.0000    4.13850E-15
   1837.0000    3.69800E-15
   1838.0000    3.46960E-15
   1839.0000    1.76530E-15
   1840.0000    3.24750E-15
   1841.0000    4.38250E-15
   1842.0000    2.71270E-15
   1843.0000    1.83250E-15
   1844.0000    2.49820E-15
   1845.0000    2.21610E-15
   1846.0000    2.59850E-15
   1847.0000    1.45820E-15
   1848.0000    2.84070E-15
   1849.0000    2.52750E-15
   1850.0000    2.99410E-15
   1851.0000    1.60610E-15
   1852.0000    4.05710E-15
   1853.0000    4.12000E-15
   1854.0000    2.20320E-15
   1855.0000    4.33620E-15
   1856.0000    3.75720E-15
   1857.0000    3.38430E-15
   1858.0000    3.87850E-15
   1859.0000    3.59980E-15
   1860.0000    4.86740E-15
   1861.0000    4.60000E-15
   1862.0000    2.98370E-15
   1863.0000    3.58390E-15
   1864.0000    2.62580E-15
   1865.0000    3.60150E-15
   1866.0000    3.60430E-15
   1867.0000    2.10320E-15
   1868.0000    3.96920E-15
   1869.0000    4.74430E-15
   1870.0000    3.50980E-15
   1871.0000    2.34950E-15
   1872.0000    1.83390E-15
   1873.0000    3.60730E-15
   1874.0000    3.60610E-15
   1875.0000    3.38380E-15
   1876.0000    2.59390E-15
   1877.0000    3.68370E-15
   1878.0000    4.56500E-15
   1879.0000    3.97540E-15
   1880.0000    3.76490E-15
   1881.0000    4.25190E-15
   1882.0000    3.27370E-15
   1883.0000    2.62310E-15
   1884.0000    2.39580E-15
   1885.0000    4.26500E-15
   1886.0000    3.51060E-15
   1887.0000    5.05950E-15
   1888.0000    4.32030E-15
   1889.0000    4.02140E-15
   1890.0000    3.77290E-15
   1891.0000    2.35030E-15
   1892.0000    3.21350E-15
   1893.0000    3.62320E-15
   1894.0000    2.59430E-15
   1895.0000    3.93350E-15
   1896.0000    3.08070E-15
   1897.0000    3.14580E-15
   1898.0000    3.84740E-15
   1899.0000    4.06070E-15
   1900.0000    2.05580E-15
   1901.0000    3.88700E-15
   1902.0000    3.76000E-15
   1903.0000    1.85890E-15
   1904.0000    2.78880E-15
   1905.0000    2.87580E-15
   1906.0000    4.30870E-15
   1907.0000    2.56140E-15
   1908.0000    2.97270E-15
   1909.0000    3.52830E-15
   1910.0000    4.44310E-15
   1911.0000    3.91990E-15
   1912.0000    2.43830E-15
   1913.0000    2.53910E-15
   1914.0000    3.75310E-15
   1915.0000    3.66640E-15
   1916.0000    3.22410E-15
   1917.0000    4.50330E-15
   1918.0000    3.61410E-15
   1919.0000    5.24970E-15
   1920.0000    4.29710E-15
   1921.0000    2.21190E-15
   1922.0000    3.90160E-15
   1923.0000    4.56920E-15
   1924.0000    3.05290E-15
   1925.0000    3.30620E-15
   1926.0000    3.37970E-15
   1927.0000    3.91360E-15
   1928.0000    3.59810E-15
   1929.0000    2.62560E-15
   1930.0000    3.55600E-15
   1931.0000    4.41160E-15
   1932.0000    3.24450E-15
   1933.0000    3.33380E-15
   1934.0000    2.36710E-15
   1935.0000    3.56790E-15
   1936.0000    3.02640E-15
   1937.0000    2.99980E-15
   1938.0000    2.61540E-15
   1939.0000    3.54070E-15
   1940.0000    3.85110E-15
   1941.0000    3.38180E-15
   1942.0000    3.79420E-15
   1943.0000    3.01900E-15
   1944.0000    3.22210E-15
   1945.0000    3.92420E-15
   1946.0000    4.14860E-15
   1947.0000    2.03040E-15
   1948.0000    2.88920E-15
   1949.0000    4.25880E-15
   1950.0000    3.46640E-15
   1951.0000    2.18330E-15
   1952.0000    3.13980E-15
   1953.0000    3.11830E-15
   1954.0000    3.62010E-15
   1955.0000    4.08680E-15
   1956.0000    3.44630E-15
   1957.0000    3.68190E-15
   1958.0000    2.21520E-15
   1959.0000    3.54090E-15
   1960.0000    4.96670E-15
   1961.0000    4.63020E-15
   1962.0000    3.61450E-15
   1963.0000    5.06600E-15
   1964.0000    3.19160E-15
   1965.0000    3.80220E-15
   1966.0000    4.09760E-15
   1967.0000    3.44710E-15
   1968.0000    2.97730E-15
   1969.0000    3.47760E-15
   1970.0000    2.50950E-15
   1971.0000    4.68020E-15
   1972.0000    4.45420E-15
   1973.0000    2.47220E-15
   1974.0000    4.55790E-15
   1975.0000    2.78180E-15
   1976.0000    4.46520E-15
   1977.0000    5.52410E-15
   1978.0000    3.36750E-15
   1979.0000    3.63130E-15
   1980.0000    3.37600E-15
   1981.0000    3.32670E-15
   1982.0000    4.22750E-15
   1983.0000    3.19970E-15
   1984.0000    2.74200E-15
   1985.0000    3.00530E-15
   1986.0000    4.60360E-15
   1987.0000    4.04740E-15
   1988.0000    4.63680E-15
   1989.0000    3.86910E-15
   1990.0000    4.26540E-15
   1991.0000    4.12390E-15
   1992.0000    4.70780E-15
   1993.0000    3.58110E-15
   1994.0000    3.42400E-15
   1995.0000    3.45540E-15
   1996.0000    2.77120E-15
   1997.0000    5.55080E-15
   1998.0000    5.37510E-15
   1999.0000    4.19520E-15
   2000.0000    3.01120E-15
   2001.0000    4.92030E-15
   2002.0000    4.26330E-15
   2003.0000    2.75670E-15
