  1400.00000    4.92040E-15
  1403.00000    1.55450E-15
  1406.00000    2.92760E-15
  1409.00000    3.27970E-15
  1412.00000    2.00740E-15
  1415.00000    2.28640E-15
  1418.00000    4.47210E-15
  1421.00000    5.87380E-16
  1424.00000    4.32130E-15
  1427.00000    2.56310E-15
  1430.00000    3.30790E-15
  1433.00000    3.22900E-15
  1436.00000    1.48030E-15
  1439.00000    2.45250E-15
  1442.00000    3.54420E-15
  1445.00000    3.37810E-15
  1448.00000    4.91680E-15
  1451.00000    2.98820E-15
  1454.00000    3.53910E-15
  1457.00000    3.88990E-15
  1460.00000    3.06930E-15
  1463.00000    3.92220E-15
  1466.00000    2.68940E-15
  1469.00000    2.20630E-15
  1472.00000    2.03880E-15
  1475.00000    3.88990E-15
  1478.00000    1.13490E-15
  1481.00000    2.93760E-15
  1484.00000    3.16260E-15
  1487.00000    3.91440E-15
  1490.00000    3.19030E-15
  1493.00000    4.67750E-15
  1496.00000    3.50530E-15
  1499.00000    3.13180E-15
  1502.00000    2.66910E-15
  1505.00000    2.45070E-15
  1508.00000    2.25900E-15
  1511.00000    1.87700E-15
  1514.00000    2.50870E-15
  1517.00000    3.84650E-15
  1520.00000    1.52620E-15
  1523.00000    2.72020E-15
  1526.00000    2.05410E-15
  1529.00000    1.85130E-15
  1532.00000    1.88590E-15
  1535.00000    8.61610E-16
  1538.00000    3.86110E-15
  1541.00000    3.53970E-15
  1544.00000    1.97780E-15
  1547.00000    3.00610E-15
  1550.00000    3.09970E-15
  1553.00000    1.32530E-15
  1556.00000    4.13340E-15
  1559.00000    3.40760E-15
  1562.00000    2.90880E-15
  1565.00000    1.89110E-15
  1568.00000    1.37840E-15
  1571.00000    1.78300E-15
  1574.00000    1.70720E-15
  1577.00000    2.49620E-15
  1580.00000    3.24040E-15
  1583.00000    2.73200E-15
  1586.00000    2.54130E-15
  1589.00000    3.27930E-15
  1592.00000    3.15430E-15
  1595.00000    3.13420E-15
  1598.00000    3.41250E-15
  1601.00000    2.54100E-15
  1604.00000    3.63430E-15
  1607.00000    3.51580E-15
  1610.00000    3.15780E-15
  1613.00000    4.36970E-15
  1616.00000    3.13680E-15
  1619.00000    2.48520E-15
  1622.00000    1.63480E-15
  1625.00000    1.63970E-15
  1628.00000    1.93240E-15
  1631.00000    2.15410E-15
  1634.00000    2.03340E-15
  1637.00000    4.80900E-15
  1640.00000    3.34130E-15
  1643.00000    3.64010E-15
  1646.00000    2.85370E-15
  1649.00000    3.84300E-15
  1652.00000    3.64950E-15
  1655.00000    1.71430E-15
  1658.00000    1.08480E-15
  1661.00000    3.49720E-15
  1664.00000    2.69560E-15
  1667.00000    3.11540E-15
  1670.00000    3.15160E-15
  1673.00000    2.88620E-15
  1676.00000    2.14160E-15
  1679.00000    4.39440E-15
  1682.00000    2.95500E-15
  1685.00000    5.83640E-15
  1688.00000    3.88790E-15
  1691.00000    4.94420E-15
  1694.00000    3.57540E-15
  1697.00000    3.11420E-15
  1700.00000    2.15200E-15
  1703.00000    3.55740E-15
  1706.00000    3.27150E-15
  1709.00000    1.38340E-15
  1712.00000    3.60720E-15
  1715.00000    2.90200E-15
  1718.00000    2.17200E-15
  1721.00000    2.39440E-15
  1724.00000    5.03450E-15
  1727.00000    4.27930E-15
  1730.00000    2.58290E-15
  1733.00000    3.84810E-15
  1736.00000    1.51270E-15
  1739.00000    1.82810E-15
  1742.00000    2.91970E-15
  1745.00000    2.94460E-15
  1748.00000    2.22640E-15
  1751.00000    6.07010E-15
  1754.00000    4.75850E-15
  1757.00000    1.81240E-15
  1760.00000    4.33920E-15
  1763.00000    1.27550E-15
  1766.00000    2.20120E-15
  1769.00000    2.98300E-15
  1772.00000    3.29200E-15
  1775.00000    3.45230E-15
  1778.00000    3.14900E-15
  1781.00000    5.36780E-15
  1784.00000    3.01140E-15
  1787.00000    4.78240E-15
  1790.00000    4.56680E-15
  1793.00000    2.69600E-15
  1796.00000    3.09860E-15
  1799.00000    2.74330E-15
  1802.00000    3.77600E-15
  1805.00000    3.46290E-15
  1808.00000    4.45610E-15
  1811.00000    2.92870E-15
  1814.00000    2.98730E-15
  1817.00000    1.65580E-15
  1820.00000    3.17970E-15
  1823.00000    3.34800E-15
  1826.00000    3.86180E-15
  1829.00000    3.98050E-15
  1832.00000    3.78200E-15
  1835.00000    2.02890E-15
  1838.00000    4.51810E-15
  1841.00000    3.66680E-15
  1844.00000    3.09460E-15
  1847.00000    4.26180E-15
  1850.00000    2.99510E-15
  1853.00000    3.97520E-15
  1856.00000    4.71580E-15
  1859.00000    3.06170E-15
  1862.00000    3.88770E-15
  1865.00000    2.23000E-15
  1868.00000    4.38320E-15
  1871.00000    2.88490E-15
  1874.00000    1.50600E-15
  1877.00000    3.56710E-15
  1880.00000    3.82350E-15
  1883.00000    3.63240E-15
  1886.00000    2.31840E-15
  1889.00000    4.02760E-15
  1892.00000    2.50680E-15
  1895.00000    1.53190E-15
  1898.00000    3.59030E-15
  1901.00000    5.86370E-16
  1904.00000    2.94370E-15
  1907.00000    2.33550E-15
  1910.00000    4.20110E-15
  1913.00000    3.53710E-15
  1916.00000    4.00790E-15
  1919.00000    3.92740E-15
  1922.00000    1.97190E-15
  1925.00000    3.48550E-15
  1928.00000    8.42680E-16
  1931.00000    3.57470E-15
  1934.00000    3.10560E-15
  1937.00000    2.14450E-15
  1940.00000    4.06460E-15
  1943.00000    5.56540E-15
  1946.00000    2.67390E-15
  1949.00000    2.64840E-15
  1952.00000    4.32510E-15
  1955.00000    3.24970E-15
  1958.00000    3.17720E-15
  1961.00000    4.93160E-15
  1964.00000    4.08020E-15
  1967.00000    3.02330E-15
  1970.00000    4.34140E-15
  1973.00000    2.65030E-15
  1976.00000    4.30450E-15
  1979.00000    5.14020E-15
  1982.00000    3.58910E-15
  1985.00000    6.01130E-15
  1988.00000    3.94780E-15
  1991.00000    3.30040E-15
  1994.00000    5.58090E-15
  1997.00000    3.18220E-15
  2000.00000    2.64440E-15
  2003.00000    3.43520E-15
  2006.00000    3.73400E-15
  2009.00000    4.52620E-15
  2012.00000    2.08380E-15
  2015.00000    4.49600E-15
  2018.00000    1.94760E-15
  2021.00000    3.89080E-15
  2024.00000    3.81920E-15
  2027.00000    2.78220E-15
  2030.00000    2.09300E-15
  2033.00000    2.80280E-15
  2036.00000    2.91390E-15
  2039.00000    3.94310E-15
  2042.00000    3.19010E-15
  2045.00000    4.33360E-15
  2048.00000    3.03520E-15
  2051.00000    3.47310E-15
  2054.00000    3.13880E-15
  2057.00000    2.98210E-15
  2060.00000    4.69940E-15
  2063.00000    4.08870E-15
  2066.00000    2.78110E-15
  2069.00000    5.88980E-15
  2072.00000    4.74710E-15
  2075.00000    3.18380E-15
  2078.00000    4.14250E-15
  2081.00000    5.58270E-15
  2084.00000    5.27590E-15
  2087.00000    3.30270E-15
  2090.00000    5.23750E-15
  2093.00000    4.05010E-15
  2096.00000    4.58990E-15
  2099.00000    5.13170E-15
  2102.00000    4.02380E-15
  2105.00000    4.60550E-15
  2108.00000    3.00040E-15
  2111.00000    3.70550E-15
  2114.00000    5.23820E-15
  2117.00000    4.83050E-15
  2120.00000    3.77350E-15
  2123.00000    4.30930E-15
  2126.00000    6.63190E-15
  2129.00000    5.21560E-15
  2132.00000    5.95380E-15
  2135.00000    3.32210E-15
  2138.00000    5.63720E-15
  2141.00000    4.55210E-15
  2144.00000    4.55120E-15
  2147.00000    4.56880E-15
  2150.00000    5.14650E-15
  2153.00000    4.72490E-15
  2156.00000    2.94160E-15
  2159.00000    3.50150E-15
  2162.00000    4.20540E-15
  2165.00000    2.50260E-15
  2168.00000    3.16170E-15
  2171.00000    4.22430E-15
  2174.00000    5.11840E-15
  2177.00000    2.17560E-15
  2180.00000    4.76120E-15
  2183.00000    4.47960E-15
  2186.00000    3.85540E-15
  2189.00000    4.77720E-15
  2192.00000    3.92580E-15
  2195.00000    5.11450E-15
  2198.00000    3.92940E-15
  2201.00000    6.03340E-15
  2204.00000    5.36890E-15
  2207.00000    5.33750E-15
  2210.00000    3.26310E-15
  2213.00000    3.17090E-15
  2216.00000    3.56230E-15
  2219.00000    3.86030E-15
  2222.00000    3.16540E-15
  2225.00000    2.87180E-15
  2228.00000    5.33870E-15
  2231.00000    3.70920E-15
  2234.00000    5.84550E-15
  2237.00000    5.73540E-15
  2240.00000    5.00710E-15
  2243.00000    3.64030E-15
  2246.00000    4.08850E-15
  2249.00000    5.73750E-15
  2252.00000    4.62820E-15
  2255.00000    3.07750E-15
  2258.00000    4.47650E-15
  2261.00000    4.20620E-15
  2264.00000    3.28790E-15
  2267.00000    4.35570E-15
  2270.00000    4.16490E-15
  2273.00000    4.16680E-15
  2276.00000    3.02120E-15
  2279.00000    5.21760E-15
  2282.00000    2.89700E-15
  2285.00000    3.31800E-15
  2288.00000    3.83240E-15
  2291.00000    2.90700E-15
  2294.00000    2.17050E-15
  2297.00000    4.88970E-15
  2300.00000    3.62540E-15
  2303.00000    4.54650E-15
  2306.00000    5.44070E-15
  2309.00000    3.23820E-15
  2312.00000    3.64680E-15
  2315.00000    4.78440E-15
  2318.00000    3.65960E-15
  2321.00000    4.64960E-15
  2324.00000    2.57710E-15
  2327.00000    2.48700E-15
  2330.00000    3.36530E-15
  2333.00000    3.54930E-15
  2336.00000    4.48600E-15
  2339.00000    4.37410E-15
  2342.00000    2.69550E-15
  2345.00000    4.36610E-15
  2348.00000    1.67480E-15
  2351.00000    2.04700E-15
  2354.00000    2.61540E-15
  2357.00000    3.38080E-15
  2360.00000    2.59400E-15
  2363.00000    3.84870E-15
  2366.00000    4.35020E-15
  2369.00000    2.95840E-15
  2372.00000    3.95450E-15
  2375.00000    1.16530E-15
  2378.00000    3.56730E-15
  2381.00000    4.10030E-15
  2384.00000    2.10730E-15
  2387.00000    3.68340E-15
  2390.00000    3.30190E-15
  2393.00000    2.40150E-15
  2396.00000    2.26810E-15
  2399.00000    3.85910E-15
  2402.00000    4.30920E-15
  2405.00000    3.90690E-15
  2408.00000    4.94900E-15
  2411.00000    2.68500E-15
  2414.00000    3.33540E-15
  2417.00000    3.15720E-15
  2420.00000    1.72340E-15
  2423.00000    4.40660E-15
  2426.00000    5.37640E-15
  2429.00000    4.96860E-15
  2432.00000    3.81240E-15
  2435.00000    3.50540E-15
  2438.00000    3.79250E-15
  2441.00000    4.01730E-15
  2444.00000    4.63540E-15
  2447.00000    3.70970E-15
  2450.00000    4.24380E-15
  2453.00000    4.19230E-15
  2456.00000    2.90830E-15
  2459.00000    4.59600E-15
  2462.00000    3.89000E-15
  2465.00000    4.38080E-15
  2468.00000    2.13110E-15
  2471.00000    4.47880E-15
  2474.00000    3.46160E-15
  2477.00000    3.62030E-15
  2480.00000    3.94800E-15
  2483.00000    2.88910E-15
  2486.00000    3.55060E-15
  2489.00000    3.26070E-15
  2492.00000    3.55410E-15
  2495.00000    4.38700E-15
  2498.00000    6.37680E-15
  2501.00000    3.79810E-15
  2504.00000    3.42350E-15
  2507.00000    3.46460E-15
  2510.00000    4.36400E-15
  2513.00000    3.91120E-15
  2516.00000    3.36420E-15
  2519.00000    3.91440E-15
  2522.00000    4.15380E-15
  2525.00000    2.42540E-15
  2528.00000    4.62640E-15
  2531.00000    3.65940E-15
  2534.00000    2.97700E-15
  2537.00000    3.99370E-15
  2540.00000    1.40950E-15
  2543.00000    2.16220E-15
  2546.00000    2.98980E-15
  2549.00000    3.63550E-15
  2552.00000    3.38330E-15
  2555.00000    2.20950E-15
  2558.00000    4.33570E-15
  2561.00000    3.15490E-15
  2564.00000    4.29920E-15
  2567.00000    4.07690E-15
  2570.00000    4.16650E-15
  2573.00000    3.91490E-15
  2576.00000    3.35650E-15
  2579.00000    4.75310E-16
  2582.00000    4.15030E-15
  2585.00000    5.27820E-15
  2588.00000    2.24010E-15
  2591.00000    3.00670E-15
  2594.00000    5.19070E-15
  2597.00000    3.21860E-15
  2600.00000    5.24390E-15
  2603.00000    4.76690E-15
  2606.00000    4.97600E-15
  2609.00000    2.77510E-15
  2612.00000    3.19550E-15
  2615.00000    1.67270E-15
  2618.00000    4.15860E-15
  2621.00000    4.44700E-15
  2624.00000    2.35700E-15
  2627.00000    4.68950E-15
  2630.00000    4.89260E-15
  2633.00000    5.38820E-15
  2636.00000    4.18930E-15
  2639.00000    7.10510E-15
  2642.00000    4.94700E-15
  2645.00000    7.38910E-15
  2648.00000    5.24080E-15
  2651.00000    6.43500E-15
  2654.00000    4.66280E-15
  2657.00000    6.76510E-15
  2660.00000    5.22810E-15
  2663.00000    6.25860E-15
  2666.00000    3.74980E-15
  2669.00000    4.53980E-15
  2672.00000    5.25130E-15
  2675.00000    5.44820E-15
  2678.00000    6.59690E-15
  2681.00000    5.37580E-15
  2684.00000    7.51040E-15
  2687.00000    6.92540E-15
  2690.00000    3.49810E-15
  2693.00000    6.63600E-15
  2696.00000    5.73250E-15
  2699.00000    4.03570E-15
  2702.00000    3.35610E-15
  2705.00000    3.85440E-15
  2708.00000    6.61020E-15
  2711.00000    4.65170E-15
  2714.00000    4.10980E-15
  2717.00000    4.92510E-15
  2720.00000    5.50530E-15
  2723.00000    2.66060E-15
  2726.00000    6.24930E-15
  2729.00000    4.73050E-15
  2732.00000    5.85290E-15
  2735.00000    5.06730E-15
  2738.00000    3.21050E-15
  2741.00000    3.61540E-15
  2744.00000    4.54700E-15
  2747.00000    3.62200E-15
  2750.00000    3.61930E-15
  2753.00000    4.23310E-15
  2756.00000    5.11480E-15
  2759.00000    3.81710E-15
  2762.00000    4.00560E-15
  2765.00000    5.90560E-15
  2768.00000    5.82810E-15
  2771.00000    5.69330E-15
  2774.00000    3.86330E-15
  2777.00000    4.69060E-15
  2780.00000    4.75370E-15
  2783.00000    4.27820E-15
  2786.00000    4.77310E-15
  2789.00000    2.11860E-15
  2792.00000    4.70080E-15
  2795.00000    2.45110E-15
  2798.00000    3.12920E-15
  2801.00000    4.51570E-15
  2804.00000    4.10210E-15
  2807.00000    3.85850E-15
  2810.00000    3.41240E-15
  2813.00000    5.09040E-15
  2816.00000    5.18980E-15
  2819.00000    4.42640E-15
  2822.00000    5.01810E-15
  2825.00000    7.36150E-15
  2828.00000    5.76480E-15
  2831.00000    5.96860E-15
  2834.00000    5.87470E-15
  2837.00000    6.98210E-15
  2840.00000    5.77530E-15
  2843.00000    5.86750E-15
  2846.00000    5.06920E-15
  2849.00000    3.51440E-15
  2852.00000    5.68970E-15
  2855.00000    4.99520E-15
  2858.00000    5.37460E-15
  2861.00000    5.65310E-15
  2864.00000    4.54230E-15
  2867.00000    6.53230E-15
  2870.00000    6.93280E-15
  2873.00000    8.26470E-15
  2876.00000    6.18100E-15
  2879.00000    4.42170E-15
  2882.00000    6.73980E-15
  2885.00000    6.89770E-15
  2888.00000    6.56070E-15
  2891.00000    5.78570E-15
  2894.00000    3.93710E-15
  2897.00000    6.16100E-15
  2900.00000    5.96700E-15
  2903.00000    7.45470E-15
  2906.00000    7.73960E-15
  2909.00000    8.99230E-15
  2912.00000    6.23100E-15
  2915.00000    6.69590E-15
  2918.00000    8.53470E-15
  2921.00000    8.54020E-15
  2924.00000    7.63940E-15
  2927.00000    8.54050E-15
  2930.00000    8.27560E-15
  2933.00000    7.02420E-15
  2936.00000    7.49050E-15
  2939.00000    8.09780E-15
  2942.00000    7.88110E-15
  2945.00000    7.50780E-15
  2948.00000    6.39560E-15
  2951.00000    4.85820E-15
  2954.00000    7.35910E-15
  2957.00000    8.59050E-15
  2960.00000    6.39600E-15
  2963.00000    6.60330E-15
  2966.00000    8.74930E-15
  2969.00000    8.57840E-15
  2972.00000    8.09750E-15
  2975.00000    1.01100E-14
  2978.00000    7.96550E-15
  2981.00000    8.67980E-15
  2984.00000    7.89660E-15
  2987.00000    6.97670E-15
  2990.00000    7.41970E-15
  2993.00000    7.52200E-15
  2996.00000    8.41510E-15
  2999.00000    8.16170E-15
  3002.00000    9.02160E-15
  3005.00000    9.37200E-15
  3008.00000    7.95590E-15
  3011.00000    9.26760E-15
  3014.00000    8.40160E-15
  3017.00000    7.64960E-15
  3020.00000    7.87420E-15
  3023.00000    7.91310E-15
  3026.00000    8.65000E-15
  3029.00000    8.16490E-15
  3032.00000    8.71340E-15
  3035.00000    8.74080E-15
  3038.00000    9.36430E-15
  3041.00000    8.83290E-15
  3044.00000    8.78240E-15
  3047.00000    7.70040E-15
  3050.00000    6.92710E-15
  3053.00000    7.52800E-15
  3056.00000    7.64740E-15
  3059.00000    8.00220E-15
  3062.00000    8.21350E-15
  3065.00000    8.03310E-15
  3068.00000    9.06320E-15
  3071.00000    7.77210E-15
  3074.00000    8.57250E-15
  3077.00000    7.57950E-15
  3080.00000    8.21200E-15
  3083.00000    8.61790E-15
  3086.00000    1.04300E-14
  3089.00000    7.84810E-15
  3092.00000    8.87780E-15
  3095.00000    1.00170E-14
  3098.00000    8.15000E-15
  3101.00000    1.02420E-14
  3104.00000    9.80580E-15
  3107.00000    1.03000E-14
  3110.00000    7.49060E-15
  3113.00000    8.63000E-15
  3116.00000    9.35210E-15
  3119.00000    8.90550E-15
  3122.00000    9.18990E-15
  3125.00000    1.00490E-14
  3128.00000    9.35900E-15
  3131.00000    8.52820E-15
  3134.00000    8.67590E-15
  3137.00000    9.30040E-15
  3140.00000    9.62350E-15
  3143.00000    9.32150E-15
  3146.00000    9.51030E-15
  3149.00000    9.87330E-15
  3152.00000    8.98030E-15
  3155.00000    9.99370E-15
  3158.00000    8.71130E-15
  3161.00000    8.46540E-15
  3164.00000    9.42190E-15
  3167.00000    8.99370E-15
  3170.00000    1.00860E-14
  3173.00000    9.19520E-15
  3176.00000    8.77490E-15
  3179.00000    9.82580E-15
  3182.00000    1.00570E-14
  3185.00000    8.17970E-15
  3188.00000    8.82360E-15
  3191.00000    9.89980E-15
  3194.00000    9.58230E-15
  3197.00000    8.52170E-15
  3200.00000    9.12810E-15
  3203.00000    9.52030E-15
  3206.00000    9.17980E-15
  3209.00000    1.00510E-14
  3212.00000    9.34030E-15
  3215.00000    1.11480E-14
  3218.00000    7.86450E-15
  3221.00000    9.51860E-15
  3224.00000    7.58540E-15
  3227.00000    1.02310E-14
  3230.00000    7.52400E-15
  3233.00000    8.90800E-15
  3236.00000    7.69330E-15
  3239.00000    1.02680E-14
  3242.00000    9.16540E-15
  3245.00000    9.96040E-15
  3248.00000    1.09820E-14
  3251.00000    1.22760E-14
  3254.00000    9.68020E-15
  3257.00000    8.85910E-15
  3260.00000    1.03760E-14
  3263.00000    9.32660E-15
  3266.00000    1.12950E-14
  3269.00000    1.18140E-14
  3272.00000    1.05430E-14
  3275.00000    9.25160E-15
  3278.00000    1.00630E-14
  3281.00000    1.23290E-14
  3284.00000    8.64530E-15
  3287.00000    1.19370E-14
  3290.00000    1.05100E-14
  3293.00000    1.02670E-14
  3296.00000    9.08280E-15
  3299.00000    1.32140E-14
  3302.00000    1.25550E-14
  3305.00000    1.12060E-14
  3308.00000    9.91640E-15
  3311.00000    9.76170E-15
  3314.00000    1.18160E-14
  3317.00000    1.22680E-14
  3320.00000    1.15010E-14
  3323.00000    1.15720E-14
  3326.00000    1.09500E-14
  3329.00000    1.00090E-14
  3332.00000    1.06780E-14
  3335.00000    1.11430E-14
  3338.00000    1.09670E-14
  3341.00000    1.02450E-14
  3344.00000    1.10090E-14
  3347.00000    1.18560E-14
  3350.00000    1.00790E-14
  3353.00000    1.11700E-14
  3356.00000    1.10570E-14
  3359.00000    1.10040E-14
  3362.00000    1.11800E-14
  3365.00000    1.09650E-14
  3368.00000    9.95360E-15
  3371.00000    9.60120E-15
  3374.00000    9.18480E-15
  3377.00000    1.04260E-14
  3380.00000    9.32020E-15
  3383.00000    1.08550E-14
  3386.00000    1.13350E-14
  3389.00000    1.18820E-14
  3392.00000    1.09680E-14
  3395.00000    1.15130E-14
  3398.00000    1.17800E-14
  3401.00000    1.21270E-14
  3404.00000    1.20760E-14
  3407.00000    1.00920E-14
  3410.00000    1.03330E-14
  3413.00000    1.23340E-14
  3416.00000    9.64480E-15
  3419.00000    1.16000E-14
  3422.00000    1.00160E-14
  3425.00000    1.35800E-14
  3428.00000    1.17400E-14
  3431.00000    1.18590E-14
  3434.00000    1.21640E-14
  3437.00000    1.17640E-14
  3440.00000    1.17530E-14
  3443.00000    9.61580E-15
  3446.00000    1.21830E-14
  3449.00000    1.24370E-14
  3452.00000    1.31650E-14
  3455.00000    1.04070E-14
  3458.00000    1.15860E-14
  3461.00000    9.09430E-15
  3464.00000    1.00040E-14
  3467.00000    1.21360E-14
  3470.00000    1.35940E-14
  3473.00000    1.31910E-14
  3476.00000    1.18650E-14
  3479.00000    1.02070E-14
  3482.00000    1.23980E-14
  3485.00000    1.26560E-14
  3488.00000    1.13290E-14
  3491.00000    1.06270E-14
  3494.00000    1.12320E-14
  3497.00000    1.14990E-14
  3500.00000    1.04640E-14
  3503.00000    1.14010E-14
  3506.00000    1.15990E-14
  3509.00000    1.08340E-14
  3512.00000    1.20600E-14
  3515.00000    1.09490E-14
  3518.00000    1.06580E-14
  3521.00000    1.14800E-14
  3524.00000    1.08030E-14
  3527.00000    1.05760E-14
  3530.00000    1.13740E-14
  3533.00000    1.32000E-14
  3536.00000    1.31330E-14
  3539.00000    1.24630E-14
  3542.00000    1.32700E-14
  3545.00000    1.24720E-14
  3548.00000    1.43360E-14
  3551.00000    1.25260E-14
  3554.00000    1.19900E-14
  3557.00000    1.35280E-14
  3560.00000    1.10220E-14
  3563.00000    1.15410E-14
  3566.00000    1.21770E-14
  3569.00000    1.20240E-14
  3572.00000    1.14540E-14
  3575.00000    8.08820E-15
  3578.00000    1.06230E-14
  3581.00000    1.05260E-14
  3584.00000    8.96140E-15
  3587.00000    1.19820E-14
  3590.00000    1.21970E-14
  3593.00000    1.25320E-14
  3596.00000    1.24580E-14
  3599.00000    1.13330E-14
  3602.00000    1.31280E-14
  3605.00000    1.23910E-14
  3608.00000    1.33240E-14
  3611.00000    1.21200E-14
  3614.00000    1.38610E-14
  3617.00000    1.29890E-14
  3620.00000    1.11300E-14
  3623.00000    1.27210E-14
  3626.00000    1.36020E-14
  3629.00000    1.22650E-14
  3632.00000    1.29590E-14
  3635.00000    1.35760E-14
  3638.00000    1.41110E-14
  3641.00000    1.30000E-14
  3644.00000    1.45380E-14
  3647.00000    1.32820E-14
  3650.00000    1.33260E-14
  3653.00000    1.61690E-14
  3656.00000    1.34410E-14
  3659.00000    1.42260E-14
  3662.00000    1.45030E-14
  3665.00000    1.39360E-14
  3668.00000    1.36410E-14
  3671.00000    1.51080E-14
  3674.00000    1.44300E-14
  3677.00000    1.54260E-14
  3680.00000    1.28940E-14
  3683.00000    1.52040E-14
  3686.00000    1.32430E-14
  3689.00000    1.35070E-14
  3692.00000    1.42040E-14
  3695.00000    1.36780E-14
  3698.00000    1.42970E-14
  3701.00000    1.32770E-14
  3704.00000    1.45120E-14
  3707.00000    1.50290E-14
  3710.00000    1.58490E-14
  3713.00000    1.48750E-14
  3716.00000    1.50000E-14
  3719.00000    1.37380E-14
  3722.00000    1.38850E-14
  3725.00000    1.43580E-14
  3728.00000    1.27940E-14
  3731.00000    1.21960E-14
  3734.00000    1.29530E-14
  3737.00000    1.24010E-14
  3740.00000    1.07710E-14
  3743.00000    1.38780E-14
  3746.00000    1.18140E-14
  3749.00000    1.52980E-14
  3752.00000    1.23930E-14
  3755.00000    1.49980E-14
  3758.00000    1.66430E-14
  3761.00000    1.45820E-14
  3764.00000    1.55940E-14
  3767.00000    1.38810E-14
  3770.00000    1.44990E-14
  3773.00000    1.48720E-14
  3776.00000    1.74490E-14
  3779.00000    1.79140E-14
  3782.00000    1.77620E-14
  3785.00000    1.67330E-14
  3788.00000    1.68770E-14
  3791.00000    1.44850E-14
  3794.00000    1.53300E-14
  3797.00000    1.50710E-14
  3800.00000    1.47570E-14
  3803.00000    1.63870E-14
  3806.00000    1.76380E-14
  3809.00000    1.77340E-14
  3812.00000    1.81800E-14
  3815.00000    1.84640E-14
  3818.00000    1.73370E-14
  3821.00000    1.55660E-14
  3824.00000    1.56170E-14
  3827.00000    1.44900E-14
  3830.00000    1.20640E-14
  3833.00000    1.13480E-14
  3836.00000    1.31320E-14
  3839.00000    1.41660E-14
  3842.00000    1.61910E-14
  3845.00000    1.59300E-14
  3848.00000    1.93640E-14
  3851.00000    1.78880E-14
  3854.00000    1.77370E-14
  3857.00000    1.83860E-14
  3860.00000    1.99890E-14
  3863.00000    1.88490E-14
  3866.00000    1.94200E-14
  3869.00000    1.99360E-14
  3872.00000    1.82410E-14
  3875.00000    1.77050E-14
  3878.00000    1.72530E-14
  3881.00000    1.69610E-14
  3884.00000    1.58380E-14
  3887.00000    1.40280E-14
  3890.00000    1.50570E-14
  3893.00000    1.66830E-14
  3896.00000    1.60680E-14
  3899.00000    1.66650E-14
  3902.00000    1.80530E-14
  3905.00000    2.01610E-14
  3908.00000    2.18410E-14
  3911.00000    2.10870E-14
  3914.00000    1.86390E-14
  3917.00000    2.06350E-14
  3920.00000    1.98050E-14
  3923.00000    1.82480E-14
  3926.00000    1.68400E-14
  3929.00000    1.56730E-14
  3932.00000    1.38980E-14
  3935.00000    1.30770E-14
  3938.00000    1.47250E-14
  3941.00000    1.66930E-14
  3944.00000    1.96820E-14
  3947.00000    1.94600E-14
  3950.00000    1.99180E-14
  3953.00000    1.88080E-14
  3956.00000    1.89300E-14
  3959.00000    1.74460E-14
  3962.00000    1.48620E-14
  3965.00000    1.27040E-14
  3968.00000    1.23180E-14
  3971.00000    1.48420E-14
  3974.00000    1.57390E-14
  3977.00000    1.49420E-14
  3980.00000    2.05080E-14
  3983.00000    2.16930E-14
  3986.00000    2.25690E-14
  3989.00000    2.52090E-14
  3992.00000    2.31710E-14
  3995.00000    2.43600E-14
  3998.00000    2.45400E-14
  4001.00000    2.57300E-14
  4004.00000    2.50390E-14
  4007.00000    2.59490E-14
  4010.00000    2.64380E-14
  4013.00000    2.61600E-14
  4016.00000    2.77210E-14
  4019.00000    2.59930E-14
  4022.00000    2.75750E-14
  4025.00000    2.81320E-14
  4028.00000    2.71020E-14
  4031.00000    2.61540E-14
  4034.00000    2.72180E-14
  4037.00000    2.72710E-14
  4040.00000    2.71240E-14
  4043.00000    2.77100E-14
  4046.00000    2.73620E-14
  4049.00000    2.53480E-14
  4052.00000    2.79290E-14
  4055.00000    2.61350E-14
  4058.00000    2.67400E-14
  4061.00000    2.58970E-14
  4064.00000    2.51850E-14
  4067.00000    2.58660E-14
  4070.00000    2.51220E-14
  4073.00000    2.56300E-14
  4076.00000    2.56910E-14
  4079.00000    2.46440E-14
  4082.00000    2.56550E-14
  4085.00000    2.48570E-14
  4088.00000    2.48630E-14
  4091.00000    2.37750E-14
  4094.00000    2.23780E-14
  4097.00000    2.24130E-14
  4100.00000    2.00380E-14
  4103.00000    1.98750E-14
  4106.00000    2.09820E-14
  4109.00000    2.30250E-14
  4112.00000    2.45110E-14
  4115.00000    2.52280E-14
  4118.00000    2.55280E-14
  4121.00000    2.41710E-14
  4124.00000    2.68930E-14
  4127.00000    2.48820E-14
  4130.00000    2.56230E-14
  4133.00000    2.75500E-14
  4136.00000    2.71490E-14
  4139.00000    2.62260E-14
  4142.00000    2.61520E-14
  4145.00000    2.76670E-14
  4148.00000    2.78520E-14
  4151.00000    2.70760E-14
  4154.00000    2.79370E-14
  4157.00000    2.78740E-14
  4160.00000    2.61050E-14
  4163.00000    2.77990E-14
  4166.00000    2.62500E-14
  4169.00000    2.80320E-14
  4172.00000    2.64860E-14
  4175.00000    2.84790E-14
  4178.00000    2.71020E-14
  4181.00000    2.77520E-14
  4184.00000    2.47290E-14
  4187.00000    2.74390E-14
  4190.00000    2.75920E-14
  4193.00000    2.70070E-14
  4196.00000    2.65940E-14
  4199.00000    2.70680E-14
  4202.00000    2.59730E-14
  4205.00000    2.83480E-14
  4208.00000    2.64740E-14
  4211.00000    2.87610E-14
  4214.00000    2.75300E-14
  4217.00000    2.92010E-14
  4220.00000    2.81200E-14
  4223.00000    2.65210E-14
  4226.00000    2.64040E-14
  4229.00000    2.69560E-14
  4232.00000    2.72920E-14
  4235.00000    2.80850E-14
  4238.00000    2.78720E-14
  4241.00000    2.75380E-14
  4244.00000    2.69420E-14
  4247.00000    2.79850E-14
  4250.00000    2.73820E-14
  4253.00000    2.72740E-14
  4256.00000    2.81550E-14
  4259.00000    2.68860E-14
  4262.00000    2.91500E-14
  4265.00000    2.82430E-14
  4268.00000    2.73750E-14
  4271.00000    2.78720E-14
  4274.00000    2.72790E-14
  4277.00000    2.67830E-14
  4280.00000    2.75600E-14
  4283.00000    2.58700E-14
  4286.00000    2.62230E-14
  4289.00000    2.79480E-14
  4292.00000    2.46430E-14
  4295.00000    2.45590E-14
  4298.00000    2.54490E-14
  4301.00000    2.18330E-14
  4304.00000    2.62980E-14
  4307.00000    2.44960E-14
  4310.00000    2.43950E-14
  4313.00000    2.61800E-14
  4316.00000    2.70090E-14
  4319.00000    2.71050E-14
  4322.00000    2.66440E-14
  4325.00000    2.65000E-14
  4328.00000    2.40490E-14
  4331.00000    2.66820E-14
  4334.00000    2.63450E-14
  4337.00000    2.45180E-14
  4340.00000    2.44020E-14
  4343.00000    2.47070E-14
  4346.00000    2.38520E-14
  4349.00000    2.67690E-14
  4352.00000    2.70750E-14
  4355.00000    2.83940E-14
  4358.00000    2.86330E-14
  4361.00000    3.16970E-14
  4364.00000    2.82310E-14
  4367.00000    2.93720E-14
  4370.00000    2.91760E-14
  4373.00000    2.97350E-14
  4376.00000    2.89190E-14
  4379.00000    2.84330E-14
  4382.00000    2.80250E-14
  4385.00000    2.83270E-14
  4388.00000    2.79270E-14
  4391.00000    2.84550E-14
  4394.00000    2.95290E-14
  4397.00000    2.83360E-14
  4400.00000    2.88510E-14
  4403.00000    2.95340E-14
  4406.00000    2.91330E-14
  4409.00000    2.77920E-14
  4412.00000    2.87350E-14
  4415.00000    2.89870E-14
  4418.00000    2.83620E-14
  4421.00000    3.15510E-14
  4424.00000    2.82530E-14
  4427.00000    3.02210E-14
  4430.00000    2.98590E-14
  4433.00000    3.13300E-14
  4436.00000    3.01420E-14
  4439.00000    3.03820E-14
  4442.00000    3.13100E-14
  4445.00000    3.18060E-14
  4448.00000    3.04380E-14
  4451.00000    3.17990E-14
  4454.00000    3.05000E-14
  4457.00000    2.97800E-14
  4460.00000    2.96150E-14
  4463.00000    2.93780E-14
  4466.00000    3.26960E-14
  4469.00000    2.95050E-14
  4472.00000    3.15590E-14
  4475.00000    3.17040E-14
  4478.00000    3.24320E-14
  4481.00000    3.22690E-14
  4484.00000    3.05160E-14
  4487.00000    3.10910E-14
  4490.00000    3.34170E-14
  4493.00000    3.29550E-14
  4496.00000    3.25790E-14
  4499.00000    3.13410E-14
  4502.00000    3.35130E-14
  4505.00000    3.17080E-14
  4508.00000    3.41180E-14
  4511.00000    3.35610E-14
  4514.00000    3.41800E-14
  4517.00000    3.24390E-14
  4520.00000    3.17920E-14
  4523.00000    3.16690E-14
  4526.00000    3.18560E-14
  4529.00000    3.10000E-14
  4532.00000    3.09070E-14
  4535.00000    3.48160E-14
  4538.00000    3.30200E-14
  4541.00000    3.16630E-14
  4544.00000    3.25070E-14
  4547.00000    3.49770E-14
  4550.00000    3.27780E-14
  4553.00000    3.27070E-14
  4556.00000    3.15800E-14
  4559.00000    3.36630E-14
  4562.00000    3.23170E-14
  4565.00000    3.35480E-14
  4568.00000    3.25150E-14
  4571.00000    3.32320E-14
  4574.00000    3.32150E-14
  4577.00000    3.29400E-14
  4580.00000    3.40850E-14
  4583.00000    3.18850E-14
  4586.00000    3.44120E-14
  4589.00000    3.24860E-14
  4592.00000    3.39840E-14
  4595.00000    3.34360E-14
  4598.00000    3.25010E-14
  4601.00000    3.34680E-14
  4604.00000    3.46190E-14
  4607.00000    3.22050E-14
  4610.00000    3.32680E-14
  4613.00000    3.30470E-14
  4616.00000    3.38860E-14
  4619.00000    3.45210E-14
  4622.00000    3.52860E-14
  4625.00000    3.42850E-14
  4628.00000    3.41760E-14
  4631.00000    3.44050E-14
  4634.00000    3.34330E-14
  4637.00000    3.26870E-14
  4640.00000    3.37440E-14
  4643.00000    3.22770E-14
  4646.00000    3.17450E-14
  4649.00000    3.46720E-14
  4652.00000    3.42870E-14
  4655.00000    3.55590E-14
  4658.00000    3.31430E-14
  4661.00000    3.22680E-14
  4664.00000    3.39960E-14
  4667.00000    3.34900E-14
  4670.00000    3.40630E-14
  4673.00000    3.24880E-14
  4676.00000    3.31970E-14
  4679.00000    3.34010E-14
  4682.00000    3.37910E-14
  4685.00000    3.34670E-14
  4688.00000    3.36910E-14
  4691.00000    3.46750E-14
  4694.00000    3.32580E-14
  4697.00000    3.39740E-14
  4700.00000    3.19320E-14
  4703.00000    3.23200E-14
  4706.00000    3.27310E-14
  4709.00000    3.37240E-14
  4712.00000    3.28340E-14
  4715.00000    3.27760E-14
  4718.00000    3.38810E-14
  4721.00000    3.33490E-14
  4724.00000    3.33830E-14
  4727.00000    3.38440E-14
  4730.00000    3.42200E-14
  4733.00000    3.24140E-14
  4736.00000    3.50070E-14
  4739.00000    3.55100E-14
  4742.00000    3.23200E-14
  4745.00000    3.31790E-14
  4748.00000    3.44180E-14
  4751.00000    3.43030E-14
  4754.00000    3.28680E-14
  4757.00000    3.48990E-14
  4760.00000    3.30870E-14
  4763.00000    3.33050E-14
  4766.00000    3.54010E-14
  4769.00000    3.57170E-14
  4772.00000    3.48610E-14
  4775.00000    3.64100E-14
  4778.00000    3.54800E-14
  4781.00000    3.59780E-14
  4784.00000    3.51660E-14
  4787.00000    3.65550E-14
  4790.00000    3.50890E-14
  4793.00000    3.48920E-14
  4796.00000    3.52600E-14
  4799.00000    3.51400E-14
  4802.00000    3.67010E-14
  4805.00000    3.56940E-14
  4808.00000    3.54200E-14
  4811.00000    3.54410E-14
  4814.00000    3.64570E-14
  4817.00000    3.62000E-14
  4820.00000    3.46560E-14
  4823.00000    3.49600E-14
  4826.00000    3.37190E-14
  4829.00000    3.58260E-14
  4832.00000    3.57870E-14
  4835.00000    3.58150E-14
  4838.00000    3.32430E-14
  4841.00000    3.41040E-14
  4844.00000    3.44180E-14
  4847.00000    3.14810E-14
  4850.00000    3.16070E-14
  4853.00000    3.00860E-14
  4856.00000    2.98500E-14
  4859.00000    3.00750E-14
  4862.00000    2.93630E-14
  4865.00000    3.11030E-14
  4868.00000    3.04380E-14
  4871.00000    3.11490E-14
  4874.00000    3.18640E-14
  4877.00000    3.24170E-14
  4880.00000    3.35290E-14
  4883.00000    3.33870E-14
  4886.00000    3.35780E-14
  4889.00000    3.60440E-14
  4892.00000    3.46440E-14
  4895.00000    3.32980E-14
  4898.00000    3.42940E-14
  4901.00000    3.68190E-14
  4904.00000    3.44480E-14
  4907.00000    3.50780E-14
  4910.00000    3.48920E-14
  4913.00000    3.57620E-14
  4916.00000    3.45170E-14
  4919.00000    3.36900E-14
  4922.00000    3.48990E-14
  4925.00000    3.47310E-14
  4928.00000    3.52730E-14
  4931.00000    3.58260E-14
  4934.00000    3.42370E-14
  4937.00000    3.62830E-14
  4940.00000    3.54000E-14
  4943.00000    3.59040E-14
  4946.00000    3.31760E-14
  4949.00000    3.47700E-14
  4952.00000    3.76180E-14
  4955.00000    3.44790E-14
  4958.00000    3.52770E-14
  4961.00000    3.70710E-14
  4964.00000    3.30760E-14
  4967.00000    3.60840E-14
  4970.00000    3.31170E-14
  4973.00000    3.40930E-14
  4976.00000    3.54230E-14
  4979.00000    3.55310E-14
  4982.00000    3.47320E-14
  4985.00000    3.44240E-14
  4988.00000    3.52020E-14
  4991.00000    3.47530E-14
  4994.00000    3.48720E-14
  4997.00000    3.46290E-14
  5000.00000    3.56540E-14
  5003.00000    3.55660E-14
  5006.00000    3.28830E-14
  5009.00000    3.15920E-14
  5012.00000    3.38530E-14
  5015.00000    3.36070E-14
  5018.00000    3.36360E-14
  5021.00000    3.53850E-14
  5024.00000    3.47450E-14
  5027.00000    3.33810E-14
  5030.00000    3.39600E-14
  5033.00000    3.41140E-14
  5036.00000    3.29350E-14
  5039.00000    3.57220E-14
  5042.00000    3.47120E-14
  5045.00000    3.38550E-14
  5048.00000    3.53770E-14
  5051.00000    3.64780E-14
  5054.00000    3.62990E-14
  5057.00000    3.44420E-14
  5060.00000    3.44650E-14
  5063.00000    3.56150E-14
  5066.00000    3.43560E-14
  5069.00000    3.48560E-14
  5072.00000    3.53560E-14
  5075.00000    3.45740E-14
  5078.00000    3.55880E-14
  5081.00000    3.40100E-14
  5084.00000    3.25350E-14
  5087.00000    3.41250E-14
  5090.00000    3.45490E-14
  5093.00000    3.49020E-14
  5096.00000    3.39810E-14
  5099.00000    3.43510E-14
  5102.00000    3.47900E-14
  5105.00000    3.26240E-14
  5108.00000    3.44080E-14
  5111.00000    3.56670E-14
  5114.00000    3.60100E-14
  5117.00000    3.47720E-14
  5120.00000    3.37870E-14
  5123.00000    3.59150E-14
  5126.00000    3.62360E-14
  5129.00000    3.60110E-14
  5132.00000    3.57240E-14
  5135.00000    3.50680E-14
  5138.00000    3.52540E-14
  5141.00000    3.43400E-14
  5144.00000    3.21860E-14
  5147.00000    3.36940E-14
  5150.00000    3.30620E-14
  5153.00000    3.45000E-14
  5156.00000    3.25240E-14
  5159.00000    3.18380E-14
  5162.00000    3.27510E-14
  5165.00000    3.08840E-14
  5168.00000    3.18490E-14
  5171.00000    3.19460E-14
  5174.00000    3.19510E-14
  5177.00000    3.22180E-14
  5180.00000    3.17150E-14
  5183.00000    3.21590E-14
  5186.00000    3.34080E-14
  5189.00000    3.24600E-14
  5192.00000    3.28520E-14
  5195.00000    3.45980E-14
  5198.00000    3.40310E-14
  5201.00000    3.45470E-14
  5204.00000    3.45250E-14
  5207.00000    3.45480E-14
  5210.00000    3.37360E-14
  5213.00000    3.45100E-14
  5216.00000    3.34290E-14
  5219.00000    3.55070E-14
  5222.00000    3.28840E-14
  5225.00000    3.50460E-14
  5228.00000    3.57290E-14
  5231.00000    3.40680E-14
  5234.00000    3.47340E-14
  5237.00000    3.47480E-14
  5240.00000    3.51530E-14
  5243.00000    3.37460E-14
  5246.00000    3.52300E-14
  5249.00000    3.50490E-14
  5252.00000    3.58040E-14
  5255.00000    3.61840E-14
  5258.00000    3.34020E-14
  5261.00000    3.42520E-14
  5264.00000    3.23720E-14
  5267.00000    3.37650E-14
  5270.00000    3.33700E-14
  5273.00000    3.39740E-14
  5276.00000    3.31650E-14
  5279.00000    3.53950E-14
  5282.00000    3.50730E-14
  5285.00000    3.63020E-14
  5288.00000    3.82380E-14
  5291.00000    3.64510E-14
  5294.00000    3.70440E-14
  5297.00000    3.84000E-14
  5300.00000    3.65460E-14
  5303.00000    3.78590E-14
  5306.00000    3.59020E-14
  5309.00000    3.60140E-14
  5312.00000    3.60380E-14
  5315.00000    3.75930E-14
  5318.00000    3.78070E-14
  5321.00000    3.62140E-14
  5324.00000    3.64430E-14
  5327.00000    3.64010E-14
  5330.00000    3.51700E-14
  5333.00000    3.33220E-14
  5336.00000    3.55990E-14
  5339.00000    3.61800E-14
  5342.00000    3.55250E-14
  5345.00000    3.62970E-14
  5348.00000    3.86260E-14
  5351.00000    3.65550E-14
  5354.00000    3.82670E-14
  5357.00000    3.72020E-14
  5360.00000    3.76820E-14
  5363.00000    3.63310E-14
  5366.00000    3.64580E-14
  5369.00000    3.71150E-14
  5372.00000    3.76970E-14
  5375.00000    3.75290E-14
  5378.00000    3.65490E-14
  5381.00000    3.53440E-14
  5384.00000    3.68430E-14
  5387.00000    3.64690E-14
  5390.00000    3.80580E-14
  5393.00000    3.69990E-14
  5396.00000    3.46660E-14
  5399.00000    3.35290E-14
  5402.00000    3.56520E-14
  5405.00000    3.34560E-14
  5408.00000    3.70170E-14
  5411.00000    3.56370E-14
  5414.00000    3.68690E-14
  5417.00000    3.77510E-14
  5420.00000    3.70530E-14
  5423.00000    3.65810E-14
  5426.00000    3.53690E-14
  5429.00000    3.62600E-14
  5432.00000    3.52380E-14
  5435.00000    3.72120E-14
  5438.00000    3.68640E-14
  5441.00000    3.46430E-14
  5444.00000    3.54180E-14
  5447.00000    3.76230E-14
  5450.00000    3.79300E-14
  5453.00000    3.77960E-14
  5456.00000    3.54250E-14
  5459.00000    3.60440E-14
  5462.00000    3.69940E-14
  5465.00000    3.33870E-14
  5468.00000    3.59310E-14
  5471.00000    3.42980E-14
  5474.00000    3.72980E-14
  5477.00000    3.41360E-14
  5480.00000    3.77550E-14
  5483.00000    3.49850E-14
  5486.00000    3.76620E-14
  5489.00000    3.71350E-14
  5492.00000    3.68110E-14
  5495.00000    3.75520E-14
  5498.00000    3.58420E-14
  5501.00000    3.68690E-14
  5504.00000    3.83590E-14
  5507.00000    3.56540E-14
  5510.00000    3.53380E-14
  5513.00000    3.86660E-14
  5516.00000    3.71600E-14
  5519.00000    3.56100E-14
  5522.00000    3.82140E-14
  5525.00000    3.66610E-14
  5528.00000    3.61700E-14
  5531.00000    3.61350E-14
  5534.00000    3.73690E-14
  5537.00000    3.71550E-14
  5540.00000    3.80630E-14
  5543.00000    4.02150E-14
  5546.00000    3.75220E-14
  5549.00000    3.88280E-14
  5552.00000    3.61880E-14
  5555.00000    3.75920E-14
  5558.00000    3.81540E-14
  5561.00000    3.72750E-14
  5564.00000    3.73120E-14
  5567.00000    3.91340E-14
  5570.00000    3.75820E-14
  5573.00000    3.72740E-14
  5576.00000    3.66580E-14
  5579.00000    3.70340E-14
  5582.00000    3.54680E-14
  5585.00000    3.69100E-14
  5588.00000    3.68840E-14
  5591.00000    3.73220E-14
  5594.00000    3.67150E-14
  5597.00000    3.61800E-14
  5600.00000    3.59120E-14
  5603.00000    3.64890E-14
  5606.00000    3.68490E-14
  5609.00000    3.72440E-14
  5612.00000    3.73290E-14
  5615.00000    3.78730E-14
  5618.00000    3.63930E-14
  5621.00000    3.87640E-14
  5624.00000    3.80780E-14
  5627.00000    3.75590E-14
  5630.00000    3.63960E-14
  5633.00000    3.96680E-14
  5636.00000    3.79150E-14
  5639.00000    3.79940E-14
  5642.00000    3.71310E-14
  5645.00000    3.78140E-14
  5648.00000    3.78360E-14
  5651.00000    3.77300E-14
  5654.00000    3.73270E-14
  5657.00000    3.67250E-14
  5660.00000    3.77460E-14
  5663.00000    3.67840E-14
  5666.00000    3.80570E-14
  5669.00000    3.74720E-14
  5672.00000    3.77470E-14
  5675.00000    3.73510E-14
  5678.00000    3.72400E-14
  5681.00000    3.83270E-14
  5684.00000    3.73330E-14
  5687.00000    3.90930E-14
  5690.00000    3.57270E-14
  5693.00000    3.72270E-14
  5696.00000    3.82710E-14
  5699.00000    3.76850E-14
  5702.00000    3.59220E-14
  5705.00000    3.77940E-14
  5708.00000    3.52020E-14
  5711.00000    3.78720E-14
  5714.00000    3.88800E-14
  5717.00000    3.77260E-14
  5720.00000    3.82800E-14
  5723.00000    3.79680E-14
  5726.00000    3.80860E-14
  5729.00000    3.97110E-14
  5732.00000    3.96830E-14
  5735.00000    3.95880E-14
  5738.00000    4.03350E-14
  5741.00000    3.85130E-14
  5744.00000    4.02950E-14
  5747.00000    3.87180E-14
  5750.00000    3.74350E-14
  5753.00000    3.83540E-14
  5756.00000    3.86480E-14
  5759.00000    3.97610E-14
  5762.00000    3.81800E-14
  5765.00000    3.96550E-14
  5768.00000    3.92390E-14
  5771.00000    3.72810E-14
  5774.00000    3.87810E-14
  5777.00000    3.74350E-14
  5780.00000    3.86570E-14
  5783.00000    3.99230E-14
  5786.00000    3.79470E-14
  5789.00000    3.98810E-14
  5792.00000    3.94780E-14
  5795.00000    4.01350E-14
  5798.00000    3.93780E-14
  5801.00000    3.95530E-14
  5804.00000    3.95240E-14
  5807.00000    3.83380E-14
  5810.00000    3.98260E-14
  5813.00000    3.86260E-14
  5816.00000    3.86000E-14
  5819.00000    3.90620E-14
  5822.00000    3.92910E-14
  5825.00000    3.95260E-14
  5828.00000    4.03650E-14
  5831.00000    4.02240E-14
  5834.00000    3.91890E-14
  5837.00000    3.96260E-14
  5840.00000    4.06130E-14
  5843.00000    3.81260E-14
  5846.00000    3.95670E-14
  5849.00000    3.81580E-14
  5852.00000    3.72810E-14
  5855.00000    3.93060E-14
  5858.00000    3.52000E-14
  5861.00000    3.78780E-14
  5864.00000    4.07810E-14
  5867.00000    3.91740E-14
  5870.00000    3.74330E-14
  5873.00000    3.63430E-14
  5876.00000    3.88290E-14
  5879.00000    3.68030E-14
  5882.00000    3.69270E-14
  5885.00000    3.64940E-14
  5888.00000    3.53320E-14
  5891.00000    3.49790E-14
  5894.00000    3.59910E-14
  5897.00000    3.53880E-14
  5900.00000    3.70600E-14
  5903.00000    3.77300E-14
  5906.00000    3.68180E-14
  5909.00000    3.83720E-14
  5912.00000    3.83750E-14
  5915.00000    3.81350E-14
  5918.00000    3.86040E-14
  5921.00000    3.86730E-14
  5924.00000    3.83430E-14
  5927.00000    3.77430E-14
  5930.00000    3.91080E-14
  5933.00000    3.97030E-14
  5936.00000    3.80630E-14
  5939.00000    3.91120E-14
  5942.00000    3.80890E-14
  5945.00000    4.02870E-14
  5948.00000    3.71720E-14
  5951.00000    3.73520E-14
  5954.00000    3.84160E-14
  5957.00000    3.90150E-14
  5960.00000    3.85930E-14
  5963.00000    3.86690E-14
  5966.00000    3.85420E-14
  5969.00000    3.88780E-14
  5972.00000    3.98880E-14
  5975.00000    3.88250E-14
  5978.00000    3.91910E-14
  5981.00000    3.83380E-14
  5984.00000    3.90640E-14
  5987.00000    3.86630E-14
  5990.00000    3.86910E-14
  5993.00000    3.88140E-14
  5996.00000    3.71200E-14
  5999.00000    3.82910E-14
  6002.00000    4.05480E-14
  6005.00000    3.97290E-14
  6008.00000    3.75000E-14
  6011.00000    3.86370E-14
  6014.00000    3.91320E-14
  6017.00000    3.78200E-14
  6020.00000    3.82330E-14
  6023.00000    3.88400E-14
  6026.00000    3.84370E-14
  6029.00000    3.97830E-14
  6032.00000    3.88090E-14
  6035.00000    3.93630E-14
  6038.00000    4.12580E-14
  6041.00000    3.86200E-14
  6044.00000    3.95810E-14
  6047.00000    3.77110E-14
  6050.00000    3.83360E-14
  6053.00000    3.95360E-14
  6056.00000    3.93060E-14
  6059.00000    3.96900E-14
  6062.00000    4.05780E-14
  6065.00000    3.86390E-14
  6068.00000    3.78410E-14
  6071.00000    3.95700E-14
  6074.00000    3.88360E-14
  6077.00000    3.90240E-14
  6080.00000    3.97840E-14
  6083.00000    3.87210E-14
  6086.00000    3.81390E-14
  6089.00000    3.90240E-14
  6092.00000    3.77370E-14
  6095.00000    3.80730E-14
  6098.00000    3.80870E-14
  6101.00000    3.91840E-14
  6104.00000    4.02130E-14
  6107.00000    3.94960E-14
  6110.00000    4.07050E-14
  6113.00000    3.83100E-14
  6116.00000    4.00210E-14
  6119.00000    4.00570E-14
  6122.00000    3.68040E-14
  6125.00000    4.02740E-14
  6128.00000    4.05700E-14
  6131.00000    3.98780E-14
  6134.00000    3.91270E-14
  6137.00000    3.84500E-14
  6140.00000    4.03690E-14
  6143.00000    3.69080E-14
  6146.00000    3.80880E-14
  6149.00000    3.88900E-14
  6152.00000    3.61790E-14
  6155.00000    3.81780E-14
  6158.00000    3.92570E-14
  6161.00000    3.68010E-14
  6164.00000    3.61360E-14
  6167.00000    3.53330E-14
  6170.00000    3.64600E-14
  6173.00000    3.71060E-14
  6176.00000    3.74710E-14
  6179.00000    3.67900E-14
  6182.00000    3.91710E-14
  6185.00000    3.85100E-14
  6188.00000    3.82150E-14
  6191.00000    3.88430E-14
  6194.00000    3.79630E-14
  6197.00000    3.76600E-14
  6200.00000    3.85190E-14
  6203.00000    3.90620E-14
  6206.00000    3.84060E-14
  6209.00000    3.91450E-14
  6212.00000    3.96750E-14
  6215.00000    3.71290E-14
  6218.00000    3.91390E-14
  6221.00000    3.94180E-14
  6224.00000    3.74750E-14
  6227.00000    3.83940E-14
  6230.00000    3.76080E-14
  6233.00000    3.87990E-14
  6236.00000    3.74190E-14
  6239.00000    3.84700E-14
  6242.00000    3.70270E-14
  6245.00000    3.83870E-14
  6248.00000    3.80750E-14
  6251.00000    3.60280E-14
  6254.00000    3.77330E-14
  6257.00000    3.84310E-14
  6260.00000    3.68920E-14
  6263.00000    3.63860E-14
  6266.00000    3.68730E-14
  6269.00000    3.70750E-14
  6272.00000    3.92710E-14
  6275.00000    3.66380E-14
  6278.00000    3.82860E-14
  6281.00000    3.88400E-14
  6284.00000    3.87960E-14
  6287.00000    3.92780E-14
  6290.00000    3.91440E-14
  6293.00000    3.73700E-14
  6296.00000    3.80660E-14
  6299.00000    3.72080E-14
  6302.00000    3.75470E-14
  6305.00000    3.92930E-14
  6308.00000    3.72340E-14
  6311.00000    3.87970E-14
  6314.00000    3.90580E-14
  6317.00000    3.94930E-14
  6320.00000    3.82230E-14
  6323.00000    3.81720E-14
  6326.00000    3.95330E-14
  6329.00000    3.69750E-14
  6332.00000    3.90120E-14
  6335.00000    3.74210E-14
  6338.00000    3.67700E-14
  6341.00000    4.02030E-14
  6344.00000    3.74700E-14
  6347.00000    3.75280E-14
  6350.00000    3.80850E-14
  6353.00000    3.94690E-14
  6356.00000    3.76000E-14
  6359.00000    3.99150E-14
  6362.00000    3.65260E-14
  6365.00000    3.79230E-14
  6368.00000    3.95170E-14
  6371.00000    3.79960E-14
  6374.00000    3.79700E-14
  6377.00000    3.69240E-14
  6380.00000    3.94190E-14
  6383.00000    3.75920E-14
  6386.00000    3.81090E-14
  6389.00000    3.87890E-14
  6392.00000    3.82210E-14
  6395.00000    4.08570E-14
  6398.00000    3.95380E-14
  6401.00000    3.84970E-14
  6404.00000    3.98290E-14
  6407.00000    3.79870E-14
  6410.00000    3.93530E-14
  6413.00000    4.03260E-14
  6416.00000    3.82420E-14
  6419.00000    3.89370E-14
  6422.00000    3.95130E-14
  6425.00000    3.76880E-14
  6428.00000    4.12840E-14
  6431.00000    3.92530E-14
  6434.00000    3.86580E-14
  6437.00000    3.84370E-14
  6440.00000    3.80170E-14
  6443.00000    3.97020E-14
  6446.00000    4.00340E-14
  6449.00000    3.94050E-14
  6452.00000    3.93270E-14
  6455.00000    3.88280E-14
  6458.00000    3.93750E-14
  6461.00000    3.94020E-14
  6464.00000    3.69380E-14
  6467.00000    3.90590E-14
  6470.00000    3.74540E-14
  6473.00000    3.85730E-14
  6476.00000    3.83840E-14
  6479.00000    3.78590E-14
  6482.00000    3.84880E-14
  6485.00000    3.80890E-14
  6488.00000    3.80970E-14
  6491.00000    3.74040E-14
  6494.00000    3.70550E-14
  6497.00000    3.83630E-14
  6500.00000    3.76530E-14
  6503.00000    3.76290E-14
  6506.00000    3.79800E-14
  6509.00000    3.81940E-14
  6512.00000    4.02490E-14
  6515.00000    3.94070E-14
  6518.00000    3.95220E-14
  6521.00000    3.89840E-14
  6524.00000    3.95340E-14
  6527.00000    4.00470E-14
  6530.00000    3.90570E-14
  6533.00000    3.84980E-14
  6536.00000    3.87890E-14
  6539.00000    3.83590E-14
  6542.00000    3.85020E-14
  6545.00000    3.70610E-14
  6548.00000    3.78800E-14
  6551.00000    3.76210E-14
  6554.00000    3.41770E-14
  6557.00000    3.57220E-14
  6560.00000    3.67040E-14
  6563.00000    3.55600E-14
  6566.00000    3.44620E-14
  6569.00000    3.53370E-14
  6572.00000    3.69890E-14
  6575.00000    3.51990E-14
  6578.00000    3.57140E-14
  6581.00000    3.67020E-14
  6584.00000    3.67880E-14
  6587.00000    3.75990E-14
  6590.00000    3.81390E-14
  6593.00000    3.84210E-14
  6596.00000    3.87620E-14
  6599.00000    3.82550E-14
  6602.00000    3.90220E-14
  6605.00000    3.88250E-14
  6608.00000    4.01690E-14
  6611.00000    3.70140E-14
  6614.00000    3.90840E-14
  6617.00000    3.86190E-14
  6620.00000    3.81480E-14
  6623.00000    3.90670E-14
  6626.00000    3.65530E-14
  6629.00000    3.79270E-14
  6632.00000    3.83760E-14
  6635.00000    3.79940E-14
  6638.00000    3.92260E-14
  6641.00000    3.71290E-14
  6644.00000    3.92380E-14
  6647.00000    3.81890E-14
  6650.00000    3.80620E-14
  6653.00000    3.96320E-14
  6656.00000    3.77250E-14
  6659.00000    3.93460E-14
  6662.00000    3.82660E-14
  6665.00000    3.64940E-14
  6668.00000    3.90900E-14
  6671.00000    3.87110E-14
  6674.00000    3.66340E-14
  6677.00000    3.97710E-14
  6680.00000    3.88580E-14
  6683.00000    3.84740E-14
  6686.00000    3.90430E-14
  6689.00000    3.81290E-14
  6692.00000    3.68830E-14
  6695.00000    3.76270E-14
  6698.00000    3.77700E-14
  6701.00000    3.96450E-14
  6704.00000    3.82630E-14
  6707.00000    3.64890E-14
  6710.00000    3.82530E-14
  6713.00000    3.91500E-14
  6716.00000    3.99830E-14
  6719.00000    3.83460E-14
  6722.00000    3.77150E-14
  6725.00000    3.72900E-14
  6728.00000    3.89910E-14
  6731.00000    3.61110E-14
  6734.00000    3.92630E-14
  6737.00000    3.91830E-14
  6740.00000    3.82970E-14
  6743.00000    3.72560E-14
  6746.00000    3.82900E-14
  6749.00000    3.65640E-14
  6752.00000    3.86610E-14
  6755.00000    3.94860E-14
  6758.00000    3.63960E-14
  6761.00000    3.90540E-14
  6764.00000    3.76190E-14
  6767.00000    3.84070E-14
  6770.00000    3.85740E-14
  6773.00000    3.75740E-14
  6776.00000    3.99060E-14
  6779.00000    3.95350E-14
  6782.00000    3.84030E-14
  6785.00000    3.88240E-14
  6788.00000    4.05040E-14
  6791.00000    3.82980E-14
  6794.00000    3.84720E-14
  6797.00000    4.04410E-14
  6800.00000    3.91700E-14
  6803.00000    3.78400E-14
  6806.00000    3.81900E-14
  6809.00000    3.75140E-14
  6812.00000    3.78900E-14
  6815.00000    3.91140E-14
  6818.00000    3.75680E-14
  6821.00000    3.89380E-14
  6824.00000    3.85650E-14
  6827.00000    3.71170E-14
  6830.00000    3.85600E-14
  6833.00000    3.90440E-14
  6836.00000    3.72130E-14
  6839.00000    3.86250E-14
  6842.00000    3.88730E-14
  6845.00000    3.61800E-14
  6848.00000    3.89920E-14
  6851.00000    3.90400E-14
  6854.00000    3.71280E-14
  6857.00000    3.74560E-14
  6860.00000    3.83580E-14
  6863.00000    3.78090E-14
  6866.00000    3.73410E-14
  6869.00000    3.89200E-14
  6872.00000    3.81430E-14
  6875.00000    3.87180E-14
  6878.00000    3.77740E-14
  6881.00000    3.75670E-14
  6884.00000    3.69650E-14
  6887.00000    3.90150E-14
  6890.00000    3.75830E-14
  6893.00000    3.72990E-14
  6896.00000    3.83890E-14
  6899.00000    3.60970E-14
  6902.00000    3.81190E-14
  6905.00000    3.71470E-14
  6908.00000    3.78880E-14
  6911.00000    3.74250E-14
  6914.00000    3.87300E-14
  6917.00000    3.88110E-14
  6920.00000    3.83900E-14
  6923.00000    3.71180E-14
  6926.00000    3.77340E-14
  6929.00000    3.74520E-14
  6932.00000    3.80630E-14
  6935.00000    3.78880E-14
  6938.00000    4.00440E-14
  6941.00000    3.81970E-14
  6944.00000    3.83140E-14
  6947.00000    3.83600E-14
  6950.00000    3.97930E-14
  6953.00000    3.85590E-14
  6956.00000    3.75550E-14
  6959.00000    3.89410E-14
  6962.00000    3.98950E-14
  6965.00000    3.83950E-14
  6968.00000    3.73580E-14
  6971.00000    3.92850E-14
  6974.00000    3.87860E-14
  6977.00000    3.95090E-14
  6980.00000    3.92040E-14
  6983.00000    3.65040E-14
  6986.00000    3.84360E-14
  6989.00000    3.89300E-14
  6992.00000    3.83180E-14
  6995.00000    3.68010E-14
  6998.00000    3.70640E-14
  7001.00000    3.78510E-14
  7004.00000    3.87980E-14
  7007.00000    3.75830E-14
  7010.00000    3.89070E-14
  7013.00000    3.74720E-14
  7016.00000    3.81060E-14
  7019.00000    3.71850E-14
  7022.00000    3.79130E-14
  7025.00000    3.69930E-14
  7028.00000    3.80960E-14
  7031.00000    4.05360E-14
  7034.00000    3.68470E-14
  7037.00000    3.97430E-14
  7040.00000    3.92410E-14
  7043.00000    3.83600E-14
  7046.00000    3.85710E-14
  7049.00000    3.96890E-14
  7052.00000    3.98300E-14
  7055.00000    3.80290E-14
  7058.00000    4.00620E-14
  7061.00000    3.82030E-14
  7064.00000    3.89210E-14
  7067.00000    3.88990E-14
  7070.00000    3.78350E-14
  7073.00000    3.79980E-14
  7076.00000    3.85530E-14
  7079.00000    3.89350E-14
  7082.00000    3.86000E-14
  7085.00000    3.84640E-14
  7088.00000    3.68480E-14
  7091.00000    3.69980E-14
  7094.00000    3.86950E-14
  7097.00000    3.67130E-14
  7100.00000    3.85820E-14
  7103.00000    3.61420E-14
  7106.00000    3.65690E-14
  7109.00000    3.64050E-14
  7112.00000    3.69440E-14
  7115.00000    3.86730E-14
  7118.00000    3.78690E-14
  7121.00000    3.63890E-14
  7124.00000    3.63240E-14
  7127.00000    3.67430E-14
  7130.00000    3.85100E-14
  7133.00000    3.64920E-14
  7136.00000    3.96030E-14
  7139.00000    3.70270E-14
  7142.00000    3.76590E-14
  7145.00000    3.76440E-14
  7148.00000    3.67220E-14
  7151.00000    3.70090E-14
  7154.00000    3.68370E-14
  7157.00000    3.64410E-14
  7160.00000    3.76090E-14
  7163.00000    3.68100E-14
  7166.00000    3.66060E-14
  7169.00000    3.73960E-14
  7172.00000    3.60310E-14
  7175.00000    3.76150E-14
  7178.00000    3.73190E-14
  7181.00000    3.58490E-14
  7184.00000    3.53520E-14
  7187.00000    3.64320E-14
  7190.00000    3.64820E-14
  7193.00000    3.58180E-14
  7196.00000    3.69960E-14
  7199.00000    3.46910E-14
  7202.00000    3.79230E-14
  7205.00000    3.65940E-14
  7208.00000    3.62900E-14
  7211.00000    3.65360E-14
  7214.00000    3.72010E-14
  7217.00000    3.77030E-14
  7220.00000    3.70830E-14
  7223.00000    3.80190E-14
  7226.00000    3.78190E-14
  7229.00000    3.59520E-14
  7232.00000    3.76380E-14
  7235.00000    3.92040E-14
  7238.00000    3.93140E-14
  7241.00000    3.55080E-14
  7244.00000    3.71030E-14
  7247.00000    3.85160E-14
  7250.00000    3.80980E-14
  7253.00000    3.80140E-14
  7256.00000    3.59820E-14
  7259.00000    3.76870E-14
  7262.00000    3.69260E-14
  7265.00000    3.73200E-14
  7268.00000    3.93070E-14
  7271.00000    3.64570E-14
  7274.00000    3.72160E-14
  7277.00000    3.87050E-14
  7280.00000    3.74560E-14
  7283.00000    3.86680E-14
  7286.00000    3.78110E-14
  7289.00000    3.72040E-14
  7292.00000    3.79680E-14
  7295.00000    3.85380E-14
  7298.00000    3.69090E-14
  7301.00000    3.84090E-14
  7304.00000    3.80640E-14
  7307.00000    3.70320E-14
  7310.00000    3.81150E-14
  7313.00000    3.79360E-14
  7316.00000    3.73210E-14
  7319.00000    3.75610E-14
  7322.00000    3.85150E-14
  7325.00000    3.99380E-14
  7328.00000    3.82200E-14
  7331.00000    3.87240E-14
  7334.00000    3.76170E-14
  7337.00000    3.78700E-14
  7340.00000    3.88280E-14
  7343.00000    3.80790E-14
  7346.00000    3.74220E-14
  7349.00000    3.89980E-14
  7352.00000    4.01730E-14
  7355.00000    3.63550E-14
  7358.00000    3.91430E-14
  7361.00000    4.01700E-14
  7364.00000    3.73880E-14
  7367.00000    4.01090E-14
  7370.00000    3.72900E-14
  7373.00000    3.83420E-14
  7376.00000    3.94070E-14
  7379.00000    4.01580E-14
  7382.00000    3.66680E-14
  7385.00000    3.87200E-14
  7388.00000    3.83900E-14
  7391.00000    3.78820E-14
  7394.00000    3.94200E-14
  7397.00000    3.89920E-14
  7400.00000    3.76680E-14
  7403.00000    3.77440E-14
  7406.00000    3.83190E-14
  7409.00000    3.93480E-14
  7412.00000    3.94200E-14
  7415.00000    3.81620E-14
  7418.00000    3.77830E-14
  7421.00000    3.83970E-14
  7424.00000    4.01060E-14
  7427.00000    3.92300E-14
  7430.00000    3.80190E-14
  7433.00000    4.05070E-14
  7436.00000    3.97070E-14
  7439.00000    3.84280E-14
  7442.00000    3.76880E-14
  7445.00000    3.98060E-14
  7448.00000    3.99690E-14
  7451.00000    3.91070E-14
  7454.00000    3.94800E-14
  7457.00000    3.90810E-14
  7460.00000    3.62940E-14
  7463.00000    3.99210E-14
  7466.00000    3.85090E-14
  7469.00000    3.88530E-14
  7472.00000    3.78880E-14
  7475.00000    3.99370E-14
  7478.00000    3.96960E-14
  7481.00000    3.72080E-14
  7484.00000    3.94810E-14
  7487.00000    3.89210E-14
  7490.00000    3.85690E-14
  7493.00000    3.93000E-14
  7496.00000    3.94870E-14
  7499.00000    3.88940E-14
  7502.00000    3.81870E-14
  7505.00000    3.98700E-14
  7508.00000    3.93180E-14
  7511.00000    3.95610E-14
  7514.00000    3.92720E-14
  7517.00000    3.98710E-14
  7520.00000    3.94280E-14
  7523.00000    3.91540E-14
  7526.00000    3.86110E-14
  7529.00000    4.03980E-14
  7532.00000    3.89150E-14
  7535.00000    4.10780E-14
  7538.00000    3.74960E-14
  7541.00000    3.99910E-14
  7544.00000    3.99630E-14
  7547.00000    4.02110E-14
  7550.00000    3.90870E-14
  7553.00000    3.92470E-14
  7556.00000    3.99830E-14
  7559.00000    3.90460E-14
  7562.00000    4.02580E-14
  7565.00000    3.91480E-14
  7568.00000    3.92120E-14
  7571.00000    3.73310E-14
  7574.00000    3.81580E-14
  7577.00000    4.01440E-14
  7580.00000    3.91810E-14
  7583.00000    3.82480E-14
  7586.00000    3.86280E-14
  7589.00000    3.89990E-14
  7592.00000    3.85260E-14
  7595.00000    3.81740E-14
  7598.00000    4.03830E-14
  7601.00000    3.98070E-14
  7604.00000    3.79630E-14
  7607.00000    3.89930E-14
  7610.00000    3.72970E-14
  7613.00000    3.83610E-14
  7616.00000    3.73780E-14
  7619.00000    3.75490E-14
  7622.00000    3.87330E-14
  7625.00000    3.88680E-14
  7628.00000    4.03270E-14
  7631.00000    3.78150E-14
  7634.00000    3.84440E-14
  7637.00000    3.79550E-14
  7640.00000    3.83150E-14
  7643.00000    3.92490E-14
  7646.00000    3.68820E-14
  7649.00000    3.81360E-14
  7652.00000    3.70750E-14
  7655.00000    3.75210E-14
  7658.00000    3.75330E-14
  7661.00000    3.80510E-14
  7664.00000    3.88870E-14
  7667.00000    3.75890E-14
  7670.00000    3.67830E-14
  7673.00000    3.78070E-14
  7676.00000    3.70620E-14
  7679.00000    3.83080E-14
  7682.00000    4.03280E-14
  7685.00000    3.72040E-14
  7688.00000    3.64830E-14
  7691.00000    3.77400E-14
  7694.00000    3.63100E-14
  7697.00000    3.60220E-14
  7700.00000    3.75670E-14
  7703.00000    3.79180E-14
  7706.00000    3.69450E-14
  7709.00000    3.65590E-14
  7712.00000    3.85340E-14
  7715.00000    3.57260E-14
  7718.00000    3.73140E-14
  7721.00000    3.79850E-14
  7724.00000    3.75800E-14
  7727.00000    3.67660E-14
  7730.00000    3.74700E-14
  7733.00000    3.73880E-14
  7736.00000    3.95180E-14
  7739.00000    3.71970E-14
  7742.00000    3.66340E-14
  7745.00000    3.89020E-14
  7748.00000    3.73950E-14
  7751.00000    3.79620E-14
  7754.00000    3.90850E-14
  7757.00000    3.79740E-14
  7760.00000    3.79000E-14
  7763.00000    3.66530E-14
  7766.00000    3.79270E-14
  7769.00000    3.82600E-14
  7772.00000    3.76910E-14
  7775.00000    3.77320E-14
  7778.00000    3.57700E-14
  7781.00000    3.73990E-14
  7784.00000    3.73140E-14
  7787.00000    3.59570E-14
  7790.00000    3.75660E-14
  7793.00000    3.78330E-14
  7796.00000    3.70460E-14
  7799.00000    3.85140E-14
  7802.00000    3.72820E-14
  7805.00000    3.79950E-14
  7808.00000    3.82030E-14
  7811.00000    3.83980E-14
  7814.00000    3.74060E-14
  7817.00000    3.82680E-14
  7820.00000    3.81430E-14
  7823.00000    3.73000E-14
  7826.00000    3.83130E-14
  7829.00000    3.91950E-14
  7832.00000    3.80320E-14
  7835.00000    3.96280E-14
  7838.00000    3.93060E-14
  7841.00000    3.74420E-14
  7844.00000    3.78740E-14
  7847.00000    3.91420E-14
  7850.00000    3.78110E-14
  7853.00000    3.73560E-14
  7856.00000    3.85380E-14
  7859.00000    3.85900E-14
  7862.00000    3.86380E-14
  7865.00000    3.81880E-14
  7868.00000    3.77770E-14
  7871.00000    3.85930E-14
  7874.00000    3.69850E-14
  7877.00000    3.83420E-14
  7880.00000    3.64220E-14
  7883.00000    3.67990E-14
  7886.00000    3.93760E-14
  7889.00000    3.74830E-14
  7892.00000    3.83620E-14
  7895.00000    3.55810E-14
  7898.00000    3.73020E-14
  7901.00000    3.78380E-14
  7904.00000    3.68470E-14
  7907.00000    3.67410E-14
  7910.00000    3.53840E-14
  7913.00000    3.87670E-14
  7916.00000    3.76260E-14
  7919.00000    3.71680E-14
  7922.00000    3.64660E-14
  7925.00000    3.60570E-14
  7928.00000    3.73820E-14
  7931.00000    3.56730E-14
  7934.00000    3.62230E-14
  7937.00000    3.70570E-14
  7940.00000    3.62820E-14
  7943.00000    3.58530E-14
  7946.00000    3.72460E-14
  7949.00000    3.65720E-14
  7952.00000    3.66490E-14
  7955.00000    3.59900E-14
  7958.00000    3.63910E-14
  7961.00000    3.58740E-14
  7964.00000    3.66190E-14
  7967.00000    3.60180E-14
  7970.00000    3.72290E-14
  7973.00000    3.67720E-14
  7976.00000    3.91540E-14
  7979.00000    3.65030E-14
  7982.00000    3.79400E-14
  7985.00000    3.67090E-14
  7988.00000    3.84730E-14
  7991.00000    3.51770E-14
  7994.00000    3.67500E-14
  7997.00000    3.74170E-14
  8000.00000    3.59660E-14
  8003.00000    3.70320E-14
  8006.00000    3.82150E-14
  8009.00000    3.78940E-14
  8012.00000    3.75450E-14
  8015.00000    3.89000E-14
  8018.00000    3.81540E-14
  8021.00000    3.78740E-14
  8024.00000    3.83210E-14
  8027.00000    3.84770E-14
  8030.00000    3.66300E-14
  8033.00000    3.68980E-14
  8036.00000    3.87570E-14
  8039.00000    3.75470E-14
  8042.00000    3.78520E-14
  8045.00000    3.79390E-14
  8048.00000    3.67650E-14
  8051.00000    3.63840E-14
  8054.00000    3.73230E-14
  8057.00000    3.83270E-14
  8060.00000    3.71840E-14
  8063.00000    3.97010E-14
  8066.00000    3.76450E-14
  8069.00000    3.69320E-14
  8072.00000    3.80630E-14
  8075.00000    3.64000E-14
  8078.00000    3.66520E-14
  8081.00000    3.49290E-14
  8084.00000    3.79680E-14
  8087.00000    3.76240E-14
  8090.00000    3.68180E-14
  8093.00000    3.56520E-14
  8096.00000    3.80090E-14
  8099.00000    3.64960E-14
  8102.00000    3.59820E-14
  8105.00000    3.85450E-14
  8108.00000    3.82520E-14
  8111.00000    3.72630E-14
  8114.00000    3.65900E-14
  8117.00000    3.74190E-14
  8120.00000    3.87840E-14
  8123.00000    3.75620E-14
  8126.00000    3.99200E-14
  8129.00000    3.82590E-14
  8132.00000    3.81860E-14
  8135.00000    3.71880E-14
  8138.00000    3.88230E-14
  8141.00000    3.57860E-14
  8144.00000    3.81130E-14
  8147.00000    3.64990E-14
  8150.00000    3.59990E-14
  8153.00000    3.79670E-14
  8156.00000    3.74200E-14
  8159.00000    3.77410E-14
  8162.00000    3.66230E-14
  8165.00000    3.49740E-14
  8168.00000    3.58130E-14
  8171.00000    3.84220E-14
  8174.00000    3.65490E-14
  8177.00000    3.54740E-14
  8180.00000    3.62500E-14
  8183.00000    3.84310E-14
  8186.00000    3.48950E-14
  8189.00000    3.61120E-14
  8192.00000    3.58770E-14
  8195.00000    3.72850E-14
  8198.00000    3.61430E-14
  8201.00000    3.65470E-14
  8204.00000    3.63650E-14
  8207.00000    3.72290E-14
  8210.00000    3.81640E-14
  8213.00000    3.57080E-14
  8216.00000    3.76710E-14
  8219.00000    3.80790E-14
  8222.00000    3.60790E-14
  8225.00000    3.79930E-14
  8228.00000    3.72760E-14
  8231.00000    3.80700E-14
  8234.00000    3.76630E-14
  8237.00000    3.78880E-14
  8240.00000    3.89510E-14
  8243.00000    3.77880E-14
  8246.00000    3.78880E-14
  8249.00000    3.84530E-14
  8252.00000    3.73690E-14
  8255.00000    3.82830E-14
  8258.00000    3.66240E-14
  8261.00000    3.75050E-14
  8264.00000    3.85670E-14
  8267.00000    3.83090E-14
  8270.00000    3.78270E-14
  8273.00000    3.51210E-14
  8276.00000    3.72340E-14
  8279.00000    3.66170E-14
  8282.00000    3.70690E-14
  8285.00000    3.70480E-14
  8288.00000    3.67170E-14
  8291.00000    3.69880E-14
  8294.00000    3.72290E-14
  8297.00000    3.53590E-14
  8300.00000    3.71830E-14
  8303.00000    3.58360E-14
  8306.00000    3.54180E-14
  8309.00000    3.79090E-14
  8312.00000    3.76980E-14
  8315.00000    3.78750E-14
  8318.00000    3.76760E-14
  8321.00000    3.58970E-14
  8324.00000    3.65630E-14
  8327.00000    3.80060E-14
  8330.00000    3.56560E-14
  8333.00000    3.61980E-14
  8336.00000    3.64460E-14
  8339.00000    3.74870E-14
  8342.00000    3.38270E-14
  8345.00000    3.65810E-14
  8348.00000    3.76580E-14
  8351.00000    3.84010E-14
  8354.00000    3.68200E-14
  8357.00000    3.62710E-14
  8360.00000    3.56650E-14
  8363.00000    3.57770E-14
  8366.00000    3.69220E-14
  8369.00000    3.43210E-14
  8372.00000    3.73790E-14
  8375.00000    3.60590E-14
  8378.00000    3.86760E-14
  8381.00000    3.79710E-14
  8384.00000    3.75680E-14
  8387.00000    3.51490E-14
  8390.00000    3.69500E-14
  8393.00000    3.91540E-14
  8396.00000    3.56440E-14
  8399.00000    3.67730E-14
  8402.00000    3.82470E-14
  8405.00000    3.74630E-14
  8408.00000    3.53540E-14
  8411.00000    3.66910E-14
  8414.00000    3.63770E-14
  8417.00000    3.45920E-14
  8420.00000    3.56110E-14
  8423.00000    3.69570E-14
  8426.00000    3.51190E-14
  8429.00000    3.46550E-14
  8432.00000    3.61340E-14
  8435.00000    3.60650E-14
  8438.00000    3.56570E-14
  8441.00000    3.72770E-14
  8444.00000    3.62780E-14
  8447.00000    3.64010E-14
  8450.00000    3.85680E-14
  8453.00000    3.78840E-14
  8456.00000    3.60260E-14
  8459.00000    3.72300E-14
  8462.00000    3.69960E-14
  8465.00000    3.82510E-14
  8468.00000    3.59360E-14
  8471.00000    3.67460E-14
  8474.00000    3.56820E-14
  8477.00000    3.65700E-14
  8480.00000    3.62750E-14
  8483.00000    3.76990E-14
  8486.00000    3.47720E-14
  8489.00000    3.70090E-14
  8492.00000    3.60020E-14
  8495.00000    3.81210E-14
  8498.00000    3.64700E-14
  8501.00000    3.79080E-14
  8504.00000    3.65860E-14
  8507.00000    3.74840E-14
  8510.00000    3.52060E-14
  8513.00000    3.69610E-14
  8516.00000    3.73540E-14
  8519.00000    3.57790E-14
  8522.00000    3.52100E-14
  8525.00000    3.64150E-14
  8528.00000    3.47960E-14
  8531.00000    3.42980E-14
  8534.00000    3.38480E-14
  8537.00000    3.39850E-14
  8540.00000    3.53410E-14
  8543.00000    3.53100E-14
  8546.00000    3.47620E-14
  8549.00000    3.39760E-14
  8552.00000    3.51920E-14
  8555.00000    3.41760E-14
  8558.00000    3.63810E-14
  8561.00000    3.56300E-14
  8564.00000    3.49590E-14
  8567.00000    3.65720E-14
  8570.00000    3.82230E-14
  8573.00000    3.58940E-14
  8576.00000    3.65220E-14
  8579.00000    3.74940E-14
  8582.00000    3.67040E-14
  8585.00000    3.74090E-14
  8588.00000    3.72380E-14
  8591.00000    3.71760E-14
  8594.00000    3.62130E-14
  8597.00000    3.67040E-14
  8600.00000    3.75780E-14
  8603.00000    3.51550E-14
  8606.00000    3.63670E-14
  8609.00000    3.67620E-14
  8612.00000    3.68170E-14
  8615.00000    3.79780E-14
  8618.00000    3.64140E-14
  8621.00000    3.64070E-14
  8624.00000    3.90220E-14
  8627.00000    3.60730E-14
  8630.00000    3.59280E-14
  8633.00000    3.67890E-14
  8636.00000    3.61160E-14
  8639.00000    3.54120E-14
  8642.00000    3.69140E-14
  8645.00000    3.50450E-14
  8648.00000    3.48770E-14
  8651.00000    3.54790E-14
  8654.00000    3.41000E-14
  8657.00000    3.20840E-14
  8660.00000    3.36100E-14
  8663.00000    3.25690E-14
  8666.00000    3.20520E-14
  8669.00000    3.32180E-14
  8672.00000    3.47460E-14
  8675.00000    3.32050E-14
  8678.00000    3.37070E-14
  8681.00000    3.38610E-14
  8684.00000    3.33980E-14
  8687.00000    3.43630E-14
  8690.00000    3.57990E-14
  8693.00000    3.48080E-14
  8696.00000    3.60710E-14
  8699.00000    3.55150E-14
  8702.00000    3.54970E-14
  8705.00000    3.42750E-14
  8708.00000    3.57960E-14
  8711.00000    3.50910E-14
  8714.00000    3.59970E-14
  8717.00000    3.78930E-14
  8720.00000    3.59910E-14
  8723.00000    3.48600E-14
  8726.00000    3.62510E-14
  8729.00000    3.58730E-14
  8732.00000    3.76670E-14
  8735.00000    3.69390E-14
  8738.00000    3.61610E-14
  8741.00000    3.56960E-14
  8744.00000    3.47900E-14
  8747.00000    3.47070E-14
  8750.00000    3.59400E-14
  8753.00000    3.55130E-14
  8756.00000    3.67730E-14
  8759.00000    3.42840E-14
  8762.00000    3.62790E-14
  8765.00000    3.48480E-14
  8768.00000    3.58840E-14
  8771.00000    3.50140E-14
  8774.00000    3.54460E-14
  8777.00000    3.60800E-14
  8780.00000    3.56270E-14
  8783.00000    3.67120E-14
  8786.00000    3.49600E-14
  8789.00000    3.68440E-14
  8792.00000    3.51180E-14
  8795.00000    3.53930E-14
  8798.00000    3.46960E-14
  8801.00000    3.56640E-14
  8804.00000    3.63430E-14
  8807.00000    3.66450E-14
  8810.00000    3.60340E-14
  8813.00000    3.61880E-14
  8816.00000    3.46600E-14
  8819.00000    3.48170E-14
  8822.00000    3.52380E-14
  8825.00000    3.62210E-14
  8828.00000    3.61620E-14
  8831.00000    3.56920E-14
  8834.00000    3.48210E-14
  8837.00000    3.56400E-14
  8840.00000    3.62480E-14
  8843.00000    3.60120E-14
  8846.00000    3.65030E-14
  8849.00000    3.57020E-14
  8852.00000    3.67890E-14
  8855.00000    3.64120E-14
  8858.00000    3.46010E-14
  8861.00000    3.43180E-14
  8864.00000    3.33850E-14
  8867.00000    3.43720E-14
  8870.00000    3.47950E-14
  8873.00000    3.47120E-14
  8876.00000    3.61100E-14
  8879.00000    3.47470E-14
  8882.00000    3.60810E-14
  8885.00000    3.40270E-14
  8888.00000    3.53650E-14
  8891.00000    3.65360E-14
  8894.00000    3.71990E-14
  8897.00000    3.41800E-14
  8900.00000    3.47000E-14
  8903.00000    3.38730E-14
  8906.00000    3.47920E-14
  8909.00000    3.39010E-14
  8912.00000    3.48370E-14
  8915.00000    3.37320E-14
  8918.00000    3.57880E-14
  8921.00000    3.51480E-14
  8924.00000    3.45280E-14
  8927.00000    3.44590E-14
  8930.00000    3.46410E-14
  8933.00000    3.59810E-14
  8936.00000    3.34070E-14
  8939.00000    3.60130E-14
  8942.00000    3.47390E-14
  8945.00000    3.46680E-14
  8948.00000    3.44460E-14
  8951.00000    3.47090E-14
  8954.00000    3.61370E-14
  8957.00000    3.48940E-14
  8960.00000    3.31450E-14
  8963.00000    3.50180E-14
  8966.00000    3.36260E-14
  8969.00000    3.35980E-14
  8972.00000    3.44670E-14
  8975.00000    3.38260E-14
  8978.00000    3.35830E-14
  8981.00000    3.18850E-14
  8984.00000    3.27680E-14
  8987.00000    3.26420E-14
  8990.00000    3.39340E-14
  8993.00000    3.33300E-14
  8996.00000    3.27340E-14
  8999.00000    3.29810E-14
  9002.00000    3.34110E-14
  9005.00000    3.29700E-14
  9008.00000    3.39930E-14
  9011.00000    3.24950E-14
  9014.00000    3.32110E-14
  9017.00000    3.40210E-14
  9020.00000    3.45980E-14
  9023.00000    3.47480E-14
  9026.00000    3.48700E-14
  9029.00000    3.50490E-14
  9032.00000    3.71180E-14
  9035.00000    3.42320E-14
  9038.00000    3.56420E-14
  9041.00000    3.83590E-14
  9044.00000    3.62850E-14
  9047.00000    3.53560E-14
  9050.00000    3.67060E-14
  9053.00000    3.59250E-14
  9056.00000    3.70510E-14
  9059.00000    3.53820E-14
  9062.00000    3.34720E-14
  9065.00000    3.43640E-14
  9068.00000    3.63090E-14
  9071.00000    3.48420E-14
  9074.00000    3.28670E-14
  9077.00000    3.64800E-14
  9080.00000    3.44400E-14
  9083.00000    3.52890E-14
  9086.00000    3.53850E-14
  9089.00000    3.24180E-14
  9092.00000    3.33360E-14
  9095.00000    3.39540E-14
  9098.00000    3.44130E-14
  9101.00000    3.55100E-14
  9104.00000    3.43510E-14
  9107.00000    3.49160E-14
  9110.00000    3.31090E-14
  9113.00000    3.56530E-14
  9116.00000    3.40010E-14
  9119.00000    3.48110E-14
  9122.00000    3.36150E-14
  9125.00000    3.36040E-14
  9128.00000    3.26880E-14
  9131.00000    3.36600E-14
  9134.00000    3.37800E-14
  9137.00000    3.34880E-14
  9140.00000    3.39990E-14
  9143.00000    3.44270E-14
  9146.00000    2.96560E-14
  9149.00000    3.26980E-14
  9152.00000    3.30610E-14
  9155.00000    3.51560E-14
  9158.00000    3.34090E-14
  9161.00000    3.44130E-14
  9164.00000    3.39360E-14
  9167.00000    3.32410E-14
  9170.00000    3.33880E-14
  9173.00000    3.41210E-14
  9176.00000    3.27110E-14
  9179.00000    3.23100E-14
  9182.00000    3.04610E-14
  9185.00000    3.39830E-14
  9188.00000    3.38730E-14
  9191.00000    3.33930E-14
  9194.00000    3.51680E-14
  9197.00000    3.31320E-14
  9200.00000    3.48160E-14
  9203.00000    3.43490E-14
  9206.00000    3.20670E-14
  9209.00000    3.29220E-14
  9212.00000    3.46100E-14
  9215.00000    3.38650E-14
  9218.00000    3.24420E-14
  9221.00000    3.45850E-14
  9224.00000    3.38010E-14
  9227.00000    3.23420E-14
  9230.00000    3.35990E-14
  9233.00000    3.43100E-14
  9236.00000    3.33110E-14
  9239.00000    3.36620E-14
  9242.00000    3.22690E-14
  9245.00000    3.30740E-14
  9248.00000    3.40150E-14
  9251.00000    3.17750E-14
  9254.00000    3.28180E-14
  9257.00000    3.56890E-14
  9260.00000    3.44200E-14
  9263.00000    3.50490E-14
  9266.00000    3.32260E-14
  9269.00000    3.39230E-14
  9272.00000    3.35970E-14
  9275.00000    3.51110E-14
  9278.00000    3.36160E-14
  9281.00000    3.30120E-14
  9284.00000    3.42350E-14
  9287.00000    3.21360E-14
  9290.00000    3.35660E-14
  9293.00000    3.44510E-14
  9296.00000    3.29370E-14
  9299.00000    3.41670E-14
  9302.00000    3.29930E-14
  9305.00000    3.21250E-14
  9308.00000    3.39950E-14
  9311.00000    3.43860E-14
  9314.00000    3.38190E-14
  9317.00000    3.34220E-14
  9320.00000    3.50230E-14
  9323.00000    3.42460E-14
  9326.00000    3.38680E-14
  9329.00000    3.42020E-14
  9332.00000    3.33330E-14
  9335.00000    3.43810E-14
  9338.00000    3.59870E-14
  9341.00000    3.53680E-14
  9344.00000    3.49420E-14
  9347.00000    3.41030E-14
  9350.00000    3.64230E-14
  9353.00000    3.39060E-14
  9356.00000    3.33730E-14
  9359.00000    3.42090E-14
  9362.00000    3.45030E-14
  9365.00000    3.43580E-14
  9368.00000    3.27820E-14
  9371.00000    3.32520E-14
  9374.00000    3.43550E-14
  9377.00000    3.51540E-14
  9380.00000    3.38120E-14
  9383.00000    3.43120E-14
  9386.00000    3.36660E-14
  9389.00000    3.56330E-14
  9392.00000    3.21470E-14
  9395.00000    3.40550E-14
  9398.00000    3.46220E-14
  9401.00000    3.37010E-14
  9404.00000    3.44130E-14
  9407.00000    3.42740E-14
  9410.00000    3.31190E-14
  9413.00000    3.24300E-14
  9416.00000    3.38590E-14
  9419.00000    3.58400E-14
  9422.00000    3.38960E-14
  9425.00000    3.53000E-14
  9428.00000    3.23860E-14
  9431.00000    3.47640E-14
  9434.00000    3.39920E-14
  9437.00000    3.38870E-14
  9440.00000    3.35350E-14
  9443.00000    3.50500E-14
  9446.00000    3.35360E-14
  9449.00000    3.50890E-14
  9452.00000    3.33730E-14
  9455.00000    3.43200E-14
  9458.00000    3.37880E-14
  9461.00000    3.24170E-14
  9464.00000    3.42350E-14
  9467.00000    3.36400E-14
  9470.00000    3.36870E-14
  9473.00000    3.59560E-14
  9476.00000    3.27120E-14
  9479.00000    3.51840E-14
  9482.00000    3.58980E-14
  9485.00000    3.53460E-14
  9488.00000    3.37210E-14
  9491.00000    3.58910E-14
  9494.00000    3.60630E-14
  9497.00000    3.50560E-14
  9500.00000    3.39640E-14
  9503.00000    3.45250E-14
  9506.00000    3.27680E-14
  9509.00000    3.41000E-14
  9512.00000    3.45570E-14
  9515.00000    3.43710E-14
  9518.00000    3.50000E-14
  9521.00000    3.30480E-14
  9524.00000    3.56030E-14
  9527.00000    3.36400E-14
  9530.00000    3.45270E-14
  9533.00000    3.37410E-14
  9536.00000    3.35790E-14
  9539.00000    3.39840E-14
  9542.00000    3.34460E-14
  9545.00000    3.31620E-14
  9548.00000    3.39580E-14
  9551.00000    3.29440E-14
  9554.00000    3.34240E-14
  9557.00000    3.28370E-14
  9560.00000    3.58750E-14
  9563.00000    3.44450E-14
  9566.00000    3.39940E-14
  9569.00000    3.45210E-14
  9572.00000    3.38250E-14
  9575.00000    3.42470E-14
  9578.00000    3.50620E-14
  9581.00000    3.51290E-14
  9584.00000    3.61620E-14
  9587.00000    3.51770E-14
  9590.00000    3.46670E-14
  9593.00000    3.31930E-14
  9596.00000    3.36340E-14
  9599.00000    3.33780E-14
  9602.00000    3.47250E-14
  9605.00000    3.42640E-14
  9608.00000    3.39040E-14
  9611.00000    3.47160E-14
  9614.00000    3.57420E-14
  9617.00000    3.30840E-14
  9620.00000    3.53350E-14
  9623.00000    3.39470E-14
  9626.00000    3.32430E-14
  9629.00000    3.47830E-14
  9632.00000    3.55060E-14
  9635.00000    3.49310E-14
  9638.00000    3.28650E-14
  9641.00000    3.43030E-14
  9644.00000    3.42690E-14
  9647.00000    3.59000E-14
  9650.00000    3.34730E-14
  9653.00000    3.44400E-14
  9656.00000    3.34370E-14
  9659.00000    3.32260E-14
  9662.00000    3.33820E-14
  9665.00000    3.52560E-14
  9668.00000    3.49600E-14
  9671.00000    3.51700E-14
  9674.00000    3.38410E-14
  9677.00000    3.49110E-14
  9680.00000    3.55350E-14
  9683.00000    3.53150E-14
  9686.00000    3.27730E-14
  9689.00000    3.50640E-14
  9692.00000    3.35470E-14
  9695.00000    3.40310E-14
  9698.00000    3.39420E-14
  9701.00000    3.36290E-14
  9704.00000    3.41090E-14
  9707.00000    3.43960E-14
  9710.00000    3.36140E-14
  9713.00000    3.35180E-14
  9716.00000    3.44820E-14
  9719.00000    3.42590E-14
  9722.00000    3.42090E-14
  9725.00000    3.42730E-14
  9728.00000    3.28440E-14
  9731.00000    3.37200E-14
  9734.00000    3.34620E-14
  9737.00000    3.45860E-14
  9740.00000    3.34340E-14
  9743.00000    3.50110E-14
  9746.00000    3.30940E-14
  9749.00000    3.43620E-14
  9752.00000    3.23660E-14
  9755.00000    3.45180E-14
  9758.00000    3.40140E-14
  9761.00000    3.25430E-14
  9764.00000    3.48830E-14
  9767.00000    3.29250E-14
  9770.00000    3.34100E-14
  9773.00000    3.27710E-14
  9776.00000    3.31090E-14
  9779.00000    3.42480E-14
  9782.00000    3.31490E-14
  9785.00000    3.37550E-14
  9788.00000    3.19940E-14
  9791.00000    3.22160E-14
  9794.00000    3.41410E-14
  9797.00000    3.57150E-14
  9800.00000    3.45680E-14
