   3600.0000    1.53360E-14
   3602.0000    1.48890E-14
   3604.0000    1.40240E-14
   3606.0000    1.42750E-14
   3608.0000    1.39990E-14
   3610.0000    1.32180E-14
   3612.0000    1.43350E-14
   3614.0000    1.38010E-14
   3616.0000    1.41490E-14
   3618.0000    1.37530E-14
   3620.0000    1.48040E-14
   3622.0000    1.46500E-14
   3624.0000    1.43460E-14
   3626.0000    1.52990E-14
   3628.0000    1.53480E-14
   3630.0000    1.58100E-14
   3632.0000    1.68320E-14
   3634.0000    1.52980E-14
   3636.0000    1.64180E-14
   3638.0000    1.59150E-14
   3640.0000    1.56450E-14
   3642.0000    1.46980E-14
   3644.0000    1.57380E-14
   3646.0000    1.53660E-14
   3648.0000    1.60900E-14
   3650.0000    1.54650E-14
   3652.0000    1.63470E-14
   3654.0000    1.65220E-14
   3656.0000    1.64140E-14
   3658.0000    1.78860E-14
   3660.0000    1.66740E-14
   3662.0000    1.63050E-14
   3664.0000    1.77160E-14
   3666.0000    1.75780E-14
   3668.0000    1.70890E-14
   3670.0000    1.65080E-14
   3672.0000    1.78850E-14
   3674.0000    1.67520E-14
   3676.0000    1.59050E-14
   3678.0000    1.60290E-14
   3680.0000    1.58060E-14
   3682.0000    1.72600E-14
   3684.0000    1.50680E-14
   3686.0000    1.59410E-14
   3688.0000    1.61480E-14
   3690.0000    1.66220E-14
   3692.0000    1.64890E-14
   3694.0000    1.58580E-14
   3696.0000    1.65810E-14
   3698.0000    1.70360E-14
   3700.0000    1.72330E-14
   3702.0000    1.65340E-14
   3704.0000    1.67480E-14
   3706.0000    1.65110E-14
   3708.0000    1.55440E-14
   3710.0000    1.55830E-14
   3712.0000    1.56060E-14
   3714.0000    1.57330E-14
   3716.0000    1.61780E-14
   3718.0000    1.62590E-14
   3720.0000    1.51880E-14
   3722.0000    1.63720E-14
   3724.0000    1.54620E-14
   3726.0000    1.57440E-14
   3728.0000    1.51170E-14
   3730.0000    1.61830E-14
   3732.0000    1.37150E-14
   3734.0000    1.39840E-14
   3736.0000    1.44590E-14
   3738.0000    1.48530E-14
   3740.0000    1.40090E-14
   3742.0000    1.40800E-14
   3744.0000    1.45800E-14
   3746.0000    1.46930E-14
   3748.0000    1.46830E-14
   3750.0000    1.41920E-14
   3752.0000    1.55380E-14
   3754.0000    1.50180E-14
   3756.0000    1.66530E-14
   3758.0000    1.57480E-14
   3760.0000    1.54360E-14
   3762.0000    1.64980E-14
   3764.0000    1.64160E-14
   3766.0000    1.56550E-14
   3768.0000    1.63810E-14
   3770.0000    1.67270E-14
   3772.0000    1.68870E-14
   3774.0000    1.77990E-14
   3776.0000    1.73820E-14
   3778.0000    1.83300E-14
   3780.0000    1.90920E-14
   3782.0000    1.83720E-14
   3784.0000    1.87180E-14
   3786.0000    1.85190E-14
   3788.0000    1.80820E-14
   3790.0000    1.74470E-14
   3792.0000    1.66600E-14
   3794.0000    1.69210E-14
   3796.0000    1.58860E-14
   3798.0000    1.57280E-14
   3800.0000    1.51080E-14
   3802.0000    1.68960E-14
   3804.0000    1.76380E-14
   3806.0000    1.65290E-14
   3808.0000    1.68980E-14
   3810.0000    1.88810E-14
   3812.0000    1.78570E-14
   3814.0000    1.82100E-14
   3816.0000    1.81750E-14
   3818.0000    1.72950E-14
   3820.0000    1.69260E-14
   3822.0000    1.76860E-14
   3824.0000    1.59160E-14
   3826.0000    1.51870E-14
   3828.0000    1.58700E-14
   3830.0000    1.42980E-14
   3832.0000    1.35760E-14
   3834.0000    1.36370E-14
   3836.0000    1.30170E-14
   3838.0000    1.31790E-14
   3840.0000    1.34120E-14
   3842.0000    1.50860E-14
   3844.0000    1.60960E-14
   3846.0000    1.72010E-14
   3848.0000    1.77710E-14
   3850.0000    1.82990E-14
   3852.0000    1.83770E-14
   3854.0000    1.88140E-14
   3856.0000    1.84070E-14
   3858.0000    1.91760E-14
   3860.0000    1.83870E-14
   3862.0000    1.89150E-14
   3864.0000    1.92170E-14
   3866.0000    1.86630E-14
   3868.0000    1.86620E-14
   3870.0000    1.88510E-14
   3872.0000    1.91120E-14
   3874.0000    1.80630E-14
   3876.0000    1.84830E-14
   3878.0000    1.78830E-14
   3880.0000    1.72490E-14
   3882.0000    1.71390E-14
   3884.0000    1.64500E-14
   3886.0000    1.63030E-14
   3888.0000    1.58510E-14
   3890.0000    1.61080E-14
   3892.0000    1.56520E-14
   3894.0000    1.67270E-14
   3896.0000    1.76270E-14
   3898.0000    1.79090E-14
   3900.0000    1.83830E-14
   3902.0000    2.06670E-14
   3904.0000    1.93450E-14
   3906.0000    2.05610E-14
   3908.0000    2.10690E-14
   3910.0000    2.17650E-14
   3912.0000    2.13250E-14
   3914.0000    2.13790E-14
   3916.0000    2.00340E-14
   3918.0000    2.02650E-14
   3920.0000    2.09250E-14
   3922.0000    2.04330E-14
   3924.0000    1.85420E-14
   3926.0000    1.88080E-14
   3928.0000    1.63350E-14
   3930.0000    1.56700E-14
   3932.0000    1.48450E-14
   3934.0000    1.42980E-14
   3936.0000    1.26420E-14
   3938.0000    1.42750E-14
   3940.0000    1.49740E-14
   3942.0000    1.67300E-14
   3944.0000    1.64950E-14
   3946.0000    1.80580E-14
   3948.0000    1.79460E-14
   3950.0000    2.03420E-14
   3952.0000    2.01200E-14
   3954.0000    2.02030E-14
   3956.0000    2.11020E-14
   3958.0000    1.95860E-14
   3960.0000    1.78240E-14
   3962.0000    1.74960E-14
   3964.0000    1.55700E-14
   3966.0000    1.44230E-14
   3968.0000    1.40780E-14
   3970.0000    1.42290E-14
   3972.0000    1.32880E-14
   3974.0000    1.44460E-14
   3976.0000    1.66060E-14
   3978.0000    1.81990E-14
   3980.0000    1.88960E-14
   3982.0000    2.04620E-14
   3984.0000    2.12350E-14
   3986.0000    2.26760E-14
   3988.0000    2.20430E-14
   3990.0000    2.37840E-14
   3992.0000    2.47560E-14
   3994.0000    2.50740E-14
   3996.0000    2.54770E-14
   3998.0000    2.52510E-14
   4000.0000    2.47630E-14
   4002.0000    2.67240E-14
   4004.0000    2.57220E-14
   4006.0000    2.58200E-14
   4008.0000    2.60500E-14
   4010.0000    2.64270E-14
   4012.0000    2.60090E-14
   4014.0000    2.71000E-14
   4016.0000    2.70440E-14
   4018.0000    2.77280E-14
   4020.0000    2.77790E-14
   4022.0000    2.76250E-14
   4024.0000    2.71470E-14
   4026.0000    2.69880E-14
   4028.0000    2.63490E-14
   4030.0000    2.70040E-14
   4032.0000    2.71300E-14
   4034.0000    2.69160E-14
   4036.0000    2.75460E-14
   4038.0000    2.69580E-14
   4040.0000    2.74840E-14
   4042.0000    2.69230E-14
   4044.0000    2.72560E-14
   4046.0000    2.74420E-14
   4048.0000    2.65280E-14
   4050.0000    2.71280E-14
   4052.0000    2.68030E-14
   4054.0000    2.68960E-14
   4056.0000    2.65980E-14
   4058.0000    2.67720E-14
   4060.0000    2.62500E-14
   4062.0000    2.61020E-14
   4064.0000    2.67810E-14
   4066.0000    2.58250E-14
   4068.0000    2.61910E-14
   4070.0000    2.54890E-14
   4072.0000    2.51280E-14
   4074.0000    2.61050E-14
   4076.0000    2.50410E-14
   4078.0000    2.55320E-14
   4080.0000    2.60130E-14
   4082.0000    2.64500E-14
   4084.0000    2.66370E-14
   4086.0000    2.70090E-14
   4088.0000    2.63570E-14
   4090.0000    2.56620E-14
   4092.0000    2.49760E-14
   4094.0000    2.57750E-14
   4096.0000    2.48240E-14
   4098.0000    2.29730E-14
   4100.0000    2.40330E-14
   4102.0000    2.19640E-14
   4104.0000    2.32510E-14
   4106.0000    2.20560E-14
   4108.0000    2.34050E-14
   4110.0000    2.36790E-14
   4112.0000    2.42200E-14
   4114.0000    2.53740E-14
   4116.0000    2.54240E-14
   4118.0000    2.59240E-14
   4120.0000    2.73810E-14
   4122.0000    2.72760E-14
   4124.0000    2.57760E-14
   4126.0000    2.68960E-14
   4128.0000    2.75200E-14
   4130.0000    2.65240E-14
   4132.0000    2.71340E-14
   4134.0000    2.72750E-14
   4136.0000    2.72300E-14
   4138.0000    2.73660E-14
   4140.0000    2.71140E-14
   4142.0000    2.71320E-14
   4144.0000    2.77010E-14
   4146.0000    2.67960E-14
   4148.0000    2.72870E-14
   4150.0000    2.78670E-14
   4152.0000    2.81600E-14
   4154.0000    2.83330E-14
   4156.0000    2.72190E-14
   4158.0000    2.86760E-14
   4160.0000    2.75150E-14
   4162.0000    2.76180E-14
   4164.0000    2.85970E-14
   4166.0000    2.80670E-14
   4168.0000    2.87290E-14
   4170.0000    2.71010E-14
   4172.0000    2.74120E-14
   4174.0000    2.72530E-14
   4176.0000    2.81010E-14
   4178.0000    2.74940E-14
   4180.0000    2.64680E-14
   4182.0000    2.76680E-14
   4184.0000    2.79370E-14
   4186.0000    2.89120E-14
   4188.0000    2.77120E-14
   4190.0000    2.80740E-14
   4192.0000    2.76550E-14
   4194.0000    2.70720E-14
   4196.0000    2.73900E-14
   4198.0000    2.68890E-14
   4200.0000    2.72050E-14
   4202.0000    2.83160E-14
   4204.0000    2.73100E-14
   4206.0000    2.85100E-14
   4208.0000    2.87380E-14
   4210.0000    2.78230E-14
   4212.0000    2.78360E-14
   4214.0000    2.82520E-14
   4216.0000    2.80690E-14
   4218.0000    2.80300E-14
   4220.0000    2.87240E-14
   4222.0000    2.80770E-14
   4224.0000    2.73540E-14
   4226.0000    2.67250E-14
   4228.0000    2.69610E-14
   4230.0000    2.70440E-14
   4232.0000    2.68280E-14
   4234.0000    2.58390E-14
   4236.0000    2.70090E-14
   4238.0000    2.67900E-14
   4240.0000    2.81560E-14
   4242.0000    2.74730E-14
   4244.0000    2.78650E-14
   4246.0000    2.79660E-14
   4248.0000    2.84220E-14
   4250.0000    2.80320E-14
   4252.0000    2.78940E-14
   4254.0000    2.78650E-14
   4256.0000    2.71070E-14
   4258.0000    2.69920E-14
   4260.0000    2.83410E-14
   4262.0000    2.71780E-14
   4264.0000    2.72780E-14
   4266.0000    2.74770E-14
   4268.0000    2.77550E-14
   4270.0000    2.81270E-14
   4272.0000    2.80170E-14
   4274.0000    2.68630E-14
   4276.0000    2.73380E-14
   4278.0000    2.70690E-14
   4280.0000    2.70920E-14
   4282.0000    2.72880E-14
   4284.0000    2.77060E-14
   4286.0000    2.73650E-14
   4288.0000    2.72840E-14
   4290.0000    2.54590E-14
   4292.0000    2.62830E-14
   4294.0000    2.47480E-14
   4296.0000    2.47130E-14
   4298.0000    2.49840E-14
   4300.0000    2.36340E-14
   4302.0000    2.42780E-14
   4304.0000    2.32190E-14
   4306.0000    2.23240E-14
   4308.0000    2.38210E-14
   4310.0000    2.32300E-14
   4312.0000    2.41410E-14
   4314.0000    2.53590E-14
   4316.0000    2.55270E-14
   4318.0000    2.69540E-14
   4320.0000    2.77200E-14
   4322.0000    2.78610E-14
   4324.0000    2.77140E-14
   4326.0000    2.78040E-14
   4328.0000    2.70020E-14
   4330.0000    2.76600E-14
   4332.0000    2.67450E-14
   4334.0000    2.66650E-14
   4336.0000    2.64660E-14
   4338.0000    2.60600E-14
   4340.0000    2.48720E-14
   4342.0000    2.58250E-14
   4344.0000    2.54750E-14
   4346.0000    2.82120E-14
   4348.0000    2.74140E-14
   4350.0000    2.69200E-14
   4352.0000    2.78560E-14
   4354.0000    2.77060E-14
   4356.0000    2.86740E-14
   4358.0000    2.92480E-14
   4360.0000    2.88880E-14
   4362.0000    3.09030E-14
   4364.0000    3.01350E-14
   4366.0000    2.95090E-14
   4368.0000    3.08900E-14
   4370.0000    3.00770E-14
   4372.0000    2.93280E-14
   4374.0000    2.91920E-14
   4376.0000    2.86590E-14
   4378.0000    2.84230E-14
   4380.0000    2.91120E-14
   4382.0000    2.86050E-14
   4384.0000    2.80190E-14
   4386.0000    2.80120E-14
   4388.0000    2.79920E-14
   4390.0000    2.81480E-14
   4392.0000    2.87200E-14
   4394.0000    2.86590E-14
   4396.0000    2.97200E-14
   4398.0000    2.88460E-14
   4400.0000    2.88310E-14
   4402.0000    2.95150E-14
   4404.0000    2.81140E-14
   4406.0000    2.97800E-14
   4408.0000    2.95850E-14
   4410.0000    2.92050E-14
   4412.0000    2.94770E-14
   4414.0000    2.93660E-14
   4416.0000    3.07420E-14
   4418.0000    3.16000E-14
   4420.0000    2.93010E-14
   4422.0000    3.08690E-14
   4424.0000    3.12410E-14
   4426.0000    3.06900E-14
   4428.0000    3.14400E-14
   4430.0000    3.08360E-14
   4432.0000    3.13860E-14
   4434.0000    3.01660E-14
   4436.0000    3.07350E-14
   4438.0000    3.09780E-14
   4440.0000    3.09050E-14
   4442.0000    3.20290E-14
   4444.0000    3.10440E-14
   4446.0000    3.11690E-14
   4448.0000    3.12190E-14
   4450.0000    3.12770E-14
   4452.0000    3.16250E-14
   4454.0000    3.10060E-14
   4456.0000    3.13330E-14
   4458.0000    3.07010E-14
   4460.0000    2.96950E-14
   4462.0000    3.11500E-14
   4464.0000    3.16700E-14
   4466.0000    3.11010E-14
   4468.0000    3.22460E-14
   4470.0000    3.17780E-14
   4472.0000    3.22440E-14
   4474.0000    3.29570E-14
   4476.0000    3.29990E-14
   4478.0000    3.33820E-14
   4480.0000    3.32060E-14
   4482.0000    3.28150E-14
   4484.0000    3.13980E-14
   4486.0000    3.37360E-14
   4488.0000    3.31140E-14
   4490.0000    3.36350E-14
   4492.0000    3.27660E-14
   4494.0000    3.19450E-14
   4496.0000    3.28010E-14
   4498.0000    3.37540E-14
   4500.0000    3.33440E-14
   4502.0000    3.32060E-14
   4504.0000    3.38530E-14
   4506.0000    3.38200E-14
   4508.0000    3.48160E-14
   4510.0000    3.49580E-14
   4512.0000    3.49050E-14
   4514.0000    3.48710E-14
   4516.0000    3.49820E-14
   4518.0000    3.48370E-14
   4520.0000    3.44240E-14
   4522.0000    3.28170E-14
   4524.0000    3.33930E-14
   4526.0000    3.31980E-14
   4528.0000    3.26860E-14
   4530.0000    3.20980E-14
   4532.0000    3.20780E-14
   4534.0000    3.17920E-14
   4536.0000    3.16780E-14
   4538.0000    3.23380E-14
   4540.0000    3.30820E-14
   4542.0000    3.32370E-14
   4544.0000    3.34980E-14
   4546.0000    3.25870E-14
   4548.0000    3.26570E-14
   4550.0000    3.33780E-14
   4552.0000    3.36820E-14
   4554.0000    3.32640E-14
   4556.0000    3.33750E-14
   4558.0000    3.35550E-14
   4560.0000    3.38440E-14
   4562.0000    3.43590E-14
   4564.0000    3.31650E-14
   4566.0000    3.41430E-14
   4568.0000    3.29980E-14
   4570.0000    3.45800E-14
   4572.0000    3.42530E-14
   4574.0000    3.46620E-14
   4576.0000    3.41670E-14
   4578.0000    3.41740E-14
   4580.0000    3.40680E-14
   4582.0000    3.43100E-14
   4584.0000    3.35430E-14
   4586.0000    3.30780E-14
   4588.0000    3.36760E-14
   4590.0000    3.31250E-14
   4592.0000    3.45040E-14
   4594.0000    3.40450E-14
   4596.0000    3.40270E-14
   4598.0000    3.48110E-14
   4600.0000    3.39360E-14
   4602.0000    3.48340E-14
   4604.0000    3.37010E-14
   4606.0000    3.41580E-14
   4608.0000    3.35430E-14
   4610.0000    3.46350E-14
   4612.0000    3.56590E-14
   4614.0000    3.49940E-14
   4616.0000    3.51570E-14
   4618.0000    3.50190E-14
   4620.0000    3.54110E-14
   4622.0000    3.49870E-14
   4624.0000    3.52780E-14
   4626.0000    3.41760E-14
   4628.0000    3.51310E-14
   4630.0000    3.50090E-14
   4632.0000    3.42900E-14
   4634.0000    3.55240E-14
   4636.0000    3.49590E-14
   4638.0000    3.40630E-14
   4640.0000    3.52410E-14
   4642.0000    3.43990E-14
   4644.0000    3.48580E-14
   4646.0000    3.46920E-14
   4648.0000    3.45640E-14
   4650.0000    3.44350E-14
   4652.0000    3.36990E-14
   4654.0000    3.46340E-14
   4656.0000    3.41930E-14
   4658.0000    3.43450E-14
   4660.0000    3.49000E-14
   4662.0000    3.48230E-14
   4664.0000    3.48920E-14
   4666.0000    3.49360E-14
   4668.0000    3.44260E-14
   4670.0000    3.50060E-14
   4672.0000    3.41410E-14
   4674.0000    3.34380E-14
   4676.0000    3.43210E-14
   4678.0000    3.52680E-14
   4680.0000    3.51160E-14
   4682.0000    3.47780E-14
   4684.0000    3.53870E-14
   4686.0000    3.46670E-14
   4688.0000    3.45460E-14
   4690.0000    3.50770E-14
   4692.0000    3.43040E-14
   4694.0000    3.53560E-14
   4696.0000    3.43490E-14
   4698.0000    3.44960E-14
   4700.0000    3.41270E-14
   4702.0000    3.37500E-14
   4704.0000    3.43770E-14
   4706.0000    3.34030E-14
   4708.0000    3.35560E-14
   4710.0000    3.43180E-14
   4712.0000    3.41990E-14
   4714.0000    3.42760E-14
   4716.0000    3.49030E-14
   4718.0000    3.47090E-14
   4720.0000    3.52220E-14
   4722.0000    3.36080E-14
   4724.0000    3.45010E-14
   4726.0000    3.49990E-14
   4728.0000    3.50200E-14
   4730.0000    3.43650E-14
   4732.0000    3.50520E-14
   4734.0000    3.45600E-14
   4736.0000    3.46880E-14
   4738.0000    3.48710E-14
   4740.0000    3.35080E-14
   4742.0000    3.48810E-14
   4744.0000    3.44980E-14
   4746.0000    3.51430E-14
   4748.0000    3.62280E-14
   4750.0000    3.53820E-14
   4752.0000    3.54870E-14
   4754.0000    3.52010E-14
   4756.0000    3.54700E-14
   4758.0000    3.58010E-14
   4760.0000    3.55540E-14
   4762.0000    3.56730E-14
   4764.0000    3.42950E-14
   4766.0000    3.51560E-14
   4768.0000    3.46160E-14
   4770.0000    3.47460E-14
   4772.0000    3.43690E-14
   4774.0000    3.60310E-14
   4776.0000    3.50600E-14
   4778.0000    3.48280E-14
   4780.0000    3.52320E-14
   4782.0000    3.52160E-14
   4784.0000    3.49840E-14
   4786.0000    3.46340E-14
   4788.0000    3.57160E-14
   4790.0000    3.49570E-14
   4792.0000    3.55020E-14
   4794.0000    3.63650E-14
   4796.0000    3.60340E-14
   4798.0000    3.63590E-14
   4800.0000    3.64000E-14
   4802.0000    3.66760E-14
   4804.0000    3.62330E-14
   4806.0000    3.56780E-14
   4808.0000    3.64140E-14
   4810.0000    3.60090E-14
   4812.0000    3.57600E-14
   4814.0000    3.64350E-14
   4816.0000    3.60770E-14
   4818.0000    3.63350E-14
   4820.0000    3.62100E-14
   4822.0000    3.50180E-14
   4824.0000    3.67890E-14
   4826.0000    3.65290E-14
   4828.0000    3.53150E-14
   4830.0000    3.59440E-14
   4832.0000    3.63840E-14
   4834.0000    3.60260E-14
   4836.0000    3.60720E-14
   4838.0000    3.49840E-14
   4840.0000    3.56320E-14
   4842.0000    3.50180E-14
   4844.0000    3.46630E-14
   4846.0000    3.56780E-14
   4848.0000    3.45020E-14
   4850.0000    3.36810E-14
   4852.0000    3.40900E-14
   4854.0000    3.31500E-14
   4856.0000    3.24450E-14
   4858.0000    3.17700E-14
   4860.0000    3.16350E-14
   4862.0000    3.13820E-14
   4864.0000    3.17860E-14
   4866.0000    3.17580E-14
   4868.0000    3.12350E-14
   4870.0000    3.08670E-14
   4872.0000    3.26230E-14
   4874.0000    3.23270E-14
   4876.0000    3.32970E-14
   4878.0000    3.31330E-14
   4880.0000    3.35990E-14
   4882.0000    3.40850E-14
   4884.0000    3.41480E-14
   4886.0000    3.44140E-14
   4888.0000    3.45630E-14
   4890.0000    3.54790E-14
   4892.0000    3.45350E-14
   4894.0000    3.44240E-14
   4896.0000    3.63090E-14
   4898.0000    3.53400E-14
   4900.0000    3.59720E-14
   4902.0000    3.55290E-14
   4904.0000    3.59060E-14
   4906.0000    3.60530E-14
   4908.0000    3.62790E-14
   4910.0000    3.66410E-14
   4912.0000    3.61670E-14
   4914.0000    3.60330E-14
   4916.0000    3.54430E-14
   4918.0000    3.55680E-14
   4920.0000    3.54990E-14
   4922.0000    3.48800E-14
   4924.0000    3.45780E-14
   4926.0000    3.46420E-14
   4928.0000    3.54250E-14
   4930.0000    3.52070E-14
   4932.0000    3.57760E-14
   4934.0000    3.54040E-14
   4936.0000    3.55220E-14
   4938.0000    3.57910E-14
   4940.0000    3.53500E-14
   4942.0000    3.66980E-14
   4944.0000    3.57770E-14
   4946.0000    3.65790E-14
   4948.0000    3.61360E-14
   4950.0000    3.55530E-14
   4952.0000    3.57120E-14
   4954.0000    3.62170E-14
   4956.0000    3.67390E-14
   4958.0000    3.58060E-14
   4960.0000    3.50390E-14
   4962.0000    3.47250E-14
   4964.0000    3.67840E-14
   4966.0000    3.53550E-14
   4968.0000    3.49440E-14
   4970.0000    3.61340E-14
   4972.0000    3.50500E-14
   4974.0000    3.64360E-14
   4976.0000    3.49630E-14
   4978.0000    3.46320E-14
   4980.0000    3.52120E-14
   4982.0000    3.51400E-14
   4984.0000    3.51400E-14
   4986.0000    3.45900E-14
   4988.0000    3.37220E-14
   4990.0000    3.44170E-14
   4992.0000    3.45920E-14
   4994.0000    3.48490E-14
   4996.0000    3.43870E-14
   4998.0000    3.51380E-14
   5000.0000    3.40020E-14
   5002.0000    3.41130E-14
   5004.0000    3.45200E-14
   5006.0000    3.44770E-14
   5008.0000    3.35190E-14
   5010.0000    3.41130E-14
   5012.0000    3.30110E-14
   5014.0000    3.39320E-14
   5016.0000    3.40100E-14
   5018.0000    3.34760E-14
   5020.0000    3.36350E-14
   5022.0000    3.41680E-14
   5024.0000    3.31910E-14
   5026.0000    3.32830E-14
   5028.0000    3.36270E-14
   5030.0000    3.44680E-14
   5032.0000    3.41540E-14
   5034.0000    3.42840E-14
   5036.0000    3.38120E-14
   5038.0000    3.47290E-14
   5040.0000    3.40540E-14
   5042.0000    3.33380E-14
   5044.0000    3.31670E-14
   5046.0000    3.40310E-14
   5048.0000    3.49750E-14
   5050.0000    3.43800E-14
   5052.0000    3.44600E-14
   5054.0000    3.40670E-14
   5056.0000    3.53150E-14
   5058.0000    3.56180E-14
   5060.0000    3.51210E-14
   5062.0000    3.38440E-14
   5064.0000    3.61630E-14
   5066.0000    3.53980E-14
   5068.0000    3.50710E-14
   5070.0000    3.43130E-14
   5072.0000    3.39420E-14
   5074.0000    3.45510E-14
   5076.0000    3.43730E-14
   5078.0000    3.40520E-14
   5080.0000    3.37700E-14
   5082.0000    3.45080E-14
   5084.0000    3.34150E-14
   5086.0000    3.42780E-14
   5088.0000    3.41870E-14
   5090.0000    3.58440E-14
   5092.0000    3.50890E-14
   5094.0000    3.56700E-14
   5096.0000    3.46370E-14
   5098.0000    3.46340E-14
   5100.0000    3.46160E-14
   5102.0000    3.44130E-14
   5104.0000    3.51490E-14
   5106.0000    3.47940E-14
   5108.0000    3.41790E-14
   5110.0000    3.50420E-14
   5112.0000    3.38640E-14
   5114.0000    3.52370E-14
   5116.0000    3.55030E-14
   5118.0000    3.50470E-14
   5120.0000    3.50990E-14
   5122.0000    3.48800E-14
   5124.0000    3.45570E-14
   5126.0000    3.39370E-14
   5128.0000    3.35900E-14
   5130.0000    3.43970E-14
   5132.0000    3.54900E-14
   5134.0000    3.43060E-14
   5136.0000    3.42450E-14
   5138.0000    3.36780E-14
   5140.0000    3.44420E-14
   5142.0000    3.39300E-14
   5144.0000    3.38950E-14
   5146.0000    3.30860E-14
   5148.0000    3.36800E-14
   5150.0000    3.30850E-14
   5152.0000    3.43950E-14
   5154.0000    3.41020E-14
   5156.0000    3.42710E-14
   5158.0000    3.39440E-14
   5160.0000    3.23570E-14
   5162.0000    3.34920E-14
   5164.0000    3.33110E-14
   5166.0000    3.25780E-14
   5168.0000    3.18270E-14
   5170.0000    3.16770E-14
   5172.0000    3.12570E-14
   5174.0000    3.15670E-14
   5176.0000    3.07200E-14
   5178.0000    2.99860E-14
   5180.0000    3.09960E-14
   5182.0000    3.06530E-14
   5184.0000    3.11410E-14
   5186.0000    3.19160E-14
   5188.0000    3.21210E-14
   5190.0000    3.14600E-14
   5192.0000    3.24570E-14
   5194.0000    3.17100E-14
   5196.0000    3.27000E-14
   5198.0000    3.35200E-14
   5200.0000    3.38550E-14
   5202.0000    3.34600E-14
   5204.0000    3.41570E-14
   5206.0000    3.38120E-14
   5208.0000    3.28460E-14
   5210.0000    3.29530E-14
   5212.0000    3.39800E-14
   5214.0000    3.40300E-14
   5216.0000    3.47360E-14
   5218.0000    3.35780E-14
   5220.0000    3.54490E-14
   5222.0000    3.49220E-14
   5224.0000    3.52280E-14
   5226.0000    3.41480E-14
   5228.0000    3.53430E-14
   5230.0000    3.49270E-14
   5232.0000    3.59890E-14
   5234.0000    3.57570E-14
   5236.0000    3.46590E-14
   5238.0000    3.61910E-14
   5240.0000    3.61250E-14
   5242.0000    3.64820E-14
   5244.0000    3.63280E-14
   5246.0000    3.63590E-14
   5248.0000    3.51420E-14
   5250.0000    3.67670E-14
   5252.0000    3.60470E-14
   5254.0000    3.59020E-14
   5256.0000    3.49470E-14
   5258.0000    3.50500E-14
   5260.0000    3.54850E-14
   5262.0000    3.41890E-14
   5264.0000    3.37530E-14
   5266.0000    3.35520E-14
   5268.0000    3.30290E-14
   5270.0000    3.35230E-14
   5272.0000    3.32280E-14
   5274.0000    3.37600E-14
   5276.0000    3.35710E-14
   5278.0000    3.39220E-14
   5280.0000    3.43510E-14
   5282.0000    3.54760E-14
   5284.0000    3.59390E-14
   5286.0000    3.56680E-14
   5288.0000    3.64780E-14
   5290.0000    3.65950E-14
   5292.0000    3.69810E-14
   5294.0000    3.70970E-14
   5296.0000    3.73720E-14
   5298.0000    3.68690E-14
   5300.0000    3.67160E-14
   5302.0000    3.61830E-14
   5304.0000    3.65190E-14
   5306.0000    3.73170E-14
   5308.0000    3.78580E-14
   5310.0000    3.69920E-14
   5312.0000    3.63070E-14
   5314.0000    3.67170E-14
   5316.0000    3.73610E-14
   5318.0000    3.67100E-14
   5320.0000    3.63820E-14
   5322.0000    3.65800E-14
   5324.0000    3.68080E-14
   5326.0000    3.62930E-14
   5328.0000    3.53670E-14
   5330.0000    3.59230E-14
   5332.0000    3.63650E-14
   5334.0000    3.56940E-14
   5336.0000    3.61700E-14
   5338.0000    3.56810E-14
   5340.0000    3.64770E-14
   5342.0000    3.75930E-14
   5344.0000    3.58510E-14
   5346.0000    3.68580E-14
   5348.0000    3.65070E-14
   5350.0000    3.64970E-14
   5352.0000    3.62380E-14
   5354.0000    3.72300E-14
   5356.0000    3.78190E-14
   5358.0000    3.68850E-14
   5360.0000    3.80800E-14
   5362.0000    3.67520E-14
   5364.0000    3.71720E-14
   5366.0000    3.71570E-14
   5368.0000    3.72400E-14
   5370.0000    3.74830E-14
   5372.0000    3.74210E-14
   5374.0000    3.74580E-14
   5376.0000    3.72820E-14
   5378.0000    3.60070E-14
   5380.0000    3.64570E-14
   5382.0000    3.75890E-14
   5384.0000    3.72470E-14
   5386.0000    3.68430E-14
   5388.0000    3.64360E-14
   5390.0000    3.67010E-14
   5392.0000    3.61470E-14
   5394.0000    3.61670E-14
   5396.0000    3.67670E-14
   5398.0000    3.73730E-14
   5400.0000    3.59350E-14
   5402.0000    3.52840E-14
   5404.0000    3.60000E-14
   5406.0000    3.55160E-14
   5408.0000    3.58070E-14
   5410.0000    3.53900E-14
   5412.0000    3.60220E-14
   5414.0000    3.57570E-14
   5416.0000    3.63810E-14
   5418.0000    3.67090E-14
   5420.0000    3.61610E-14
   5422.0000    3.73870E-14
   5424.0000    3.58920E-14
   5426.0000    3.69230E-14
   5428.0000    3.67180E-14
   5430.0000    3.82170E-14
   5432.0000    3.63210E-14
   5434.0000    3.59740E-14
   5436.0000    3.63000E-14
   5438.0000    3.72010E-14
   5440.0000    3.67820E-14
   5442.0000    3.81610E-14
   5444.0000    3.69360E-14
   5446.0000    3.76060E-14
   5448.0000    3.65220E-14
   5450.0000    3.65160E-14
   5452.0000    3.67280E-14
   5454.0000    3.72310E-14
   5456.0000    3.63230E-14
   5458.0000    3.69940E-14
   5460.0000    3.64840E-14
   5462.0000    3.72930E-14
   5464.0000    3.72390E-14
   5466.0000    3.65140E-14
   5468.0000    3.66510E-14
   5470.0000    3.64380E-14
   5472.0000    3.71770E-14
   5474.0000    3.67810E-14
   5476.0000    3.66840E-14
   5478.0000    3.68550E-14
   5480.0000    3.59410E-14
   5482.0000    3.57020E-14
   5484.0000    3.63340E-14
   5486.0000    3.75780E-14
   5488.0000    3.72480E-14
   5490.0000    3.69810E-14
   5492.0000    3.71090E-14
   5494.0000    3.69880E-14
   5496.0000    3.69580E-14
   5498.0000    3.76660E-14
   5500.0000    3.70390E-14
   5502.0000    3.66660E-14
   5504.0000    3.50930E-14
   5506.0000    3.70690E-14
   5508.0000    3.69510E-14
   5510.0000    3.72080E-14
   5512.0000    3.65270E-14
   5514.0000    3.80210E-14
   5516.0000    3.72210E-14
   5518.0000    3.61750E-14
   5520.0000    3.67770E-14
   5522.0000    3.70920E-14
   5524.0000    3.65900E-14
   5526.0000    3.73330E-14
   5528.0000    3.61410E-14
   5530.0000    3.76890E-14
   5532.0000    3.61580E-14
   5534.0000    3.75470E-14
   5536.0000    3.76090E-14
   5538.0000    3.72310E-14
   5540.0000    3.60550E-14
   5542.0000    3.64600E-14
   5544.0000    3.77270E-14
   5546.0000    3.67780E-14
   5548.0000    3.82700E-14
   5550.0000    3.72970E-14
   5552.0000    3.74040E-14
   5554.0000    3.75140E-14
   5556.0000    3.71080E-14
   5558.0000    3.80900E-14
   5560.0000    3.62700E-14
   5562.0000    3.62750E-14
   5564.0000    3.70930E-14
   5566.0000    3.67810E-14
   5568.0000    3.68950E-14
   5570.0000    3.68410E-14
   5572.0000    3.71720E-14
   5574.0000    3.72030E-14
   5576.0000    3.65980E-14
   5578.0000    3.67010E-14
   5580.0000    3.60040E-14
   5582.0000    3.66960E-14
   5584.0000    3.69180E-14
   5586.0000    3.66510E-14
   5588.0000    3.56910E-14
   5590.0000    3.65000E-14
   5592.0000    3.78700E-14
   5594.0000    3.65770E-14
   5596.0000    3.57630E-14
   5598.0000    3.63090E-14
   5600.0000    3.67520E-14
   5602.0000    3.53740E-14
   5604.0000    3.75620E-14
   5606.0000    3.75180E-14
   5608.0000    3.72030E-14
   5610.0000    3.71680E-14
   5612.0000    3.70910E-14
   5614.0000    3.64730E-14
   5616.0000    3.72190E-14
   5618.0000    3.69000E-14
   5620.0000    3.76720E-14
   5622.0000    3.71190E-14
   5624.0000    3.75260E-14
   5626.0000    3.77400E-14
   5628.0000    3.76660E-14
   5630.0000    3.71670E-14
   5632.0000    3.83760E-14
   5634.0000    3.67170E-14
   5636.0000    3.78100E-14
   5638.0000    3.74850E-14
   5640.0000    3.79460E-14
   5642.0000    3.71790E-14
   5644.0000    3.66000E-14
   5646.0000    3.70240E-14
   5648.0000    3.83250E-14
   5650.0000    3.79540E-14
   5652.0000    3.73010E-14
   5654.0000    3.69950E-14
   5656.0000    3.75230E-14
   5658.0000    3.63410E-14
   5660.0000    3.59740E-14
   5662.0000    3.70760E-14
   5664.0000    3.76010E-14
   5666.0000    3.86210E-14
   5668.0000    3.76530E-14
   5670.0000    3.72310E-14
   5672.0000    3.74760E-14
   5674.0000    3.76130E-14
   5676.0000    3.73360E-14
   5678.0000    3.71130E-14
   5680.0000    3.82100E-14
   5682.0000    3.67340E-14
   5684.0000    3.81900E-14
   5686.0000    3.72330E-14
   5688.0000    3.74200E-14
   5690.0000    3.68480E-14
   5692.0000    3.74760E-14
   5694.0000    3.72200E-14
   5696.0000    3.75610E-14
   5698.0000    3.78380E-14
   5700.0000    3.71020E-14
   5702.0000    3.77480E-14
   5704.0000    3.85010E-14
   5706.0000    3.63300E-14
   5708.0000    3.80410E-14
   5710.0000    3.61940E-14
   5712.0000    3.77550E-14
   5714.0000    3.75440E-14
   5716.0000    3.80530E-14
   5718.0000    3.82960E-14
   5720.0000    3.77890E-14
   5722.0000    3.77010E-14
   5724.0000    3.79090E-14
   5726.0000    3.87280E-14
   5728.0000    3.81280E-14
   5730.0000    3.85530E-14
   5732.0000    3.78310E-14
   5734.0000    3.79150E-14
   5736.0000    3.85850E-14
   5738.0000    3.88140E-14
   5740.0000    3.84850E-14
   5742.0000    3.94770E-14
   5744.0000    3.89280E-14
   5746.0000    3.88450E-14
   5748.0000    3.73770E-14
   5750.0000    3.85170E-14
   5752.0000    3.88990E-14
   5754.0000    3.88830E-14
   5756.0000    3.80870E-14
   5758.0000    3.89450E-14
   5760.0000    3.88710E-14
   5762.0000    3.86880E-14
   5764.0000    3.85890E-14
   5766.0000    3.90310E-14
   5768.0000    3.86930E-14
   5770.0000    3.92030E-14
   5772.0000    3.87180E-14
   5774.0000    3.80460E-14
   5776.0000    3.80710E-14
   5778.0000    3.81430E-14
   5780.0000    3.76250E-14
   5782.0000    3.80250E-14
   5784.0000    3.80050E-14
   5786.0000    3.84600E-14
   5788.0000    3.86780E-14
   5790.0000    3.85960E-14
   5792.0000    3.86860E-14
   5794.0000    3.85750E-14
   5796.0000    3.79950E-14
   5798.0000    3.90140E-14
   5800.0000    3.95370E-14
   5802.0000    3.90660E-14
   5804.0000    3.87490E-14
   5806.0000    3.89460E-14
   5808.0000    3.89250E-14
   5810.0000    3.83610E-14
   5812.0000    3.87310E-14
   5814.0000    3.94130E-14
   5816.0000    3.84570E-14
   5818.0000    3.92910E-14
   5820.0000    3.92020E-14
   5822.0000    3.93440E-14
   5824.0000    3.91640E-14
   5826.0000    3.81690E-14
   5828.0000    3.94020E-14
   5830.0000    3.98900E-14
   5832.0000    3.92800E-14
   5834.0000    3.91180E-14
   5836.0000    4.01720E-14
   5838.0000    3.98030E-14
   5840.0000    3.83960E-14
   5842.0000    3.88600E-14
   5844.0000    3.95290E-14
   5846.0000    3.91690E-14
   5848.0000    3.84960E-14
   5850.0000    3.85190E-14
   5852.0000    3.77510E-14
   5854.0000    3.81320E-14
   5856.0000    3.86030E-14
   5858.0000    3.78040E-14
   5860.0000    3.78050E-14
   5862.0000    3.90830E-14
   5864.0000    3.80550E-14
   5866.0000    3.79430E-14
   5868.0000    3.82530E-14
   5870.0000    3.67650E-14
   5872.0000    3.87730E-14
   5874.0000    3.81190E-14
   5876.0000    3.78420E-14
   5878.0000    3.76210E-14
   5880.0000    3.77790E-14
   5882.0000    3.72430E-14
   5884.0000    3.75780E-14
   5886.0000    3.68420E-14
   5888.0000    3.56080E-14
   5890.0000    3.58710E-14
   5892.0000    3.51010E-14
   5894.0000    3.42920E-14
   5896.0000    3.37940E-14
   5898.0000    3.42740E-14
   5900.0000    3.43960E-14
   5902.0000    3.56550E-14
   5904.0000    3.62700E-14
   5906.0000    3.63920E-14
   5908.0000    3.62130E-14
   5910.0000    3.61260E-14
   5912.0000    3.63160E-14
   5914.0000    3.66880E-14
   5916.0000    3.78390E-14
   5918.0000    3.81960E-14
   5920.0000    3.68320E-14
   5922.0000    3.82880E-14
   5924.0000    3.83190E-14
   5926.0000    3.83690E-14
   5928.0000    3.83220E-14
   5930.0000    3.76730E-14
   5932.0000    3.75780E-14
   5934.0000    3.81460E-14
   5936.0000    3.79570E-14
   5938.0000    3.89740E-14
   5940.0000    3.77840E-14
   5942.0000    3.79710E-14
   5944.0000    3.81690E-14
   5946.0000    3.70560E-14
   5948.0000    3.77420E-14
   5950.0000    3.81340E-14
   5952.0000    3.73760E-14
   5954.0000    3.69590E-14
   5956.0000    3.71620E-14
   5958.0000    3.83190E-14
   5960.0000    3.82040E-14
   5962.0000    3.78250E-14
   5964.0000    3.87520E-14
   5966.0000    3.82790E-14
   5968.0000    3.80420E-14
   5970.0000    3.92200E-14
   5972.0000    3.82760E-14
   5974.0000    3.80930E-14
   5976.0000    3.86740E-14
   5978.0000    3.83410E-14
   5980.0000    3.82200E-14
   5982.0000    3.80980E-14
   5984.0000    3.86380E-14
   5986.0000    3.77820E-14
   5988.0000    3.85870E-14
   5990.0000    3.83610E-14
   5992.0000    3.74950E-14
   5994.0000    3.76370E-14
   5996.0000    3.72940E-14
   5998.0000    3.78900E-14
   6000.0000    3.84860E-14
   6002.0000    3.85080E-14
   6004.0000    3.76830E-14
   6006.0000    3.79800E-14
   6008.0000    3.81810E-14
   6010.0000    3.77780E-14
   6012.0000    3.84560E-14
   6014.0000    3.87380E-14
   6016.0000    3.80290E-14
   6018.0000    3.79410E-14
   6020.0000    3.76200E-14
   6022.0000    3.78130E-14
   6024.0000    3.78610E-14
   6026.0000    3.78850E-14
   6028.0000    3.79750E-14
   6030.0000    3.78210E-14
   6032.0000    3.83290E-14
   6034.0000    3.74730E-14
   6036.0000    3.88620E-14
   6038.0000    3.87590E-14
   6040.0000    3.92090E-14
   6042.0000    3.84580E-14
   6044.0000    3.85030E-14
   6046.0000    3.93830E-14
   6048.0000    3.91130E-14
   6050.0000    3.88740E-14
   6052.0000    3.87380E-14
   6054.0000    3.94080E-14
   6056.0000    3.85110E-14
   6058.0000    3.93390E-14
   6060.0000    3.94340E-14
   6062.0000    3.91560E-14
   6064.0000    3.82480E-14
   6066.0000    3.89130E-14
   6068.0000    3.82570E-14
   6070.0000    3.84560E-14
   6072.0000    3.87630E-14
   6074.0000    3.94080E-14
   6076.0000    3.82270E-14
   6078.0000    3.89770E-14
   6080.0000    3.91120E-14
   6082.0000    3.95160E-14
   6084.0000    3.92220E-14
   6086.0000    3.82860E-14
   6088.0000    3.89430E-14
   6090.0000    3.83340E-14
   6092.0000    3.91700E-14
   6094.0000    3.87850E-14
   6096.0000    3.87290E-14
   6098.0000    3.88360E-14
   6100.0000    3.90390E-14
   6102.0000    3.85990E-14
   6104.0000    3.88710E-14
   6106.0000    3.83090E-14
   6108.0000    3.82260E-14
   6110.0000    3.76460E-14
   6112.0000    3.86290E-14
   6114.0000    3.84820E-14
   6116.0000    3.95160E-14
   6118.0000    3.92050E-14
   6120.0000    3.83020E-14
   6122.0000    3.78560E-14
   6124.0000    3.85050E-14
   6126.0000    3.86600E-14
   6128.0000    3.76040E-14
   6130.0000    3.77270E-14
   6132.0000    3.82270E-14
   6134.0000    3.84390E-14
   6136.0000    3.69970E-14
   6138.0000    3.82480E-14
   6140.0000    3.74760E-14
   6142.0000    3.73820E-14
   6144.0000    3.71490E-14
   6146.0000    3.76100E-14
   6148.0000    3.79940E-14
   6150.0000    3.68150E-14
   6152.0000    3.77410E-14
   6154.0000    3.72960E-14
   6156.0000    3.84070E-14
   6158.0000    3.78020E-14
   6160.0000    3.75680E-14
   6162.0000    3.54120E-14
   6164.0000    3.60690E-14
   6166.0000    3.60240E-14
   6168.0000    3.66820E-14
   6170.0000    3.65440E-14
   6172.0000    3.69100E-14
   6174.0000    3.75550E-14
   6176.0000    3.65030E-14
   6178.0000    3.63880E-14
   6180.0000    3.78010E-14
   6182.0000    3.75960E-14
   6184.0000    3.64190E-14
   6186.0000    3.74690E-14
   6188.0000    3.72640E-14
   6190.0000    3.83330E-14
   6192.0000    3.78150E-14
   6194.0000    3.64520E-14
   6196.0000    3.78070E-14
   6198.0000    3.75170E-14
   6200.0000    3.74430E-14
   6202.0000    3.74290E-14
   6204.0000    3.79490E-14
   6206.0000    3.64410E-14
   6208.0000    3.76810E-14
   6210.0000    3.62300E-14
   6212.0000    3.78280E-14
   6214.0000    3.78110E-14
   6216.0000    3.75490E-14
   6218.0000    3.73040E-14
   6220.0000    3.68060E-14
   6222.0000    3.71970E-14
   6224.0000    3.63080E-14
   6226.0000    3.61200E-14
   6228.0000    3.69770E-14
   6230.0000    3.67280E-14
   6232.0000    3.56990E-14
   6234.0000    3.69400E-14
   6236.0000    3.54990E-14
   6238.0000    3.74580E-14
   6240.0000    3.57210E-14
   6242.0000    3.71830E-14
   6244.0000    3.58970E-14
   6246.0000    3.54730E-14
   6248.0000    3.66010E-14
   6250.0000    3.59720E-14
   6252.0000    3.51450E-14
   6254.0000    3.61910E-14
   6256.0000    3.61470E-14
   6258.0000    3.63570E-14
   6260.0000    3.57410E-14
   6262.0000    3.56170E-14
   6264.0000    3.66950E-14
   6266.0000    3.65630E-14
   6268.0000    3.57570E-14
   6270.0000    3.71690E-14
   6272.0000    3.64490E-14
   6274.0000    3.63570E-14
   6276.0000    3.63080E-14
   6278.0000    3.69500E-14
   6280.0000    3.57730E-14
   6282.0000    3.70280E-14
   6284.0000    3.64460E-14
   6286.0000    3.70550E-14
   6288.0000    3.61310E-14
   6290.0000    3.66300E-14
   6292.0000    3.64800E-14
   6294.0000    3.62030E-14
   6296.0000    3.70350E-14
   6298.0000    3.76400E-14
   6300.0000    3.65790E-14
   6302.0000    3.68470E-14
   6304.0000    3.76040E-14
   6306.0000    3.74550E-14
   6308.0000    3.70590E-14
   6310.0000    3.65440E-14
   6312.0000    3.61180E-14
   6314.0000    3.77230E-14
   6316.0000    3.62290E-14
   6318.0000    3.67620E-14
   6320.0000    3.67430E-14
   6322.0000    3.69390E-14
   6324.0000    3.66940E-14
   6326.0000    3.76950E-14
   6328.0000    3.74050E-14
   6330.0000    3.69590E-14
   6332.0000    3.68050E-14
   6334.0000    3.79510E-14
   6336.0000    3.74540E-14
   6338.0000    3.77660E-14
   6340.0000    3.70730E-14
   6342.0000    3.70730E-14
   6344.0000    3.89450E-14
   6346.0000    3.74760E-14
   6348.0000    3.69640E-14
   6350.0000    3.70130E-14
   6352.0000    3.70140E-14
   6354.0000    3.77140E-14
   6356.0000    3.88390E-14
   6358.0000    3.81160E-14
   6360.0000    3.69550E-14
   6362.0000    3.72990E-14
   6364.0000    3.83920E-14
   6366.0000    3.73560E-14
   6368.0000    3.80760E-14
   6370.0000    3.82720E-14
   6372.0000    3.65170E-14
   6374.0000    3.78390E-14
   6376.0000    3.76760E-14
   6378.0000    3.81570E-14
   6380.0000    3.78340E-14
   6382.0000    3.83720E-14
   6384.0000    3.81400E-14
   6386.0000    3.74950E-14
   6388.0000    3.74380E-14
   6390.0000    3.86160E-14
   6392.0000    3.77860E-14
   6394.0000    3.73580E-14
   6396.0000    3.78310E-14
   6398.0000    3.80870E-14
   6400.0000    3.75040E-14
   6402.0000    3.77010E-14
   6404.0000    3.78300E-14
   6406.0000    3.75680E-14
   6408.0000    3.71810E-14
   6410.0000    3.84420E-14
   6412.0000    3.95200E-14
   6414.0000    3.88630E-14
   6416.0000    3.74520E-14
   6418.0000    3.85160E-14
   6420.0000    3.82220E-14
   6422.0000    3.76090E-14
   6424.0000    3.77590E-14
   6426.0000    3.79110E-14
   6428.0000    3.85210E-14
   6430.0000    3.78490E-14
   6432.0000    3.82680E-14
   6434.0000    3.84510E-14
   6436.0000    3.77220E-14
   6438.0000    3.89990E-14
   6440.0000    3.73670E-14
   6442.0000    3.76760E-14
   6444.0000    3.92070E-14
   6446.0000    3.76100E-14
   6448.0000    3.78990E-14
   6450.0000    3.80980E-14
   6452.0000    3.85770E-14
   6454.0000    3.84480E-14
   6456.0000    3.79760E-14
   6458.0000    3.78110E-14
   6460.0000    3.75940E-14
   6462.0000    3.82300E-14
   6464.0000    3.82040E-14
   6466.0000    3.75850E-14
   6468.0000    3.74200E-14
   6470.0000    3.74200E-14
   6472.0000    3.80800E-14
   6474.0000    3.86580E-14
   6476.0000    3.85090E-14
   6478.0000    3.70670E-14
   6480.0000    3.77770E-14
   6482.0000    3.81540E-14
   6484.0000    3.69220E-14
   6486.0000    3.78940E-14
   6488.0000    3.69860E-14
   6490.0000    3.72520E-14
   6492.0000    3.76610E-14
   6494.0000    3.69780E-14
   6496.0000    3.69280E-14
   6498.0000    3.66730E-14
   6500.0000    3.67730E-14
   6502.0000    3.62650E-14
   6504.0000    3.76210E-14
   6506.0000    3.74280E-14
   6508.0000    3.69330E-14
   6510.0000    3.70790E-14
   6512.0000    3.71390E-14
   6514.0000    3.81870E-14
   6516.0000    3.76680E-14
   6518.0000    3.80150E-14
   6520.0000    3.68030E-14
   6522.0000    3.77410E-14
   6524.0000    3.79890E-14
   6526.0000    3.79340E-14
   6528.0000    3.80240E-14
   6530.0000    3.85250E-14
   6532.0000    3.76610E-14
   6534.0000    3.78690E-14
   6536.0000    3.90820E-14
   6538.0000    3.78420E-14
   6540.0000    3.78470E-14
   6542.0000    3.85660E-14
   6544.0000    3.79720E-14
   6546.0000    3.80650E-14
   6548.0000    3.65220E-14
   6550.0000    3.73860E-14
   6552.0000    3.70090E-14
   6554.0000    3.62640E-14
   6556.0000    3.59570E-14
   6558.0000    3.45790E-14
   6560.0000    3.43950E-14
   6562.0000    3.50490E-14
   6564.0000    3.48460E-14
   6566.0000    3.48960E-14
   6568.0000    3.44810E-14
   6570.0000    3.53230E-14
   6572.0000    3.50340E-14
   6574.0000    3.45130E-14
   6576.0000    3.55290E-14
   6578.0000    3.64620E-14
   6580.0000    3.72200E-14
   6582.0000    3.51440E-14
   6584.0000    3.69270E-14
   6586.0000    3.71970E-14
   6588.0000    3.67460E-14
   6590.0000    3.66820E-14
   6592.0000    3.67380E-14
   6594.0000    3.78160E-14
   6596.0000    3.68740E-14
   6598.0000    3.74690E-14
   6600.0000    3.75930E-14
   6602.0000    3.81590E-14
   6604.0000    3.68050E-14
   6606.0000    3.72240E-14
   6608.0000    3.64960E-14
   6610.0000    3.72730E-14
   6612.0000    3.69970E-14
   6614.0000    3.76970E-14
   6616.0000    3.81370E-14
   6618.0000    3.70360E-14
   6620.0000    3.82820E-14
   6622.0000    3.78420E-14
   6624.0000    3.77640E-14
   6626.0000    3.65110E-14
   6628.0000    3.70320E-14
   6630.0000    3.74790E-14
   6632.0000    3.76290E-14
   6634.0000    3.78410E-14
   6636.0000    3.75020E-14
   6638.0000    3.70720E-14
   6640.0000    3.66690E-14
   6642.0000    3.79930E-14
   6644.0000    3.73960E-14
   6646.0000    3.64530E-14
   6648.0000    3.73080E-14
   6650.0000    3.73730E-14
   6652.0000    3.78060E-14
   6654.0000    3.70130E-14
   6656.0000    3.70070E-14
   6658.0000    3.80960E-14
   6660.0000    3.72690E-14
   6662.0000    3.68990E-14
   6664.0000    3.65310E-14
   6666.0000    3.65490E-14
   6668.0000    3.68190E-14
   6670.0000    3.69860E-14
   6672.0000    3.71880E-14
   6674.0000    3.71070E-14
   6676.0000    3.74250E-14
   6678.0000    3.72270E-14
   6680.0000    3.73000E-14
   6682.0000    3.65390E-14
   6684.0000    3.68680E-14
   6686.0000    3.70680E-14
   6688.0000    3.68950E-14
   6690.0000    3.68780E-14
   6692.0000    3.66750E-14
   6694.0000    3.65860E-14
   6696.0000    3.79580E-14
   6698.0000    3.68500E-14
   6700.0000    3.55360E-14
   6702.0000    3.65800E-14
   6704.0000    3.60930E-14
   6706.0000    3.66940E-14
   6708.0000    3.72070E-14
   6710.0000    3.63560E-14
   6712.0000    3.62010E-14
   6714.0000    3.62860E-14
   6716.0000    3.63430E-14
   6718.0000    3.67060E-14
   6720.0000    3.54870E-14
   6722.0000    3.64900E-14
   6724.0000    3.57070E-14
   6726.0000    3.57510E-14
   6728.0000    3.68710E-14
   6730.0000    3.59090E-14
   6732.0000    3.64120E-14
   6734.0000    3.57340E-14
   6736.0000    3.65080E-14
   6738.0000    3.72920E-14
   6740.0000    3.70070E-14
   6742.0000    3.66090E-14
   6744.0000    3.67530E-14
   6746.0000    3.65450E-14
   6748.0000    3.58810E-14
   6750.0000    3.55930E-14
   6752.0000    3.69030E-14
   6754.0000    3.66390E-14
   6756.0000    3.64670E-14
   6758.0000    3.76560E-14
   6760.0000    3.58610E-14
   6762.0000    3.71050E-14
   6764.0000    3.63310E-14
   6766.0000    3.71260E-14
   6768.0000    3.68810E-14
   6770.0000    3.67820E-14
   6772.0000    3.72640E-14
   6774.0000    3.70520E-14
   6776.0000    3.65370E-14
   6778.0000    3.56140E-14
   6780.0000    3.66670E-14
   6782.0000    3.65380E-14
   6784.0000    3.59790E-14
   6786.0000    3.66940E-14
   6788.0000    3.69740E-14
   6790.0000    3.73410E-14
   6792.0000    3.64880E-14
   6794.0000    3.70440E-14
   6796.0000    3.70650E-14
   6798.0000    3.58260E-14
   6800.0000    3.71330E-14
   6802.0000    3.65040E-14
   6804.0000    3.70040E-14
   6806.0000    3.66510E-14
   6808.0000    3.64800E-14
   6810.0000    3.66450E-14
   6812.0000    3.60390E-14
   6814.0000    3.67860E-14
   6816.0000    3.61350E-14
   6818.0000    3.50600E-14
   6820.0000    3.59010E-14
   6822.0000    3.64160E-14
   6824.0000    3.62690E-14
   6826.0000    3.58060E-14
   6828.0000    3.64980E-14
   6830.0000    3.58000E-14
   6832.0000    3.61950E-14
   6834.0000    3.63510E-14
   6836.0000    3.58530E-14
   6838.0000    3.65170E-14
   6840.0000    3.55280E-14
   6842.0000    3.62610E-14
   6844.0000    3.65790E-14
   6846.0000    3.60390E-14
   6848.0000    3.54090E-14
   6850.0000    3.60210E-14
   6852.0000    3.54420E-14
   6854.0000    3.55010E-14
   6856.0000    3.55200E-14
   6858.0000    3.65440E-14
   6860.0000    3.57000E-14
   6862.0000    3.57800E-14
   6864.0000    3.52130E-14
   6866.0000    3.64850E-14
   6868.0000    3.66890E-14
   6870.0000    3.63150E-14
   6872.0000    3.52110E-14
   6874.0000    3.66980E-14
   6876.0000    3.53430E-14
   6878.0000    3.57610E-14
   6880.0000    3.59380E-14
   6882.0000    3.72620E-14
   6884.0000    3.62740E-14
   6886.0000    3.58330E-14
   6888.0000    3.53800E-14
   6890.0000    3.63900E-14
   6892.0000    3.61070E-14
   6894.0000    3.62020E-14
   6896.0000    3.67750E-14
   6898.0000    3.55340E-14
   6900.0000    3.48720E-14
   6902.0000    3.55950E-14
   6904.0000    3.67230E-14
   6906.0000    3.58110E-14
   6908.0000    3.71370E-14
   6910.0000    3.67660E-14
   6912.0000    3.64210E-14
   6914.0000    3.71190E-14
   6916.0000    3.59850E-14
   6918.0000    3.72010E-14
   6920.0000    3.60630E-14
   6922.0000    3.62800E-14
   6924.0000    3.54150E-14
   6926.0000    3.57870E-14
   6928.0000    3.67570E-14
   6930.0000    3.62400E-14
   6932.0000    3.61020E-14
   6934.0000    3.59510E-14
   6936.0000    3.66820E-14
   6938.0000    3.74650E-14
   6940.0000    3.64730E-14
   6942.0000    3.71620E-14
   6944.0000    3.68480E-14
   6946.0000    3.75260E-14
   6948.0000    3.70120E-14
   6950.0000    3.68870E-14
   6952.0000    3.67270E-14
   6954.0000    3.73960E-14
   6956.0000    3.66910E-14
   6958.0000    3.69700E-14
   6960.0000    3.68380E-14
   6962.0000    3.69420E-14
   6964.0000    3.69010E-14
   6966.0000    3.74360E-14
   6968.0000    3.77610E-14
   6970.0000    3.74730E-14
   6972.0000    3.66300E-14
   6974.0000    3.66640E-14
   6976.0000    3.72760E-14
   6978.0000    3.72590E-14
   6980.0000    3.77200E-14
   6982.0000    3.62580E-14
   6984.0000    3.59010E-14
   6986.0000    3.53710E-14
   6988.0000    3.58330E-14
   6990.0000    3.66530E-14
   6992.0000    3.72580E-14
   6994.0000    3.70650E-14
   6996.0000    3.67420E-14
   6998.0000    3.76790E-14
   7000.0000    3.66000E-14
   7002.0000    3.63140E-14
   7004.0000    3.67940E-14
   7006.0000    3.59450E-14
   7008.0000    3.67420E-14
   7010.0000    3.71610E-14
   7012.0000    3.68090E-14
   7014.0000    3.67540E-14
   7016.0000    3.66760E-14
   7018.0000    3.66410E-14
   7020.0000    3.74400E-14
   7022.0000    3.68390E-14
   7024.0000    3.65770E-14
   7026.0000    3.75150E-14
   7028.0000    3.73490E-14
   7030.0000    3.67720E-14
   7032.0000    3.65620E-14
   7034.0000    3.69390E-14
   7036.0000    3.71070E-14
   7038.0000    3.66870E-14
   7040.0000    3.77230E-14
   7042.0000    3.75320E-14
   7044.0000    3.69100E-14
   7046.0000    3.63400E-14
   7048.0000    3.80070E-14
   7050.0000    3.81760E-14
   7052.0000    3.69570E-14
   7054.0000    3.86440E-14
   7056.0000    3.70240E-14
   7058.0000    3.72710E-14
   7060.0000    3.77220E-14
   7062.0000    3.70100E-14
   7064.0000    3.77540E-14
   7066.0000    3.65800E-14
   7068.0000    3.70090E-14
   7070.0000    3.57150E-14
   7072.0000    3.75050E-14
   7074.0000    3.77860E-14
   7076.0000    3.68950E-14
   7078.0000    3.71800E-14
   7080.0000    3.70680E-14
   7082.0000    3.64310E-14
   7084.0000    3.56880E-14
   7086.0000    3.75930E-14
   7088.0000    3.59200E-14
   7090.0000    3.61660E-14
   7092.0000    3.58800E-14
   7094.0000    3.60180E-14
   7096.0000    3.55500E-14
   7098.0000    3.67290E-14
   7100.0000    3.59470E-14
   7102.0000    3.65130E-14
   7104.0000    3.60320E-14
   7106.0000    3.61160E-14
   7108.0000    3.48900E-14
   7110.0000    3.58790E-14
   7112.0000    3.55430E-14
   7114.0000    3.56830E-14
   7116.0000    3.67770E-14
   7118.0000    3.70820E-14
   7120.0000    3.41760E-14
   7122.0000    3.72350E-14
   7124.0000    3.57510E-14
   7126.0000    3.50550E-14
   7128.0000    3.55080E-14
   7130.0000    3.51650E-14
   7132.0000    3.56730E-14
   7134.0000    3.52680E-14
   7136.0000    3.57140E-14
   7138.0000    3.56000E-14
   7140.0000    3.54870E-14
   7142.0000    3.44800E-14
   7144.0000    3.57160E-14
   7146.0000    3.56150E-14
   7148.0000    3.54680E-14
   7150.0000    3.51750E-14
   7152.0000    3.58660E-14
   7154.0000    3.57390E-14
   7156.0000    3.48970E-14
   7158.0000    3.60090E-14
   7160.0000    3.51140E-14
   7162.0000    3.59290E-14
   7164.0000    3.44260E-14
   7166.0000    3.51690E-14
   7168.0000    3.49330E-14
   7170.0000    3.51520E-14
   7172.0000    3.45860E-14
   7174.0000    3.47650E-14
   7176.0000    3.48570E-14
   7178.0000    3.45740E-14
   7180.0000    3.56720E-14
   7182.0000    3.45250E-14
   7184.0000    3.41040E-14
   7186.0000    3.44980E-14
   7188.0000    3.36920E-14
   7190.0000    3.57510E-14
   7192.0000    3.38170E-14
   7194.0000    3.44080E-14
   7196.0000    3.52710E-14
   7198.0000    3.46570E-14
   7200.0000    3.45610E-14
   7202.0000    3.50800E-14
   7204.0000    3.53820E-14
   7206.0000    3.52560E-14
   7208.0000    3.52920E-14
   7210.0000    3.44830E-14
   7212.0000    3.54320E-14
   7214.0000    3.46830E-14
   7216.0000    3.55030E-14
   7218.0000    3.52390E-14
   7220.0000    3.55200E-14
   7222.0000    3.55340E-14
   7224.0000    3.49210E-14
   7226.0000    3.64170E-14
   7228.0000    3.44940E-14
   7230.0000    3.58300E-14
   7232.0000    3.55380E-14
   7234.0000    3.51560E-14
   7236.0000    3.55320E-14
   7238.0000    3.62170E-14
   7240.0000    3.63760E-14
   7242.0000    3.56520E-14
   7244.0000    3.60970E-14
   7246.0000    3.53880E-14
   7248.0000    3.63380E-14
   7250.0000    3.57520E-14
   7252.0000    3.55730E-14
   7254.0000    3.65670E-14
   7256.0000    3.56580E-14
   7258.0000    3.56420E-14
   7260.0000    3.54230E-14
   7262.0000    3.55750E-14
   7264.0000    3.66030E-14
   7266.0000    3.59560E-14
   7268.0000    3.74430E-14
   7270.0000    3.68380E-14
   7272.0000    3.71440E-14
   7274.0000    3.59580E-14
   7276.0000    3.66850E-14
   7278.0000    3.65980E-14
   7280.0000    3.53880E-14
   7282.0000    3.64240E-14
   7284.0000    3.60050E-14
   7286.0000    3.65820E-14
   7288.0000    3.62350E-14
   7290.0000    3.59280E-14
   7292.0000    3.58260E-14
   7294.0000    3.65640E-14
   7296.0000    3.73280E-14
   7298.0000    3.67050E-14
   7300.0000    3.66170E-14
   7302.0000    3.71850E-14
   7304.0000    3.64370E-14
   7306.0000    3.67530E-14
   7308.0000    3.67380E-14
   7310.0000    3.65680E-14
   7312.0000    3.72880E-14
   7314.0000    3.65680E-14
   7316.0000    3.74890E-14
   7318.0000    3.74460E-14
   7320.0000    3.73280E-14
   7322.0000    3.66050E-14
   7324.0000    3.76210E-14
   7326.0000    3.62880E-14
   7328.0000    3.66380E-14
   7330.0000    3.72610E-14
   7332.0000    3.77920E-14
   7334.0000    3.70760E-14
   7336.0000    3.70400E-14
   7338.0000    3.79320E-14
   7340.0000    3.63260E-14
   7342.0000    3.74490E-14
   7344.0000    3.75800E-14
   7346.0000    3.74080E-14
   7348.0000    3.66170E-14
   7350.0000    3.77490E-14
   7352.0000    3.66190E-14
   7354.0000    3.76400E-14
   7356.0000    3.80670E-14
   7358.0000    3.69100E-14
   7360.0000    3.79080E-14
   7362.0000    3.72540E-14
   7364.0000    3.81580E-14
   7366.0000    3.73070E-14
   7368.0000    3.73230E-14
   7370.0000    3.71940E-14
   7372.0000    3.68670E-14
   7374.0000    3.71520E-14
   7376.0000    3.67370E-14
   7378.0000    3.70160E-14
   7380.0000    3.66780E-14
   7382.0000    3.72270E-14
   7384.0000    3.68480E-14
   7386.0000    3.64260E-14
   7388.0000    3.69780E-14
   7390.0000    3.72020E-14
   7392.0000    3.65250E-14
   7394.0000    3.74120E-14
   7396.0000    3.69920E-14
   7398.0000    3.63930E-14
   7400.0000    3.66820E-14
   7402.0000    3.68260E-14
   7404.0000    3.68380E-14
   7406.0000    3.70010E-14
   7408.0000    3.66590E-14
   7410.0000    3.72340E-14
   7412.0000    3.64530E-14
   7414.0000    3.70470E-14
   7416.0000    3.71180E-14
   7418.0000    3.72040E-14
   7420.0000    3.67150E-14
   7422.0000    3.74630E-14
   7424.0000    3.72840E-14
   7426.0000    3.64080E-14
   7428.0000    3.69140E-14
   7430.0000    3.76000E-14
   7432.0000    3.77970E-14
   7434.0000    3.77450E-14
   7436.0000    3.77270E-14
   7438.0000    3.75690E-14
   7440.0000    3.75110E-14
   7442.0000    3.83140E-14
   7444.0000    3.68750E-14
   7446.0000    3.70960E-14
   7448.0000    3.65290E-14
   7450.0000    3.63800E-14
   7452.0000    3.78030E-14
   7454.0000    3.73390E-14
   7456.0000    3.71370E-14
   7458.0000    3.70770E-14
   7460.0000    3.80340E-14
   7462.0000    3.68770E-14
   7464.0000    3.64600E-14
   7466.0000    3.72310E-14
   7468.0000    3.68920E-14
   7470.0000    3.72300E-14
   7472.0000    3.73290E-14
   7474.0000    3.80470E-14
   7476.0000    3.86460E-14
   7478.0000    3.74090E-14
   7480.0000    3.76290E-14
   7482.0000    3.67090E-14
   7484.0000    3.74740E-14
   7486.0000    3.62450E-14
   7488.0000    3.80530E-14
   7490.0000    3.75100E-14
   7492.0000    3.77760E-14
   7494.0000    3.85980E-14
   7496.0000    3.78760E-14
   7498.0000    3.76370E-14
   7500.0000    3.74930E-14
   7502.0000    3.67300E-14
   7504.0000    3.81420E-14
   7506.0000    3.71700E-14
   7508.0000    3.75700E-14
   7510.0000    3.81780E-14
   7512.0000    3.68660E-14
   7514.0000    3.72910E-14
   7516.0000    3.71270E-14
   7518.0000    3.75370E-14
   7520.0000    3.76710E-14
   7522.0000    3.74200E-14
   7524.0000    3.83280E-14
   7526.0000    3.80380E-14
   7528.0000    3.76620E-14
   7530.0000    3.78800E-14
   7532.0000    3.76190E-14
   7534.0000    3.74870E-14
   7536.0000    3.83630E-14
   7538.0000    3.79240E-14
   7540.0000    3.84970E-14
   7542.0000    3.67420E-14
   7544.0000    3.76680E-14
   7546.0000    3.76620E-14
   7548.0000    3.80770E-14
   7550.0000    3.78130E-14
   7552.0000    3.82500E-14
   7554.0000    3.74560E-14
   7556.0000    3.81150E-14
   7558.0000    3.80590E-14
   7560.0000    3.76620E-14
   7562.0000    3.71320E-14
   7564.0000    3.68260E-14
   7566.0000    3.74950E-14
   7568.0000    3.79980E-14
   7570.0000    3.74870E-14
   7572.0000    3.77140E-14
   7574.0000    3.74760E-14
   7576.0000    3.76510E-14
   7578.0000    3.71340E-14
   7580.0000    3.72040E-14
   7582.0000    3.69190E-14
   7584.0000    3.78560E-14
   7586.0000    3.69450E-14
   7588.0000    3.71430E-14
   7590.0000    3.77160E-14
   7592.0000    3.81530E-14
   7594.0000    3.67330E-14
   7596.0000    3.72100E-14
   7598.0000    3.67980E-14
   7600.0000    3.74540E-14
   7602.0000    3.74910E-14
   7604.0000    3.71280E-14
   7606.0000    3.61780E-14
   7608.0000    3.70510E-14
   7610.0000    3.61920E-14
   7612.0000    3.72810E-14
   7614.0000    3.58390E-14
   7616.0000    3.79410E-14
   7618.0000    3.76730E-14
   7620.0000    3.63770E-14
   7622.0000    3.76250E-14
   7624.0000    3.62440E-14
   7626.0000    3.67130E-14
   7628.0000    3.61810E-14
   7630.0000    3.70820E-14
   7632.0000    3.67810E-14
   7634.0000    3.68480E-14
   7636.0000    3.70860E-14
   7638.0000    3.63950E-14
   7640.0000    3.62490E-14
   7642.0000    3.64130E-14
   7644.0000    3.73510E-14
   7646.0000    3.63610E-14
   7648.0000    3.64380E-14
   7650.0000    3.58550E-14
   7652.0000    3.65680E-14
   7654.0000    3.66870E-14
   7656.0000    3.65040E-14
   7658.0000    3.66310E-14
   7660.0000    3.61360E-14
   7662.0000    3.55660E-14
   7664.0000    3.64890E-14
   7666.0000    3.53850E-14
   7668.0000    3.62800E-14
   7670.0000    3.47720E-14
   7672.0000    3.49700E-14
   7674.0000    3.49820E-14
   7676.0000    3.57510E-14
   7678.0000    3.52660E-14
   7680.0000    3.53370E-14
   7682.0000    3.46470E-14
   7684.0000    3.56790E-14
   7686.0000    3.48680E-14
   7688.0000    3.59020E-14
   7690.0000    3.48900E-14
   7692.0000    3.54060E-14
   7694.0000    3.50710E-14
   7696.0000    3.50420E-14
   7698.0000    3.52880E-14
   7700.0000    3.54720E-14
   7702.0000    3.57090E-14
   7704.0000    3.53570E-14
   7706.0000    3.53430E-14
   7708.0000    3.53310E-14
   7710.0000    3.61910E-14
   7712.0000    3.46570E-14
   7714.0000    3.58710E-14
   7716.0000    3.47560E-14
   7718.0000    3.54230E-14
   7720.0000    3.63070E-14
   7722.0000    3.61770E-14
   7724.0000    3.63610E-14
   7726.0000    3.54160E-14
   7728.0000    3.55730E-14
   7730.0000    3.49500E-14
   7732.0000    3.59700E-14
   7734.0000    3.52570E-14
   7736.0000    3.56570E-14
   7738.0000    3.64350E-14
   7740.0000    3.65800E-14
   7742.0000    3.53900E-14
   7744.0000    3.50990E-14
   7746.0000    3.56870E-14
   7748.0000    3.57590E-14
   7750.0000    3.47690E-14
   7752.0000    3.56000E-14
   7754.0000    3.50980E-14
   7756.0000    3.48560E-14
   7758.0000    3.62130E-14
   7760.0000    3.57960E-14
   7762.0000    3.56130E-14
   7764.0000    3.45060E-14
   7766.0000    3.45290E-14
   7768.0000    3.63060E-14
   7770.0000    3.47240E-14
   7772.0000    3.50220E-14
   7774.0000    3.52260E-14
   7776.0000    3.51620E-14
   7778.0000    3.55310E-14
   7780.0000    3.50830E-14
   7782.0000    3.46980E-14
   7784.0000    3.55060E-14
   7786.0000    3.58230E-14
   7788.0000    3.57530E-14
   7790.0000    3.55670E-14
   7792.0000    3.53340E-14
   7794.0000    3.59500E-14
   7796.0000    3.51710E-14
   7798.0000    3.49000E-14
   7800.0000    3.54150E-14
   7802.0000    3.63340E-14
   7804.0000    3.55730E-14
   7806.0000    3.65230E-14
   7808.0000    3.60840E-14
   7810.0000    3.62450E-14
   7812.0000    3.51950E-14
   7814.0000    3.54050E-14
   7816.0000    3.63680E-14
   7818.0000    3.56500E-14
   7820.0000    3.54680E-14
   7822.0000    3.57300E-14
   7824.0000    3.63400E-14
   7826.0000    3.56280E-14
   7828.0000    3.54880E-14
   7830.0000    3.56420E-14
   7832.0000    3.59720E-14
   7834.0000    3.51110E-14
   7836.0000    3.54540E-14
   7838.0000    3.60610E-14
   7840.0000    3.62680E-14
   7842.0000    3.59040E-14
   7844.0000    3.47540E-14
   7846.0000    3.55630E-14
   7848.0000    3.58680E-14
   7850.0000    3.56540E-14
   7852.0000    3.61530E-14
   7854.0000    3.59000E-14
   7856.0000    3.57160E-14
   7858.0000    3.59130E-14
   7860.0000    3.60930E-14
   7862.0000    3.61750E-14
   7864.0000    3.74770E-14
   7866.0000    3.63330E-14
   7868.0000    3.68190E-14
   7870.0000    3.60650E-14
   7872.0000    3.61380E-14
   7874.0000    3.59360E-14
   7876.0000    3.59300E-14
   7878.0000    3.56300E-14
   7880.0000    3.56270E-14
   7882.0000    3.55780E-14
   7884.0000    3.60230E-14
   7886.0000    3.55210E-14
   7888.0000    3.55940E-14
   7890.0000    3.60020E-14
   7892.0000    3.63630E-14
   7894.0000    3.55550E-14
   7896.0000    3.51290E-14
   7898.0000    3.51940E-14
   7900.0000    3.65100E-14
   7902.0000    3.55710E-14
   7904.0000    3.64260E-14
   7906.0000    3.56290E-14
   7908.0000    3.52930E-14
   7910.0000    3.55090E-14
   7912.0000    3.51210E-14
   7914.0000    3.65390E-14
   7916.0000    3.47250E-14
   7918.0000    3.54740E-14
   7920.0000    3.51020E-14
   7922.0000    3.43250E-14
   7924.0000    3.48570E-14
   7926.0000    3.43010E-14
   7928.0000    3.42370E-14
   7930.0000    3.55270E-14
   7932.0000    3.41910E-14
   7934.0000    3.52850E-14
   7936.0000    3.46320E-14
   7938.0000    3.46640E-14
   7940.0000    3.53480E-14
   7942.0000    3.46580E-14
   7944.0000    3.45670E-14
   7946.0000    3.47050E-14
   7948.0000    3.45980E-14
   7950.0000    3.55000E-14
   7952.0000    3.43610E-14
   7954.0000    3.41030E-14
   7956.0000    3.53570E-14
   7958.0000    3.52150E-14
   7960.0000    3.45520E-14
   7962.0000    3.57240E-14
   7964.0000    3.56830E-14
   7966.0000    3.52220E-14
   7968.0000    3.49640E-14
   7970.0000    3.51880E-14
   7972.0000    3.54110E-14
   7974.0000    3.61820E-14
   7976.0000    3.51640E-14
   7978.0000    3.52410E-14
   7980.0000    3.44890E-14
   7982.0000    3.48960E-14
   7984.0000    3.51760E-14
   7986.0000    3.59940E-14
   7988.0000    3.47980E-14
   7990.0000    3.61750E-14
   7992.0000    3.53590E-14
   7994.0000    3.56650E-14
   7996.0000    3.55310E-14
   7998.0000    3.40190E-14
   8000.0000    3.52430E-14
   8002.0000    3.56260E-14
   8004.0000    3.45100E-14
   8006.0000    3.54170E-14
   8008.0000    3.55040E-14
   8010.0000    3.55360E-14
   8012.0000    3.57120E-14
   8014.0000    3.61330E-14
   8016.0000    3.50880E-14
   8018.0000    3.50690E-14
   8020.0000    3.59310E-14
   8022.0000    3.54840E-14
   8024.0000    3.45840E-14
   8026.0000    3.54730E-14
   8028.0000    3.55310E-14
   8030.0000    3.60160E-14
   8032.0000    3.51800E-14
   8034.0000    3.57220E-14
   8036.0000    3.56540E-14
   8038.0000    3.61780E-14
   8040.0000    3.57010E-14
   8042.0000    3.50280E-14
   8044.0000    3.64320E-14
   8046.0000    3.57170E-14
   8048.0000    3.58100E-14
   8050.0000    3.47990E-14
   8052.0000    3.61260E-14
   8054.0000    3.56280E-14
   8056.0000    3.68190E-14
   8058.0000    3.50950E-14
   8060.0000    3.51980E-14
   8062.0000    3.50150E-14
   8064.0000    3.57690E-14
   8066.0000    3.48810E-14
   8068.0000    3.50890E-14
   8070.0000    3.58620E-14
   8072.0000    3.49970E-14
   8074.0000    3.52730E-14
   8076.0000    3.49320E-14
   8078.0000    3.55230E-14
   8080.0000    3.52630E-14
   8082.0000    3.51410E-14
   8084.0000    3.56660E-14
   8086.0000    3.53640E-14
   8088.0000    3.51890E-14
   8090.0000    3.52740E-14
   8092.0000    3.43120E-14
   8094.0000    3.54050E-14
   8096.0000    3.63350E-14
   8098.0000    3.49710E-14
   8100.0000    3.54340E-14
   8102.0000    3.51510E-14
   8104.0000    3.56170E-14
   8106.0000    3.61670E-14
   8108.0000    3.56740E-14
   8110.0000    3.57520E-14
   8112.0000    3.43300E-14
   8114.0000    3.50480E-14
   8116.0000    3.64170E-14
   8118.0000    3.57330E-14
   8120.0000    3.66980E-14
   8122.0000    3.45650E-14
   8124.0000    3.57420E-14
   8126.0000    3.56370E-14
   8128.0000    3.51080E-14
   8130.0000    3.59830E-14
   8132.0000    3.58900E-14
   8134.0000    3.54620E-14
   8136.0000    3.49920E-14
   8138.0000    3.48710E-14
   8140.0000    3.59220E-14
   8142.0000    3.63000E-14
   8144.0000    3.56780E-14
   8146.0000    3.59420E-14
   8148.0000    3.53600E-14
   8150.0000    3.61430E-14
   8152.0000    3.49580E-14
   8154.0000    3.51100E-14
   8156.0000    3.58480E-14
   8158.0000    3.55300E-14
   8160.0000    3.49190E-14
   8162.0000    3.47740E-14
   8164.0000    3.52370E-14
   8166.0000    3.49680E-14
   8168.0000    3.46710E-14
   8170.0000    3.35990E-14
   8172.0000    3.43870E-14
   8174.0000    3.53520E-14
   8176.0000    3.51340E-14
   8178.0000    3.55100E-14
   8180.0000    3.39770E-14
   8182.0000    3.43100E-14
   8184.0000    3.33850E-14
   8186.0000    3.36720E-14
   8188.0000    3.44450E-14
   8190.0000    3.41380E-14
   8192.0000    3.37020E-14
   8194.0000    3.34940E-14
   8196.0000    3.41180E-14
   8198.0000    3.40090E-14
   8200.0000    3.41100E-14
