   1350.0000    9.14190E-15
   1351.0000    8.85370E-15
   1352.0000    8.88120E-15
   1353.0000    9.92230E-15
   1354.0000    7.66630E-15
   1355.0000    6.99430E-15
   1356.0000    8.66780E-15
   1357.0000    8.18600E-15
   1358.0000    7.77070E-15
   1359.0000    7.73580E-15
   1360.0000    9.02800E-15
   1361.0000    6.21210E-15
   1362.0000    7.69620E-15
   1363.0000    7.02970E-15
   1364.0000    7.12400E-15
   1365.0000    7.50390E-15
   1366.0000    7.61650E-15
   1367.0000    6.78710E-15
   1368.0000    7.11960E-15
   1369.0000    7.85600E-15
   1370.0000    6.22560E-15
   1371.0000    6.96690E-15
   1372.0000    8.70070E-15
   1373.0000    7.22450E-15
   1374.0000    8.01920E-15
   1375.0000    8.62170E-15
   1376.0000    6.31720E-15
   1377.0000    5.75530E-15
   1378.0000    7.23220E-15
   1379.0000    7.41090E-15
   1380.0000    7.37530E-15
   1381.0000    6.90840E-15
   1382.0000    6.45100E-15
   1383.0000    7.06590E-15
   1384.0000    6.41030E-15
   1385.0000    6.64820E-15
   1386.0000    7.09770E-15
   1387.0000    5.55210E-15
   1388.0000    7.80560E-15
   1389.0000    6.29930E-15
   1390.0000    5.28000E-15
   1391.0000    6.25690E-15
   1392.0000    5.50230E-15
   1393.0000    4.11310E-15
   1394.0000    5.18670E-15
   1395.0000    4.60330E-15
   1396.0000    5.03390E-15
   1397.0000    4.26590E-15
   1398.0000    4.51430E-15
   1399.0000    6.10980E-15
   1400.0000    5.73060E-15
   1401.0000    5.16680E-15
   1402.0000    5.10760E-15
   1403.0000    5.69400E-15
   1404.0000    4.36610E-15
   1405.0000    5.29670E-15
   1406.0000    5.47710E-15
   1407.0000    6.70470E-15
   1408.0000    6.02870E-15
   1409.0000    5.30260E-15
   1410.0000    5.56380E-15
   1411.0000    6.25700E-15
   1412.0000    6.14370E-15
   1413.0000    6.03560E-15
   1414.0000    5.42910E-15
   1415.0000    6.41020E-15
   1416.0000    5.24550E-15
   1417.0000    5.48620E-15
   1418.0000    5.62190E-15
   1419.0000    6.19950E-15
   1420.0000    7.66130E-15
   1421.0000    6.52070E-15
   1422.0000    6.33810E-15
   1423.0000    7.04280E-15
   1424.0000    7.35200E-15
   1425.0000    6.70160E-15
   1426.0000    5.14090E-15
   1427.0000    6.62700E-15
   1428.0000    6.49180E-15
   1429.0000    5.34500E-15
   1430.0000    7.10450E-15
   1431.0000    6.66140E-15
   1432.0000    6.38820E-15
   1433.0000    6.44380E-15
   1434.0000    6.92310E-15
   1435.0000    6.15610E-15
   1436.0000    5.45270E-15
   1437.0000    6.61230E-15
   1438.0000    6.02650E-15
   1439.0000    7.47100E-15
   1440.0000    5.91090E-15
   1441.0000    6.00390E-15
   1442.0000    6.44100E-15
   1443.0000    6.42080E-15
   1444.0000    7.33720E-15
   1445.0000    6.62880E-15
   1446.0000    6.67600E-15
   1447.0000    6.44250E-15
   1448.0000    7.04630E-15
   1449.0000    7.30770E-15
   1450.0000    6.28210E-15
   1451.0000    6.54050E-15
   1452.0000    6.54300E-15
   1453.0000    6.52580E-15
   1454.0000    6.31010E-15
   1455.0000    7.10040E-15
   1456.0000    7.18150E-15
   1457.0000    7.72550E-15
   1458.0000    5.96740E-15
   1459.0000    7.39340E-15
   1460.0000    6.53310E-15
   1461.0000    6.44490E-15
   1462.0000    5.81260E-15
   1463.0000    5.30820E-15
   1464.0000    5.65670E-15
   1465.0000    6.04170E-15
   1466.0000    5.65350E-15
   1467.0000    6.23580E-15
   1468.0000    6.29060E-15
   1469.0000    5.22860E-15
   1470.0000    6.09880E-15
   1471.0000    5.85750E-15
   1472.0000    4.92260E-15
   1473.0000    6.71560E-15
   1474.0000    6.68450E-15
   1475.0000    6.30250E-15
   1476.0000    6.12650E-15
   1477.0000    5.04190E-15
   1478.0000    6.37930E-15
   1479.0000    6.57320E-15
   1480.0000    6.98780E-15
   1481.0000    7.19790E-15
   1482.0000    5.52510E-15
   1483.0000    6.70000E-15
   1484.0000    6.39380E-15
   1485.0000    6.73300E-15
   1486.0000    8.00530E-15
   1487.0000    5.71190E-15
   1488.0000    6.81800E-15
   1489.0000    6.86960E-15
   1490.0000    6.04740E-15
   1491.0000    6.58580E-15
   1492.0000    6.17410E-15
   1493.0000    5.89120E-15
   1494.0000    5.76740E-15
   1495.0000    5.68350E-15
   1496.0000    6.90080E-15
   1497.0000    6.43520E-15
   1498.0000    6.02320E-15
   1499.0000    6.35010E-15
   1500.0000    5.69800E-15
   1501.0000    5.66310E-15
   1502.0000    5.80150E-15
   1503.0000    5.31010E-15
   1504.0000    6.46640E-15
   1505.0000    6.02900E-15
   1506.0000    6.86100E-15
   1507.0000    5.43210E-15
   1508.0000    5.19980E-15
   1509.0000    4.92460E-15
   1510.0000    4.76940E-15
   1511.0000    5.34340E-15
   1512.0000    5.08100E-15
   1513.0000    4.65310E-15
   1514.0000    4.93490E-15
   1515.0000    4.88560E-15
   1516.0000    5.33100E-15
   1517.0000    4.96670E-15
   1518.0000    5.66150E-15
   1519.0000    5.85140E-15
   1520.0000    4.99060E-15
   1521.0000    5.25400E-15
   1522.0000    4.85120E-15
   1523.0000    5.33760E-15
   1524.0000    5.79460E-15
   1525.0000    4.51330E-15
   1526.0000    5.45810E-15
   1527.0000    4.65300E-15
   1528.0000    4.51400E-15
   1529.0000    4.08930E-15
   1530.0000    4.57770E-15
   1531.0000    4.97410E-15
   1532.0000    2.27390E-15
   1533.0000    5.17630E-15
   1534.0000    4.13840E-15
   1535.0000    3.65030E-15
   1536.0000    4.27700E-15
   1537.0000    4.95070E-15
   1538.0000    4.45080E-15
   1539.0000    3.81560E-15
   1540.0000    2.96650E-15
   1541.0000    4.92510E-15
   1542.0000    3.06080E-15
   1543.0000    4.15170E-15
   1544.0000    5.77240E-15
   1545.0000    4.20260E-15
   1546.0000    4.90140E-15
   1547.0000    4.12550E-15
   1548.0000    4.53180E-15
   1549.0000    3.86300E-15
   1550.0000    3.99400E-15
   1551.0000    4.63570E-15
   1552.0000    4.00680E-15
   1553.0000    4.12940E-15
   1554.0000    4.18350E-15
   1555.0000    3.75770E-15
   1556.0000    5.41510E-15
   1557.0000    4.21300E-15
   1558.0000    4.85160E-15
   1559.0000    5.53550E-15
   1560.0000    4.49810E-15
   1561.0000    4.00160E-15
   1562.0000    4.86150E-15
   1563.0000    4.59110E-15
   1564.0000    4.50120E-15
   1565.0000    3.91430E-15
   1566.0000    4.59950E-15
   1567.0000    4.02650E-15
   1568.0000    4.07770E-15
   1569.0000    4.44740E-15
   1570.0000    5.53080E-15
   1571.0000    4.01200E-15
   1572.0000    4.70580E-15
   1573.0000    4.46410E-15
   1574.0000    4.80170E-15
   1575.0000    3.98040E-15
   1576.0000    5.58900E-15
   1577.0000    5.58580E-15
   1578.0000    4.62900E-15
   1579.0000    5.94000E-15
   1580.0000    5.55260E-15
   1581.0000    4.56090E-15
   1582.0000    4.50160E-15
   1583.0000    6.20520E-15
   1584.0000    4.92930E-15
   1585.0000    5.27170E-15
   1586.0000    6.56260E-15
   1587.0000    6.63270E-15
   1588.0000    5.52810E-15
   1589.0000    5.98200E-15
   1590.0000    4.53340E-15
   1591.0000    3.92700E-15
   1592.0000    5.44170E-15
   1593.0000    4.29960E-15
   1594.0000    5.01890E-15
   1595.0000    5.85640E-15
   1596.0000    6.05060E-15
   1597.0000    5.97850E-15
   1598.0000    4.74280E-15
   1599.0000    4.96820E-15
   1600.0000    4.69780E-15
   1601.0000    4.91650E-15
   1602.0000    5.48710E-15
   1603.0000    4.99230E-15
   1604.0000    6.39910E-15
   1605.0000    4.99740E-15
   1606.0000    7.14340E-15
   1607.0000    4.72970E-15
   1608.0000    3.90410E-15
   1609.0000    6.40490E-15
   1610.0000    4.95190E-15
   1611.0000    4.74200E-15
   1612.0000    4.67270E-15
   1613.0000    5.41370E-15
   1614.0000    4.74250E-15
   1615.0000    5.46460E-15
   1616.0000    5.55810E-15
   1617.0000    5.24010E-15
   1618.0000    5.90050E-15
   1619.0000    6.83860E-15
   1620.0000    5.18600E-15
   1621.0000    5.04090E-15
   1622.0000    4.24810E-15
   1623.0000    5.71190E-15
   1624.0000    4.26340E-15
   1625.0000    5.67220E-15
   1626.0000    4.04840E-15
   1627.0000    4.25620E-15
   1628.0000    5.00910E-15
   1629.0000    5.20300E-15
   1630.0000    5.88590E-15
   1631.0000    5.51040E-15
   1632.0000    5.98330E-15
   1633.0000    5.12260E-15
   1634.0000    5.10390E-15
   1635.0000    5.40500E-15
   1636.0000    5.36160E-15
   1637.0000    5.19990E-15
   1638.0000    5.70030E-15
   1639.0000    6.17730E-15
   1640.0000    5.36210E-15
   1641.0000    5.71700E-15
   1642.0000    5.75370E-15
   1643.0000    5.46910E-15
   1644.0000    7.14510E-15
   1645.0000    6.42340E-15
   1646.0000    6.20130E-15
   1647.0000    4.79960E-15
   1648.0000    7.35430E-15
   1649.0000    4.75790E-15
   1650.0000    5.23790E-15
   1651.0000    6.34880E-15
   1652.0000    6.77800E-15
   1653.0000    5.53580E-15
   1654.0000    4.04010E-15
   1655.0000    4.75820E-15
   1656.0000    4.97260E-15
   1657.0000    4.07550E-15
   1658.0000    6.01930E-15
   1659.0000    5.37180E-15
   1660.0000    5.12720E-15
   1661.0000    5.31080E-15
   1662.0000    6.16890E-15
   1663.0000    6.22880E-15
   1664.0000    5.70270E-15
   1665.0000    4.66070E-15
   1666.0000    4.86360E-15
   1667.0000    6.45740E-15
   1668.0000    6.27800E-15
   1669.0000    5.29180E-15
   1670.0000    5.69240E-15
   1671.0000    4.17320E-15
   1672.0000    5.97160E-15
   1673.0000    4.86840E-15
   1674.0000    5.95990E-15
   1675.0000    7.08400E-15
   1676.0000    5.72150E-15
   1677.0000    5.03870E-15
   1678.0000    6.57310E-15
   1679.0000    5.15980E-15
   1680.0000    6.30310E-15
   1681.0000    7.09980E-15
   1682.0000    5.73070E-15
   1683.0000    6.21460E-15
   1684.0000    5.96340E-15
   1685.0000    5.78520E-15
   1686.0000    7.55790E-15
   1687.0000    6.91860E-15
   1688.0000    6.39220E-15
   1689.0000    8.01750E-15
   1690.0000    6.77140E-15
   1691.0000    6.29660E-15
   1692.0000    4.98250E-15
   1693.0000    6.94070E-15
   1694.0000    5.29710E-15
   1695.0000    7.49240E-15
   1696.0000    5.84570E-15
   1697.0000    6.61230E-15
   1698.0000    5.77840E-15
   1699.0000    4.90610E-15
   1700.0000    7.09500E-15
   1701.0000    7.25470E-15
   1702.0000    5.49780E-15
   1703.0000    7.10530E-15
   1704.0000    5.60440E-15
   1705.0000    5.68430E-15
   1706.0000    6.36360E-15
   1707.0000    5.77340E-15
   1708.0000    4.91730E-15
   1709.0000    5.01920E-15
   1710.0000    5.53740E-15
   1711.0000    4.97840E-15
   1712.0000    5.09730E-15
   1713.0000    5.07150E-15
   1714.0000    4.87800E-15
   1715.0000    4.55550E-15
   1716.0000    5.26500E-15
   1717.0000    5.61180E-15
   1718.0000    6.43290E-15
   1719.0000    5.30970E-15
   1720.0000    5.70050E-15
   1721.0000    7.24050E-15
   1722.0000    5.94440E-15
   1723.0000    5.22850E-15
   1724.0000    5.98410E-15
   1725.0000    6.22150E-15
   1726.0000    6.57020E-15
   1727.0000    5.10230E-15
   1728.0000    6.19520E-15
   1729.0000    5.55620E-15
   1730.0000    5.77340E-15
   1731.0000    6.01970E-15
   1732.0000    5.57080E-15
   1733.0000    5.39960E-15
   1734.0000    6.56580E-15
   1735.0000    6.50740E-15
   1736.0000    5.66460E-15
   1737.0000    4.61450E-15
   1738.0000    5.67010E-15
   1739.0000    5.89330E-15
   1740.0000    5.93670E-15
   1741.0000    6.77220E-15
   1742.0000    7.10410E-15
   1743.0000    5.48310E-15
   1744.0000    6.05630E-15
   1745.0000    6.71820E-15
   1746.0000    5.04470E-15
   1747.0000    5.69530E-15
   1748.0000    5.87790E-15
   1749.0000    6.72960E-15
   1750.0000    6.81400E-15
   1751.0000    6.04890E-15
   1752.0000    4.73220E-15
   1753.0000    6.33390E-15
   1754.0000    7.18750E-15
   1755.0000    7.30480E-15
   1756.0000    5.59500E-15
   1757.0000    6.04400E-15
   1758.0000    6.62350E-15
   1759.0000    6.94490E-15
   1760.0000    6.63530E-15
   1761.0000    5.98360E-15
   1762.0000    5.72360E-15
   1763.0000    6.20620E-15
   1764.0000    6.30460E-15
   1765.0000    5.50270E-15
   1766.0000    6.65800E-15
   1767.0000    6.06440E-15
   1768.0000    5.04990E-15
   1769.0000    7.09190E-15
   1770.0000    5.65090E-15
   1771.0000    6.06870E-15
   1772.0000    5.76800E-15
   1773.0000    6.20420E-15
   1774.0000    5.86180E-15
   1775.0000    5.67700E-15
   1776.0000    5.40470E-15
   1777.0000    5.54210E-15
   1778.0000    4.71140E-15
   1779.0000    5.11740E-15
   1780.0000    5.74610E-15
   1781.0000    5.85450E-15
   1782.0000    6.20260E-15
   1783.0000    5.48650E-15
   1784.0000    5.57700E-15
   1785.0000    5.44810E-15
   1786.0000    5.27440E-15
   1787.0000    7.19810E-15
   1788.0000    6.05600E-15
   1789.0000    7.20970E-15
   1790.0000    6.20070E-15
   1791.0000    5.66280E-15
   1792.0000    5.90280E-15
   1793.0000    7.49490E-15
   1794.0000    6.75590E-15
   1795.0000    6.81810E-15
   1796.0000    5.59310E-15
   1797.0000    6.01200E-15
   1798.0000    7.33750E-15
   1799.0000    6.61910E-15
   1800.0000    6.90010E-15
   1801.0000    5.70750E-15
   1802.0000    6.29740E-15
   1803.0000    8.15320E-15
   1804.0000    5.54420E-15
   1805.0000    6.65330E-15
   1806.0000    6.25850E-15
   1807.0000    5.66720E-15
   1808.0000    7.03880E-15
   1809.0000    6.11990E-15
   1810.0000    7.03620E-15
   1811.0000    6.36960E-15
   1812.0000    4.80620E-15
   1813.0000    7.06380E-15
   1814.0000    5.73550E-15
   1815.0000    5.03070E-15
   1816.0000    6.73840E-15
   1817.0000    6.50010E-15
   1818.0000    6.82740E-15
   1819.0000    5.37910E-15
   1820.0000    5.98340E-15
   1821.0000    5.61950E-15
   1822.0000    5.74780E-15
   1823.0000    6.34360E-15
   1824.0000    7.15760E-15
   1825.0000    6.07960E-15
   1826.0000    6.78400E-15
   1827.0000    6.49450E-15
   1828.0000    4.84830E-15
   1829.0000    4.56640E-15
   1830.0000    6.09090E-15
   1831.0000    5.85000E-15
   1832.0000    4.97960E-15
   1833.0000    6.55570E-15
   1834.0000    5.85710E-15
   1835.0000    6.25350E-15
   1836.0000    6.22050E-15
   1837.0000    4.72320E-15
   1838.0000    5.48660E-15
   1839.0000    6.48690E-15
   1840.0000    4.10040E-15
   1841.0000    5.26620E-15
   1842.0000    5.03520E-15
   1843.0000    5.32990E-15
   1844.0000    4.98240E-15
   1845.0000    5.26380E-15
   1846.0000    4.35520E-15
   1847.0000    4.91520E-15
   1848.0000    5.12340E-15
   1849.0000    5.10770E-15
   1850.0000    6.08850E-15
   1851.0000    6.04080E-15
   1852.0000    5.53180E-15
   1853.0000    3.57730E-15
   1854.0000    5.03720E-15
   1855.0000    4.34310E-15
   1856.0000    5.99010E-15
   1857.0000    4.76830E-15
   1858.0000    6.32910E-15
   1859.0000    5.05460E-15
   1860.0000    5.56060E-15
   1861.0000    5.31510E-15
   1862.0000    4.99350E-15
   1863.0000    6.20800E-15
   1864.0000    5.88480E-15
   1865.0000    5.82490E-15
   1866.0000    6.40420E-15
   1867.0000    6.01070E-15
   1868.0000    4.94850E-15
   1869.0000    5.75340E-15
   1870.0000    4.82380E-15
   1871.0000    6.50130E-15
   1872.0000    6.42980E-15
   1873.0000    4.64080E-15
   1874.0000    6.00320E-15
   1875.0000    7.02010E-15
   1876.0000    6.67850E-15
   1877.0000    4.77450E-15
   1878.0000    5.44970E-15
   1879.0000    6.16570E-15
   1880.0000    6.04460E-15
   1881.0000    7.49820E-15
   1882.0000    5.95900E-15
   1883.0000    4.65290E-15
   1884.0000    5.05230E-15
   1885.0000    5.45050E-15
   1886.0000    5.52450E-15
   1887.0000    4.21490E-15
   1888.0000    6.07370E-15
   1889.0000    6.44970E-15
   1890.0000    5.41000E-15
   1891.0000    5.18360E-15
   1892.0000    5.09670E-15
   1893.0000    5.56260E-15
   1894.0000    5.03390E-15
   1895.0000    5.40240E-15
   1896.0000    5.88900E-15
   1897.0000    5.22630E-15
   1898.0000    4.81530E-15
   1899.0000    5.54420E-15
   1900.0000    6.50070E-15
   1901.0000    5.88670E-15
   1902.0000    5.88970E-15
   1903.0000    5.65470E-15
   1904.0000    5.91520E-15
   1905.0000    5.77830E-15
   1906.0000    6.50540E-15
   1907.0000    6.82660E-15
   1908.0000    5.43960E-15
   1909.0000    4.49670E-15
   1910.0000    5.69310E-15
   1911.0000    4.56940E-15
   1912.0000    6.03200E-15
   1913.0000    5.58770E-15
   1914.0000    6.21310E-15
   1915.0000    5.23280E-15
   1916.0000    6.10960E-15
   1917.0000    3.80980E-15
   1918.0000    4.93500E-15
   1919.0000    4.77660E-15
   1920.0000    4.76860E-15
   1921.0000    6.18560E-15
   1922.0000    4.65230E-15
   1923.0000    4.66120E-15
   1924.0000    4.50020E-15
   1925.0000    4.43110E-15
   1926.0000    5.78000E-15
   1927.0000    5.67630E-15
   1928.0000    4.27430E-15
   1929.0000    4.21460E-15
   1930.0000    6.01490E-15
   1931.0000    4.71700E-15
   1932.0000    5.71670E-15
   1933.0000    5.39170E-15
   1934.0000    6.57760E-15
   1935.0000    4.20850E-15
   1936.0000    5.34850E-15
   1937.0000    3.53340E-15
   1938.0000    6.64450E-15
   1939.0000    5.78410E-15
   1940.0000    5.33760E-15
   1941.0000    4.46410E-15
   1942.0000    6.58920E-15
   1943.0000    5.37590E-15
   1944.0000    5.62170E-15
   1945.0000    5.57680E-15
   1946.0000    5.53470E-15
   1947.0000    5.68540E-15
   1948.0000    6.06420E-15
   1949.0000    5.59890E-15
   1950.0000    6.69890E-15
   1951.0000    5.92800E-15
   1952.0000    5.79280E-15
   1953.0000    6.68110E-15
   1954.0000    6.33100E-15
   1955.0000    5.36050E-15
   1956.0000    6.18770E-15
   1957.0000    4.33790E-15
   1958.0000    6.63250E-15
   1959.0000    4.95480E-15
   1960.0000    5.64700E-15
   1961.0000    5.36910E-15
   1962.0000    5.84470E-15
   1963.0000    7.27650E-15
   1964.0000    5.12730E-15
   1965.0000    6.91000E-15
   1966.0000    6.54530E-15
   1967.0000    5.82500E-15
   1968.0000    5.77170E-15
   1969.0000    6.13790E-15
   1970.0000    6.51840E-15
   1971.0000    5.83820E-15
   1972.0000    7.25250E-15
   1973.0000    5.49920E-15
   1974.0000    6.56840E-15
   1975.0000    6.76210E-15
   1976.0000    7.30220E-15
   1977.0000    6.85490E-15
   1978.0000    6.54170E-15
   1979.0000    7.56040E-15
   1980.0000    5.83810E-15
   1981.0000    7.15270E-15
   1982.0000    5.69460E-15
   1983.0000    6.55720E-15
   1984.0000    5.34580E-15
   1985.0000    6.12120E-15
   1986.0000    6.56820E-15
   1987.0000    5.89920E-15
   1988.0000    5.96210E-15
   1989.0000    6.68680E-15
   1990.0000    7.79560E-15
   1991.0000    6.31740E-15
   1992.0000    5.39780E-15
   1993.0000    5.42230E-15
   1994.0000    6.25440E-15
   1995.0000    5.51230E-15
   1996.0000    5.84400E-15
   1997.0000    7.15620E-15
   1998.0000    4.23090E-15
   1999.0000    5.35440E-15
   2000.0000    5.59510E-15
   2001.0000    7.09410E-15
   2002.0000    7.52730E-15
   2003.0000    6.67070E-15
