  3600.00000    3.0337E-14
  3602.00000    3.0086E-14
  3604.00000    3.0737E-14
  3606.00000    3.0686E-14
  3608.00000    3.0851E-14
  3610.00000    3.0459E-14
  3612.00000    3.0920E-14
  3614.00000    3.0817E-14
  3616.00000    3.0417E-14
  3618.00000    3.1537E-14
  3620.00000    3.1167E-14
  3622.00000    3.1687E-14
  3624.00000    3.2261E-14
  3626.00000    3.2260E-14
  3628.00000    3.1617E-14
  3630.00000    3.1928E-14
  3632.00000    3.1916E-14
  3634.00000    3.1332E-14
  3636.00000    3.1540E-14
  3638.00000    3.1879E-14
  3640.00000    3.2060E-14
  3642.00000    3.1639E-14
  3644.00000    3.1237E-14
  3646.00000    3.1089E-14
  3648.00000    3.1568E-14
  3650.00000    3.1635E-14
  3652.00000    3.1336E-14
  3654.00000    3.1774E-14
  3656.00000    3.1893E-14
  3658.00000    3.1576E-14
  3660.00000    3.1470E-14
  3662.00000    3.1268E-14
  3664.00000    3.1030E-14
  3666.00000    3.0941E-14
  3668.00000    3.1062E-14
  3670.00000    3.1293E-14
  3672.00000    3.0971E-14
  3674.00000    3.0524E-14
  3676.00000    3.0452E-14
  3678.00000    3.0527E-14
  3680.00000    3.0752E-14
  3682.00000    3.0681E-14
  3684.00000    3.0008E-14
  3686.00000    2.9754E-14
  3688.00000    3.0205E-14
  3690.00000    3.0217E-14
  3692.00000    3.0106E-14
  3694.00000    3.0467E-14
  3696.00000    3.0789E-14
  3698.00000    3.0350E-14
  3700.00000    2.9093E-14
  3702.00000    2.8458E-14
  3704.00000    2.8930E-14
  3706.00000    2.9494E-14
  3708.00000    2.8928E-14
  3710.00000    2.8899E-14
  3712.00000    2.9405E-14
  3714.00000    3.1174E-14
  3716.00000    3.0652E-14
  3718.00000    2.8403E-14
  3720.00000    2.8069E-14
  3722.00000    3.0150E-14
  3724.00000    3.2726E-14
  3726.00000    3.3656E-14
  3728.00000    3.2617E-14
  3730.00000    2.9076E-14
  3732.00000    2.7001E-14
  3734.00000    2.8027E-14
  3736.00000    3.2626E-14
  3738.00000    3.6522E-14
  3740.00000    3.8195E-14
  3742.00000    3.6704E-14
  3744.00000    3.3114E-14
  3746.00000    2.8010E-14
  3748.00000    2.6891E-14
  3750.00000    2.9016E-14
  3752.00000    3.3569E-14
  3754.00000    3.8080E-14
  3756.00000    3.9807E-14
  3758.00000    4.0464E-14
  3760.00000    4.0198E-14
  3762.00000    3.7663E-14
  3764.00000    3.3506E-14
  3766.00000    2.9039E-14
  3768.00000    2.6495E-14
  3770.00000    2.8039E-14
  3772.00000    3.2020E-14
  3774.00000    3.7384E-14
  3776.00000    4.1477E-14
  3778.00000    4.5093E-14
  3780.00000    4.6389E-14
  3782.00000    4.6541E-14
  3784.00000    4.6303E-14
  3786.00000    4.4653E-14
  3788.00000    4.1501E-14
  3790.00000    3.8141E-14
  3792.00000    3.2192E-14
  3794.00000    2.6999E-14
  3796.00000    2.5475E-14
  3798.00000    2.8583E-14
  3800.00000    3.3927E-14
  3802.00000    3.9796E-14
  3804.00000    4.3280E-14
  3806.00000    4.6233E-14
  3808.00000    4.7730E-14
  3810.00000    4.9058E-14
  3812.00000    4.8781E-14
  3814.00000    4.8914E-14
  3816.00000    4.7557E-14
  3818.00000    4.6385E-14
  3820.00000    4.5946E-14
  3822.00000    4.5182E-14
  3824.00000    4.2782E-14
  3826.00000    4.0177E-14
  3828.00000    3.5048E-14
  3830.00000    2.9534E-14
  3832.00000    2.5553E-14
  3834.00000    2.5526E-14
  3836.00000    2.9320E-14
  3838.00000    3.4294E-14
  3840.00000    3.9579E-14
  3842.00000    4.4142E-14
  3844.00000    4.6328E-14
  3846.00000    4.8257E-14
  3848.00000    4.9991E-14
  3850.00000    5.0950E-14
  3852.00000    5.0777E-14
  3854.00000    5.0935E-14
  3856.00000    5.1669E-14
  3858.00000    5.1778E-14
  3860.00000    5.1350E-14
  3862.00000    5.0657E-14
  3864.00000    5.0485E-14
  3866.00000    5.0880E-14
  3868.00000    5.0273E-14
  3870.00000    4.9419E-14
  3872.00000    4.8663E-14
  3874.00000    4.7926E-14
  3876.00000    4.5892E-14
  3878.00000    4.2917E-14
  3880.00000    3.9450E-14
  3882.00000    3.4759E-14
  3884.00000    2.9238E-14
  3886.00000    2.5976E-14
  3888.00000    2.6121E-14
  3890.00000    3.0737E-14
  3892.00000    3.6134E-14
  3894.00000    4.0886E-14
  3896.00000    4.4690E-14
  3898.00000    4.7834E-14
  3900.00000    4.8872E-14
  3902.00000    4.9765E-14
  3904.00000    5.1449E-14
  3906.00000    5.1835E-14
  3908.00000    5.2932E-14
  3910.00000    5.3002E-14
  3912.00000    5.3730E-14
  3914.00000    5.3127E-14
  3916.00000    5.3168E-14
  3918.00000    5.3041E-14
  3920.00000    5.3297E-14
  3922.00000    5.3562E-14
  3924.00000    5.2931E-14
  3926.00000    5.2070E-14
  3928.00000    5.1981E-14
  3930.00000    4.9833E-14
  3932.00000    4.9698E-14
  3934.00000    5.1452E-14
  3936.00000    5.2640E-14
  3938.00000    5.3269E-14
  3940.00000    5.3466E-14
  3942.00000    5.2360E-14
  3944.00000    5.2042E-14
  3946.00000    5.1687E-14
  3948.00000    5.1273E-14
  3950.00000    5.0411E-14
  3952.00000    5.0361E-14
  3954.00000    4.8651E-14
  3956.00000    4.6838E-14
  3958.00000    4.4567E-14
  3960.00000    4.0917E-14
  3962.00000    3.5961E-14
  3964.00000    3.0482E-14
  3966.00000    2.5644E-14
  3968.00000    2.5358E-14
  3970.00000    2.8208E-14
  3972.00000    3.3747E-14
  3974.00000    3.8770E-14
  3976.00000    4.2643E-14
  3978.00000    4.5675E-14
  3980.00000    4.7934E-14
  3982.00000    4.8899E-14
  3984.00000    5.0377E-14
  3986.00000    5.1502E-14
  3988.00000    5.2480E-14
  3990.00000    5.2773E-14
  3992.00000    5.2908E-14
  3994.00000    5.2988E-14
  3996.00000    5.3308E-14
  3998.00000    5.2913E-14
  4000.00000    5.3310E-14
  4002.00000    5.2532E-14
  4004.00000    5.2605E-14
  4006.00000    5.2569E-14
  4008.00000    5.3189E-14
  4010.00000    5.3372E-14
  4012.00000    5.3474E-14
  4014.00000    5.4344E-14
  4016.00000    5.4260E-14
  4018.00000    5.4266E-14
  4020.00000    5.3441E-14
  4022.00000    5.2303E-14
  4024.00000    5.2200E-14
  4026.00000    5.2648E-14
  4028.00000    5.3074E-14
  4030.00000    5.3659E-14
  4032.00000    5.4339E-14
  4034.00000    5.4967E-14
  4036.00000    5.4949E-14
  4038.00000    5.4779E-14
  4040.00000    5.4767E-14
  4042.00000    5.3582E-14
  4044.00000    5.3937E-14
  4046.00000    5.4686E-14
  4048.00000    5.4441E-14
  4050.00000    5.3874E-14
  4052.00000    5.3503E-14
  4054.00000    5.4244E-14
  4056.00000    5.4038E-14
  4058.00000    5.3622E-14
  4060.00000    5.3543E-14
  4062.00000    5.2536E-14
  4064.00000    5.2176E-14
  4066.00000    5.1873E-14
  4068.00000    5.1222E-14
  4070.00000    5.0568E-14
  4072.00000    5.0876E-14
  4074.00000    5.0063E-14
  4076.00000    4.9920E-14
  4078.00000    4.9704E-14
  4080.00000    4.9462E-14
  4082.00000    4.8753E-14
  4084.00000    4.8715E-14
  4086.00000    4.6788E-14
  4088.00000    4.5372E-14
  4090.00000    4.2929E-14
  4092.00000    4.0021E-14
  4094.00000    3.4813E-14
  4096.00000    3.0538E-14
  4098.00000    2.6586E-14
  4100.00000    2.5505E-14
  4102.00000    2.8887E-14
  4104.00000    3.4834E-14
  4106.00000    3.8978E-14
  4108.00000    4.1814E-14
  4110.00000    4.4469E-14
  4112.00000    4.6277E-14
  4114.00000    4.7579E-14
  4116.00000    4.7675E-14
  4118.00000    4.8618E-14
  4120.00000    4.9025E-14
  4122.00000    4.9559E-14
  4124.00000    4.9283E-14
  4126.00000    4.8855E-14
  4128.00000    4.9321E-14
  4130.00000    4.9773E-14
  4132.00000    5.1390E-14
  4134.00000    5.1123E-14
  4136.00000    5.1965E-14
  4138.00000    5.1271E-14
  4140.00000    5.1122E-14
  4142.00000    5.0635E-14
  4144.00000    5.1040E-14
  4146.00000    5.1339E-14
  4148.00000    5.1637E-14
  4150.00000    5.1405E-14
  4152.00000    5.1369E-14
  4154.00000    5.1704E-14
  4156.00000    5.2369E-14
  4158.00000    5.1914E-14
  4160.00000    5.1960E-14
  4162.00000    5.2406E-14
  4164.00000    5.1873E-14
  4166.00000    5.1882E-14
  4168.00000    5.1408E-14
  4170.00000    5.0603E-14
  4172.00000    5.0459E-14
  4174.00000    5.0604E-14
  4176.00000    5.1132E-14
  4178.00000    5.1263E-14
  4180.00000    5.1467E-14
  4182.00000    5.1832E-14
  4184.00000    5.1624E-14
  4186.00000    5.1608E-14
  4188.00000    5.1591E-14
  4190.00000    5.1787E-14
  4192.00000    5.1118E-14
  4194.00000    5.0649E-14
  4196.00000    5.0405E-14
  4198.00000    4.9596E-14
  4200.00000    4.9825E-14
  4202.00000    5.0623E-14
  4204.00000    5.0647E-14
  4206.00000    5.0574E-14
  4208.00000    5.1290E-14
  4210.00000    5.0646E-14
  4212.00000    5.1127E-14
  4214.00000    5.0711E-14
  4216.00000    5.0235E-14
  4218.00000    5.0806E-14
  4220.00000    5.0503E-14
  4222.00000    5.0383E-14
  4224.00000    5.0179E-14
  4226.00000    5.0589E-14
  4228.00000    5.0234E-14
  4230.00000    5.0114E-14
  4232.00000    5.0431E-14
  4234.00000    4.9768E-14
  4236.00000    5.0398E-14
  4238.00000    5.0656E-14
  4240.00000    5.0396E-14
  4242.00000    5.1043E-14
  4244.00000    5.0573E-14
  4246.00000    5.0417E-14
  4248.00000    5.0300E-14
  4250.00000    5.0446E-14
  4252.00000    5.0052E-14
  4254.00000    5.0132E-14
  4256.00000    4.9952E-14
  4258.00000    4.9763E-14
  4260.00000    4.9789E-14
  4262.00000    5.0180E-14
  4264.00000    4.9706E-14
  4266.00000    4.9645E-14
  4268.00000    4.8774E-14
  4270.00000    4.9422E-14
  4272.00000    4.8828E-14
  4274.00000    4.9857E-14
  4276.00000    4.9950E-14
  4278.00000    4.9316E-14
  4280.00000    4.9764E-14
  4282.00000    4.9509E-14
  4284.00000    4.9469E-14
  4286.00000    4.8984E-14
  4288.00000    4.8480E-14
  4290.00000    4.8280E-14
  4292.00000    4.8279E-14
  4294.00000    4.8027E-14
  4296.00000    4.7813E-14
  4298.00000    4.6845E-14
  4300.00000    4.7018E-14
  4302.00000    4.7591E-14
  4304.00000    4.7303E-14
  4306.00000    4.6734E-14
  4308.00000    4.7352E-14
  4310.00000    4.7172E-14
  4312.00000    4.7351E-14
  4314.00000    4.7712E-14
  4316.00000    4.7408E-14
  4318.00000    4.6694E-14
  4320.00000    4.6314E-14
  4322.00000    4.4590E-14
  4324.00000    4.3881E-14
  4326.00000    4.3207E-14
  4328.00000    4.1126E-14
  4330.00000    3.8645E-14
  4332.00000    3.5050E-14
  4334.00000    3.0569E-14
  4336.00000    2.6797E-14
  4338.00000    2.5214E-14
  4340.00000    2.7288E-14
  4342.00000    3.1554E-14
  4344.00000    3.5756E-14
  4346.00000    3.8721E-14
  4348.00000    4.1279E-14
  4350.00000    4.2722E-14
  4352.00000    4.4194E-14
  4354.00000    4.5180E-14
  4356.00000    4.6209E-14
  4358.00000    4.5934E-14
  4360.00000    4.6562E-14
  4362.00000    4.6542E-14
  4364.00000    4.6987E-14
  4366.00000    4.7031E-14
  4368.00000    4.6525E-14
  4370.00000    4.6212E-14
  4372.00000    4.6299E-14
  4374.00000    4.6440E-14
  4376.00000    4.6577E-14
  4378.00000    4.6457E-14
  4380.00000    4.5465E-14
  4382.00000    4.4953E-14
  4384.00000    4.5127E-14
  4386.00000    4.5016E-14
  4388.00000    4.5404E-14
  4390.00000    4.5842E-14
  4392.00000    4.6155E-14
  4394.00000    4.5863E-14
  4396.00000    4.6577E-14
  4398.00000    4.6142E-14
  4400.00000    4.5975E-14
  4402.00000    4.6152E-14
  4404.00000    4.6483E-14
  4406.00000    4.6366E-14
  4408.00000    4.6456E-14
  4410.00000    4.6319E-14
  4412.00000    4.5581E-14
  4414.00000    4.6004E-14
  4416.00000    4.6810E-14
  4418.00000    4.6271E-14
  4420.00000    4.6156E-14
  4422.00000    4.7051E-14
  4424.00000    4.6884E-14
  4426.00000    4.6583E-14
  4428.00000    4.6121E-14
  4430.00000    4.6854E-14
  4432.00000    4.6356E-14
  4434.00000    4.6531E-14
  4436.00000    4.6143E-14
  4438.00000    4.6643E-14
  4440.00000    4.6432E-14
  4442.00000    4.6699E-14
  4444.00000    4.6590E-14
  4446.00000    4.6216E-14
  4448.00000    4.6995E-14
  4450.00000    4.6866E-14
  4452.00000    4.6815E-14
  4454.00000    4.6421E-14
  4456.00000    4.6612E-14
  4458.00000    4.6172E-14
  4460.00000    4.6527E-14
  4462.00000    4.5780E-14
  4464.00000    4.5639E-14
  4466.00000    4.5132E-14
  4468.00000    4.3947E-14
  4470.00000    4.5794E-14
  4472.00000    4.5708E-14
  4474.00000    4.6545E-14
  4476.00000    4.5455E-14
  4478.00000    4.4688E-14
  4480.00000    4.4998E-14
  4482.00000    4.6247E-14
  4484.00000    4.6381E-14
  4486.00000    4.6534E-14
  4488.00000    4.5313E-14
  4490.00000    4.6555E-14
  4492.00000    4.6500E-14
  4494.00000    4.6191E-14
  4496.00000    4.6112E-14
  4498.00000    4.6336E-14
  4500.00000    4.6122E-14
  4502.00000    4.6356E-14
  4504.00000    4.5544E-14
  4506.00000    4.5896E-14
  4508.00000    4.6095E-14
  4510.00000    4.5118E-14
  4512.00000    4.5475E-14
  4514.00000    4.6111E-14
  4516.00000    4.5130E-14
  4518.00000    4.4996E-14
  4520.00000    4.5828E-14
  4522.00000    4.4906E-14
  4524.00000    4.4761E-14
  4526.00000    4.4726E-14
  4528.00000    4.4421E-14
  4530.00000    4.4594E-14
  4532.00000    4.3923E-14
  4534.00000    4.4717E-14
  4536.00000    4.4897E-14
  4538.00000    4.5071E-14
  4540.00000    4.5275E-14
  4542.00000    4.5043E-14
  4544.00000    4.4561E-14
  4546.00000    4.4211E-14
  4548.00000    4.4203E-14
  4550.00000    4.4152E-14
  4552.00000    4.3768E-14
  4554.00000    4.4543E-14
  4556.00000    4.4819E-14
  4558.00000    4.4973E-14
  4560.00000    4.4904E-14
  4562.00000    4.4809E-14
  4564.00000    4.4537E-14
  4566.00000    4.5181E-14
  4568.00000    4.4705E-14
  4570.00000    4.4915E-14
  4572.00000    4.4997E-14
  4574.00000    4.4071E-14
  4576.00000    4.4718E-14
  4578.00000    4.4149E-14
  4580.00000    4.4113E-14
  4582.00000    4.3517E-14
  4584.00000    4.3581E-14
  4586.00000    4.3708E-14
  4588.00000    4.4387E-14
  4590.00000    4.3907E-14
  4592.00000    4.3697E-14
  4594.00000    4.4407E-14
  4596.00000    4.4575E-14
  4598.00000    4.4563E-14
  4600.00000    4.4568E-14
  4602.00000    4.4075E-14
  4604.00000    4.4136E-14
  4606.00000    4.4216E-14
  4608.00000    4.4647E-14
  4610.00000    4.4557E-14
  4612.00000    4.4836E-14
  4614.00000    4.4060E-14
  4616.00000    4.4601E-14
  4618.00000    4.4573E-14
  4620.00000    4.4782E-14
  4622.00000    4.4329E-14
  4624.00000    4.3892E-14
  4626.00000    4.3552E-14
  4628.00000    4.3633E-14
  4630.00000    4.3546E-14
  4632.00000    4.3879E-14
  4634.00000    4.3101E-14
  4636.00000    4.3540E-14
  4638.00000    4.3433E-14
  4640.00000    4.4059E-14
  4642.00000    4.3494E-14
  4644.00000    4.3637E-14
  4646.00000    4.3158E-14
  4648.00000    4.3821E-14
  4650.00000    4.3888E-14
  4652.00000    4.4180E-14
  4654.00000    4.4451E-14
  4656.00000    4.4345E-14
  4658.00000    4.3610E-14
  4660.00000    4.4345E-14
  4662.00000    4.3550E-14
  4664.00000    4.3071E-14
  4666.00000    4.3210E-14
  4668.00000    4.3061E-14
  4670.00000    4.2685E-14
  4672.00000    4.3450E-14
  4674.00000    4.3220E-14
  4676.00000    4.3238E-14
  4678.00000    4.3343E-14
  4680.00000    4.3289E-14
  4682.00000    4.3760E-14
  4684.00000    4.2813E-14
  4686.00000    4.3123E-14
  4688.00000    4.3375E-14
  4690.00000    4.3188E-14
  4692.00000    4.3473E-14
  4694.00000    4.2018E-14
  4696.00000    4.2840E-14
  4698.00000    4.1947E-14
  4700.00000    4.2471E-14
  4702.00000    4.2213E-14
  4704.00000    4.1991E-14
  4706.00000    4.2480E-14
  4708.00000    4.1796E-14
  4710.00000    4.1664E-14
  4712.00000    4.1713E-14
  4714.00000    4.2123E-14
  4716.00000    4.2733E-14
  4718.00000    4.3166E-14
  4720.00000    4.2632E-14
  4722.00000    4.2070E-14
  4724.00000    4.2593E-14
  4726.00000    4.2266E-14
  4728.00000    4.1800E-14
  4730.00000    4.1883E-14
  4732.00000    4.1724E-14
  4734.00000    4.2026E-14
  4736.00000    4.2074E-14
  4738.00000    4.2139E-14
  4740.00000    4.2692E-14
  4742.00000    4.2119E-14
  4744.00000    4.2320E-14
  4746.00000    4.2512E-14
  4748.00000    4.3124E-14
  4750.00000    4.2753E-14
  4752.00000    4.2695E-14
  4754.00000    4.2836E-14
  4756.00000    4.2471E-14
  4758.00000    4.2495E-14
  4760.00000    4.2026E-14
  4762.00000    4.1253E-14
  4764.00000    4.2269E-14
  4766.00000    4.2137E-14
  4768.00000    4.2027E-14
  4770.00000    4.2729E-14
  4772.00000    4.2395E-14
  4774.00000    4.2589E-14
  4776.00000    4.2334E-14
  4778.00000    4.2385E-14
  4780.00000    4.2466E-14
  4782.00000    4.1987E-14
  4784.00000    4.1875E-14
  4786.00000    4.2222E-14
  4788.00000    4.1856E-14
  4790.00000    4.2692E-14
  4792.00000    4.2277E-14
  4794.00000    4.2337E-14
  4796.00000    4.2137E-14
  4798.00000    4.2506E-14
  4800.00000    4.2210E-14
  4802.00000    4.2222E-14
  4804.00000    4.1577E-14
  4806.00000    4.1988E-14
  4808.00000    4.1729E-14
  4810.00000    4.1962E-14
  4812.00000    4.2274E-14
  4814.00000    4.2057E-14
  4816.00000    4.1996E-14
  4818.00000    4.2320E-14
  4820.00000    4.1679E-14
  4822.00000    4.1039E-14
  4824.00000    4.1122E-14
  4826.00000    4.1168E-14
  4828.00000    4.0784E-14
  4830.00000    4.1243E-14
  4832.00000    4.0761E-14
  4834.00000    4.0622E-14
  4836.00000    4.0410E-14
  4838.00000    4.0314E-14
  4840.00000    3.8952E-14
  4842.00000    3.9108E-14
  4844.00000    3.8193E-14
  4846.00000    3.7046E-14
  4848.00000    3.5846E-14
  4850.00000    3.3977E-14
  4852.00000    3.2110E-14
  4854.00000    2.8869E-14
  4856.00000    2.5975E-14
  4858.00000    2.3530E-14
  4860.00000    2.3437E-14
  4862.00000    2.5881E-14
  4864.00000    2.9162E-14
  4866.00000    3.1801E-14
  4868.00000    3.3324E-14
  4870.00000    3.5693E-14
  4872.00000    3.6836E-14
  4874.00000    3.7801E-14
  4876.00000    3.8322E-14
  4878.00000    3.8462E-14
  4880.00000    3.8990E-14
  4882.00000    3.9581E-14
  4884.00000    3.9646E-14
  4886.00000    3.9284E-14
  4888.00000    4.0230E-14
  4890.00000    4.0240E-14
  4892.00000    4.1184E-14
  4894.00000    4.0781E-14
  4896.00000    4.1480E-14
  4898.00000    4.1221E-14
  4900.00000    4.0530E-14
  4902.00000    4.0923E-14
  4904.00000    4.1198E-14
  4906.00000    4.1022E-14
  4908.00000    4.0047E-14
  4910.00000    4.0814E-14
  4912.00000    4.0371E-14
  4914.00000    4.0172E-14
  4916.00000    3.9244E-14
  4918.00000    3.8546E-14
  4920.00000    3.8583E-14
  4922.00000    3.9605E-14
  4924.00000    3.9812E-14
  4926.00000    4.0976E-14
  4928.00000    4.0738E-14
  4930.00000    4.0726E-14
  4932.00000    4.0268E-14
  4934.00000    4.0133E-14
  4936.00000    3.9903E-14
  4938.00000    4.0444E-14
  4940.00000    4.0697E-14
  4942.00000    4.1040E-14
  4944.00000    4.0724E-14
  4946.00000    4.0724E-14
  4948.00000    4.0738E-14
  4950.00000    4.0768E-14
  4952.00000    3.9525E-14
  4954.00000    3.9126E-14
  4956.00000    3.9119E-14
  4958.00000    3.9100E-14
  4960.00000    4.0025E-14
  4962.00000    4.0044E-14
  4964.00000    3.9238E-14
  4966.00000    3.9363E-14
  4968.00000    3.9874E-14
  4970.00000    4.0108E-14
  4972.00000    3.9272E-14
  4974.00000    3.9808E-14
  4976.00000    3.9203E-14
  4978.00000    3.9008E-14
  4980.00000    3.8423E-14
  4982.00000    3.9131E-14
  4984.00000    3.9242E-14
  4986.00000    3.8983E-14
  4988.00000    3.9257E-14
  4990.00000    3.9537E-14
  4992.00000    3.9437E-14
  4994.00000    3.9101E-14
  4996.00000    3.8580E-14
  4998.00000    3.8982E-14
  5000.00000    3.8720E-14
  5002.00000    3.7857E-14
  5004.00000    3.7579E-14
  5006.00000    3.8117E-14
  5008.00000    3.7960E-14
  5010.00000    3.7584E-14
  5012.00000    3.7485E-14
  5014.00000    3.6979E-14
  5016.00000    3.7373E-14
  5018.00000    3.7881E-14
  5020.00000    3.8270E-14
  5022.00000    3.8133E-14
  5024.00000    3.8390E-14
  5026.00000    3.8438E-14
  5028.00000    3.9028E-14
  5030.00000    3.7825E-14
  5032.00000    3.8756E-14
  5034.00000    3.8048E-14
  5036.00000    3.7512E-14
  5038.00000    3.7512E-14
  5040.00000    3.8364E-14
  5042.00000    3.8118E-14
  5044.00000    3.8786E-14
  5046.00000    3.8294E-14
  5048.00000    3.7758E-14
  5050.00000    3.8103E-14
  5052.00000    3.7727E-14
  5054.00000    3.8000E-14
  5056.00000    3.8847E-14
  5058.00000    3.8876E-14
  5060.00000    3.9152E-14
  5062.00000    3.8664E-14
  5064.00000    3.8653E-14
  5066.00000    3.7668E-14
  5068.00000    3.8046E-14
  5070.00000    3.8589E-14
  5072.00000    3.7456E-14
  5074.00000    3.7875E-14
  5076.00000    3.7813E-14
  5078.00000    3.7497E-14
  5080.00000    3.6932E-14
  5082.00000    3.7626E-14
  5084.00000    3.8183E-14
  5086.00000    3.7994E-14
  5088.00000    3.7996E-14
  5090.00000    3.7884E-14
  5092.00000    3.8153E-14
  5094.00000    3.7927E-14
  5096.00000    3.6794E-14
  5098.00000    3.7014E-14
  5100.00000    3.7854E-14
  5102.00000    3.7770E-14
  5104.00000    3.7153E-14
  5106.00000    3.7739E-14
  5108.00000    3.7845E-14
  5110.00000    3.7508E-14
  5112.00000    3.8495E-14
  5114.00000    3.8105E-14
  5116.00000    3.7798E-14
  5118.00000    3.7629E-14
  5120.00000    3.7013E-14
  5122.00000    3.7041E-14
  5124.00000    3.6597E-14
  5126.00000    3.7063E-14
  5128.00000    3.7321E-14
  5130.00000    3.7401E-14
  5132.00000    3.7790E-14
  5134.00000    3.7269E-14
  5136.00000    3.7285E-14
  5138.00000    3.7654E-14
  5140.00000    3.7499E-14
  5142.00000    3.6370E-14
  5144.00000    3.6736E-14
  5146.00000    3.6361E-14
  5148.00000    3.6926E-14
  5150.00000    3.6651E-14
  5152.00000    3.6639E-14
  5154.00000    3.7432E-14
  5156.00000    3.7635E-14
  5158.00000    3.7192E-14
  5160.00000    3.7554E-14
  5162.00000    3.6450E-14
  5164.00000    3.5483E-14
  5166.00000    3.4191E-14
  5168.00000    3.4182E-14
  5170.00000    3.4964E-14
  5172.00000    3.5258E-14
  5174.00000    3.5218E-14
  5176.00000    3.6087E-14
  5178.00000    3.5824E-14
  5180.00000    3.4839E-14
  5182.00000    3.5524E-14
  5184.00000    3.5711E-14
  5186.00000    3.5800E-14
  5188.00000    3.5997E-14
  5190.00000    3.5477E-14
  5192.00000    3.5229E-14
  5194.00000    3.5253E-14
  5196.00000    3.5806E-14
  5198.00000    3.6040E-14
  5200.00000    3.5621E-14
  5202.00000    3.4854E-14
  5204.00000    3.4746E-14
  5206.00000    3.5132E-14
  5208.00000    3.5739E-14
  5210.00000    3.5677E-14
  5212.00000    3.6052E-14
  5214.00000    3.6460E-14
  5216.00000    3.6817E-14
  5218.00000    3.6696E-14
  5220.00000    3.5520E-14
  5222.00000    3.5130E-14
  5224.00000    3.5004E-14
  5226.00000    3.5608E-14
  5228.00000    3.5900E-14
  5230.00000    3.5582E-14
  5232.00000    3.5188E-14
  5234.00000    3.5958E-14
  5236.00000    3.5721E-14
  5238.00000    3.6178E-14
  5240.00000    3.6430E-14
  5242.00000    3.6664E-14
  5244.00000    3.5802E-14
  5246.00000    3.6051E-14
  5248.00000    3.5605E-14
  5250.00000    3.5569E-14
  5252.00000    3.5822E-14
  5254.00000    3.6362E-14
  5256.00000    3.6169E-14
  5258.00000    3.5378E-14
  5260.00000    3.5169E-14
  5262.00000    3.4894E-14
  5264.00000    3.4949E-14
  5266.00000    3.4756E-14
  5268.00000    3.4935E-14
  5270.00000    3.5013E-14
  5272.00000    3.5988E-14
  5274.00000    3.5422E-14
  5276.00000    3.5482E-14
  5278.00000    3.5660E-14
  5280.00000    3.5940E-14
  5282.00000    3.5767E-14
  5284.00000    3.6335E-14
  5286.00000    3.6533E-14
  5288.00000    3.6201E-14
  5290.00000    3.6228E-14
  5292.00000    3.5775E-14
  5294.00000    3.4809E-14
  5296.00000    3.5605E-14
  5298.00000    3.6061E-14
  5300.00000    3.6172E-14
  5302.00000    3.6542E-14
  5304.00000    3.6380E-14
  5306.00000    3.6819E-14
  5308.00000    3.6346E-14
  5310.00000    3.6181E-14
  5312.00000    3.5246E-14
  5314.00000    3.5452E-14
  5316.00000    3.5811E-14
  5318.00000    3.5952E-14
  5320.00000    3.5415E-14
  5322.00000    3.5305E-14
  5324.00000    3.4640E-14
  5326.00000    3.4893E-14
  5328.00000    3.5246E-14
  5330.00000    3.5718E-14
  5332.00000    3.5534E-14
  5334.00000    3.5347E-14
  5336.00000    3.5706E-14
  5338.00000    3.5634E-14
  5340.00000    3.5190E-14
  5342.00000    3.4839E-14
  5344.00000    3.5436E-14
  5346.00000    3.5694E-14
  5348.00000    3.5237E-14
  5350.00000    3.5751E-14
  5352.00000    3.6778E-14
  5354.00000    3.6618E-14
  5356.00000    3.6198E-14
  5358.00000    3.6076E-14
  5360.00000    3.5424E-14
  5362.00000    3.5188E-14
  5364.00000    3.5653E-14
  5366.00000    3.5013E-14
  5368.00000    3.4829E-14
  5370.00000    3.4707E-14
  5372.00000    3.5688E-14
  5374.00000    3.5424E-14
  5376.00000    3.6421E-14
  5378.00000    3.5407E-14
  5380.00000    3.5953E-14
  5382.00000    3.5258E-14
  5384.00000    3.5457E-14
  5386.00000    3.4980E-14
  5388.00000    3.5072E-14
  5390.00000    3.5104E-14
  5392.00000    3.4424E-14
  5394.00000    3.4969E-14
  5396.00000    3.4345E-14
  5398.00000    3.4634E-14
  5400.00000    3.4847E-14
  5402.00000    3.4196E-14
  5404.00000    3.4423E-14
  5406.00000    3.4472E-14
  5408.00000    3.5339E-14
  5410.00000    3.4820E-14
  5412.00000    3.4903E-14
  5414.00000    3.5625E-14
  5416.00000    3.5596E-14
  5418.00000    3.5946E-14
  5420.00000    3.5201E-14
  5422.00000    3.5848E-14
  5424.00000    3.4773E-14
  5426.00000    3.4842E-14
  5428.00000    3.4961E-14
  5430.00000    3.4249E-14
  5432.00000    3.4290E-14
  5434.00000    3.4858E-14
  5436.00000    3.5259E-14
  5438.00000    3.5415E-14
  5440.00000    3.5489E-14
  5442.00000    3.4931E-14
  5444.00000    3.5194E-14
  5446.00000    3.4587E-14
  5448.00000    3.4306E-14
  5450.00000    3.3593E-14
  5452.00000    3.3934E-14
  5454.00000    3.3311E-14
  5456.00000    3.3907E-14
  5458.00000    3.4131E-14
  5460.00000    3.4363E-14
  5462.00000    3.3925E-14
  5464.00000    3.3914E-14
  5466.00000    3.4357E-14
  5468.00000    3.4544E-14
  5470.00000    3.4223E-14
  5472.00000    3.3388E-14
  5474.00000    3.3172E-14
  5476.00000    3.3827E-14
  5478.00000    3.3093E-14
  5480.00000    3.4157E-14
  5482.00000    3.4886E-14
  5484.00000    3.4326E-14
  5486.00000    3.4026E-14
  5488.00000    3.4537E-14
  5490.00000    3.4106E-14
  5492.00000    3.4117E-14
  5494.00000    3.4004E-14
  5496.00000    3.3360E-14
  5498.00000    3.3676E-14
  5500.00000    3.3621E-14
  5502.00000    3.3564E-14
  5504.00000    3.3453E-14
  5506.00000    3.3730E-14
  5508.00000    3.2750E-14
  5510.00000    3.3153E-14
  5512.00000    3.3208E-14
  5514.00000    3.3446E-14
  5516.00000    3.3981E-14
  5518.00000    3.4137E-14
  5520.00000    3.3814E-14
  5522.00000    3.4498E-14
  5524.00000    3.3382E-14
  5526.00000    3.3660E-14
  5528.00000    3.3950E-14
  5530.00000    3.3603E-14
  5532.00000    3.3805E-14
  5534.00000    3.3904E-14
  5536.00000    3.3575E-14
  5538.00000    3.4094E-14
  5540.00000    3.3599E-14
  5542.00000    3.3757E-14
  5544.00000    3.3803E-14
  5546.00000    3.4243E-14
  5548.00000    3.4104E-14
  5550.00000    3.3956E-14
  5552.00000    3.4225E-14
  5554.00000    3.4154E-14
  5556.00000    3.3847E-14
  5558.00000    3.4157E-14
  5560.00000    3.3350E-14
  5562.00000    3.3562E-14
  5564.00000    3.3738E-14
  5566.00000    3.3351E-14
  5568.00000    3.3429E-14
  5570.00000    3.4508E-14
  5572.00000    3.3766E-14
  5574.00000    3.3197E-14
  5576.00000    3.3475E-14
  5578.00000    3.3789E-14
  5580.00000    3.3943E-14
  5582.00000    3.4253E-14
  5584.00000    3.2829E-14
  5586.00000    3.3184E-14
  5588.00000    3.3032E-14
  5590.00000    3.3361E-14
  5592.00000    3.3867E-14
  5594.00000    3.3379E-14
  5596.00000    3.3171E-14
  5598.00000    3.2689E-14
  5600.00000    3.3150E-14
  5602.00000    3.3597E-14
  5604.00000    3.3678E-14
  5606.00000    3.3548E-14
  5608.00000    3.3436E-14
  5610.00000    3.3412E-14
  5612.00000    3.3273E-14
  5614.00000    3.3126E-14
  5616.00000    3.2914E-14
  5618.00000    3.3050E-14
  5620.00000    3.3430E-14
  5622.00000    3.3339E-14
  5624.00000    3.3223E-14
  5626.00000    3.3057E-14
  5628.00000    3.2680E-14
  5630.00000    3.2920E-14
  5632.00000    3.3789E-14
  5634.00000    3.2764E-14
  5636.00000    3.3139E-14
  5638.00000    3.2757E-14
  5640.00000    3.2464E-14
  5642.00000    3.2803E-14
  5644.00000    3.2847E-14
  5646.00000    3.2799E-14
  5648.00000    3.2211E-14
  5650.00000    3.1919E-14
  5652.00000    3.3107E-14
  5654.00000    3.2828E-14
  5656.00000    3.2207E-14
  5658.00000    3.2515E-14
  5660.00000    3.2576E-14
  5662.00000    3.2466E-14
  5664.00000    3.2693E-14
  5666.00000    3.2512E-14
  5668.00000    3.2718E-14
  5670.00000    3.2800E-14
  5672.00000    3.2806E-14
  5674.00000    3.2549E-14
  5676.00000    3.2436E-14
  5678.00000    3.2854E-14
  5680.00000    3.3022E-14
  5682.00000    3.2955E-14
  5684.00000    3.2834E-14
  5686.00000    3.2857E-14
  5688.00000    3.2787E-14
  5690.00000    3.3308E-14
  5692.00000    3.3251E-14
  5694.00000    3.2779E-14
  5696.00000    3.2684E-14
  5698.00000    3.2409E-14
  5700.00000    3.2207E-14
  5702.00000    3.2087E-14
  5704.00000    3.2555E-14
  5706.00000    3.2348E-14
  5708.00000    3.2594E-14
  5710.00000    3.2619E-14
  5712.00000    3.2573E-14
  5714.00000    3.2483E-14
  5716.00000    3.2957E-14
  5718.00000    3.3148E-14
  5720.00000    3.2625E-14
  5722.00000    3.3140E-14
  5724.00000    3.2945E-14
  5726.00000    3.2890E-14
  5728.00000    3.2335E-14
  5730.00000    3.3444E-14
  5732.00000    3.2829E-14
  5734.00000    3.2455E-14
  5736.00000    3.3247E-14
  5738.00000    3.2956E-14
  5740.00000    3.3445E-14
  5742.00000    3.2968E-14
  5744.00000    3.2655E-14
  5746.00000    3.3105E-14
  5748.00000    3.2600E-14
  5750.00000    3.2766E-14
  5752.00000    3.3151E-14
  5754.00000    3.2521E-14
  5756.00000    3.2104E-14
  5758.00000    3.2713E-14
  5760.00000    3.2731E-14
  5762.00000    3.2415E-14
  5764.00000    3.3285E-14
  5766.00000    3.2767E-14
  5768.00000    3.2841E-14
  5770.00000    3.3049E-14
  5772.00000    3.2665E-14
  5774.00000    3.2161E-14
  5776.00000    3.1697E-14
  5778.00000    3.1815E-14
  5780.00000    3.1621E-14
  5782.00000    3.1756E-14
  5784.00000    3.2074E-14
  5786.00000    3.2568E-14
  5788.00000    3.1768E-14
  5790.00000    3.2884E-14
  5792.00000    3.2939E-14
  5794.00000    3.3245E-14
  5796.00000    3.3183E-14
  5798.00000    3.3067E-14
  5800.00000    3.3335E-14
  5802.00000    3.2834E-14
  5804.00000    3.3166E-14
  5806.00000    3.2989E-14
  5808.00000    3.2343E-14
  5810.00000    3.2707E-14
  5812.00000    3.2489E-14
  5814.00000    3.2915E-14
  5816.00000    3.2825E-14
  5818.00000    3.2926E-14
  5820.00000    3.2383E-14
  5822.00000    3.2852E-14
  5824.00000    3.2937E-14
  5826.00000    3.2965E-14
  5828.00000    3.3093E-14
  5830.00000    3.3042E-14
  5832.00000    3.2761E-14
  5834.00000    3.2562E-14
  5836.00000    3.2460E-14
  5838.00000    3.3150E-14
  5840.00000    3.2735E-14
  5842.00000    3.2534E-14
  5844.00000    3.2373E-14
  5846.00000    3.2079E-14
  5848.00000    3.2058E-14
  5850.00000    3.1828E-14
  5852.00000    3.1978E-14
  5854.00000    3.1773E-14
  5856.00000    3.1705E-14
  5858.00000    3.1604E-14
  5860.00000    3.1711E-14
  5862.00000    3.1675E-14
  5864.00000    3.1621E-14
  5866.00000    3.1704E-14
  5868.00000    3.1611E-14
  5870.00000    3.1359E-14
  5872.00000    3.0997E-14
  5874.00000    3.0696E-14
  5876.00000    3.0992E-14
  5878.00000    3.0475E-14
  5880.00000    3.0826E-14
  5882.00000    3.0422E-14
  5884.00000    2.9523E-14
  5886.00000    2.8719E-14
  5888.00000    2.8813E-14
  5890.00000    2.8810E-14
  5892.00000    2.9297E-14
  5894.00000    2.9293E-14
  5896.00000    2.9362E-14
  5898.00000    2.9560E-14
  5900.00000    3.0060E-14
  5902.00000    3.0030E-14
  5904.00000    3.1148E-14
  5906.00000    3.1134E-14
  5908.00000    3.0329E-14
  5910.00000    3.0237E-14
  5912.00000    3.0635E-14
  5914.00000    3.0432E-14
  5916.00000    3.0600E-14
  5918.00000    3.0412E-14
  5920.00000    3.0898E-14
  5922.00000    3.0691E-14
  5924.00000    3.0615E-14
  5926.00000    3.1443E-14
  5928.00000    3.0807E-14
  5930.00000    3.0798E-14
  5932.00000    3.0481E-14
  5934.00000    3.0890E-14
  5936.00000    3.0930E-14
  5938.00000    3.0116E-14
  5940.00000    3.0487E-14
  5942.00000    3.0531E-14
  5944.00000    3.0495E-14
  5946.00000    3.0615E-14
  5948.00000    3.0526E-14
  5950.00000    3.0768E-14
  5952.00000    3.0596E-14
  5954.00000    3.0547E-14
  5956.00000    3.0837E-14
  5958.00000    3.0964E-14
  5960.00000    3.0884E-14
  5962.00000    3.0018E-14
  5964.00000    3.1580E-14
  5966.00000    3.0858E-14
  5968.00000    3.0186E-14
  5970.00000    3.1208E-14
  5972.00000    3.0372E-14
  5974.00000    3.0741E-14
  5976.00000    3.0379E-14
  5978.00000    3.0170E-14
  5980.00000    3.0454E-14
  5982.00000    3.0552E-14
  5984.00000    3.0795E-14
  5986.00000    3.0402E-14
  5988.00000    3.0729E-14
  5990.00000    3.0383E-14
  5992.00000    3.0997E-14
  5994.00000    3.0765E-14
  5996.00000    3.0369E-14
  5998.00000    3.0632E-14
  6000.00000    3.0700E-14
  6002.00000    3.0122E-14
  6004.00000    3.0410E-14
  6006.00000    3.0600E-14
  6008.00000    3.0501E-14
  6010.00000    3.0927E-14
  6012.00000    3.0718E-14
  6014.00000    3.0671E-14
  6016.00000    3.0374E-14
  6018.00000    2.9984E-14
  6020.00000    3.1416E-14
  6022.00000    3.0702E-14
  6024.00000    3.0998E-14
  6026.00000    3.1294E-14
  6028.00000    3.1570E-14
  6030.00000    3.1629E-14
  6032.00000    3.1214E-14
  6034.00000    3.1385E-14
  6036.00000    3.0715E-14
  6038.00000    3.1336E-14
  6040.00000    3.1631E-14
  6042.00000    3.1243E-14
  6044.00000    3.1409E-14
  6046.00000    3.1599E-14
  6048.00000    3.1311E-14
  6050.00000    3.1128E-14
  6052.00000    3.0562E-14
  6054.00000    3.0510E-14
  6056.00000    3.0464E-14
  6058.00000    3.0464E-14
  6060.00000    3.0806E-14
  6062.00000    3.1426E-14
  6064.00000    3.1379E-14
  6066.00000    3.1093E-14
  6068.00000    3.0872E-14
  6070.00000    3.1445E-14
  6072.00000    3.1486E-14
  6074.00000    3.0684E-14
  6076.00000    3.1121E-14
  6078.00000    3.1082E-14
  6080.00000    3.0918E-14
  6082.00000    3.0820E-14
  6084.00000    3.0845E-14
  6086.00000    3.0438E-14
  6088.00000    3.1143E-14
  6090.00000    3.1071E-14
  6092.00000    3.0607E-14
  6094.00000    3.1055E-14
  6096.00000    3.1049E-14
  6098.00000    3.0444E-14
  6100.00000    3.0974E-14
  6102.00000    3.0409E-14
  6104.00000    3.0746E-14
  6106.00000    3.0444E-14
  6108.00000    3.1133E-14
  6110.00000    3.0983E-14
  6112.00000    3.1415E-14
  6114.00000    3.1120E-14
  6116.00000    3.0824E-14
  6118.00000    3.0139E-14
  6120.00000    2.9897E-14
  6122.00000    3.0474E-14
  6124.00000    3.0527E-14
  6126.00000    3.0814E-14
  6128.00000    3.0743E-14
  6130.00000    3.0904E-14
  6132.00000    3.0556E-14
  6134.00000    3.0161E-14
  6136.00000    3.0030E-14
  6138.00000    3.0397E-14
  6140.00000    3.0569E-14
  6142.00000    3.0433E-14
  6144.00000    3.0848E-14
  6146.00000    2.9722E-14
  6148.00000    3.0396E-14
  6150.00000    3.0451E-14
  6152.00000    2.9877E-14
  6154.00000    2.9139E-14
  6156.00000    2.8753E-14
  6158.00000    2.8792E-14
  6160.00000    2.8862E-14
  6162.00000    2.8549E-14
  6164.00000    2.8840E-14
  6166.00000    2.8626E-14
  6168.00000    2.8490E-14
  6170.00000    2.8790E-14
  6172.00000    2.8815E-14
  6174.00000    2.9141E-14
  6176.00000    2.8862E-14
  6178.00000    2.9300E-14
  6180.00000    2.8706E-14
  6182.00000    2.8445E-14
  6184.00000    2.8826E-14
  6186.00000    2.8522E-14
  6188.00000    2.8504E-14
  6190.00000    2.8124E-14
  6192.00000    2.8729E-14
  6194.00000    2.8394E-14
  6196.00000    2.8455E-14
  6198.00000    2.9051E-14
  6200.00000    2.8724E-14
  6202.00000    2.8962E-14
  6204.00000    2.9553E-14
  6206.00000    2.8836E-14
  6208.00000    2.8614E-14
  6210.00000    2.9024E-14
  6212.00000    2.8749E-14
  6214.00000    2.8009E-14
  6216.00000    2.7537E-14
  6218.00000    2.7787E-14
  6220.00000    2.7986E-14
  6222.00000    2.7264E-14
  6224.00000    2.7558E-14
  6226.00000    2.7787E-14
  6228.00000    2.7544E-14
  6230.00000    2.7289E-14
  6232.00000    2.8220E-14
  6234.00000    2.7766E-14
  6236.00000    2.7346E-14
  6238.00000    2.6949E-14
  6240.00000    2.7492E-14
  6242.00000    2.8230E-14
  6244.00000    2.7631E-14
  6246.00000    2.7727E-14
  6248.00000    2.7954E-14
  6250.00000    2.7819E-14
  6252.00000    2.7697E-14
  6254.00000    2.7839E-14
  6256.00000    2.7505E-14
  6258.00000    2.7948E-14
  6260.00000    2.8242E-14
  6262.00000    2.8646E-14
  6264.00000    2.7948E-14
  6266.00000    2.8134E-14
  6268.00000    2.8138E-14
  6270.00000    2.8342E-14
  6272.00000    2.7759E-14
  6274.00000    2.7558E-14
  6276.00000    2.7894E-14
  6278.00000    2.8187E-14
  6280.00000    2.7738E-14
  6282.00000    2.8109E-14
  6284.00000    2.8306E-14
  6286.00000    2.8909E-14
  6288.00000    2.8091E-14
  6290.00000    2.8226E-14
  6292.00000    2.8178E-14
  6294.00000    2.7834E-14
  6296.00000    2.8250E-14
  6298.00000    2.8402E-14
  6300.00000    2.7923E-14
  6302.00000    2.7872E-14
  6304.00000    2.8488E-14
  6306.00000    2.8264E-14
  6308.00000    2.8601E-14
  6310.00000    2.8331E-14
  6312.00000    2.7415E-14
  6314.00000    2.8944E-14
  6316.00000    2.8509E-14
  6318.00000    2.8449E-14
  6320.00000    2.8595E-14
  6322.00000    2.9246E-14
  6324.00000    2.9167E-14
  6326.00000    2.9292E-14
  6328.00000    2.9208E-14
  6330.00000    2.9167E-14
  6332.00000    2.9579E-14
  6334.00000    2.9411E-14
  6336.00000    2.9410E-14
  6338.00000    2.8930E-14
  6340.00000    2.8965E-14
  6342.00000    2.9107E-14
  6344.00000    2.9338E-14
  6346.00000    2.9162E-14
  6348.00000    2.9119E-14
  6350.00000    2.9178E-14
  6352.00000    2.8808E-14
  6354.00000    2.8853E-14
  6356.00000    2.8098E-14
  6358.00000    2.8937E-14
  6360.00000    2.8836E-14
  6362.00000    2.8628E-14
  6364.00000    2.8719E-14
  6366.00000    2.8864E-14
  6368.00000    2.8722E-14
  6370.00000    2.9618E-14
  6372.00000    2.9432E-14
  6374.00000    2.8846E-14
  6376.00000    2.8839E-14
  6378.00000    2.9278E-14
  6380.00000    2.9300E-14
  6382.00000    2.9138E-14
  6384.00000    2.9963E-14
  6386.00000    2.9311E-14
  6388.00000    2.8938E-14
  6390.00000    2.9301E-14
  6392.00000    2.8921E-14
  6394.00000    2.9215E-14
  6396.00000    2.9823E-14
  6398.00000    2.9814E-14
  6400.00000    2.9313E-14
  6402.00000    3.0298E-14
  6404.00000    2.9578E-14
  6406.00000    2.9600E-14
  6408.00000    2.9067E-14
  6410.00000    2.9030E-14
  6412.00000    2.8850E-14
  6414.00000    2.9203E-14
  6416.00000    2.9869E-14
  6418.00000    2.9055E-14
  6420.00000    2.9548E-14
  6422.00000    2.9580E-14
  6424.00000    2.9383E-14
  6426.00000    2.9162E-14
  6428.00000    2.9175E-14
  6430.00000    2.9324E-14
  6432.00000    2.9334E-14
  6434.00000    2.9153E-14
  6436.00000    2.9336E-14
  6438.00000    2.9657E-14
  6440.00000    3.0029E-14
  6442.00000    2.9985E-14
  6444.00000    2.8911E-14
  6446.00000    2.8591E-14
  6448.00000    2.8750E-14
  6450.00000    2.8880E-14
  6452.00000    2.9393E-14
  6454.00000    2.8726E-14
  6456.00000    2.9829E-14
  6458.00000    2.8575E-14
  6460.00000    2.9427E-14
  6462.00000    2.9391E-14
  6464.00000    2.9705E-14
  6466.00000    2.9584E-14
  6468.00000    2.9466E-14
  6470.00000    2.9558E-14
  6472.00000    2.9380E-14
  6474.00000    2.9552E-14
  6476.00000    2.9217E-14
  6478.00000    2.8575E-14
  6480.00000    2.8896E-14
  6482.00000    2.8983E-14
  6484.00000    2.8906E-14
  6486.00000    2.8601E-14
  6488.00000    2.8514E-14
  6490.00000    2.8175E-14
  6492.00000    2.8353E-14
  6494.00000    2.8017E-14
  6496.00000    2.8275E-14
  6498.00000    2.8502E-14
  6500.00000    2.8723E-14
  6502.00000    2.8425E-14
  6504.00000    2.8982E-14
  6506.00000    2.8776E-14
  6508.00000    2.8898E-14
  6510.00000    2.9442E-14
  6512.00000    2.8407E-14
  6514.00000    2.8944E-14
  6516.00000    2.9487E-14
  6518.00000    2.9368E-14
  6520.00000    2.9025E-14
  6522.00000    2.9284E-14
  6524.00000    2.9124E-14
  6526.00000    2.9309E-14
  6528.00000    2.9396E-14
  6530.00000    2.8723E-14
  6532.00000    2.9020E-14
  6534.00000    2.8729E-14
  6536.00000    2.8621E-14
  6538.00000    2.8465E-14
  6540.00000    2.8024E-14
  6542.00000    2.7442E-14
  6544.00000    2.7668E-14
  6546.00000    2.6725E-14
  6548.00000    2.5984E-14
  6550.00000    2.5720E-14
  6552.00000    2.4586E-14
  6554.00000    2.3431E-14
  6556.00000    2.2195E-14
  6558.00000    2.1488E-14
  6560.00000    2.1499E-14
  6562.00000    2.2748E-14
  6564.00000    2.3358E-14
  6566.00000    2.4688E-14
  6568.00000    2.5377E-14
  6570.00000    2.5505E-14
  6572.00000    2.6214E-14
  6574.00000    2.7496E-14
  6576.00000    2.7038E-14
  6578.00000    2.7472E-14
  6580.00000    2.8127E-14
  6582.00000    2.8092E-14
  6584.00000    2.8063E-14
  6586.00000    2.8667E-14
  6588.00000    2.7923E-14
  6590.00000    2.8709E-14
  6592.00000    2.8019E-14
  6594.00000    2.8495E-14
  6596.00000    2.8448E-14
  6598.00000    2.8405E-14
  6600.00000    2.8214E-14
  6602.00000    2.8021E-14
  6604.00000    2.8212E-14
  6606.00000    2.8452E-14
  6608.00000    2.8155E-14
  6610.00000    2.7930E-14
  6612.00000    2.8797E-14
  6614.00000    2.8356E-14
  6616.00000    2.8247E-14
  6618.00000    2.7800E-14
  6620.00000    2.7944E-14
  6622.00000    2.7679E-14
  6624.00000    2.7665E-14
  6626.00000    2.8507E-14
  6628.00000    2.7428E-14
  6630.00000    2.7468E-14
  6632.00000    2.7942E-14
  6634.00000    2.7987E-14
  6636.00000    2.7839E-14
  6638.00000    2.7394E-14
  6640.00000    2.8371E-14
  6642.00000    2.7349E-14
  6644.00000    2.7893E-14
  6646.00000    2.7638E-14
  6648.00000    2.7528E-14
  6650.00000    2.7634E-14
  6652.00000    2.7542E-14
  6654.00000    2.7497E-14
  6656.00000    2.7242E-14
  6658.00000    2.7465E-14
  6660.00000    2.6766E-14
  6662.00000    2.7643E-14
  6664.00000    2.7695E-14
  6666.00000    2.7094E-14
  6668.00000    2.7438E-14
  6670.00000    2.7439E-14
  6672.00000    2.6724E-14
  6674.00000    2.6556E-14
  6676.00000    2.7117E-14
  6678.00000    2.6407E-14
  6680.00000    2.6835E-14
  6682.00000    2.6361E-14
  6684.00000    2.6423E-14
  6686.00000    2.6563E-14
  6688.00000    2.6951E-14
  6690.00000    2.6734E-14
  6692.00000    2.7780E-14
  6694.00000    2.7200E-14
  6696.00000    2.7139E-14
  6698.00000    2.7193E-14
  6700.00000    2.7157E-14
  6702.00000    2.7503E-14
  6704.00000    2.7002E-14
  6706.00000    2.7464E-14
  6708.00000    2.6897E-14
  6710.00000    2.6290E-14
  6712.00000    2.6519E-14
  6714.00000    2.6506E-14
  6716.00000    2.6092E-14
  6718.00000    2.6825E-14
  6720.00000    2.6564E-14
  6722.00000    2.6752E-14
  6724.00000    2.7206E-14
  6726.00000    2.6231E-14
  6728.00000    2.6847E-14
  6730.00000    2.6431E-14
  6732.00000    2.7343E-14
  6734.00000    2.6984E-14
  6736.00000    2.6991E-14
  6738.00000    2.6496E-14
  6740.00000    2.6410E-14
  6742.00000    2.6370E-14
  6744.00000    2.5979E-14
  6746.00000    2.6497E-14
  6748.00000    2.6341E-14
  6750.00000    2.6124E-14
  6752.00000    2.6506E-14
  6754.00000    2.6529E-14
  6756.00000    2.6260E-14
  6758.00000    2.6370E-14
  6760.00000    2.6713E-14
  6762.00000    2.6731E-14
  6764.00000    2.6713E-14
  6766.00000    2.7006E-14
  6768.00000    2.6902E-14
  6770.00000    2.7082E-14
  6772.00000    2.7143E-14
  6774.00000    2.7279E-14
  6776.00000    2.7424E-14
  6778.00000    2.6703E-14
  6780.00000    2.6270E-14
  6782.00000    2.6336E-14
  6784.00000    2.6164E-14
  6786.00000    2.6435E-14
  6788.00000    2.6112E-14
  6790.00000    2.5947E-14
  6792.00000    2.6283E-14
  6794.00000    2.6351E-14
  6796.00000    2.6742E-14
  6798.00000    2.7010E-14
  6800.00000    2.6578E-14
  6802.00000    2.7007E-14
  6804.00000    2.7255E-14
  6806.00000    2.6603E-14
  6808.00000    2.6586E-14
  6810.00000    2.7364E-14
  6812.00000    2.6642E-14
  6814.00000    2.6551E-14
  6816.00000    2.7148E-14
  6818.00000    2.6598E-14
  6820.00000    2.6654E-14
  6822.00000    2.6644E-14
  6824.00000    2.6923E-14
  6826.00000    2.6935E-14
  6828.00000    2.6759E-14
  6830.00000    2.7114E-14
  6832.00000    2.6420E-14
  6834.00000    2.6992E-14
  6836.00000    2.6819E-14
  6838.00000    2.6461E-14
  6840.00000    2.6928E-14
  6842.00000    2.6502E-14
  6844.00000    2.6897E-14
  6846.00000    2.6749E-14
  6848.00000    2.7284E-14
  6850.00000    2.6900E-14
  6852.00000    2.6299E-14
  6854.00000    2.6350E-14
  6856.00000    2.6088E-14
  6858.00000    2.5955E-14
  6860.00000    2.6341E-14
  6862.00000    2.6771E-14
  6864.00000    2.6244E-14
  6866.00000    2.6430E-14
  6868.00000    2.6312E-14
  6870.00000    2.6305E-14
  6872.00000    2.6822E-14
  6874.00000    2.6707E-14
  6876.00000    2.6646E-14
  6878.00000    2.6106E-14
  6880.00000    2.6240E-14
  6882.00000    2.6221E-14
  6884.00000    2.6192E-14
  6886.00000    2.7300E-14
  6888.00000    2.6444E-14
  6890.00000    2.6874E-14
  6892.00000    2.6144E-14
  6894.00000    2.6476E-14
  6896.00000    2.6276E-14
  6898.00000    2.6285E-14
  6900.00000    2.5925E-14
  6902.00000    2.6898E-14
  6904.00000    2.7119E-14
  6906.00000    2.7066E-14
  6908.00000    2.7144E-14
  6910.00000    2.6593E-14
  6912.00000    2.6751E-14
  6914.00000    2.6366E-14
  6916.00000    2.6898E-14
  6918.00000    2.6737E-14
  6920.00000    2.7058E-14
  6922.00000    2.6492E-14
  6924.00000    2.7012E-14
  6926.00000    2.7774E-14
  6928.00000    2.7818E-14
  6930.00000    2.7797E-14
  6932.00000    2.7843E-14
  6934.00000    2.7877E-14
  6936.00000    2.7738E-14
  6938.00000    2.7821E-14
  6940.00000    2.7842E-14
  6942.00000    2.8252E-14
  6944.00000    2.7853E-14
  6946.00000    2.7860E-14
  6948.00000    2.8024E-14
  6950.00000    2.7753E-14
  6952.00000    2.7485E-14
  6954.00000    2.7652E-14
  6956.00000    2.8150E-14
  6958.00000    2.7763E-14
  6960.00000    2.8116E-14
  6962.00000    2.8105E-14
  6964.00000    2.8638E-14
  6966.00000    2.8014E-14
  6968.00000    2.8583E-14
  6970.00000    2.7824E-14
  6972.00000    2.7855E-14
  6974.00000    2.7877E-14
  6976.00000    2.7613E-14
  6978.00000    2.7478E-14
  6980.00000    2.7913E-14
  6982.00000    2.7716E-14
  6984.00000    2.7814E-14
  6986.00000    2.7866E-14
  6988.00000    2.8338E-14
  6990.00000    2.7549E-14
  6992.00000    2.7439E-14
  6994.00000    2.8348E-14
  6996.00000    2.7154E-14
  6998.00000    2.8184E-14
  7000.00000    2.7511E-14
  7002.00000    2.7678E-14
  7004.00000    2.8000E-14
  7006.00000    2.8123E-14
  7008.00000    2.8093E-14
  7010.00000    2.7713E-14
  7012.00000    2.7763E-14
  7014.00000    2.8696E-14
  7016.00000    2.7912E-14
  7018.00000    2.8139E-14
  7020.00000    2.7753E-14
  7022.00000    2.7925E-14
  7024.00000    2.8533E-14
  7026.00000    2.8731E-14
  7028.00000    2.8292E-14
  7030.00000    2.8440E-14
  7032.00000    2.8491E-14
  7034.00000    2.8387E-14
  7036.00000    2.8825E-14
  7038.00000    2.8974E-14
  7040.00000    2.8799E-14
  7042.00000    2.9149E-14
  7044.00000    2.9575E-14
  7046.00000    2.8315E-14
  7048.00000    2.8189E-14
  7050.00000    2.7427E-14
  7052.00000    2.6628E-14
  7054.00000    2.6542E-14
  7056.00000    2.5892E-14
  7058.00000    2.6375E-14
  7060.00000    2.6129E-14
  7062.00000    2.5782E-14
  7064.00000    2.6671E-14
  7066.00000    2.6333E-14
  7068.00000    2.6430E-14
  7070.00000    2.6696E-14
  7072.00000    2.7176E-14
  7074.00000    2.6964E-14
  7076.00000    2.6906E-14
  7078.00000    2.6677E-14
  7080.00000    2.6567E-14
  7082.00000    2.6188E-14
  7084.00000    2.5774E-14
  7086.00000    2.5424E-14
  7088.00000    2.5163E-14
  7090.00000    2.5229E-14
  7092.00000    2.5542E-14
  7094.00000    2.5501E-14
  7096.00000    2.4911E-14
  7098.00000    2.5361E-14
  7100.00000    2.5125E-14
  7102.00000    2.5412E-14
  7104.00000    2.5695E-14
  7106.00000    2.5574E-14
  7108.00000    2.5363E-14
  7110.00000    2.5588E-14
  7112.00000    2.5634E-14
  7114.00000    2.6406E-14
  7116.00000    2.6137E-14
  7118.00000    2.5724E-14
  7120.00000    2.5102E-14
  7122.00000    2.5134E-14
  7124.00000    2.4382E-14
  7126.00000    2.4458E-14
  7128.00000    2.3837E-14
  7130.00000    2.4980E-14
  7132.00000    2.4151E-14
  7134.00000    2.4495E-14
  7136.00000    2.4122E-14
  7138.00000    2.4795E-14
  7140.00000    2.4408E-14
  7142.00000    2.4922E-14
  7144.00000    2.4683E-14
  7146.00000    2.4916E-14
  7148.00000    2.4640E-14
  7150.00000    2.5442E-14
  7152.00000    2.5688E-14
  7154.00000    2.5105E-14
  7156.00000    2.5134E-14
  7158.00000    2.5598E-14
  7160.00000    2.5190E-14
  7162.00000    2.5146E-14
  7164.00000    2.4520E-14
  7166.00000    2.5112E-14
  7168.00000    2.4677E-14
  7170.00000    2.5024E-14
  7172.00000    2.4061E-14
  7174.00000    2.4295E-14
  7176.00000    2.4463E-14
  7178.00000    2.5225E-14
  7180.00000    2.4975E-14
  7182.00000    2.4920E-14
  7184.00000    2.4719E-14
  7186.00000    2.4533E-14
  7188.00000    2.4514E-14
  7190.00000    2.5184E-14
  7192.00000    2.4907E-14
  7194.00000    2.4536E-14
  7196.00000    2.4569E-14
  7198.00000    2.4635E-14
  7200.00000    2.4881E-14
  7202.00000    2.4871E-14
  7204.00000    2.5463E-14
  7206.00000    2.5326E-14
  7208.00000    2.5893E-14
  7210.00000    2.5565E-14
  7212.00000    2.5499E-14
  7214.00000    2.5966E-14
  7216.00000    2.6303E-14
  7218.00000    2.6096E-14
  7220.00000    2.6358E-14
  7222.00000    2.6313E-14
  7224.00000    2.6220E-14
  7226.00000    2.6586E-14
  7228.00000    2.6196E-14
  7230.00000    2.6142E-14
  7232.00000    2.5748E-14
  7234.00000    2.5259E-14
  7236.00000    2.6224E-14
  7238.00000    2.6301E-14
  7240.00000    2.6177E-14
  7242.00000    2.6079E-14
  7244.00000    2.6501E-14
  7246.00000    2.6155E-14
  7248.00000    2.6087E-14
  7250.00000    2.6472E-14
  7252.00000    2.6407E-14
  7254.00000    2.6591E-14
  7256.00000    2.6218E-14
  7258.00000    2.6495E-14
  7260.00000    2.6421E-14
  7262.00000    2.6861E-14
  7264.00000    2.6935E-14
  7266.00000    2.6439E-14
  7268.00000    2.6269E-14
  7270.00000    2.6817E-14
  7272.00000    2.6421E-14
  7274.00000    2.6685E-14
  7276.00000    2.6823E-14
  7278.00000    2.6354E-14
  7280.00000    2.7349E-14
  7282.00000    2.6913E-14
  7284.00000    2.7504E-14
  7286.00000    2.7042E-14
  7288.00000    2.6720E-14
  7290.00000    2.7112E-14
  7292.00000    2.7516E-14
  7294.00000    2.7564E-14
  7296.00000    2.6830E-14
  7298.00000    2.7142E-14
  7300.00000    2.7560E-14
  7302.00000    2.7591E-14
  7304.00000    2.7354E-14
  7306.00000    2.7791E-14
  7308.00000    2.7559E-14
  7310.00000    2.7792E-14
  7312.00000    2.8332E-14
  7314.00000    2.7691E-14
  7316.00000    2.8144E-14
  7318.00000    2.7759E-14
  7320.00000    2.8065E-14
  7322.00000    2.7942E-14
  7324.00000    2.8047E-14
  7326.00000    2.7805E-14
  7328.00000    2.8620E-14
  7330.00000    2.8279E-14
  7332.00000    2.8910E-14
  7334.00000    2.8390E-14
  7336.00000    2.9050E-14
  7338.00000    2.8671E-14
  7340.00000    2.8781E-14
  7342.00000    2.8056E-14
  7344.00000    2.8720E-14
  7346.00000    2.8147E-14
  7348.00000    2.8099E-14
  7350.00000    2.7843E-14
  7352.00000    2.7376E-14
  7354.00000    2.8000E-14
  7356.00000    2.8236E-14
  7358.00000    2.8655E-14
  7360.00000    2.8207E-14
  7362.00000    2.8574E-14
  7364.00000    2.8816E-14
  7366.00000    2.8736E-14
  7368.00000    2.8877E-14
  7370.00000    2.9261E-14
  7372.00000    2.8732E-14
  7374.00000    2.8925E-14
  7376.00000    2.9863E-14
  7378.00000    2.8867E-14
  7380.00000    2.8527E-14
  7382.00000    2.8471E-14
  7384.00000    2.9072E-14
  7386.00000    2.8232E-14
  7388.00000    2.8778E-14
  7390.00000    2.8491E-14
  7392.00000    2.8710E-14
  7394.00000    2.8938E-14
  7396.00000    2.8671E-14
  7398.00000    2.8036E-14
  7400.00000    2.8980E-14
  7402.00000    2.9080E-14
  7404.00000    2.8824E-14
  7406.00000    2.9326E-14
  7408.00000    2.8902E-14
  7410.00000    2.8421E-14
  7412.00000    2.8676E-14
  7414.00000    2.8734E-14
  7416.00000    2.8324E-14
  7418.00000    2.8659E-14
  7420.00000    2.8202E-14
  7422.00000    2.9007E-14
  7424.00000    2.9265E-14
  7426.00000    2.9296E-14
  7428.00000    2.8570E-14
  7430.00000    2.8708E-14
  7432.00000    2.9072E-14
  7434.00000    2.8682E-14
  7436.00000    2.8316E-14
  7438.00000    2.8564E-14
  7440.00000    2.8652E-14
  7442.00000    2.8737E-14
  7444.00000    2.8929E-14
  7446.00000    2.8487E-14
  7448.00000    2.8983E-14
  7450.00000    2.9340E-14
  7452.00000    2.9223E-14
  7454.00000    2.8170E-14
  7456.00000    2.8765E-14
  7458.00000    2.8789E-14
  7460.00000    2.8518E-14
  7462.00000    2.9113E-14
  7464.00000    2.9126E-14
  7466.00000    2.8469E-14
  7468.00000    2.8520E-14
  7470.00000    2.9574E-14
  7472.00000    2.9594E-14
  7474.00000    2.8693E-14
  7476.00000    2.8964E-14
  7478.00000    2.9167E-14
  7480.00000    2.8783E-14
  7482.00000    2.9217E-14
  7484.00000    2.9345E-14
  7486.00000    2.8452E-14
  7488.00000    2.8497E-14
  7490.00000    2.8689E-14
  7492.00000    2.8438E-14
  7494.00000    2.8585E-14
  7496.00000    2.9278E-14
  7498.00000    2.8977E-14
  7500.00000    2.9069E-14
