  4300.00000    4.70090E-14
  4301.00000    4.78180E-14
  4302.00000    4.72240E-14
  4303.00000    4.68620E-14
  4304.00000    4.70180E-14
  4305.00000    4.67480E-14
  4306.00000    4.65240E-14
  4307.00000    4.64770E-14
  4308.00000    4.70180E-14
  4309.00000    4.73090E-14
  4310.00000    4.58810E-14
  4311.00000    4.72910E-14
  4312.00000    4.65100E-14
  4313.00000    4.66670E-14
  4314.00000    4.79060E-14
  4315.00000    4.74720E-14
  4316.00000    4.72380E-14
  4317.00000    4.69810E-14
  4318.00000    4.72800E-14
  4319.00000    4.66920E-14
  4320.00000    4.60420E-14
  4321.00000    4.58350E-14
  4322.00000    4.44230E-14
  4323.00000    4.42630E-14
  4324.00000    4.36770E-14
  4325.00000    4.31150E-14
  4326.00000    4.34730E-14
  4327.00000    4.29200E-14
  4328.00000    4.14050E-14
  4329.00000    4.11550E-14
  4330.00000    3.87750E-14
  4331.00000    3.71300E-14
  4332.00000    3.44620E-14
  4333.00000    3.27550E-14
  4334.00000    3.02690E-14
  4335.00000    2.86700E-14
  4336.00000    2.64230E-14
  4337.00000    2.46510E-14
  4338.00000    2.49310E-14
  4339.00000    2.53960E-14
  4340.00000    2.64640E-14
  4341.00000    2.90060E-14
  4342.00000    3.18620E-14
  4343.00000    3.42800E-14
  4344.00000    3.58260E-14
  4345.00000    3.76000E-14
  4346.00000    3.82260E-14
  4347.00000    3.97450E-14
  4348.00000    4.13750E-14
  4349.00000    4.30290E-14
  4350.00000    4.26590E-14
  4351.00000    4.34550E-14
  4352.00000    4.36860E-14
  4353.00000    4.42190E-14
  4354.00000    4.64040E-14
  4355.00000    4.53430E-14
  4356.00000    4.54660E-14
  4357.00000    4.63970E-14
  4358.00000    4.68210E-14
  4359.00000    4.66660E-14
  4360.00000    4.67650E-14
  4361.00000    4.78760E-14
  4362.00000    4.63770E-14
  4363.00000    4.85900E-14
  4364.00000    4.73610E-14
  4365.00000    4.65570E-14
  4366.00000    4.66570E-14
  4367.00000    4.80720E-14
  4368.00000    4.64690E-14
  4369.00000    4.71980E-14
  4370.00000    4.50110E-14
  4371.00000    4.68590E-14
  4372.00000    4.65430E-14
  4373.00000    4.72620E-14
  4374.00000    4.57860E-14
  4375.00000    4.72790E-14
  4376.00000    4.61570E-14
  4377.00000    4.64770E-14
  4378.00000    4.58500E-14
  4379.00000    4.59900E-14
  4380.00000    4.56660E-14
  4381.00000    4.43450E-14
  4382.00000    4.45340E-14
  4383.00000    4.44230E-14
  4384.00000    4.57070E-14
  4385.00000    4.45150E-14
  4386.00000    4.48370E-14
  4387.00000    4.55320E-14
  4388.00000    4.53000E-14
  4389.00000    4.70250E-14
  4390.00000    4.64390E-14
  4391.00000    4.59750E-14
  4392.00000    4.59330E-14
  4393.00000    4.68240E-14
  4394.00000    4.64480E-14
  4395.00000    4.68890E-14
  4396.00000    4.62180E-14
  4397.00000    4.60400E-14
  4398.00000    4.57020E-14
  4399.00000    4.58320E-14
  4400.00000    4.62870E-14
  4401.00000    4.69080E-14
  4402.00000    4.59960E-14
  4403.00000    4.64650E-14
  4404.00000    4.63330E-14
  4405.00000    4.64410E-14
  4406.00000    4.68680E-14
  4407.00000    4.61990E-14
  4408.00000    4.59690E-14
  4409.00000    4.55900E-14
  4410.00000    4.62110E-14
  4411.00000    4.60350E-14
  4412.00000    4.51570E-14
  4413.00000    4.57690E-14
  4414.00000    4.50150E-14
  4415.00000    4.58710E-14
  4416.00000    4.61900E-14
  4417.00000    4.66180E-14
  4418.00000    4.64350E-14
  4419.00000    4.63910E-14
  4420.00000    4.63410E-14
  4421.00000    4.61240E-14
  4422.00000    4.66950E-14
  4423.00000    4.58830E-14
  4424.00000    4.61480E-14
  4425.00000    4.66790E-14
  4426.00000    4.66290E-14
  4427.00000    4.68050E-14
  4428.00000    4.61590E-14
  4429.00000    4.62500E-14
  4430.00000    4.60350E-14
  4431.00000    4.66030E-14
  4432.00000    4.64280E-14
  4433.00000    4.69860E-14
  4434.00000    4.61270E-14
  4435.00000    4.59750E-14
  4436.00000    4.71550E-14
  4437.00000    4.62030E-14
  4438.00000    4.69120E-14
  4439.00000    4.63590E-14
  4440.00000    4.56450E-14
  4441.00000    4.67360E-14
  4442.00000    4.67380E-14
  4443.00000    4.71480E-14
  4444.00000    4.61420E-14
  4445.00000    4.62890E-14
  4446.00000    4.76510E-14
  4447.00000    4.61580E-14
  4448.00000    4.63700E-14
  4449.00000    4.62730E-14
  4450.00000    4.60960E-14
  4451.00000    4.60770E-14
  4452.00000    4.59890E-14
  4453.00000    4.67360E-14
  4454.00000    4.54730E-14
  4455.00000    4.63250E-14
  4456.00000    4.58190E-14
  4457.00000    4.57000E-14
  4458.00000    4.64330E-14
  4459.00000    4.52890E-14
  4460.00000    4.58920E-14
  4461.00000    4.57360E-14
  4462.00000    4.63470E-14
  4463.00000    4.58010E-14
  4464.00000    4.56780E-14
  4465.00000    4.45390E-14
  4466.00000    4.44340E-14
  4467.00000    4.42540E-14
  4468.00000    4.50400E-14
  4469.00000    4.47690E-14
  4470.00000    4.47600E-14
  4471.00000    4.57130E-14
  4472.00000    4.45180E-14
  4473.00000    4.65210E-14
  4474.00000    4.61450E-14
  4475.00000    4.59510E-14
  4476.00000    4.52070E-14
  4477.00000    4.52910E-14
  4478.00000    4.43420E-14
  4479.00000    4.46020E-14
  4480.00000    4.56230E-14
  4481.00000    4.46570E-14
  4482.00000    4.59200E-14
  4483.00000    4.69970E-14
  4484.00000    4.64690E-14
  4485.00000    4.64730E-14
  4486.00000    4.69180E-14
  4487.00000    4.67110E-14
  4488.00000    4.62320E-14
  4489.00000    4.59300E-14
  4490.00000    4.61110E-14
  4491.00000    4.57110E-14
  4492.00000    4.60670E-14
  4493.00000    4.64380E-14
  4494.00000    4.60520E-14
  4495.00000    4.64440E-14
  4496.00000    4.55600E-14
  4497.00000    4.54030E-14
  4498.00000    4.64460E-14
  4499.00000    4.56560E-14
  4500.00000    4.64760E-14
  4501.00000    4.62850E-14
  4502.00000    4.65860E-14
  4503.00000    4.60940E-14
  4504.00000    4.63600E-14
  4505.00000    4.62620E-14
  4506.00000    4.59890E-14
  4507.00000    4.56770E-14
  4508.00000    4.59630E-14
  4509.00000    4.61420E-14
  4510.00000    4.63710E-14
  4511.00000    4.48400E-14
  4512.00000    4.52400E-14
  4513.00000    4.56950E-14
  4514.00000    4.59120E-14
  4515.00000    4.59400E-14
  4516.00000    4.53670E-14
  4517.00000    4.54220E-14
  4518.00000    4.51340E-14
  4519.00000    4.52750E-14
  4520.00000    4.46360E-14
  4521.00000    4.52640E-14
  4522.00000    4.51220E-14
  4523.00000    4.43850E-14
  4524.00000    4.56740E-14
  4525.00000    4.47570E-14
  4526.00000    4.53200E-14
  4527.00000    4.49440E-14
  4528.00000    4.36590E-14
  4529.00000    4.40800E-14
  4530.00000    4.43740E-14
  4531.00000    4.41880E-14
  4532.00000    4.44950E-14
  4533.00000    4.53760E-14
  4534.00000    4.48260E-14
  4535.00000    4.56210E-14
  4536.00000    4.53730E-14
  4537.00000    4.54270E-14
  4538.00000    4.52100E-14
  4539.00000    4.58450E-14
  4540.00000    4.48220E-14
  4541.00000    4.57870E-14
  4542.00000    4.44940E-14
  4543.00000    4.54470E-14
  4544.00000    4.54800E-14
  4545.00000    4.48260E-14
  4546.00000    4.44170E-14
  4547.00000    4.44990E-14
  4548.00000    4.42630E-14
  4549.00000    4.44800E-14
  4550.00000    4.40350E-14
  4551.00000    4.44320E-14
  4552.00000    4.32410E-14
  4553.00000    4.40020E-14
  4554.00000    4.42330E-14
  4555.00000    4.41960E-14
  4556.00000    4.46150E-14
  4557.00000    4.53950E-14
  4558.00000    4.56440E-14
  4559.00000    4.43750E-14
  4560.00000    4.51970E-14
  4561.00000    4.52370E-14
  4562.00000    4.48030E-14
  4563.00000    4.46550E-14
  4564.00000    4.57210E-14
  4565.00000    4.45480E-14
  4566.00000    4.58020E-14
  4567.00000    4.55600E-14
  4568.00000    4.48880E-14
  4569.00000    4.50910E-14
  4570.00000    4.38910E-14
  4571.00000    4.49770E-14
  4572.00000    4.58480E-14
  4573.00000    4.45870E-14
  4574.00000    4.44340E-14
  4575.00000    4.46430E-14
  4576.00000    4.39970E-14
  4577.00000    4.41240E-14
  4578.00000    4.37550E-14
  4579.00000    4.36780E-14
  4580.00000    4.38700E-14
  4581.00000    4.46980E-14
  4582.00000    4.40700E-14
  4583.00000    4.36900E-14
  4584.00000    4.37370E-14
  4585.00000    4.33720E-14
  4586.00000    4.38360E-14
  4587.00000    4.37990E-14
  4588.00000    4.43100E-14
  4589.00000    4.37330E-14
  4590.00000    4.38480E-14
  4591.00000    4.45510E-14
  4592.00000    4.40790E-14
  4593.00000    4.33330E-14
  4594.00000    4.38680E-14
  4595.00000    4.42190E-14
  4596.00000    4.40660E-14
  4597.00000    4.48190E-14
  4598.00000    4.43490E-14
  4599.00000    4.48100E-14
  4600.00000    4.46310E-14
  4601.00000    4.39040E-14
  4602.00000    4.49140E-14
  4603.00000    4.47140E-14
  4604.00000    4.34640E-14
  4605.00000    4.38470E-14
  4606.00000    4.45130E-14
  4607.00000    4.49150E-14
  4608.00000    4.47070E-14
  4609.00000    4.48550E-14
  4610.00000    4.44920E-14
  4611.00000    4.53010E-14
  4612.00000    4.52570E-14
  4613.00000    4.51750E-14
  4614.00000    4.44630E-14
  4615.00000    4.44400E-14
  4616.00000    4.42720E-14
  4617.00000    4.41330E-14
  4618.00000    4.38490E-14
  4619.00000    4.48120E-14
  4620.00000    4.46440E-14
  4621.00000    4.44550E-14
  4622.00000    4.50610E-14
  4623.00000    4.45310E-14
  4624.00000    4.49460E-14
  4625.00000    4.39370E-14
  4626.00000    4.33510E-14
  4627.00000    4.38390E-14
  4628.00000    4.34460E-14
  4629.00000    4.40930E-14
  4630.00000    4.39890E-14
  4631.00000    4.34620E-14
  4632.00000    4.25860E-14
  4633.00000    4.31760E-14
  4634.00000    4.38410E-14
  4635.00000    4.37110E-14
  4636.00000    4.47000E-14
  4637.00000    4.29790E-14
  4638.00000    4.41770E-14
  4639.00000    4.49140E-14
  4640.00000    4.37450E-14
  4641.00000    4.43100E-14
  4642.00000    4.34820E-14
  4643.00000    4.33830E-14
  4644.00000    4.37400E-14
  4645.00000    4.40440E-14
  4646.00000    4.40760E-14
  4647.00000    4.45180E-14
  4648.00000    4.39610E-14
  4649.00000    4.38930E-14
  4650.00000    4.45000E-14
  4651.00000    4.42990E-14
  4652.00000    4.44730E-14
  4653.00000    4.37900E-14
  4654.00000    4.46610E-14
  4655.00000    4.33690E-14
  4656.00000    4.45000E-14
  4657.00000    4.49010E-14
  4658.00000    4.39390E-14
  4659.00000    4.46370E-14
  4660.00000    4.43830E-14
  4661.00000    4.42030E-14
  4662.00000    4.40600E-14
  4663.00000    4.29580E-14
  4664.00000    4.31940E-14
  4665.00000    4.30400E-14
  4666.00000    4.38110E-14
  4667.00000    4.26650E-14
  4668.00000    4.30810E-14
  4669.00000    4.41380E-14
  4670.00000    4.29710E-14
  4671.00000    4.36610E-14
  4672.00000    4.34530E-14
  4673.00000    4.34190E-14
  4674.00000    4.36650E-14
  4675.00000    4.30790E-14
  4676.00000    4.30180E-14
  4677.00000    4.28320E-14
  4678.00000    4.28340E-14
  4679.00000    4.35510E-14
  4680.00000    4.30430E-14
  4681.00000    4.28450E-14
  4682.00000    4.27630E-14
  4683.00000    4.23680E-14
  4684.00000    4.36590E-14
  4685.00000    4.35940E-14
  4686.00000    4.30340E-14
  4687.00000    4.32930E-14
  4688.00000    4.33890E-14
  4689.00000    4.26540E-14
  4690.00000    4.37010E-14
  4691.00000    4.25980E-14
  4692.00000    4.26880E-14
  4693.00000    4.24830E-14
  4694.00000    4.28770E-14
  4695.00000    4.29360E-14
  4696.00000    4.19190E-14
  4697.00000    4.37900E-14
  4698.00000    4.33290E-14
  4699.00000    4.34570E-14
  4700.00000    4.17010E-14
  4701.00000    4.28220E-14
  4702.00000    4.23960E-14
  4703.00000    4.32600E-14
  4704.00000    4.25070E-14
  4705.00000    4.21820E-14
  4706.00000    4.18110E-14
  4707.00000    4.18510E-14
  4708.00000    4.11360E-14
  4709.00000    4.24830E-14
  4710.00000    4.22120E-14
  4711.00000    4.18350E-14
  4712.00000    4.18580E-14
  4713.00000    4.21970E-14
  4714.00000    4.24630E-14
  4715.00000    4.22100E-14
  4716.00000    4.25150E-14
  4717.00000    4.24730E-14
  4718.00000    4.33770E-14
  4719.00000    4.29710E-14
  4720.00000    4.29110E-14
  4721.00000    4.37730E-14
  4722.00000    4.31140E-14
  4723.00000    4.26470E-14
  4724.00000    4.18580E-14
  4725.00000    4.19210E-14
  4726.00000    4.23240E-14
  4727.00000    4.18640E-14
  4728.00000    4.22640E-14
  4729.00000    4.17400E-14
  4730.00000    4.18640E-14
  4731.00000    4.23810E-14
  4732.00000    4.21620E-14
  4733.00000    4.25740E-14
  4734.00000    4.20410E-14
  4735.00000    4.29010E-14
  4736.00000    4.24560E-14
  4737.00000    4.24860E-14
  4738.00000    4.25070E-14
  4739.00000    4.24630E-14
  4740.00000    4.28850E-14
  4741.00000    4.24310E-14
  4742.00000    4.34540E-14
  4743.00000    4.31830E-14
  4744.00000    4.22690E-14
  4745.00000    4.35130E-14
  4746.00000    4.21750E-14
  4747.00000    4.29520E-14
  4748.00000    4.26500E-14
  4749.00000    4.26430E-14
  4750.00000    4.28170E-14
  4751.00000    4.25580E-14
  4752.00000    4.21400E-14
  4753.00000    4.21160E-14
  4754.00000    4.30100E-14
  4755.00000    4.25810E-14
  4756.00000    4.30770E-14
  4757.00000    4.22460E-14
  4758.00000    4.22540E-14
  4759.00000    4.27090E-14
  4760.00000    4.18490E-14
  4761.00000    4.31250E-14
  4762.00000    4.24190E-14
  4763.00000    4.15220E-14
  4764.00000    4.24680E-14
  4765.00000    4.27950E-14
  4766.00000    4.25610E-14
  4767.00000    4.23220E-14
  4768.00000    4.22180E-14
  4769.00000    4.26000E-14
  4770.00000    4.20630E-14
  4771.00000    4.27710E-14
  4772.00000    4.37400E-14
  4773.00000    4.17390E-14
  4774.00000    4.29840E-14
  4775.00000    4.25520E-14
  4776.00000    4.12520E-14
  4777.00000    4.24430E-14
  4778.00000    4.26060E-14
  4779.00000    4.22750E-14
  4780.00000    4.16880E-14
  4781.00000    4.26400E-14
  4782.00000    4.25900E-14
  4783.00000    4.21420E-14
  4784.00000    4.21620E-14
  4785.00000    4.23110E-14
  4786.00000    4.23730E-14
  4787.00000    4.18550E-14
  4788.00000    4.19650E-14
  4789.00000    4.20340E-14
  4790.00000    4.23630E-14
  4791.00000    4.29390E-14
  4792.00000    4.27460E-14
  4793.00000    4.31720E-14
  4794.00000    4.23130E-14
  4795.00000    4.27700E-14
  4796.00000    4.12920E-14
  4797.00000    4.21930E-14
  4798.00000    4.24160E-14
  4799.00000    4.24600E-14
  4800.00000    4.32190E-14
  4801.00000    4.21030E-14
  4802.00000    4.24000E-14
  4803.00000    4.17420E-14
  4804.00000    4.17080E-14
  4805.00000    4.17690E-14
  4806.00000    4.16520E-14
  4807.00000    4.12460E-14
  4808.00000    4.15850E-14
  4809.00000    4.09980E-14
  4810.00000    4.21160E-14
  4811.00000    4.17690E-14
  4812.00000    4.20470E-14
  4813.00000    4.20850E-14
  4814.00000    4.21560E-14
  4815.00000    4.16240E-14
  4816.00000    4.27490E-14
  4817.00000    4.19580E-14
  4818.00000    4.17580E-14
  4819.00000    4.14160E-14
  4820.00000    4.09850E-14
  4821.00000    4.15570E-14
  4822.00000    4.22330E-14
  4823.00000    3.99540E-14
  4824.00000    4.14670E-14
  4825.00000    4.14820E-14
  4826.00000    4.05700E-14
  4827.00000    4.10560E-14
  4828.00000    4.07670E-14
  4829.00000    4.11720E-14
  4830.00000    4.11850E-14
  4831.00000    4.05310E-14
  4832.00000    4.13440E-14
  4833.00000    4.03800E-14
  4834.00000    4.08430E-14
  4835.00000    4.08030E-14
  4836.00000    4.01050E-14
  4837.00000    4.06600E-14
  4838.00000    4.03610E-14
  4839.00000    4.02880E-14
  4840.00000    3.92690E-14
  4841.00000    3.83400E-14
  4842.00000    3.92290E-14
  4843.00000    3.88670E-14
  4844.00000    3.76240E-14
  4845.00000    3.83350E-14
  4846.00000    3.71050E-14
  4847.00000    3.67110E-14
  4848.00000    3.58170E-14
  4849.00000    3.49600E-14
  4850.00000    3.31860E-14
  4851.00000    3.33970E-14
  4852.00000    3.12830E-14
  4853.00000    3.05910E-14
  4854.00000    2.84300E-14
  4855.00000    2.75860E-14
  4856.00000    2.53580E-14
  4857.00000    2.38320E-14
  4858.00000    2.28180E-14
  4859.00000    2.27800E-14
  4860.00000    2.37760E-14
  4861.00000    2.44170E-14
  4862.00000    2.63310E-14
  4863.00000    2.69920E-14
  4864.00000    2.89280E-14
  4865.00000    3.10280E-14
  4866.00000    3.17070E-14
  4867.00000    3.27430E-14
  4868.00000    3.41060E-14
  4869.00000    3.46640E-14
  4870.00000    3.53250E-14
  4871.00000    3.64820E-14
  4872.00000    3.70700E-14
  4873.00000    3.69520E-14
  4874.00000    3.82470E-14
  4875.00000    3.81610E-14
  4876.00000    3.86530E-14
  4877.00000    3.90730E-14
  4878.00000    3.94000E-14
  4879.00000    3.91590E-14
  4880.00000    3.90300E-14
  4881.00000    3.98290E-14
  4882.00000    3.97800E-14
  4883.00000    3.88290E-14
  4884.00000    4.06620E-14
  4885.00000    3.95650E-14
  4886.00000    3.94020E-14
  4887.00000    4.00810E-14
  4888.00000    3.93750E-14
  4889.00000    3.97060E-14
  4890.00000    3.99880E-14
  4891.00000    4.10760E-14
  4892.00000    4.15430E-14
  4893.00000    4.09520E-14
  4894.00000    4.03030E-14
  4895.00000    4.10880E-14
  4896.00000    4.12750E-14
  4897.00000    4.14470E-14
  4898.00000    4.06620E-14
  4899.00000    3.99130E-14
  4900.00000    4.08760E-14
  4901.00000    4.14100E-14
  4902.00000    4.07140E-14
  4903.00000    4.04500E-14
  4904.00000    4.07710E-14
  4905.00000    4.12830E-14
  4906.00000    4.09880E-14
  4907.00000    4.01510E-14
  4908.00000    4.01710E-14
  4909.00000    3.98400E-14
  4910.00000    4.02370E-14
  4911.00000    4.06760E-14
  4912.00000    4.01410E-14
  4913.00000    4.05780E-14
  4914.00000    4.04030E-14
  4915.00000    3.99410E-14
  4916.00000    3.88150E-14
  4917.00000    3.93970E-14
  4918.00000    3.93320E-14
  4919.00000    3.81970E-14
  4920.00000    3.85460E-14
  4921.00000    3.89450E-14
  4922.00000    3.95950E-14
  4923.00000    3.89350E-14
  4924.00000    3.92920E-14
  4925.00000    3.93190E-14
  4926.00000    4.10340E-14
  4927.00000    4.08110E-14
  4928.00000    4.10150E-14
  4929.00000    4.12810E-14
  4930.00000    4.09170E-14
  4931.00000    4.10720E-14
  4932.00000    4.08200E-14
  4933.00000    4.01030E-14
  4934.00000    4.10400E-14
  4935.00000    4.01210E-14
  4936.00000    3.94820E-14
  4937.00000    4.07610E-14
  4938.00000    4.06440E-14
  4939.00000    4.03990E-14
  4940.00000    4.15470E-14
  4941.00000    4.08020E-14
  4942.00000    4.05820E-14
  4943.00000    4.07730E-14
  4944.00000    4.10650E-14
  4945.00000    4.07950E-14
  4946.00000    4.13250E-14
  4947.00000    4.09070E-14
  4948.00000    4.12190E-14
  4949.00000    4.06570E-14
  4950.00000    4.00630E-14
  4951.00000    3.99680E-14
  4952.00000    4.07280E-14
  4953.00000    3.98590E-14
  4954.00000    3.82860E-14
  4955.00000    3.94910E-14
  4956.00000    3.90810E-14
  4957.00000    3.85440E-14
  4958.00000    3.96360E-14
  4959.00000    3.91860E-14
  4960.00000    3.97260E-14
  4961.00000    4.07360E-14
  4962.00000    4.06330E-14
  4963.00000    3.93150E-14
  4964.00000    3.89680E-14
  4965.00000    3.89910E-14
  4966.00000    3.96500E-14
  4967.00000    3.95210E-14
  4968.00000    3.93800E-14
  4969.00000    3.97670E-14
  4970.00000    3.95320E-14
  4971.00000    3.94120E-14
  4972.00000    4.01640E-14
  4973.00000    3.94820E-14
  4974.00000    3.91550E-14
  4975.00000    3.96850E-14
  4976.00000    4.02070E-14
  4977.00000    3.90040E-14
  4978.00000    3.90870E-14
  4979.00000    3.92000E-14
  4980.00000    3.87010E-14
  4981.00000    3.80180E-14
  4982.00000    3.80610E-14
  4983.00000    3.87880E-14
  4984.00000    3.93340E-14
  4985.00000    4.00520E-14
  4986.00000    3.97340E-14
  4987.00000    3.94070E-14
  4988.00000    3.87800E-14
  4989.00000    3.87310E-14
  4990.00000    3.96870E-14
  4991.00000    3.91910E-14
  4992.00000    4.02100E-14
  4993.00000    3.94260E-14
  4994.00000    3.90880E-14
  4995.00000    3.85040E-14
  4996.00000    3.87810E-14
  4997.00000    3.85570E-14
  4998.00000    3.84190E-14
  4999.00000    3.73830E-14
  5000.00000    3.78340E-14
  5001.00000    3.76130E-14
  5002.00000    3.83610E-14
  5003.00000    3.82920E-14
  5004.00000    3.69150E-14
  5005.00000    3.77580E-14
  5006.00000    3.78430E-14
  5007.00000    3.82280E-14
  5008.00000    3.87250E-14
  5009.00000    3.76190E-14
  5010.00000    3.70500E-14
  5011.00000    3.74510E-14
  5012.00000    3.71850E-14
  5013.00000    3.66220E-14
  5014.00000    3.74050E-14
  5015.00000    3.76600E-14
  5016.00000    3.78560E-14
  5017.00000    3.73470E-14
  5018.00000    3.73200E-14
  5019.00000    3.83910E-14
  5020.00000    3.78760E-14
  5021.00000    3.85450E-14
  5022.00000    3.88750E-14
  5023.00000    3.80360E-14
  5024.00000    3.77420E-14
  5025.00000    3.90850E-14
  5026.00000    3.85110E-14
  5027.00000    3.88990E-14
  5028.00000    3.77110E-14
  5029.00000    3.87040E-14
  5030.00000    3.88320E-14
  5031.00000    3.90320E-14
  5032.00000    3.83920E-14
  5033.00000    3.84070E-14
  5034.00000    3.77810E-14
  5035.00000    3.70320E-14
  5036.00000    3.84810E-14
  5037.00000    3.74410E-14
  5038.00000    3.71070E-14
  5039.00000    3.72070E-14
  5040.00000    3.80490E-14
  5041.00000    3.75890E-14
  5042.00000    3.79040E-14
  5043.00000    3.79750E-14
  5044.00000    3.86830E-14
  5045.00000    3.84390E-14
  5046.00000    3.77850E-14
  5047.00000    3.81870E-14
  5048.00000    3.80890E-14
  5049.00000    3.81540E-14
  5050.00000    3.81230E-14
  5051.00000    3.86580E-14
  5052.00000    3.82630E-14
  5053.00000    3.84600E-14
  5054.00000    3.80640E-14
  5055.00000    3.93300E-14
  5056.00000    3.85640E-14
  5057.00000    3.89410E-14
  5058.00000    3.87050E-14
  5059.00000    3.86930E-14
  5060.00000    3.88970E-14
  5061.00000    3.78060E-14
  5062.00000    3.87630E-14
  5063.00000    3.73640E-14
  5064.00000    3.76940E-14
  5065.00000    3.75390E-14
  5066.00000    3.80070E-14
  5067.00000    3.84510E-14
  5068.00000    3.75490E-14
  5069.00000    3.77270E-14
  5070.00000    3.77970E-14
  5071.00000    3.87680E-14
  5072.00000    3.79040E-14
  5073.00000    3.88240E-14
  5074.00000    3.79580E-14
  5075.00000    3.82820E-14
  5076.00000    3.77690E-14
  5077.00000    3.80680E-14
  5078.00000    3.75830E-14
  5079.00000    3.69380E-14
  5080.00000    3.73660E-14
  5081.00000    3.80550E-14
  5082.00000    3.75970E-14
  5083.00000    3.77210E-14
  5084.00000    3.85860E-14
  5085.00000    3.81010E-14
  5086.00000    3.75260E-14
  5087.00000    3.77810E-14
  5088.00000    3.82160E-14
  5089.00000    3.79480E-14
  5090.00000    3.81140E-14
  5091.00000    3.80840E-14
  5092.00000    3.70920E-14
  5093.00000    3.82860E-14
  5094.00000    3.78450E-14
  5095.00000    3.74470E-14
  5096.00000    3.73790E-14
  5097.00000    3.66000E-14
  5098.00000    3.82830E-14
  5099.00000    3.70240E-14
  5100.00000    3.75890E-14
  5101.00000    3.77870E-14
  5102.00000    3.66070E-14
  5103.00000    3.83210E-14
  5104.00000    3.69780E-14
  5105.00000    3.74750E-14
  5106.00000    3.76790E-14
  5107.00000    3.82080E-14
  5108.00000    3.77310E-14
  5109.00000    3.74670E-14
  5110.00000    3.70950E-14
  5111.00000    3.81470E-14
  5112.00000    3.72050E-14
  5113.00000    3.82990E-14
  5114.00000    3.80590E-14
  5115.00000    3.78910E-14
  5116.00000    3.83990E-14
  5117.00000    3.88780E-14
  5118.00000    3.79060E-14
  5119.00000    3.76980E-14
  5120.00000    3.78810E-14
  5121.00000    3.68380E-14
  5122.00000    3.72280E-14
  5123.00000    3.70660E-14
  5124.00000    3.73010E-14
  5125.00000    3.61910E-14
  5126.00000    3.79170E-14
  5127.00000    3.68580E-14
  5128.00000    3.71960E-14
  5129.00000    3.77590E-14
  5130.00000    3.79100E-14
  5131.00000    3.78180E-14
  5132.00000    3.72280E-14
  5133.00000    3.73090E-14
  5134.00000    3.79550E-14
  5135.00000    3.65600E-14
  5136.00000    3.79750E-14
  5137.00000    3.69010E-14
  5138.00000    3.71640E-14
  5139.00000    3.71400E-14
  5140.00000    3.71440E-14
  5141.00000    3.68860E-14
  5142.00000    3.74330E-14
  5143.00000    3.71690E-14
  5144.00000    3.72200E-14
  5145.00000    3.64140E-14
  5146.00000    3.71100E-14
  5147.00000    3.65190E-14
  5148.00000    3.71090E-14
  5149.00000    3.61150E-14
  5150.00000    3.61730E-14
  5151.00000    3.63300E-14
  5152.00000    3.57530E-14
  5153.00000    3.65880E-14
  5154.00000    3.74230E-14
  5155.00000    3.79580E-14
  5156.00000    3.72500E-14
  5157.00000    3.70330E-14
  5158.00000    3.73960E-14
  5159.00000    3.66460E-14
  5160.00000    3.63240E-14
  5161.00000    3.67040E-14
  5162.00000    3.70950E-14
  5163.00000    3.52680E-14
  5164.00000    3.54760E-14
  5165.00000    3.53070E-14
  5166.00000    3.53930E-14
  5167.00000    3.46560E-14
  5168.00000    3.52880E-14
  5169.00000    3.47530E-14
  5170.00000    3.53680E-14
  5171.00000    3.47820E-14
  5172.00000    3.52320E-14
  5173.00000    3.51910E-14
  5174.00000    3.55150E-14
  5175.00000    3.60160E-14
  5176.00000    3.58220E-14
  5177.00000    3.57050E-14
  5178.00000    3.56450E-14
  5179.00000    3.54260E-14
  5180.00000    3.47700E-14
  5181.00000    3.59740E-14
  5182.00000    3.52940E-14
  5183.00000    3.44750E-14
  5184.00000    3.49290E-14
  5185.00000    3.63890E-14
  5186.00000    3.50140E-14
  5187.00000    3.52290E-14
  5188.00000    3.62420E-14
  5189.00000    3.60330E-14
  5190.00000    3.53840E-14
  5191.00000    3.52260E-14
  5192.00000    3.56870E-14
  5193.00000    3.52370E-14
  5194.00000    3.59490E-14
  5195.00000    3.52460E-14
  5196.00000    3.54980E-14
  5197.00000    3.52130E-14
  5198.00000    3.55540E-14
  5199.00000    3.65100E-14
  5200.00000    3.59240E-14
  5201.00000    3.62350E-14
  5202.00000    3.55370E-14
  5203.00000    3.55210E-14
  5204.00000    3.42420E-14
  5205.00000    3.39940E-14
  5206.00000    3.47910E-14
  5207.00000    3.52580E-14
  5208.00000    3.44880E-14
  5209.00000    3.50740E-14
  5210.00000    3.64620E-14
  5211.00000    3.63840E-14
  5212.00000    3.64880E-14
  5213.00000    3.64790E-14
  5214.00000    3.59400E-14
  5215.00000    3.60070E-14
  5216.00000    3.58930E-14
  5217.00000    3.62060E-14
  5218.00000    3.68200E-14
  5219.00000    3.60080E-14
  5220.00000    3.62260E-14
  5221.00000    3.67680E-14
  5222.00000    3.56920E-14
  5223.00000    3.52840E-14
  5224.00000    3.52790E-14
  5225.00000    3.55530E-14
  5226.00000    3.47620E-14
  5227.00000    3.63750E-14
  5228.00000    3.64030E-14
  5229.00000    3.56900E-14
  5230.00000    3.65180E-14
  5231.00000    3.56200E-14
  5232.00000    3.55010E-14
  5233.00000    3.57790E-14
  5234.00000    3.57280E-14
  5235.00000    3.64250E-14
  5236.00000    3.55740E-14
  5237.00000    3.61410E-14
  5238.00000    3.76330E-14
  5239.00000    3.64540E-14
  5240.00000    3.60970E-14
  5241.00000    3.60480E-14
  5242.00000    3.64010E-14
  5243.00000    3.59970E-14
  5244.00000    3.57020E-14
  5245.00000    3.56630E-14
  5246.00000    3.58020E-14
  5247.00000    3.49040E-14
  5248.00000    3.58510E-14
  5249.00000    3.54590E-14
  5250.00000    3.53860E-14
  5251.00000    3.53790E-14
  5252.00000    3.54430E-14
  5253.00000    3.58130E-14
  5254.00000    3.62400E-14
  5255.00000    3.58300E-14
  5256.00000    3.53330E-14
  5257.00000    3.60710E-14
  5258.00000    3.51760E-14
  5259.00000    3.51700E-14
  5260.00000    3.51890E-14
  5261.00000    3.56370E-14
  5262.00000    3.44720E-14
  5263.00000    3.55470E-14
  5264.00000    3.40370E-14
  5265.00000    3.40550E-14
  5266.00000    3.49680E-14
  5267.00000    3.46990E-14
  5268.00000    3.53520E-14
  5269.00000    3.42600E-14
  5270.00000    3.52380E-14
  5271.00000    3.53610E-14
  5272.00000    3.50880E-14
  5273.00000    3.56350E-14
  5274.00000    3.57510E-14
  5275.00000    3.47820E-14
  5276.00000    3.68090E-14
  5277.00000    3.56940E-14
  5278.00000    3.47460E-14
  5279.00000    3.58370E-14
  5280.00000    3.64900E-14
  5281.00000    3.56700E-14
  5282.00000    3.61520E-14
  5283.00000    3.50080E-14
  5284.00000    3.70100E-14
  5285.00000    3.63620E-14
  5286.00000    3.62780E-14
  5287.00000    3.61790E-14
  5288.00000    3.68500E-14
  5289.00000    3.61780E-14
  5290.00000    3.58950E-14
  5291.00000    3.65640E-14
  5292.00000    3.55710E-14
  5293.00000    3.57360E-14
  5294.00000    3.54620E-14
  5295.00000    3.60140E-14
  5296.00000    3.56780E-14
  5297.00000    3.57620E-14
  5298.00000    3.53170E-14
  5299.00000    3.58000E-14
  5300.00000    3.66550E-14
  5301.00000    3.58350E-14
  5302.00000    3.70110E-14
  5303.00000    3.69780E-14
  5304.00000    3.64680E-14
  5305.00000    3.59080E-14
  5306.00000    3.68500E-14
  5307.00000    3.58080E-14
  5308.00000    3.58480E-14
  5309.00000    3.59300E-14
  5310.00000    3.63310E-14
  5311.00000    3.59410E-14
  5312.00000    3.54480E-14
  5313.00000    3.58090E-14
  5314.00000    3.62180E-14
  5315.00000    3.53310E-14
  5316.00000    3.60100E-14
  5317.00000    3.53110E-14
  5318.00000    3.60960E-14
  5319.00000    3.62010E-14
  5320.00000    3.61520E-14
  5321.00000    3.51410E-14
  5322.00000    3.59590E-14
  5323.00000    3.49710E-14
  5324.00000    3.47360E-14
  5325.00000    3.48310E-14
  5326.00000    3.51740E-14
  5327.00000    3.48930E-14
  5328.00000    3.46990E-14
  5329.00000    3.51630E-14
  5330.00000    3.52800E-14
  5331.00000    3.48750E-14
  5332.00000    3.55180E-14
  5333.00000    3.48010E-14
  5334.00000    3.48600E-14
  5335.00000    3.50660E-14
  5336.00000    3.57450E-14
  5337.00000    3.57130E-14
  5338.00000    3.55780E-14
  5339.00000    3.49290E-14
  5340.00000    3.59160E-14
  5341.00000    3.49680E-14
  5342.00000    3.52920E-14
  5343.00000    3.47610E-14
  5344.00000    3.42780E-14
  5345.00000    3.51040E-14
  5346.00000    3.43040E-14
  5347.00000    3.51980E-14
  5348.00000    3.57480E-14
  5349.00000    3.58220E-14
  5350.00000    3.68640E-14
  5351.00000    3.57580E-14
  5352.00000    3.62040E-14
  5353.00000    3.70290E-14
  5354.00000    3.59340E-14
  5355.00000    3.60970E-14
  5356.00000    3.62150E-14
  5357.00000    3.63410E-14
  5358.00000    3.60590E-14
  5359.00000    3.55120E-14
  5360.00000    3.53430E-14
  5361.00000    3.54770E-14
  5362.00000    3.52090E-14
  5363.00000    3.56860E-14
  5364.00000    3.49000E-14
  5365.00000    3.58590E-14
  5366.00000    3.50600E-14
  5367.00000    3.48980E-14
  5368.00000    3.55860E-14
  5369.00000    3.47530E-14
  5370.00000    3.55290E-14
  5371.00000    3.58490E-14
  5372.00000    3.51650E-14
  5373.00000    3.54620E-14
  5374.00000    3.54940E-14
  5375.00000    3.56600E-14
  5376.00000    3.55870E-14
  5377.00000    3.56670E-14
  5378.00000    3.49390E-14
  5379.00000    3.57360E-14
  5380.00000    3.64120E-14
  5381.00000    3.48780E-14
  5382.00000    3.45750E-14
  5383.00000    3.52960E-14
  5384.00000    3.57050E-14
  5385.00000    3.52870E-14
  5386.00000    3.50030E-14
  5387.00000    3.59280E-14
  5388.00000    3.48650E-14
  5389.00000    3.47450E-14
  5390.00000    3.53470E-14
  5391.00000    3.51850E-14
  5392.00000    3.48390E-14
  5393.00000    3.42330E-14
  5394.00000    3.45550E-14
  5395.00000    3.47770E-14
  5396.00000    3.48580E-14
  5397.00000    3.54890E-14
  5398.00000    3.53240E-14
  5399.00000    3.54770E-14
  5400.00000    3.39990E-14
  5401.00000    3.39670E-14
  5402.00000    3.46540E-14
  5403.00000    3.42640E-14
  5404.00000    3.42110E-14
  5405.00000    3.45640E-14
  5406.00000    3.44350E-14
  5407.00000    3.47260E-14
  5408.00000    3.40090E-14
  5409.00000    3.45270E-14
  5410.00000    3.51180E-14
  5411.00000    3.51590E-14
  5412.00000    3.49490E-14
  5413.00000    3.57810E-14
  5414.00000    3.54060E-14
  5415.00000    3.56590E-14
  5416.00000    3.54230E-14
  5417.00000    3.54000E-14
  5418.00000    3.58990E-14
  5419.00000    3.59570E-14
  5420.00000    3.50180E-14
  5421.00000    3.59210E-14
  5422.00000    3.55560E-14
  5423.00000    3.51390E-14
  5424.00000    3.51210E-14
  5425.00000    3.53590E-14
  5426.00000    3.49880E-14
  5427.00000    3.53560E-14
  5428.00000    3.40790E-14
  5429.00000    3.46590E-14
  5430.00000    3.44370E-14
  5431.00000    3.47130E-14
  5432.00000    3.43740E-14
  5433.00000    3.42360E-14
  5434.00000    3.47810E-14
  5435.00000    3.51630E-14
  5436.00000    3.57240E-14
  5437.00000    3.56780E-14
  5438.00000    3.61780E-14
  5439.00000    3.65240E-14
  5440.00000    3.59050E-14
  5441.00000    3.52540E-14
  5442.00000    3.53100E-14
  5443.00000    3.50730E-14
  5444.00000    3.44430E-14
  5445.00000    3.40290E-14
  5446.00000    3.33890E-14
  5447.00000    3.48870E-14
  5448.00000    3.42230E-14
  5449.00000    3.39680E-14
  5450.00000    3.37780E-14
  5451.00000    3.39920E-14
  5452.00000    3.32810E-14
  5453.00000    3.40190E-14
  5454.00000    3.35760E-14
  5455.00000    3.33200E-14
  5456.00000    3.35910E-14
  5457.00000    3.37680E-14
  5458.00000    3.38060E-14
  5459.00000    3.42380E-14
  5460.00000    3.37180E-14
  5461.00000    3.34330E-14
  5462.00000    3.42890E-14
  5463.00000    3.48450E-14
  5464.00000    3.41990E-14
  5465.00000    3.49140E-14
  5466.00000    3.34800E-14
  5467.00000    3.44770E-14
  5468.00000    3.34800E-14
  5469.00000    3.40960E-14
  5470.00000    3.35040E-14
  5471.00000    3.36960E-14
  5472.00000    3.44610E-14
  5473.00000    3.32780E-14
  5474.00000    3.39550E-14
  5475.00000    3.26390E-14
  5476.00000    3.28450E-14
  5477.00000    3.28860E-14
  5478.00000    3.36550E-14
  5479.00000    3.44370E-14
  5480.00000    3.38740E-14
  5481.00000    3.41040E-14
  5482.00000    3.39620E-14
  5483.00000    3.50580E-14
  5484.00000    3.46080E-14
  5485.00000    3.33660E-14
  5486.00000    3.43210E-14
  5487.00000    3.44750E-14
  5488.00000    3.33570E-14
  5489.00000    3.40630E-14
  5490.00000    3.45300E-14
  5491.00000    3.42700E-14
  5492.00000    3.44280E-14
  5493.00000    3.41240E-14
  5494.00000    3.39440E-14
  5495.00000    3.31630E-14
  5496.00000    3.25990E-14
  5497.00000    3.26820E-14
  5498.00000    3.41520E-14
  5499.00000    3.31030E-14
  5500.00000    3.32450E-14
  5501.00000    3.40330E-14
  5502.00000    3.26110E-14
  5503.00000    3.37310E-14
  5504.00000    3.34790E-14
  5505.00000    3.36020E-14
  5506.00000    3.33110E-14
  5507.00000    3.36470E-14
  5508.00000    3.24180E-14
  5509.00000    3.29970E-14
  5510.00000    3.30490E-14
  5511.00000    3.32720E-14
  5512.00000    3.29030E-14
  5513.00000    3.29230E-14
  5514.00000    3.37090E-14
  5515.00000    3.39660E-14
  5516.00000    3.38970E-14
  5517.00000    3.50210E-14
  5518.00000    3.45140E-14
  5519.00000    3.42380E-14
  5520.00000    3.42360E-14
  5521.00000    3.37660E-14
  5522.00000    3.44530E-14
  5523.00000    3.37660E-14
  5524.00000    3.34270E-14
  5525.00000    3.35010E-14
  5526.00000    3.43870E-14
  5527.00000    3.30630E-14
  5528.00000    3.41170E-14
  5529.00000    3.36360E-14
  5530.00000    3.27980E-14
  5531.00000    3.35480E-14
  5532.00000    3.34410E-14
  5533.00000    3.31910E-14
  5534.00000    3.37840E-14
  5535.00000    3.33180E-14
  5536.00000    3.32410E-14
  5537.00000    3.47220E-14
  5538.00000    3.41240E-14
  5539.00000    3.33410E-14
  5540.00000    3.42270E-14
  5541.00000    3.47200E-14
  5542.00000    3.48210E-14
  5543.00000    3.39570E-14
  5544.00000    3.41480E-14
  5545.00000    3.40810E-14
  5546.00000    3.36020E-14
  5547.00000    3.47230E-14
  5548.00000    3.45000E-14
  5549.00000    3.41180E-14
  5550.00000    3.43970E-14
  5551.00000    3.45000E-14
  5552.00000    3.38010E-14
  5553.00000    3.36080E-14
  5554.00000    3.33720E-14
  5555.00000    3.35240E-14
  5556.00000    3.46450E-14
  5557.00000    3.48710E-14
  5558.00000    3.35810E-14
  5559.00000    3.37100E-14
  5560.00000    3.38180E-14
  5561.00000    3.35070E-14
  5562.00000    3.40800E-14
  5563.00000    3.36060E-14
  5564.00000    3.46070E-14
  5565.00000    3.33860E-14
  5566.00000    3.31570E-14
  5567.00000    3.40870E-14
  5568.00000    3.38590E-14
  5569.00000    3.29000E-14
  5570.00000    3.30350E-14
  5571.00000    3.41680E-14
  5572.00000    3.36040E-14
  5573.00000    3.40010E-14
  5574.00000    3.38940E-14
  5575.00000    3.43000E-14
  5576.00000    3.40010E-14
  5577.00000    3.40870E-14
  5578.00000    3.38790E-14
  5579.00000    3.38300E-14
  5580.00000    3.45090E-14
  5581.00000    3.39840E-14
  5582.00000    3.32470E-14
  5583.00000    3.28110E-14
  5584.00000    3.30450E-14
  5585.00000    3.38510E-14
  5586.00000    3.23160E-14
  5587.00000    3.31160E-14
  5588.00000    3.23960E-14
  5589.00000    3.28030E-14
  5590.00000    3.32680E-14
  5591.00000    3.26270E-14
  5592.00000    3.36850E-14
  5593.00000    3.40290E-14
  5594.00000    3.34220E-14
  5595.00000    3.28960E-14
  5596.00000    3.31090E-14
  5597.00000    3.21620E-14
  5598.00000    3.27690E-14
  5599.00000    3.33320E-14
  5600.00000    3.29770E-14
  5601.00000    3.29700E-14
  5602.00000    3.31880E-14
  5603.00000    3.35040E-14
  5604.00000    3.31950E-14
  5605.00000    3.39010E-14
  5606.00000    3.42750E-14
  5607.00000    3.33780E-14
  5608.00000    3.28930E-14
  5609.00000    3.37060E-14
  5610.00000    3.34110E-14
  5611.00000    3.35150E-14
  5612.00000    3.35980E-14
  5613.00000    3.30030E-14
  5614.00000    3.26240E-14
  5615.00000    3.28620E-14
  5616.00000    3.36570E-14
  5617.00000    3.31190E-14
  5618.00000    3.31220E-14
  5619.00000    3.27380E-14
  5620.00000    3.22320E-14
  5621.00000    3.21340E-14
  5622.00000    3.25400E-14
  5623.00000    3.25830E-14
  5624.00000    3.29920E-14
  5625.00000    3.37820E-14
  5626.00000    3.31940E-14
  5627.00000    3.28300E-14
  5628.00000    3.31930E-14
  5629.00000    3.33370E-14
  5630.00000    3.34630E-14
  5631.00000    3.22080E-14
  5632.00000    3.22890E-14
  5633.00000    3.31080E-14
  5634.00000    3.28530E-14
  5635.00000    3.35160E-14
  5636.00000    3.21400E-14
  5637.00000    3.27260E-14
  5638.00000    3.27300E-14
  5639.00000    3.30170E-14
  5640.00000    3.20140E-14
  5641.00000    3.33410E-14
  5642.00000    3.24200E-14
  5643.00000    3.33020E-14
  5644.00000    3.33320E-14
  5645.00000    3.24670E-14
  5646.00000    3.32390E-14
  5647.00000    3.26970E-14
  5648.00000    3.23920E-14
  5649.00000    3.33030E-14
  5650.00000    3.32600E-14
  5651.00000    3.36750E-14
  5652.00000    3.29160E-14
  5653.00000    3.29830E-14
  5654.00000    3.25430E-14
  5655.00000    3.27640E-14
  5656.00000    3.25890E-14
  5657.00000    3.27960E-14
  5658.00000    3.19610E-14
  5659.00000    3.24310E-14
  5660.00000    3.22420E-14
  5661.00000    3.27330E-14
  5662.00000    3.23430E-14
  5663.00000    3.20840E-14
  5664.00000    3.23950E-14
  5665.00000    3.19950E-14
  5666.00000    3.23220E-14
  5667.00000    3.18960E-14
  5668.00000    3.24960E-14
  5669.00000    3.16670E-14
  5670.00000    3.31210E-14
  5671.00000    3.26480E-14
  5672.00000    3.27770E-14
  5673.00000    3.28860E-14
  5674.00000    3.25270E-14
  5675.00000    3.31940E-14
  5676.00000    3.28890E-14
  5677.00000    3.23750E-14
  5678.00000    3.27740E-14
  5679.00000    3.27070E-14
  5680.00000    3.32270E-14
  5681.00000    3.24340E-14
  5682.00000    3.29620E-14
  5683.00000    3.24530E-14
  5684.00000    3.30150E-14
  5685.00000    3.33800E-14
  5686.00000    3.30900E-14
  5687.00000    3.29970E-14
  5688.00000    3.25100E-14
  5689.00000    3.29500E-14
  5690.00000    3.29840E-14
  5691.00000    3.25080E-14
  5692.00000    3.28860E-14
  5693.00000    3.18190E-14
  5694.00000    3.29540E-14
  5695.00000    3.20100E-14
  5696.00000    3.26200E-14
  5697.00000    3.28120E-14
  5698.00000    3.27950E-14
  5699.00000    3.15120E-14
  5700.00000    3.21300E-14
  5701.00000    3.17390E-14
  5702.00000    3.24990E-14
  5703.00000    3.26340E-14
  5704.00000    3.26910E-14
  5705.00000    3.20670E-14
  5706.00000    3.29330E-14
  5707.00000    3.22790E-14
  5708.00000    3.35160E-14
  5709.00000    3.22050E-14
  5710.00000    3.32880E-14
  5711.00000    3.29600E-14
  5712.00000    3.36150E-14
  5713.00000    3.32370E-14
  5714.00000    3.27860E-14
  5715.00000    3.36530E-14
  5716.00000    3.23080E-14
  5717.00000    3.24430E-14
  5718.00000    3.32340E-14
  5719.00000    3.26600E-14
  5720.00000    3.31930E-14
  5721.00000    3.15380E-14
  5722.00000    3.34870E-14
  5723.00000    3.30850E-14
  5724.00000    3.30240E-14
  5725.00000    3.32620E-14
  5726.00000    3.25090E-14
  5727.00000    3.27280E-14
  5728.00000    3.39420E-14
  5729.00000    3.31860E-14
  5730.00000    3.34070E-14
  5731.00000    3.32910E-14
  5732.00000    3.25590E-14
  5733.00000    3.38360E-14
  5734.00000    3.31470E-14
  5735.00000    3.26390E-14
  5736.00000    3.30760E-14
  5737.00000    3.27360E-14
  5738.00000    3.29830E-14
  5739.00000    3.31160E-14
  5740.00000    3.29350E-14
  5741.00000    3.20510E-14
  5742.00000    3.39970E-14
  5743.00000    3.26720E-14
  5744.00000    3.35420E-14
  5745.00000    3.31870E-14
  5746.00000    3.35000E-14
  5747.00000    3.24170E-14
  5748.00000    3.30520E-14
  5749.00000    3.31510E-14
  5750.00000    3.25810E-14
  5751.00000    3.32070E-14
  5752.00000    3.28330E-14
  5753.00000    3.34600E-14
  5754.00000    3.34960E-14
  5755.00000    3.36490E-14
  5756.00000    3.31330E-14
  5757.00000    3.32610E-14
  5758.00000    3.22510E-14
  5759.00000    3.29890E-14
  5760.00000    3.16450E-14
  5761.00000    3.25280E-14
  5762.00000    3.30060E-14
  5763.00000    3.23750E-14
  5764.00000    3.30620E-14
  5765.00000    3.20700E-14
  5766.00000    3.25410E-14
  5767.00000    3.26760E-14
  5768.00000    3.31480E-14
  5769.00000    3.32240E-14
  5770.00000    3.23230E-14
  5771.00000    3.31750E-14
  5772.00000    3.23210E-14
  5773.00000    3.25550E-14
  5774.00000    3.25390E-14
  5775.00000    3.20010E-14
  5776.00000    3.29790E-14
  5777.00000    3.18580E-14
  5778.00000    3.24640E-14
  5779.00000    3.11430E-14
  5780.00000    3.16390E-14
  5781.00000    3.22730E-14
  5782.00000    3.18950E-14
  5783.00000    3.24490E-14
  5784.00000    3.28220E-14
  5785.00000    3.23840E-14
  5786.00000    3.26760E-14
  5787.00000    3.15030E-14
  5788.00000    3.20550E-14
  5789.00000    3.31040E-14
  5790.00000    3.21400E-14
  5791.00000    3.24920E-14
  5792.00000    3.33310E-14
  5793.00000    3.30100E-14
  5794.00000    3.29000E-14
  5795.00000    3.31470E-14
  5796.00000    3.20690E-14
  5797.00000    3.39060E-14
  5798.00000    3.23040E-14
  5799.00000    3.34930E-14
  5800.00000    3.28980E-14
