   3600.0000    3.35150E-14
   3602.0000    3.43180E-14
   3604.0000    3.37790E-14
   3606.0000    3.47670E-14
   3608.0000    3.41770E-14
   3610.0000    3.38410E-14
   3612.0000    3.44460E-14
   3614.0000    3.57860E-14
   3616.0000    3.50190E-14
   3618.0000    3.44440E-14
   3620.0000    3.48620E-14
   3622.0000    3.55750E-14
   3624.0000    3.55480E-14
   3626.0000    3.58010E-14
   3628.0000    3.52950E-14
   3630.0000    3.52840E-14
   3632.0000    3.60250E-14
   3634.0000    3.53850E-14
   3636.0000    3.53760E-14
   3638.0000    3.56910E-14
   3640.0000    3.48430E-14
   3642.0000    3.58500E-14
   3644.0000    3.55440E-14
   3646.0000    3.52550E-14
   3648.0000    3.53090E-14
   3650.0000    3.57370E-14
   3652.0000    3.56540E-14
   3654.0000    3.60970E-14
   3656.0000    3.58180E-14
   3658.0000    3.62250E-14
   3660.0000    3.62060E-14
   3662.0000    3.58620E-14
   3664.0000    3.57990E-14
   3666.0000    3.51320E-14
   3668.0000    3.51380E-14
   3670.0000    3.58330E-14
   3672.0000    3.55980E-14
   3674.0000    3.53600E-14
   3676.0000    3.48080E-14
   3678.0000    3.56670E-14
   3680.0000    3.43920E-14
   3682.0000    3.48630E-14
   3684.0000    3.41150E-14
   3686.0000    3.47290E-14
   3688.0000    3.49270E-14
   3690.0000    3.36990E-14
   3692.0000    3.42190E-14
   3694.0000    3.41670E-14
   3696.0000    3.48790E-14
   3698.0000    3.29940E-14
   3700.0000    3.41660E-14
   3702.0000    3.31060E-14
   3704.0000    3.34670E-14
   3706.0000    3.25700E-14
   3708.0000    3.33350E-14
   3710.0000    3.30300E-14
   3712.0000    3.37010E-14
   3714.0000    3.31320E-14
   3716.0000    3.37100E-14
   3718.0000    3.38490E-14
   3720.0000    3.31720E-14
   3722.0000    3.30520E-14
   3724.0000    3.31790E-14
   3726.0000    3.36070E-14
   3728.0000    3.37650E-14
   3730.0000    3.40410E-14
   3732.0000    3.29810E-14
   3734.0000    3.28430E-14
   3736.0000    3.36260E-14
   3738.0000    3.39520E-14
   3740.0000    3.38770E-14
   3742.0000    3.42730E-14
   3744.0000    3.39610E-14
   3746.0000    3.45730E-14
   3748.0000    3.38020E-14
   3750.0000    3.34310E-14
   3752.0000    3.39460E-14
   3754.0000    3.43900E-14
   3756.0000    3.54250E-14
   3758.0000    3.55770E-14
   3760.0000    3.67970E-14
   3762.0000    3.54040E-14
   3764.0000    3.56400E-14
   3766.0000    3.43600E-14
   3768.0000    3.43350E-14
   3770.0000    3.31900E-14
   3772.0000    3.36940E-14
   3774.0000    3.47560E-14
   3776.0000    3.68090E-14
   3778.0000    3.80670E-14
   3780.0000    3.89850E-14
   3782.0000    3.98660E-14
   3784.0000    3.94860E-14
   3786.0000    3.96990E-14
   3788.0000    3.89360E-14
   3790.0000    3.77610E-14
   3792.0000    3.58650E-14
   3794.0000    3.46010E-14
   3796.0000    3.44480E-14
   3798.0000    3.38890E-14
   3800.0000    3.50080E-14
   3802.0000    3.54260E-14
   3804.0000    3.63730E-14
   3806.0000    3.78540E-14
   3808.0000    3.98670E-14
   3810.0000    4.06190E-14
   3812.0000    4.06880E-14
   3814.0000    3.98200E-14
   3816.0000    4.11390E-14
   3818.0000    4.06060E-14
   3820.0000    3.99580E-14
   3822.0000    3.91170E-14
   3824.0000    3.77500E-14
   3826.0000    3.71910E-14
   3828.0000    3.51630E-14
   3830.0000    3.41630E-14
   3832.0000    3.20950E-14
   3834.0000    3.21740E-14
   3836.0000    3.15750E-14
   3838.0000    3.19840E-14
   3840.0000    3.37530E-14
   3842.0000    3.56930E-14
   3844.0000    3.69320E-14
   3846.0000    3.96350E-14
   3848.0000    4.07320E-14
   3850.0000    4.16400E-14
   3852.0000    4.19290E-14
   3854.0000    4.26960E-14
   3856.0000    4.31840E-14
   3858.0000    4.28850E-14
   3860.0000    4.31630E-14
   3862.0000    4.25830E-14
   3864.0000    4.20020E-14
   3866.0000    4.22330E-14
   3868.0000    4.27180E-14
   3870.0000    4.16960E-14
   3872.0000    4.03970E-14
   3874.0000    4.02810E-14
   3876.0000    4.01130E-14
   3878.0000    3.86500E-14
   3880.0000    3.70870E-14
   3882.0000    3.57770E-14
   3884.0000    3.52920E-14
   3886.0000    3.35750E-14
   3888.0000    3.25500E-14
   3890.0000    3.27360E-14
   3892.0000    3.39360E-14
   3894.0000    3.48550E-14
   3896.0000    3.62280E-14
   3898.0000    3.81910E-14
   3900.0000    4.03780E-14
   3902.0000    4.11900E-14
   3904.0000    4.14470E-14
   3906.0000    4.26000E-14
   3908.0000    4.34590E-14
   3910.0000    4.38630E-14
   3912.0000    4.46480E-14
   3914.0000    4.44110E-14
   3916.0000    4.41650E-14
   3918.0000    4.37930E-14
   3920.0000    4.35660E-14
   3922.0000    4.25870E-14
   3924.0000    4.27020E-14
   3926.0000    4.26290E-14
   3928.0000    4.09720E-14
   3930.0000    4.02990E-14
   3932.0000    3.96300E-14
   3934.0000    3.98760E-14
   3936.0000    3.91200E-14
   3938.0000    4.05980E-14
   3940.0000    4.10700E-14
   3942.0000    4.19680E-14
   3944.0000    4.23260E-14
   3946.0000    4.32550E-14
   3948.0000    4.25750E-14
   3950.0000    4.30390E-14
   3952.0000    4.23120E-14
   3954.0000    4.13930E-14
   3956.0000    4.11770E-14
   3958.0000    3.96580E-14
   3960.0000    3.81730E-14
   3962.0000    3.58210E-14
   3964.0000    3.39580E-14
   3966.0000    3.27060E-14
   3968.0000    3.14860E-14
   3970.0000    3.08030E-14
   3972.0000    3.18980E-14
   3974.0000    3.26170E-14
   3976.0000    3.41440E-14
   3978.0000    3.69300E-14
   3980.0000    3.84670E-14
   3982.0000    4.15380E-14
   3984.0000    4.20290E-14
   3986.0000    4.24890E-14
   3988.0000    4.37780E-14
   3990.0000    4.40640E-14
   3992.0000    4.53420E-14
   3994.0000    4.45760E-14
   3996.0000    4.57520E-14
   3998.0000    4.55420E-14
   4000.0000    4.57500E-14
   4002.0000    4.63130E-14
   4004.0000    4.57230E-14
   4006.0000    4.61890E-14
   4008.0000    4.60400E-14
   4010.0000    4.68580E-14
   4012.0000    4.64000E-14
   4014.0000    4.62340E-14
   4016.0000    4.68170E-14
   4018.0000    4.63900E-14
   4020.0000    4.66220E-14
   4022.0000    4.62800E-14
   4024.0000    4.60900E-14
   4026.0000    4.57280E-14
   4028.0000    4.56910E-14
   4030.0000    4.61580E-14
   4032.0000    4.60960E-14
   4034.0000    4.57210E-14
   4036.0000    4.69050E-14
   4038.0000    4.66370E-14
   4040.0000    4.79590E-14
   4042.0000    4.70300E-14
   4044.0000    4.72940E-14
   4046.0000    4.75200E-14
   4048.0000    4.74570E-14
   4050.0000    4.71680E-14
   4052.0000    4.77650E-14
   4054.0000    4.71230E-14
   4056.0000    4.67970E-14
   4058.0000    4.63370E-14
   4060.0000    4.61040E-14
   4062.0000    4.56470E-14
   4064.0000    4.57650E-14
   4066.0000    4.54980E-14
   4068.0000    4.43680E-14
   4070.0000    4.52830E-14
   4072.0000    4.42930E-14
   4074.0000    4.37370E-14
   4076.0000    4.43390E-14
   4078.0000    4.28810E-14
   4080.0000    4.33440E-14
   4082.0000    4.26670E-14
   4084.0000    4.31630E-14
   4086.0000    4.29720E-14
   4088.0000    4.15660E-14
   4090.0000    4.07860E-14
   4092.0000    3.93280E-14
   4094.0000    3.83630E-14
   4096.0000    3.64380E-14
   4098.0000    3.47180E-14
   4100.0000    3.33710E-14
   4102.0000    3.36780E-14
   4104.0000    3.35810E-14
   4106.0000    3.51940E-14
   4108.0000    3.61030E-14
   4110.0000    3.84340E-14
   4112.0000    3.88070E-14
   4114.0000    3.99910E-14
   4116.0000    4.12970E-14
   4118.0000    4.11510E-14
   4120.0000    4.26430E-14
   4122.0000    4.31540E-14
   4124.0000    4.37760E-14
   4126.0000    4.36760E-14
   4128.0000    4.34970E-14
   4130.0000    4.39940E-14
   4132.0000    4.42290E-14
   4134.0000    4.36020E-14
   4136.0000    4.46440E-14
   4138.0000    4.50340E-14
   4140.0000    4.52200E-14
   4142.0000    4.43460E-14
   4144.0000    4.48050E-14
   4146.0000    4.45800E-14
   4148.0000    4.50410E-14
   4150.0000    4.55260E-14
   4152.0000    4.50550E-14
   4154.0000    4.55550E-14
   4156.0000    4.46380E-14
   4158.0000    4.50510E-14
   4160.0000    4.50430E-14
   4162.0000    4.57720E-14
   4164.0000    4.50930E-14
   4166.0000    4.55240E-14
   4168.0000    4.49090E-14
   4170.0000    4.52710E-14
   4172.0000    4.49640E-14
   4174.0000    4.49270E-14
   4176.0000    4.49240E-14
   4178.0000    4.47590E-14
   4180.0000    4.47970E-14
   4182.0000    4.49940E-14
   4184.0000    4.46990E-14
   4186.0000    4.52850E-14
   4188.0000    4.49150E-14
   4190.0000    4.52160E-14
   4192.0000    4.48300E-14
   4194.0000    4.56100E-14
   4196.0000    4.45400E-14
   4198.0000    4.44040E-14
   4200.0000    4.40560E-14
   4202.0000    4.38500E-14
   4204.0000    4.43670E-14
   4206.0000    4.41340E-14
   4208.0000    4.40570E-14
   4210.0000    4.51670E-14
   4212.0000    4.48860E-14
   4214.0000    4.52230E-14
   4216.0000    4.51830E-14
   4218.0000    4.50480E-14
   4220.0000    4.55600E-14
   4222.0000    4.48030E-14
   4224.0000    4.48470E-14
   4226.0000    4.44130E-14
   4228.0000    4.41770E-14
   4230.0000    4.46170E-14
   4232.0000    4.43790E-14
   4234.0000    4.42280E-14
   4236.0000    4.46580E-14
   4238.0000    4.42320E-14
   4240.0000    4.50450E-14
   4242.0000    4.46190E-14
   4244.0000    4.49570E-14
   4246.0000    4.46830E-14
   4248.0000    4.44930E-14
   4250.0000    4.41100E-14
   4252.0000    4.35880E-14
   4254.0000    4.43770E-14
   4256.0000    4.48820E-14
   4258.0000    4.44470E-14
   4260.0000    4.46490E-14
   4262.0000    4.46190E-14
   4264.0000    4.36030E-14
   4266.0000    4.40630E-14
   4268.0000    4.44250E-14
   4270.0000    4.33030E-14
   4272.0000    4.34130E-14
   4274.0000    4.36230E-14
   4276.0000    4.40160E-14
   4278.0000    4.37310E-14
   4280.0000    4.36150E-14
   4282.0000    4.31500E-14
   4284.0000    4.38350E-14
   4286.0000    4.28670E-14
   4288.0000    4.24320E-14
   4290.0000    4.18340E-14
   4292.0000    4.20350E-14
   4294.0000    4.20350E-14
   4296.0000    4.15510E-14
   4298.0000    4.08250E-14
   4300.0000    4.08070E-14
   4302.0000    4.10620E-14
   4304.0000    4.04460E-14
   4306.0000    4.03180E-14
   4308.0000    4.12170E-14
   4310.0000    4.11590E-14
   4312.0000    4.11180E-14
   4314.0000    4.13300E-14
   4316.0000    4.03660E-14
   4318.0000    4.14160E-14
   4320.0000    4.12920E-14
   4322.0000    4.12670E-14
   4324.0000    4.01840E-14
   4326.0000    3.98870E-14
   4328.0000    3.94800E-14
   4330.0000    3.78120E-14
   4332.0000    3.67600E-14
   4334.0000    3.64590E-14
   4336.0000    3.50520E-14
   4338.0000    3.42060E-14
   4340.0000    3.33110E-14
   4342.0000    3.37560E-14
   4344.0000    3.35850E-14
   4346.0000    3.45010E-14
   4348.0000    3.58030E-14
   4350.0000    3.71180E-14
   4352.0000    3.85380E-14
   4354.0000    3.97500E-14
   4356.0000    4.08460E-14
   4358.0000    4.18890E-14
   4360.0000    4.27680E-14
   4362.0000    4.17020E-14
   4364.0000    4.18310E-14
   4366.0000    4.30860E-14
   4368.0000    4.26700E-14
   4370.0000    4.16550E-14
   4372.0000    4.25690E-14
   4374.0000    4.28270E-14
   4376.0000    4.16550E-14
   4378.0000    4.08290E-14
   4380.0000    4.12380E-14
   4382.0000    4.07250E-14
   4384.0000    4.04010E-14
   4386.0000    4.00190E-14
   4388.0000    4.16150E-14
   4390.0000    3.99840E-14
   4392.0000    4.09610E-14
   4394.0000    4.12680E-14
   4396.0000    4.14190E-14
   4398.0000    4.19730E-14
   4400.0000    4.14920E-14
   4402.0000    4.17300E-14
   4404.0000    4.20920E-14
   4406.0000    4.12110E-14
   4408.0000    4.08570E-14
   4410.0000    4.15990E-14
   4412.0000    4.20000E-14
   4414.0000    4.12390E-14
   4416.0000    4.22060E-14
   4418.0000    4.21330E-14
   4420.0000    4.18370E-14
   4422.0000    4.17540E-14
   4424.0000    4.19690E-14
   4426.0000    4.24020E-14
   4428.0000    4.20170E-14
   4430.0000    4.18090E-14
   4432.0000    4.21820E-14
   4434.0000    4.21100E-14
   4436.0000    4.24460E-14
   4438.0000    4.19270E-14
   4440.0000    4.24790E-14
   4442.0000    4.25800E-14
   4444.0000    4.23540E-14
   4446.0000    4.25840E-14
   4448.0000    4.28460E-14
   4450.0000    4.30030E-14
   4452.0000    4.23450E-14
   4454.0000    4.13670E-14
   4456.0000    4.20290E-14
   4458.0000    4.22480E-14
   4460.0000    4.19120E-14
   4462.0000    4.16030E-14
   4464.0000    4.10700E-14
   4466.0000    4.19690E-14
   4468.0000    4.16520E-14
   4470.0000    4.19760E-14
   4472.0000    4.20500E-14
   4474.0000    4.15060E-14
   4476.0000    4.11940E-14
   4478.0000    4.15180E-14
   4480.0000    4.17930E-14
   4482.0000    4.15440E-14
   4484.0000    4.24450E-14
   4486.0000    4.23880E-14
   4488.0000    4.21630E-14
   4490.0000    4.31510E-14
   4492.0000    4.27680E-14
   4494.0000    4.29680E-14
   4496.0000    4.34810E-14
   4498.0000    4.25060E-14
   4500.0000    4.39500E-14
   4502.0000    4.25540E-14
   4504.0000    4.25620E-14
   4506.0000    4.29880E-14
   4508.0000    4.38720E-14
   4510.0000    4.28400E-14
   4512.0000    4.28810E-14
   4514.0000    4.27890E-14
   4516.0000    4.28410E-14
   4518.0000    4.23950E-14
   4520.0000    4.17810E-14
   4522.0000    4.27450E-14
   4524.0000    4.18990E-14
   4526.0000    4.12140E-14
   4528.0000    4.18180E-14
   4530.0000    4.13600E-14
   4532.0000    4.07130E-14
   4534.0000    4.17080E-14
   4536.0000    4.19700E-14
   4538.0000    4.19080E-14
   4540.0000    4.22760E-14
   4542.0000    4.23990E-14
   4544.0000    4.16210E-14
   4546.0000    4.22780E-14
   4548.0000    4.16720E-14
   4550.0000    4.13600E-14
   4552.0000    4.10940E-14
   4554.0000    4.20610E-14
   4556.0000    4.13740E-14
   4558.0000    4.12720E-14
   4560.0000    4.16670E-14
   4562.0000    4.14340E-14
   4564.0000    4.24580E-14
   4566.0000    4.11560E-14
   4568.0000    4.17850E-14
   4570.0000    4.22310E-14
   4572.0000    4.22690E-14
   4574.0000    4.24640E-14
   4576.0000    4.18900E-14
   4578.0000    4.17350E-14
   4580.0000    4.12510E-14
   4582.0000    4.08000E-14
   4584.0000    4.19730E-14
   4586.0000    4.12230E-14
   4588.0000    4.13070E-14
   4590.0000    4.11830E-14
   4592.0000    4.13660E-14
   4594.0000    4.08390E-14
   4596.0000    4.08530E-14
   4598.0000    4.05100E-14
   4600.0000    4.16890E-14
   4602.0000    4.18610E-14
   4604.0000    4.10230E-14
   4606.0000    4.17010E-14
   4608.0000    4.19910E-14
   4610.0000    4.21610E-14
   4612.0000    4.19470E-14
   4614.0000    4.16000E-14
   4616.0000    4.17670E-14
   4618.0000    4.19750E-14
   4620.0000    4.20260E-14
   4622.0000    4.14290E-14
   4624.0000    4.17140E-14
   4626.0000    4.16900E-14
   4628.0000    4.20400E-14
   4630.0000    4.12980E-14
   4632.0000    4.17440E-14
   4634.0000    4.21870E-14
   4636.0000    4.11970E-14
   4638.0000    4.24150E-14
   4640.0000    4.06330E-14
   4642.0000    4.08220E-14
   4644.0000    4.10080E-14
   4646.0000    4.13730E-14
   4648.0000    4.20100E-14
   4650.0000    4.15000E-14
   4652.0000    4.13640E-14
   4654.0000    4.18280E-14
   4656.0000    4.16510E-14
   4658.0000    4.10300E-14
   4660.0000    4.13580E-14
   4662.0000    4.05620E-14
   4664.0000    4.12510E-14
   4666.0000    4.10960E-14
   4668.0000    4.11220E-14
   4670.0000    4.07750E-14
   4672.0000    4.11920E-14
   4674.0000    3.96500E-14
   4676.0000    4.08430E-14
   4678.0000    4.12970E-14
   4680.0000    4.07850E-14
   4682.0000    4.07200E-14
   4684.0000    4.09640E-14
   4686.0000    4.09420E-14
   4688.0000    4.03690E-14
   4690.0000    4.10520E-14
   4692.0000    4.07300E-14
   4694.0000    4.04210E-14
   4696.0000    3.95920E-14
   4698.0000    4.04470E-14
   4700.0000    4.08610E-14
   4702.0000    4.02460E-14
   4704.0000    3.92610E-14
   4706.0000    4.00730E-14
   4708.0000    3.96970E-14
   4710.0000    4.02780E-14
   4712.0000    3.97300E-14
   4714.0000    3.96470E-14
   4716.0000    3.99430E-14
   4718.0000    4.05960E-14
   4720.0000    4.06250E-14
   4722.0000    4.09940E-14
   4724.0000    4.08850E-14
   4726.0000    4.08050E-14
   4728.0000    3.96320E-14
   4730.0000    4.15000E-14
   4732.0000    4.04140E-14
   4734.0000    4.03750E-14
   4736.0000    3.99150E-14
   4738.0000    4.06030E-14
   4740.0000    4.05660E-14
   4742.0000    4.07330E-14
   4744.0000    4.09520E-14
   4746.0000    4.08810E-14
   4748.0000    4.11930E-14
   4750.0000    4.19550E-14
   4752.0000    4.10440E-14
   4754.0000    4.06810E-14
   4756.0000    4.09020E-14
   4758.0000    4.05230E-14
   4760.0000    4.08310E-14
   4762.0000    3.97530E-14
   4764.0000    4.02200E-14
   4766.0000    4.07950E-14
   4768.0000    4.03440E-14
   4770.0000    4.02730E-14
   4772.0000    4.02130E-14
   4774.0000    4.14180E-14
   4776.0000    4.07130E-14
   4778.0000    4.13570E-14
   4780.0000    4.13690E-14
   4782.0000    4.11860E-14
   4784.0000    4.12670E-14
   4786.0000    4.10460E-14
   4788.0000    4.12550E-14
   4790.0000    4.10520E-14
   4792.0000    4.09870E-14
   4794.0000    4.08210E-14
   4796.0000    4.17790E-14
   4798.0000    4.16450E-14
   4800.0000    4.17890E-14
   4802.0000    4.08070E-14
   4804.0000    4.07870E-14
   4806.0000    4.06130E-14
   4808.0000    4.17150E-14
   4810.0000    4.12170E-14
   4812.0000    4.11230E-14
   4814.0000    4.08590E-14
   4816.0000    4.16150E-14
   4818.0000    4.10910E-14
   4820.0000    4.04410E-14
   4822.0000    4.14280E-14
   4824.0000    4.06590E-14
   4826.0000    4.03320E-14
   4828.0000    4.02260E-14
   4830.0000    3.94000E-14
   4832.0000    3.96760E-14
   4834.0000    4.00570E-14
   4836.0000    3.99560E-14
   4838.0000    3.95450E-14
   4840.0000    3.82960E-14
   4842.0000    3.87770E-14
   4844.0000    3.84170E-14
   4846.0000    3.80820E-14
   4848.0000    3.65970E-14
   4850.0000    3.64390E-14
   4852.0000    3.48660E-14
   4854.0000    3.38770E-14
   4856.0000    3.28230E-14
   4858.0000    3.25480E-14
   4860.0000    3.20420E-14
   4862.0000    3.16710E-14
   4864.0000    3.11590E-14
   4866.0000    3.10940E-14
   4868.0000    3.28580E-14
   4870.0000    3.27980E-14
   4872.0000    3.38370E-14
   4874.0000    3.49350E-14
   4876.0000    3.58880E-14
   4878.0000    3.74830E-14
   4880.0000    3.70950E-14
   4882.0000    3.78780E-14
   4884.0000    3.79580E-14
   4886.0000    3.86690E-14
   4888.0000    3.77920E-14
   4890.0000    3.92540E-14
   4892.0000    3.97070E-14
   4894.0000    3.97630E-14
   4896.0000    3.95490E-14
   4898.0000    3.95270E-14
   4900.0000    3.99450E-14
   4902.0000    4.01500E-14
   4904.0000    4.01880E-14
   4906.0000    3.95830E-14
   4908.0000    4.04400E-14
   4910.0000    3.84590E-14
   4912.0000    3.95660E-14
   4914.0000    3.85340E-14
   4916.0000    3.89310E-14
   4918.0000    3.82310E-14
   4920.0000    3.80600E-14
   4922.0000    3.89750E-14
   4924.0000    3.80330E-14
   4926.0000    3.78420E-14
   4928.0000    3.82050E-14
   4930.0000    3.91890E-14
   4932.0000    3.84540E-14
   4934.0000    3.86290E-14
   4936.0000    3.86240E-14
   4938.0000    3.96180E-14
   4940.0000    3.98280E-14
   4942.0000    3.94350E-14
   4944.0000    3.93460E-14
   4946.0000    3.94770E-14
   4948.0000    3.97420E-14
   4950.0000    3.98910E-14
   4952.0000    3.95130E-14
   4954.0000    4.05070E-14
   4956.0000    3.92660E-14
   4958.0000    3.89320E-14
   4960.0000    3.89620E-14
   4962.0000    3.89840E-14
   4964.0000    3.99670E-14
   4966.0000    3.94380E-14
   4968.0000    3.92170E-14
   4970.0000    3.92810E-14
   4972.0000    3.90920E-14
   4974.0000    3.94300E-14
   4976.0000    3.83190E-14
   4978.0000    3.94030E-14
   4980.0000    3.82830E-14
   4982.0000    3.87300E-14
   4984.0000    3.84830E-14
   4986.0000    3.80250E-14
   4988.0000    3.69320E-14
   4990.0000    3.81990E-14
   4992.0000    3.81680E-14
   4994.0000    3.84120E-14
   4996.0000    3.83350E-14
   4998.0000    3.84830E-14
   5000.0000    3.78070E-14
   5002.0000    3.80490E-14
   5004.0000    3.69290E-14
   5006.0000    3.82340E-14
   5008.0000    3.69920E-14
   5010.0000    3.69290E-14
   5012.0000    3.68940E-14
   5014.0000    3.76500E-14
   5016.0000    3.71380E-14
   5018.0000    3.68280E-14
   5020.0000    3.72800E-14
   5022.0000    3.71450E-14
   5024.0000    3.75540E-14
   5026.0000    3.71980E-14
   5028.0000    3.70770E-14
   5030.0000    3.77430E-14
   5032.0000    3.81540E-14
   5034.0000    3.80220E-14
   5036.0000    3.80240E-14
   5038.0000    3.79110E-14
   5040.0000    3.83100E-14
   5042.0000    3.77510E-14
   5044.0000    3.74680E-14
   5046.0000    3.74170E-14
   5048.0000    3.77590E-14
   5050.0000    3.82460E-14
   5052.0000    3.79350E-14
   5054.0000    3.83880E-14
   5056.0000    3.79570E-14
   5058.0000    3.82890E-14
   5060.0000    3.86930E-14
   5062.0000    3.75960E-14
   5064.0000    3.81790E-14
   5066.0000    3.86320E-14
   5068.0000    3.82660E-14
   5070.0000    3.82070E-14
   5072.0000    3.83480E-14
   5074.0000    3.74240E-14
   5076.0000    3.77860E-14
   5078.0000    3.75160E-14
   5080.0000    3.85100E-14
   5082.0000    3.72570E-14
   5084.0000    3.70820E-14
   5086.0000    3.81180E-14
   5088.0000    3.70780E-14
   5090.0000    3.71360E-14
   5092.0000    3.81350E-14
   5094.0000    3.81960E-14
   5096.0000    3.83810E-14
   5098.0000    3.79470E-14
   5100.0000    3.81190E-14
   5102.0000    3.75470E-14
   5104.0000    3.82600E-14
   5106.0000    3.76120E-14
   5108.0000    3.76460E-14
   5110.0000    3.83690E-14
   5112.0000    3.82770E-14
   5114.0000    3.78340E-14
   5116.0000    3.80280E-14
   5118.0000    3.81830E-14
   5120.0000    3.67440E-14
   5122.0000    3.80430E-14
   5124.0000    3.80190E-14
   5126.0000    3.70470E-14
   5128.0000    3.73020E-14
   5130.0000    3.71230E-14
   5132.0000    3.70060E-14
   5134.0000    3.62730E-14
   5136.0000    3.65580E-14
   5138.0000    3.73630E-14
   5140.0000    3.68030E-14
   5142.0000    3.72080E-14
   5144.0000    3.73920E-14
   5146.0000    3.68610E-14
   5148.0000    3.66200E-14
   5150.0000    3.69100E-14
   5152.0000    3.73350E-14
   5154.0000    3.66490E-14
   5156.0000    3.73420E-14
   5158.0000    3.63730E-14
   5160.0000    3.62250E-14
   5162.0000    3.62620E-14
   5164.0000    3.60030E-14
   5166.0000    3.60200E-14
   5168.0000    3.53580E-14
   5170.0000    3.54980E-14
   5172.0000    3.51840E-14
   5174.0000    3.53290E-14
   5176.0000    3.50830E-14
   5178.0000    3.52840E-14
   5180.0000    3.51970E-14
   5182.0000    3.52240E-14
   5184.0000    3.57770E-14
   5186.0000    3.56750E-14
   5188.0000    3.64100E-14
   5190.0000    3.54740E-14
   5192.0000    3.56620E-14
   5194.0000    3.52230E-14
   5196.0000    3.55040E-14
   5198.0000    3.61370E-14
   5200.0000    3.64240E-14
   5202.0000    3.64190E-14
   5204.0000    3.53820E-14
   5206.0000    3.58280E-14
   5208.0000    3.59450E-14
   5210.0000    3.57710E-14
   5212.0000    3.54410E-14
   5214.0000    3.62280E-14
   5216.0000    3.61070E-14
   5218.0000    3.63250E-14
   5220.0000    3.60530E-14
   5222.0000    3.55190E-14
   5224.0000    3.53150E-14
   5226.0000    3.53610E-14
   5228.0000    3.60570E-14
   5230.0000    3.60740E-14
   5232.0000    3.57290E-14
   5234.0000    3.62840E-14
   5236.0000    3.65250E-14
   5238.0000    3.63710E-14
   5240.0000    3.66380E-14
   5242.0000    3.70430E-14
   5244.0000    3.66590E-14
   5246.0000    3.67980E-14
   5248.0000    3.73180E-14
   5250.0000    3.59770E-14
   5252.0000    3.63080E-14
   5254.0000    3.64290E-14
   5256.0000    3.58870E-14
   5258.0000    3.66280E-14
   5260.0000    3.58360E-14
   5262.0000    3.59620E-14
   5264.0000    3.47800E-14
   5266.0000    3.57530E-14
   5268.0000    3.50740E-14
   5270.0000    3.53330E-14
   5272.0000    3.53800E-14
   5274.0000    3.53790E-14
   5276.0000    3.59930E-14
   5278.0000    3.65530E-14
   5280.0000    3.63980E-14
   5282.0000    3.60280E-14
   5284.0000    3.60280E-14
   5286.0000    3.66690E-14
   5288.0000    3.68460E-14
   5290.0000    3.70530E-14
   5292.0000    3.70650E-14
   5294.0000    3.65470E-14
   5296.0000    3.66430E-14
   5298.0000    3.67450E-14
   5300.0000    3.65800E-14
   5302.0000    3.73180E-14
   5304.0000    3.66320E-14
   5306.0000    3.67900E-14
   5308.0000    3.67740E-14
   5310.0000    3.76570E-14
   5312.0000    3.62520E-14
   5314.0000    3.63580E-14
   5316.0000    3.63640E-14
   5318.0000    3.69000E-14
   5320.0000    3.60260E-14
   5322.0000    3.61310E-14
   5324.0000    3.57530E-14
   5326.0000    3.60350E-14
   5328.0000    3.68990E-14
   5330.0000    3.65630E-14
   5332.0000    3.55070E-14
   5334.0000    3.62130E-14
   5336.0000    3.62560E-14
   5338.0000    3.59580E-14
   5340.0000    3.59620E-14
   5342.0000    3.70360E-14
   5344.0000    3.54140E-14
   5346.0000    3.64630E-14
   5348.0000    3.55450E-14
   5350.0000    3.64660E-14
   5352.0000    3.74030E-14
   5354.0000    3.63190E-14
   5356.0000    3.69660E-14
   5358.0000    3.70000E-14
   5360.0000    3.65760E-14
   5362.0000    3.63620E-14
   5364.0000    3.63700E-14
   5366.0000    3.64530E-14
   5368.0000    3.63670E-14
   5370.0000    3.67770E-14
   5372.0000    3.66840E-14
   5374.0000    3.56790E-14
   5376.0000    3.58260E-14
   5378.0000    3.69980E-14
   5380.0000    3.59260E-14
   5382.0000    3.57740E-14
   5384.0000    3.56820E-14
   5386.0000    3.60710E-14
   5388.0000    3.61210E-14
   5390.0000    3.63170E-14
   5392.0000    3.54980E-14
   5394.0000    3.47660E-14
   5396.0000    3.58880E-14
   5398.0000    3.57690E-14
   5400.0000    3.58460E-14
   5402.0000    3.51410E-14
   5404.0000    3.55710E-14
   5406.0000    3.52330E-14
   5408.0000    3.46240E-14
   5410.0000    3.54270E-14
   5412.0000    3.60130E-14
   5414.0000    3.61860E-14
   5416.0000    3.53210E-14
   5418.0000    3.58750E-14
   5420.0000    3.60890E-14
   5422.0000    3.64150E-14
   5424.0000    3.65250E-14
   5426.0000    3.53010E-14
   5428.0000    3.57440E-14
   5430.0000    3.57610E-14
   5432.0000    3.57950E-14
   5434.0000    3.59530E-14
   5436.0000    3.56350E-14
   5438.0000    3.59810E-14
   5440.0000    3.57140E-14
   5442.0000    3.63570E-14
   5444.0000    3.50700E-14
   5446.0000    3.59590E-14
   5448.0000    3.59800E-14
   5450.0000    3.49520E-14
   5452.0000    3.54580E-14
   5454.0000    3.51720E-14
   5456.0000    3.52930E-14
   5458.0000    3.58350E-14
   5460.0000    3.56390E-14
   5462.0000    3.60760E-14
   5464.0000    3.51470E-14
   5466.0000    3.50690E-14
   5468.0000    3.56880E-14
   5470.0000    3.54700E-14
   5472.0000    3.58280E-14
   5474.0000    3.53500E-14
   5476.0000    3.60900E-14
   5478.0000    3.57700E-14
   5480.0000    3.54260E-14
   5482.0000    3.60430E-14
   5484.0000    3.56180E-14
   5486.0000    3.53810E-14
   5488.0000    3.52990E-14
   5490.0000    3.54440E-14
   5492.0000    3.63660E-14
   5494.0000    3.57920E-14
   5496.0000    3.55160E-14
   5498.0000    3.41510E-14
   5500.0000    3.54340E-14
   5502.0000    3.51940E-14
   5504.0000    3.58160E-14
   5506.0000    3.47370E-14
   5508.0000    3.54300E-14
   5510.0000    3.59320E-14
   5512.0000    3.48710E-14
   5514.0000    3.48500E-14
   5516.0000    3.60410E-14
   5518.0000    3.51480E-14
   5520.0000    3.48120E-14
   5522.0000    3.48420E-14
   5524.0000    3.51570E-14
   5526.0000    3.53470E-14
   5528.0000    3.54910E-14
   5530.0000    3.48540E-14
   5532.0000    3.52310E-14
   5534.0000    3.53530E-14
   5536.0000    3.49860E-14
   5538.0000    3.58790E-14
   5540.0000    3.50780E-14
   5542.0000    3.50810E-14
   5544.0000    3.54780E-14
   5546.0000    3.52810E-14
   5548.0000    3.60210E-14
   5550.0000    3.50490E-14
   5552.0000    3.49160E-14
   5554.0000    3.52870E-14
   5556.0000    3.52250E-14
   5558.0000    3.58130E-14
   5560.0000    3.53070E-14
   5562.0000    3.56410E-14
   5564.0000    3.51730E-14
   5566.0000    3.59310E-14
   5568.0000    3.58920E-14
   5570.0000    3.60010E-14
   5572.0000    3.51090E-14
   5574.0000    3.52780E-14
   5576.0000    3.52090E-14
   5578.0000    3.49080E-14
   5580.0000    3.48700E-14
   5582.0000    3.49380E-14
   5584.0000    3.56600E-14
   5586.0000    3.49340E-14
   5588.0000    3.52220E-14
   5590.0000    3.59860E-14
   5592.0000    3.47690E-14
   5594.0000    3.54570E-14
   5596.0000    3.45890E-14
   5598.0000    3.51130E-14
   5600.0000    3.47400E-14
   5602.0000    3.48210E-14
   5604.0000    3.46970E-14
   5606.0000    3.46710E-14
   5608.0000    3.51060E-14
   5610.0000    3.53800E-14
   5612.0000    3.51250E-14
   5614.0000    3.52800E-14
   5616.0000    3.61030E-14
   5618.0000    3.47690E-14
   5620.0000    3.60100E-14
   5622.0000    3.58040E-14
   5624.0000    3.55250E-14
   5626.0000    3.47020E-14
   5628.0000    3.52220E-14
   5630.0000    3.49240E-14
   5632.0000    3.55070E-14
   5634.0000    3.44450E-14
   5636.0000    3.56630E-14
   5638.0000    3.53820E-14
   5640.0000    3.48600E-14
   5642.0000    3.55000E-14
   5644.0000    3.48550E-14
   5646.0000    3.42610E-14
   5648.0000    3.52740E-14
   5650.0000    3.42020E-14
   5652.0000    3.46740E-14
   5654.0000    3.47360E-14
   5656.0000    3.47560E-14
   5658.0000    3.47300E-14
   5660.0000    3.46240E-14
   5662.0000    3.42610E-14
   5664.0000    3.46730E-14
   5666.0000    3.52850E-14
   5668.0000    3.33680E-14
   5670.0000    3.51690E-14
   5672.0000    3.52960E-14
   5674.0000    3.56030E-14
   5676.0000    3.49570E-14
   5678.0000    3.53160E-14
   5680.0000    3.48680E-14
   5682.0000    3.49040E-14
   5684.0000    3.40650E-14
   5686.0000    3.45290E-14
   5688.0000    3.42480E-14
   5690.0000    3.55000E-14
   5692.0000    3.49940E-14
   5694.0000    3.44820E-14
   5696.0000    3.51970E-14
   5698.0000    3.45630E-14
   5700.0000    3.43090E-14
   5702.0000    3.43730E-14
   5704.0000    3.47480E-14
   5706.0000    3.44320E-14
   5708.0000    3.50410E-14
   5710.0000    3.46660E-14
   5712.0000    3.50340E-14
   5714.0000    3.48580E-14
   5716.0000    3.46350E-14
   5718.0000    3.45790E-14
   5720.0000    3.49220E-14
   5722.0000    3.53500E-14
   5724.0000    3.52120E-14
   5726.0000    3.49190E-14
   5728.0000    3.55250E-14
   5730.0000    3.52530E-14
   5732.0000    3.50910E-14
   5734.0000    3.45200E-14
   5736.0000    3.51300E-14
   5738.0000    3.53150E-14
   5740.0000    3.59370E-14
   5742.0000    3.49660E-14
   5744.0000    3.47910E-14
   5746.0000    3.45950E-14
   5748.0000    3.55720E-14
   5750.0000    3.53200E-14
   5752.0000    3.53970E-14
   5754.0000    3.52730E-14
   5756.0000    3.50540E-14
   5758.0000    3.55620E-14
   5760.0000    3.50670E-14
   5762.0000    3.56860E-14
   5764.0000    3.52440E-14
   5766.0000    3.53840E-14
   5768.0000    3.39000E-14
   5770.0000    3.53620E-14
   5772.0000    3.54510E-14
   5774.0000    3.42790E-14
   5776.0000    3.47740E-14
   5778.0000    3.49930E-14
   5780.0000    3.47450E-14
   5782.0000    3.50480E-14
   5784.0000    3.47690E-14
   5786.0000    3.48580E-14
   5788.0000    3.51610E-14
   5790.0000    3.54280E-14
   5792.0000    3.49170E-14
   5794.0000    3.50930E-14
   5796.0000    3.57020E-14
   5798.0000    3.50820E-14
   5800.0000    3.48700E-14
   5802.0000    3.50230E-14
   5804.0000    3.57460E-14
   5806.0000    3.59880E-14
   5808.0000    3.47790E-14
   5810.0000    3.54910E-14
   5812.0000    3.46800E-14
   5814.0000    3.52130E-14
   5816.0000    3.48650E-14
   5818.0000    3.47730E-14
   5820.0000    3.58910E-14
   5822.0000    3.60120E-14
   5824.0000    3.46520E-14
   5826.0000    3.51560E-14
   5828.0000    3.47180E-14
   5830.0000    3.52180E-14
   5832.0000    3.54380E-14
   5834.0000    3.51140E-14
   5836.0000    3.49540E-14
   5838.0000    3.52440E-14
   5840.0000    3.55840E-14
   5842.0000    3.50710E-14
   5844.0000    3.51530E-14
   5846.0000    3.54060E-14
   5848.0000    3.41380E-14
   5850.0000    3.44670E-14
   5852.0000    3.53770E-14
   5854.0000    3.47400E-14
   5856.0000    3.42580E-14
   5858.0000    3.46340E-14
   5860.0000    3.40740E-14
   5862.0000    3.39970E-14
   5864.0000    3.42080E-14
   5866.0000    3.49990E-14
   5868.0000    3.44620E-14
   5870.0000    3.44480E-14
   5872.0000    3.42190E-14
   5874.0000    3.37940E-14
   5876.0000    3.41920E-14
   5878.0000    3.31410E-14
   5880.0000    3.31480E-14
   5882.0000    3.30090E-14
   5884.0000    3.28060E-14
   5886.0000    3.21600E-14
   5888.0000    3.29100E-14
   5890.0000    3.22290E-14
   5892.0000    3.23230E-14
   5894.0000    3.33950E-14
   5896.0000    3.25850E-14
   5898.0000    3.22040E-14
   5900.0000    3.27550E-14
   5902.0000    3.28610E-14
   5904.0000    3.32890E-14
   5906.0000    3.29110E-14
   5908.0000    3.37310E-14
   5910.0000    3.37710E-14
   5912.0000    3.34320E-14
   5914.0000    3.27040E-14
   5916.0000    3.35100E-14
   5918.0000    3.37360E-14
   5920.0000    3.34580E-14
   5922.0000    3.34260E-14
   5924.0000    3.34090E-14
   5926.0000    3.37220E-14
   5928.0000    3.38510E-14
   5930.0000    3.33870E-14
   5932.0000    3.34820E-14
   5934.0000    3.26520E-14
   5936.0000    3.38360E-14
   5938.0000    3.41560E-14
   5940.0000    3.38150E-14
   5942.0000    3.30230E-14
   5944.0000    3.42410E-14
   5946.0000    3.38170E-14
   5948.0000    3.33070E-14
   5950.0000    3.37910E-14
   5952.0000    3.35280E-14
   5954.0000    3.45200E-14
   5956.0000    3.43040E-14
   5958.0000    3.46110E-14
   5960.0000    3.39740E-14
   5962.0000    3.36630E-14
   5964.0000    3.35960E-14
   5966.0000    3.41820E-14
   5968.0000    3.32990E-14
   5970.0000    3.39910E-14
   5972.0000    3.33010E-14
   5974.0000    3.40260E-14
   5976.0000    3.34430E-14
   5978.0000    3.44310E-14
   5980.0000    3.33420E-14
   5982.0000    3.33580E-14
   5984.0000    3.35420E-14
   5986.0000    3.33300E-14
   5988.0000    3.34200E-14
   5990.0000    3.33010E-14
   5992.0000    3.39140E-14
   5994.0000    3.35260E-14
   5996.0000    3.36240E-14
   5998.0000    3.35380E-14
   6000.0000    3.33270E-14
   6002.0000    3.42090E-14
   6004.0000    3.38640E-14
   6006.0000    3.34740E-14
   6008.0000    3.34900E-14
   6010.0000    3.36030E-14
   6012.0000    3.37640E-14
   6014.0000    3.38460E-14
   6016.0000    3.32590E-14
   6018.0000    3.32340E-14
   6020.0000    3.33580E-14
   6022.0000    3.33850E-14
   6024.0000    3.30530E-14
   6026.0000    3.31500E-14
   6028.0000    3.35440E-14
   6030.0000    3.40130E-14
   6032.0000    3.42330E-14
   6034.0000    3.42180E-14
   6036.0000    3.39070E-14
   6038.0000    3.38450E-14
   6040.0000    3.41760E-14
   6042.0000    3.46120E-14
   6044.0000    3.39920E-14
   6046.0000    3.42680E-14
   6048.0000    3.50460E-14
   6050.0000    3.41630E-14
   6052.0000    3.40510E-14
   6054.0000    3.37800E-14
   6056.0000    3.41360E-14
   6058.0000    3.39070E-14
   6060.0000    3.35700E-14
   6062.0000    3.42050E-14
   6064.0000    3.30260E-14
   6066.0000    3.40090E-14
   6068.0000    3.44840E-14
   6070.0000    3.34110E-14
   6072.0000    3.33500E-14
   6074.0000    3.38350E-14
   6076.0000    3.42530E-14
   6078.0000    3.43150E-14
   6080.0000    3.41280E-14
   6082.0000    3.26710E-14
   6084.0000    3.36930E-14
   6086.0000    3.33960E-14
   6088.0000    3.40630E-14
   6090.0000    3.34320E-14
   6092.0000    3.35810E-14
   6094.0000    3.34020E-14
   6096.0000    3.38660E-14
   6098.0000    3.35020E-14
   6100.0000    3.40590E-14
   6102.0000    3.33000E-14
   6104.0000    3.38040E-14
   6106.0000    3.30360E-14
   6108.0000    3.29630E-14
   6110.0000    3.36300E-14
   6112.0000    3.35290E-14
   6114.0000    3.33300E-14
   6116.0000    3.43160E-14
   6118.0000    3.33200E-14
   6120.0000    3.28880E-14
   6122.0000    3.35350E-14
   6124.0000    3.38940E-14
   6126.0000    3.37340E-14
   6128.0000    3.33070E-14
   6130.0000    3.32640E-14
   6132.0000    3.40350E-14
   6134.0000    3.30440E-14
   6136.0000    3.34550E-14
   6138.0000    3.34700E-14
   6140.0000    3.31850E-14
   6142.0000    3.29120E-14
   6144.0000    3.30250E-14
   6146.0000    3.29790E-14
   6148.0000    3.34520E-14
   6150.0000    3.22070E-14
   6152.0000    3.27620E-14
   6154.0000    3.26200E-14
   6156.0000    3.32780E-14
   6158.0000    3.29830E-14
   6160.0000    3.20600E-14
   6162.0000    3.28030E-14
   6164.0000    3.25990E-14
   6166.0000    3.29320E-14
   6168.0000    3.23590E-14
   6170.0000    3.22930E-14
   6172.0000    3.25720E-14
   6174.0000    3.22590E-14
   6176.0000    3.19290E-14
   6178.0000    3.25320E-14
   6180.0000    3.26680E-14
   6182.0000    3.25670E-14
   6184.0000    3.33030E-14
   6186.0000    3.24460E-14
   6188.0000    3.30110E-14
   6190.0000    3.31900E-14
   6192.0000    3.18980E-14
   6194.0000    3.16530E-14
   6196.0000    3.23310E-14
   6198.0000    3.32200E-14
   6200.0000    3.25240E-14
   6202.0000    3.27090E-14
   6204.0000    3.20210E-14
   6206.0000    3.23980E-14
   6208.0000    3.23540E-14
   6210.0000    3.22440E-14
   6212.0000    3.33410E-14
   6214.0000    3.19750E-14
   6216.0000    3.18210E-14
   6218.0000    3.26670E-14
   6220.0000    3.22150E-14
   6222.0000    3.16630E-14
   6224.0000    3.21420E-14
   6226.0000    3.21130E-14
   6228.0000    3.20530E-14
   6230.0000    3.21270E-14
   6232.0000    3.14500E-14
   6234.0000    3.18520E-14
   6236.0000    3.19430E-14
   6238.0000    3.20340E-14
   6240.0000    3.21540E-14
   6242.0000    3.24980E-14
   6244.0000    3.16090E-14
   6246.0000    3.17610E-14
   6248.0000    3.13740E-14
   6250.0000    3.12910E-14
   6252.0000    3.17680E-14
   6254.0000    3.14120E-14
   6256.0000    3.14320E-14
   6258.0000    3.17150E-14
   6260.0000    3.18820E-14
   6262.0000    3.20490E-14
   6264.0000    3.17590E-14
   6266.0000    3.17680E-14
   6268.0000    3.16120E-14
   6270.0000    3.16980E-14
   6272.0000    3.15090E-14
   6274.0000    3.18130E-14
   6276.0000    3.12980E-14
   6278.0000    3.19110E-14
   6280.0000    3.16100E-14
   6282.0000    3.17890E-14
   6284.0000    3.27550E-14
   6286.0000    3.18110E-14
   6288.0000    3.08360E-14
   6290.0000    3.19770E-14
   6292.0000    3.17970E-14
   6294.0000    3.18200E-14
   6296.0000    3.19640E-14
   6298.0000    3.15080E-14
   6300.0000    3.12840E-14
   6302.0000    3.25010E-14
   6304.0000    3.18270E-14
   6306.0000    3.22540E-14
   6308.0000    3.17850E-14
   6310.0000    3.21280E-14
   6312.0000    3.11680E-14
   6314.0000    3.21580E-14
   6316.0000    3.20650E-14
   6318.0000    3.15860E-14
   6320.0000    3.28740E-14
   6322.0000    3.17120E-14
   6324.0000    3.17630E-14
   6326.0000    3.18560E-14
   6328.0000    3.22410E-14
   6330.0000    3.16630E-14
   6332.0000    3.22360E-14
   6334.0000    3.22350E-14
   6336.0000    3.19630E-14
   6338.0000    3.20850E-14
   6340.0000    3.17750E-14
   6342.0000    3.30730E-14
   6344.0000    3.21800E-14
   6346.0000    3.12320E-14
   6348.0000    3.23150E-14
   6350.0000    3.23320E-14
   6352.0000    3.23720E-14
   6354.0000    3.20980E-14
   6356.0000    3.24200E-14
   6358.0000    3.28720E-14
   6360.0000    3.24310E-14
   6362.0000    3.19890E-14
   6364.0000    3.16010E-14
   6366.0000    3.23360E-14
   6368.0000    3.09400E-14
   6370.0000    3.22650E-14
   6372.0000    3.30050E-14
   6374.0000    3.22880E-14
   6376.0000    3.28240E-14
   6378.0000    3.23430E-14
   6380.0000    3.32780E-14
   6382.0000    3.21990E-14
   6384.0000    3.28400E-14
   6386.0000    3.21250E-14
   6388.0000    3.23440E-14
   6390.0000    3.32920E-14
   6392.0000    3.25480E-14
   6394.0000    3.18420E-14
   6396.0000    3.18690E-14
   6398.0000    3.25880E-14
   6400.0000    3.16180E-14
   6402.0000    3.20380E-14
   6404.0000    3.27460E-14
   6406.0000    3.28780E-14
   6408.0000    3.22710E-14
   6410.0000    3.22800E-14
   6412.0000    3.19050E-14
   6414.0000    3.18740E-14
   6416.0000    3.19230E-14
   6418.0000    3.19340E-14
   6420.0000    3.25050E-14
   6422.0000    3.23690E-14
   6424.0000    3.24470E-14
   6426.0000    3.30050E-14
   6428.0000    3.24290E-14
   6430.0000    3.22620E-14
   6432.0000    3.18440E-14
   6434.0000    3.22160E-14
   6436.0000    3.24780E-14
   6438.0000    3.27760E-14
   6440.0000    3.19640E-14
   6442.0000    3.23210E-14
   6444.0000    3.17790E-14
   6446.0000    3.26920E-14
   6448.0000    3.17480E-14
   6450.0000    3.35430E-14
   6452.0000    3.27980E-14
   6454.0000    3.18820E-14
   6456.0000    3.23920E-14
   6458.0000    3.29800E-14
   6460.0000    3.20050E-14
   6462.0000    3.15020E-14
   6464.0000    3.21910E-14
   6466.0000    3.22030E-14
   6468.0000    3.23310E-14
   6470.0000    3.14910E-14
   6472.0000    3.25120E-14
   6474.0000    3.23760E-14
   6476.0000    3.17980E-14
   6478.0000    3.17440E-14
   6480.0000    3.19880E-14
   6482.0000    3.18250E-14
   6484.0000    3.19480E-14
   6486.0000    3.12730E-14
   6488.0000    3.14510E-14
   6490.0000    3.17080E-14
   6492.0000    3.15730E-14
   6494.0000    3.15910E-14
   6496.0000    3.10580E-14
   6498.0000    3.14450E-14
   6500.0000    3.10730E-14
   6502.0000    3.09770E-14
   6504.0000    3.23530E-14
   6506.0000    3.12930E-14
   6508.0000    3.13850E-14
   6510.0000    3.24920E-14
   6512.0000    3.19140E-14
   6514.0000    3.22350E-14
   6516.0000    3.11230E-14
   6518.0000    3.18870E-14
   6520.0000    3.23490E-14
   6522.0000    3.24050E-14
   6524.0000    3.17200E-14
   6526.0000    3.17990E-14
   6528.0000    3.20200E-14
   6530.0000    3.21670E-14
   6532.0000    3.20040E-14
   6534.0000    3.18470E-14
   6536.0000    3.17650E-14
   6538.0000    3.11220E-14
   6540.0000    3.20120E-14
   6542.0000    3.04960E-14
   6544.0000    3.04120E-14
   6546.0000    3.03290E-14
   6548.0000    3.06800E-14
   6550.0000    3.01680E-14
   6552.0000    2.94850E-14
   6554.0000    2.89580E-14
   6556.0000    2.83730E-14
   6558.0000    2.78560E-14
   6560.0000    2.86240E-14
   6562.0000    2.84060E-14
   6564.0000    2.82300E-14
   6566.0000    2.87460E-14
   6568.0000    2.82240E-14
   6570.0000    2.78560E-14
   6572.0000    2.90480E-14
   6574.0000    2.88950E-14
   6576.0000    2.99030E-14
   6578.0000    2.97080E-14
   6580.0000    2.97910E-14
   6582.0000    3.03130E-14
   6584.0000    3.14650E-14
   6586.0000    3.03660E-14
   6588.0000    3.12920E-14
   6590.0000    3.04740E-14
   6592.0000    3.14260E-14
   6594.0000    3.09550E-14
   6596.0000    3.22010E-14
   6598.0000    3.09160E-14
   6600.0000    3.12460E-14
   6602.0000    3.09280E-14
   6604.0000    3.16400E-14
   6606.0000    3.10680E-14
   6608.0000    3.14400E-14
   6610.0000    3.17090E-14
   6612.0000    3.16700E-14
   6614.0000    3.23000E-14
   6616.0000    3.15830E-14
   6618.0000    3.11460E-14
   6620.0000    3.13390E-14
   6622.0000    3.23980E-14
   6624.0000    3.15250E-14
   6626.0000    3.11980E-14
   6628.0000    3.17570E-14
   6630.0000    3.07140E-14
   6632.0000    3.19360E-14
   6634.0000    3.15960E-14
   6636.0000    3.24890E-14
   6638.0000    3.21330E-14
   6640.0000    3.12010E-14
   6642.0000    3.16330E-14
   6644.0000    3.05920E-14
   6646.0000    3.16780E-14
   6648.0000    3.06470E-14
   6650.0000    3.20920E-14
   6652.0000    3.15430E-14
   6654.0000    3.14500E-14
   6656.0000    3.15470E-14
   6658.0000    3.15130E-14
   6660.0000    3.09050E-14
   6662.0000    3.05040E-14
   6664.0000    3.13180E-14
   6666.0000    3.04710E-14
   6668.0000    3.12350E-14
   6670.0000    3.14450E-14
   6672.0000    3.08980E-14
   6674.0000    3.07800E-14
   6676.0000    3.03250E-14
   6678.0000    3.10740E-14
   6680.0000    3.08240E-14
   6682.0000    3.11940E-14
   6684.0000    3.11380E-14
   6686.0000    3.04780E-14
   6688.0000    3.10830E-14
   6690.0000    3.10700E-14
   6692.0000    3.08020E-14
   6694.0000    3.09930E-14
   6696.0000    3.11170E-14
   6698.0000    3.05620E-14
   6700.0000    3.07570E-14
   6702.0000    3.10830E-14
   6704.0000    3.04510E-14
   6706.0000    3.09970E-14
   6708.0000    3.10990E-14
   6710.0000    3.09980E-14
   6712.0000    3.08060E-14
   6714.0000    3.07390E-14
   6716.0000    3.05780E-14
   6718.0000    3.09260E-14
   6720.0000    3.08930E-14
   6722.0000    3.09500E-14
   6724.0000    3.15340E-14
   6726.0000    3.09010E-14
   6728.0000    3.08100E-14
   6730.0000    3.07020E-14
   6732.0000    3.05420E-14
   6734.0000    3.06770E-14
   6736.0000    2.98100E-14
   6738.0000    3.11930E-14
   6740.0000    3.07290E-14
   6742.0000    3.05090E-14
   6744.0000    3.18340E-14
   6746.0000    3.10270E-14
   6748.0000    3.11720E-14
   6750.0000    3.04870E-14
   6752.0000    3.04840E-14
   6754.0000    3.06920E-14
   6756.0000    3.04060E-14
   6758.0000    3.08330E-14
   6760.0000    3.02410E-14
   6762.0000    3.05800E-14
   6764.0000    3.10480E-14
   6766.0000    3.11330E-14
   6768.0000    3.03400E-14
   6770.0000    3.13500E-14
   6772.0000    3.00570E-14
   6774.0000    3.03560E-14
   6776.0000    3.04750E-14
   6778.0000    3.08440E-14
   6780.0000    3.02480E-14
   6782.0000    3.07200E-14
   6784.0000    3.06900E-14
   6786.0000    3.02030E-14
   6788.0000    3.08820E-14
   6790.0000    3.10630E-14
   6792.0000    3.12270E-14
   6794.0000    3.03460E-14
   6796.0000    3.04510E-14
   6798.0000    3.05330E-14
   6800.0000    3.10270E-14
   6802.0000    3.07480E-14
   6804.0000    3.07300E-14
   6806.0000    3.06350E-14
   6808.0000    3.06350E-14
   6810.0000    3.16070E-14
   6812.0000    2.98940E-14
   6814.0000    3.11250E-14
   6816.0000    3.04680E-14
   6818.0000    3.04380E-14
   6820.0000    2.99800E-14
   6822.0000    3.07590E-14
   6824.0000    3.08760E-14
   6826.0000    3.09140E-14
   6828.0000    3.06770E-14
   6830.0000    3.05800E-14
   6832.0000    3.08060E-14
   6834.0000    3.09150E-14
   6836.0000    3.01130E-14
   6838.0000    3.13440E-14
   6840.0000    3.08570E-14
   6842.0000    3.00570E-14
   6844.0000    3.09610E-14
   6846.0000    3.06070E-14
   6848.0000    3.05440E-14
   6850.0000    3.01800E-14
   6852.0000    3.12210E-14
   6854.0000    3.06240E-14
   6856.0000    3.02500E-14
   6858.0000    3.09780E-14
   6860.0000    3.01900E-14
   6862.0000    3.06010E-14
   6864.0000    3.04310E-14
   6866.0000    3.02560E-14
   6868.0000    2.99090E-14
   6870.0000    3.05510E-14
   6872.0000    3.01330E-14
   6874.0000    3.02730E-14
   6876.0000    3.03260E-14
   6878.0000    3.08040E-14
   6880.0000    3.04790E-14
   6882.0000    2.97540E-14
   6884.0000    3.04470E-14
   6886.0000    3.03530E-14
   6888.0000    3.05200E-14
   6890.0000    3.06650E-14
   6892.0000    3.05650E-14
   6894.0000    2.98110E-14
   6896.0000    3.03760E-14
   6898.0000    3.05190E-14
   6900.0000    2.99950E-14
   6902.0000    2.99810E-14
   6904.0000    3.06300E-14
   6906.0000    3.02500E-14
   6908.0000    3.07050E-14
   6910.0000    3.05260E-14
   6912.0000    2.95930E-14
   6914.0000    3.07170E-14
   6916.0000    3.06300E-14
   6918.0000    3.07220E-14
   6920.0000    2.98680E-14
   6922.0000    3.03450E-14
   6924.0000    3.09520E-14
   6926.0000    3.03660E-14
   6928.0000    3.07320E-14
   6930.0000    2.99960E-14
   6932.0000    3.10750E-14
   6934.0000    3.09930E-14
   6936.0000    3.01620E-14
   6938.0000    3.06930E-14
   6940.0000    3.13570E-14
   6942.0000    2.98910E-14
   6944.0000    3.07020E-14
   6946.0000    3.08540E-14
   6948.0000    3.10150E-14
   6950.0000    3.07490E-14
   6952.0000    3.04690E-14
   6954.0000    3.11840E-14
   6956.0000    3.09810E-14
   6958.0000    3.12290E-14
   6960.0000    3.08070E-14
   6962.0000    3.13460E-14
   6964.0000    3.13450E-14
   6966.0000    3.00140E-14
   6968.0000    3.08260E-14
   6970.0000    3.09520E-14
   6972.0000    3.06290E-14
   6974.0000    3.13590E-14
   6976.0000    3.12300E-14
   6978.0000    3.11250E-14
   6980.0000    3.06250E-14
   6982.0000    3.11960E-14
   6984.0000    3.09110E-14
   6986.0000    3.07720E-14
   6988.0000    3.03920E-14
   6990.0000    3.07740E-14
   6992.0000    3.07830E-14
   6994.0000    3.13250E-14
   6996.0000    3.09130E-14
   6998.0000    3.10750E-14
   7000.0000    3.04030E-14
   7002.0000    3.11760E-14
   7004.0000    3.06460E-14
   7006.0000    3.17640E-14
   7008.0000    3.05760E-14
   7010.0000    3.08130E-14
   7012.0000    3.04250E-14
   7014.0000    3.12780E-14
   7016.0000    3.16430E-14
   7018.0000    2.99210E-14
   7020.0000    3.07600E-14
   7022.0000    3.05600E-14
   7024.0000    3.05340E-14
   7026.0000    3.07450E-14
   7028.0000    3.12090E-14
   7030.0000    3.09640E-14
   7032.0000    3.08460E-14
   7034.0000    3.11600E-14
   7036.0000    3.09640E-14
   7038.0000    3.11800E-14
   7040.0000    3.13580E-14
   7042.0000    3.13570E-14
   7044.0000    3.18170E-14
   7046.0000    3.07120E-14
   7048.0000    3.12240E-14
   7050.0000    3.08790E-14
   7052.0000    3.14750E-14
   7054.0000    3.06470E-14
   7056.0000    3.06790E-14
   7058.0000    3.15350E-14
   7060.0000    3.06200E-14
   7062.0000    3.03440E-14
   7064.0000    3.04110E-14
   7066.0000    3.07350E-14
   7068.0000    3.00280E-14
   7070.0000    3.14520E-14
   7072.0000    2.99870E-14
   7074.0000    3.04130E-14
   7076.0000    3.04520E-14
   7078.0000    2.97990E-14
   7080.0000    3.02580E-14
   7082.0000    2.96300E-14
   7084.0000    3.01030E-14
   7086.0000    2.94410E-14
   7088.0000    2.98290E-14
   7090.0000    2.92450E-14
   7092.0000    2.91840E-14
   7094.0000    2.96110E-14
   7096.0000    2.89300E-14
   7098.0000    2.92930E-14
   7100.0000    3.00970E-14
   7102.0000    3.00670E-14
   7104.0000    3.00340E-14
   7106.0000    2.89970E-14
   7108.0000    2.95210E-14
   7110.0000    3.06920E-14
   7112.0000    3.01700E-14
   7114.0000    2.90640E-14
   7116.0000    2.91740E-14
   7118.0000    2.98270E-14
   7120.0000    3.04300E-14
   7122.0000    2.93300E-14
   7124.0000    3.00510E-14
   7126.0000    2.90510E-14
   7128.0000    2.94770E-14
   7130.0000    2.92110E-14
   7132.0000    2.89260E-14
   7134.0000    2.91120E-14
   7136.0000    2.94740E-14
   7138.0000    2.93770E-14
   7140.0000    2.82850E-14
   7142.0000    2.98140E-14
   7144.0000    2.87250E-14
   7146.0000    2.87730E-14
   7148.0000    2.88150E-14
   7150.0000    2.92160E-14
   7152.0000    2.93010E-14
   7154.0000    2.89050E-14
   7156.0000    2.87910E-14
   7158.0000    2.90500E-14
   7160.0000    2.93400E-14
   7162.0000    2.93800E-14
   7164.0000    2.85400E-14
   7166.0000    2.87880E-14
   7168.0000    2.90790E-14
   7170.0000    2.85540E-14
   7172.0000    2.88510E-14
   7174.0000    2.82460E-14
   7176.0000    2.85610E-14
   7178.0000    2.75440E-14
   7180.0000    2.84320E-14
   7182.0000    2.78440E-14
   7184.0000    2.84980E-14
   7186.0000    2.95370E-14
   7188.0000    2.88430E-14
   7190.0000    2.85850E-14
   7192.0000    2.89920E-14
   7194.0000    2.90820E-14
   7196.0000    2.85040E-14
   7198.0000    2.85740E-14
   7200.0000    2.85670E-14
   7202.0000    2.79400E-14
   7204.0000    2.92290E-14
   7206.0000    2.90250E-14
   7208.0000    2.94620E-14
   7210.0000    2.92760E-14
   7212.0000    2.90500E-14
   7214.0000    2.92520E-14
   7216.0000    2.95580E-14
   7218.0000    2.96970E-14
   7220.0000    2.96800E-14
   7222.0000    2.99110E-14
   7224.0000    2.95760E-14
   7226.0000    2.96950E-14
   7228.0000    2.93440E-14
   7230.0000    2.97550E-14
   7232.0000    3.00770E-14
   7234.0000    2.96960E-14
   7236.0000    2.97640E-14
   7238.0000    2.96300E-14
   7240.0000    2.98250E-14
   7242.0000    2.93950E-14
   7244.0000    2.96430E-14
   7246.0000    3.02060E-14
   7248.0000    2.99580E-14
   7250.0000    2.96680E-14
   7252.0000    2.99070E-14
   7254.0000    2.93040E-14
   7256.0000    2.95180E-14
   7258.0000    2.97030E-14
   7260.0000    2.93340E-14
   7262.0000    2.94400E-14
   7264.0000    2.97180E-14
   7266.0000    2.91950E-14
   7268.0000    3.00280E-14
   7270.0000    2.95980E-14
   7272.0000    2.99690E-14
   7274.0000    2.97030E-14
   7276.0000    2.97640E-14
   7278.0000    2.93690E-14
   7280.0000    3.05940E-14
   7282.0000    2.94790E-14
   7284.0000    2.87920E-14
   7286.0000    3.06300E-14
   7288.0000    3.03320E-14
   7290.0000    3.01660E-14
   7292.0000    3.02840E-14
   7294.0000    3.08790E-14
   7296.0000    3.01940E-14
   7298.0000    2.99230E-14
   7300.0000    2.94530E-14
   7302.0000    2.97730E-14
   7304.0000    3.02910E-14
   7306.0000    3.01940E-14
   7308.0000    2.98290E-14
   7310.0000    3.05900E-14
   7312.0000    3.10710E-14
   7314.0000    2.97170E-14
   7316.0000    3.04990E-14
   7318.0000    3.02020E-14
   7320.0000    3.08020E-14
   7322.0000    2.99500E-14
   7324.0000    3.10040E-14
   7326.0000    3.02230E-14
   7328.0000    3.11170E-14
   7330.0000    3.15710E-14
   7332.0000    3.02990E-14
   7334.0000    3.13890E-14
   7336.0000    3.10100E-14
   7338.0000    3.08480E-14
   7340.0000    3.13640E-14
   7342.0000    3.07210E-14
   7344.0000    3.12450E-14
   7346.0000    3.13400E-14
   7348.0000    3.08170E-14
   7350.0000    3.04600E-14
   7352.0000    3.13010E-14
   7354.0000    3.05150E-14
   7356.0000    3.08850E-14
   7358.0000    3.08850E-14
   7360.0000    3.10210E-14
   7362.0000    3.14500E-14
   7364.0000    3.16830E-14
   7366.0000    3.11690E-14
   7368.0000    3.03310E-14
   7370.0000    3.11010E-14
   7372.0000    3.08130E-14
   7374.0000    3.18740E-14
   7376.0000    3.15170E-14
   7378.0000    3.13480E-14
   7380.0000    3.14060E-14
   7382.0000    3.09090E-14
   7384.0000    3.13500E-14
   7386.0000    3.06120E-14
   7388.0000    3.06950E-14
   7390.0000    3.20100E-14
   7392.0000    3.15790E-14
   7394.0000    3.10540E-14
   7396.0000    3.05120E-14
   7398.0000    3.05860E-14
   7400.0000    3.12020E-14
   7402.0000    3.09720E-14
   7404.0000    3.14600E-14
   7406.0000    3.08890E-14
   7408.0000    3.16290E-14
   7410.0000    3.12170E-14
   7412.0000    3.09710E-14
   7414.0000    3.07050E-14
   7416.0000    3.13820E-14
   7418.0000    3.11490E-14
   7420.0000    3.15550E-14
   7422.0000    3.11500E-14
   7424.0000    3.11680E-14
   7426.0000    3.07410E-14
   7428.0000    3.08550E-14
   7430.0000    3.21500E-14
   7432.0000    3.20320E-14
   7434.0000    3.10850E-14
   7436.0000    3.12270E-14
   7438.0000    3.18900E-14
   7440.0000    3.07780E-14
   7442.0000    3.13210E-14
   7444.0000    3.17340E-14
   7446.0000    3.16090E-14
   7448.0000    3.16280E-14
   7450.0000    3.16420E-14
   7452.0000    3.12170E-14
   7454.0000    3.08820E-14
   7456.0000    3.16240E-14
   7458.0000    3.14740E-14
   7460.0000    3.17760E-14
   7462.0000    3.17530E-14
   7464.0000    3.18700E-14
   7466.0000    3.11400E-14
   7468.0000    3.20820E-14
   7470.0000    3.09520E-14
   7472.0000    3.09590E-14
   7474.0000    3.17300E-14
   7476.0000    3.23720E-14
   7478.0000    3.18910E-14
   7480.0000    3.11660E-14
   7482.0000    3.25110E-14
   7484.0000    3.12660E-14
   7486.0000    3.12180E-14
   7488.0000    3.16800E-14
   7490.0000    3.16380E-14
   7492.0000    3.16640E-14
   7494.0000    3.26620E-14
   7496.0000    3.17260E-14
   7498.0000    3.15760E-14
   7500.0000    3.14770E-14
   7502.0000    3.15000E-14
   7504.0000    3.07650E-14
   7506.0000    3.21850E-14
   7508.0000    3.15490E-14
   7510.0000    3.13720E-14
   7512.0000    3.16810E-14
   7514.0000    3.25860E-14
   7516.0000    3.15050E-14
   7518.0000    3.14960E-14
   7520.0000    3.24080E-14
   7522.0000    3.20740E-14
   7524.0000    3.13910E-14
   7526.0000    3.20370E-14
   7528.0000    3.22850E-14
   7530.0000    3.17040E-14
   7532.0000    3.14720E-14
   7534.0000    3.17760E-14
   7536.0000    3.20560E-14
   7538.0000    3.17720E-14
   7540.0000    3.22240E-14
   7542.0000    3.22140E-14
   7544.0000    3.20010E-14
   7546.0000    3.17120E-14
   7548.0000    3.18370E-14
   7550.0000    3.20150E-14
   7552.0000    3.20080E-14
   7554.0000    3.20000E-14
   7556.0000    3.25510E-14
   7558.0000    3.19140E-14
   7560.0000    3.18990E-14
   7562.0000    3.18900E-14
   7564.0000    3.19960E-14
   7566.0000    3.21180E-14
   7568.0000    3.16630E-14
   7570.0000    3.12810E-14
   7572.0000    3.18800E-14
   7574.0000    3.18290E-14
   7576.0000    3.19110E-14
   7578.0000    3.22580E-14
   7580.0000    3.20060E-14
   7582.0000    3.18550E-14
   7584.0000    3.10690E-14
   7586.0000    3.11150E-14
   7588.0000    3.15060E-14
   7590.0000    3.05990E-14
   7592.0000    3.15230E-14
   7594.0000    3.18900E-14
   7596.0000    3.06320E-14
   7598.0000    3.08420E-14
   7600.0000    3.10210E-14
   7602.0000    3.12430E-14
   7604.0000    3.08800E-14
   7606.0000    3.12590E-14
   7608.0000    3.08550E-14
   7610.0000    3.16360E-14
   7612.0000    3.09330E-14
   7614.0000    3.05400E-14
   7616.0000    3.13380E-14
   7618.0000    3.10420E-14
   7620.0000    3.08790E-14
   7622.0000    3.10310E-14
   7624.0000    3.07540E-14
   7626.0000    3.07600E-14
   7628.0000    2.97840E-14
   7630.0000    3.01630E-14
   7632.0000    3.03630E-14
   7634.0000    3.05290E-14
   7636.0000    3.03000E-14
   7638.0000    2.98470E-14
   7640.0000    3.10700E-14
   7642.0000    3.02650E-14
   7644.0000    3.04660E-14
   7646.0000    3.01990E-14
   7648.0000    2.98180E-14
   7650.0000    3.05790E-14
   7652.0000    2.88080E-14
   7654.0000    2.90850E-14
   7656.0000    3.00690E-14
   7658.0000    2.85570E-14
   7660.0000    2.91130E-14
   7662.0000    2.85610E-14
   7664.0000    2.96410E-14
   7666.0000    2.90790E-14
   7668.0000    2.91790E-14
   7670.0000    2.97520E-14
   7672.0000    2.91740E-14
   7674.0000    2.89260E-14
   7676.0000    2.88960E-14
   7678.0000    2.93470E-14
   7680.0000    2.86250E-14
   7682.0000    2.92380E-14
   7684.0000    2.88880E-14
   7686.0000    2.97180E-14
   7688.0000    2.89880E-14
   7690.0000    2.88760E-14
   7692.0000    2.89240E-14
   7694.0000    2.91520E-14
   7696.0000    2.88630E-14
   7698.0000    2.92720E-14
   7700.0000    2.90140E-14
   7702.0000    2.79320E-14
   7704.0000    2.85260E-14
   7706.0000    2.87980E-14
   7708.0000    2.79450E-14
   7710.0000    2.81310E-14
   7712.0000    2.97590E-14
   7714.0000    2.86780E-14
   7716.0000    2.91980E-14
   7718.0000    2.86730E-14
   7720.0000    2.95260E-14
   7722.0000    2.93620E-14
   7724.0000    3.02510E-14
   7726.0000    2.92990E-14
   7728.0000    2.94510E-14
   7730.0000    2.91770E-14
   7732.0000    2.97690E-14
   7734.0000    2.94910E-14
   7736.0000    2.88320E-14
   7738.0000    2.97600E-14
   7740.0000    2.88960E-14
   7742.0000    2.99890E-14
   7744.0000    2.87080E-14
   7746.0000    2.94330E-14
   7748.0000    2.92310E-14
   7750.0000    2.89360E-14
   7752.0000    2.87810E-14
   7754.0000    2.88500E-14
   7756.0000    2.92460E-14
   7758.0000    2.95750E-14
   7760.0000    2.88340E-14
   7762.0000    2.91220E-14
   7764.0000    2.91150E-14
   7766.0000    2.93320E-14
   7768.0000    2.83470E-14
   7770.0000    2.92270E-14
   7772.0000    2.93310E-14
   7774.0000    2.89750E-14
   7776.0000    2.92980E-14
   7778.0000    2.97910E-14
   7780.0000    2.86770E-14
   7782.0000    2.91960E-14
   7784.0000    2.89180E-14
   7786.0000    2.95730E-14
   7788.0000    2.94610E-14
   7790.0000    2.89590E-14
   7792.0000    2.87530E-14
   7794.0000    2.90670E-14
   7796.0000    2.98300E-14
   7798.0000    2.93030E-14
   7800.0000    2.96470E-14
   7802.0000    2.98940E-14
   7804.0000    2.84090E-14
   7806.0000    2.96960E-14
   7808.0000    2.96480E-14
   7810.0000    2.98820E-14
   7812.0000    2.96430E-14
   7814.0000    3.00460E-14
   7816.0000    2.93620E-14
   7818.0000    2.99980E-14
   7820.0000    2.93960E-14
   7822.0000    2.99310E-14
   7824.0000    2.98460E-14
   7826.0000    3.01960E-14
   7828.0000    2.94640E-14
   7830.0000    2.97040E-14
   7832.0000    3.02660E-14
   7834.0000    2.90330E-14
   7836.0000    2.90420E-14
   7838.0000    2.94170E-14
   7840.0000    2.88650E-14
   7842.0000    2.97330E-14
   7844.0000    3.03730E-14
   7846.0000    2.96390E-14
   7848.0000    2.96440E-14
   7850.0000    3.00590E-14
   7852.0000    2.94900E-14
   7854.0000    2.91200E-14
   7856.0000    2.95340E-14
   7858.0000    2.98160E-14
   7860.0000    3.00610E-14
   7862.0000    2.92590E-14
   7864.0000    2.99260E-14
   7866.0000    3.04690E-14
   7868.0000    2.94670E-14
   7870.0000    2.96560E-14
   7872.0000    2.94860E-14
   7874.0000    3.01460E-14
   7876.0000    2.88670E-14
   7878.0000    2.99440E-14
   7880.0000    2.94120E-14
   7882.0000    2.94340E-14
   7884.0000    2.98480E-14
   7886.0000    2.93160E-14
   7888.0000    2.92650E-14
   7890.0000    2.95580E-14
   7892.0000    2.91420E-14
   7894.0000    2.92990E-14
   7896.0000    2.90160E-14
   7898.0000    2.94300E-14
   7900.0000    2.85280E-14
   7902.0000    2.85520E-14
   7904.0000    2.88120E-14
   7906.0000    2.86280E-14
   7908.0000    2.84260E-14
   7910.0000    2.86330E-14
   7912.0000    2.94900E-14
   7914.0000    2.80670E-14
   7916.0000    2.93000E-14
   7918.0000    2.88270E-14
   7920.0000    2.88190E-14
   7922.0000    2.83210E-14
   7924.0000    2.92480E-14
   7926.0000    2.91690E-14
   7928.0000    2.91500E-14
   7930.0000    2.95310E-14
   7932.0000    2.87550E-14
   7934.0000    2.89090E-14
   7936.0000    2.92150E-14
   7938.0000    2.87940E-14
   7940.0000    2.93520E-14
   7942.0000    2.84870E-14
   7944.0000    2.84250E-14
   7946.0000    2.90210E-14
   7948.0000    2.81120E-14
   7950.0000    2.91930E-14
   7952.0000    2.91670E-14
   7954.0000    2.93250E-14
   7956.0000    2.92220E-14
   7958.0000    2.84400E-14
   7960.0000    2.93020E-14
   7962.0000    2.80520E-14
   7964.0000    2.92890E-14
   7966.0000    2.80970E-14
   7968.0000    2.87300E-14
   7970.0000    2.87350E-14
   7972.0000    2.91990E-14
   7974.0000    2.85960E-14
   7976.0000    2.85850E-14
   7978.0000    2.93920E-14
   7980.0000    2.89080E-14
   7982.0000    2.95950E-14
   7984.0000    2.90690E-14
   7986.0000    2.92890E-14
   7988.0000    2.95050E-14
   7990.0000    2.91700E-14
   7992.0000    2.98230E-14
   7994.0000    2.98650E-14
   7996.0000    2.97630E-14
   7998.0000    2.94890E-14
   8000.0000    2.89430E-14
   8002.0000    2.98710E-14
   8004.0000    3.01060E-14
   8006.0000    2.95210E-14
   8008.0000    2.99520E-14
   8010.0000    2.96620E-14
   8012.0000    3.03660E-14
   8014.0000    2.96530E-14
   8016.0000    3.02580E-14
   8018.0000    2.97990E-14
   8020.0000    2.98690E-14
   8022.0000    3.00780E-14
   8024.0000    2.94480E-14
   8026.0000    3.00080E-14
   8028.0000    3.02840E-14
   8030.0000    3.01230E-14
   8032.0000    2.96420E-14
   8034.0000    2.95940E-14
   8036.0000    3.04080E-14
   8038.0000    3.02100E-14
   8040.0000    2.95540E-14
   8042.0000    2.96130E-14
   8044.0000    3.06210E-14
   8046.0000    3.08020E-14
   8048.0000    3.04610E-14
   8050.0000    2.99520E-14
   8052.0000    3.01400E-14
   8054.0000    3.00720E-14
   8056.0000    3.01180E-14
   8058.0000    2.96260E-14
   8060.0000    3.03300E-14
   8062.0000    3.02890E-14
   8064.0000    2.91260E-14
   8066.0000    3.00700E-14
   8068.0000    2.93880E-14
   8070.0000    3.03890E-14
   8072.0000    2.98800E-14
   8074.0000    3.01310E-14
   8076.0000    2.90640E-14
   8078.0000    3.02610E-14
   8080.0000    2.98890E-14
   8082.0000    2.99970E-14
   8084.0000    2.98670E-14
   8086.0000    3.01040E-14
   8088.0000    2.97740E-14
   8090.0000    2.93370E-14
   8092.0000    2.90700E-14
   8094.0000    2.96520E-14
   8096.0000    2.94580E-14
   8098.0000    2.97270E-14
   8100.0000    2.99860E-14
   8102.0000    3.01840E-14
   8104.0000    3.01560E-14
   8106.0000    3.02290E-14
   8108.0000    2.97620E-14
   8110.0000    3.01730E-14
   8112.0000    2.96460E-14
   8114.0000    3.01020E-14
   8116.0000    2.97890E-14
   8118.0000    3.00130E-14
   8120.0000    3.05770E-14
   8122.0000    2.95470E-14
   8124.0000    2.99280E-14
   8126.0000    3.00040E-14
   8128.0000    3.00690E-14
   8130.0000    3.20150E-14
   8132.0000    3.04000E-14
   8134.0000    3.08430E-14
   8136.0000    3.04780E-14
   8138.0000    3.00390E-14
   8140.0000    2.97780E-14
   8142.0000    3.01270E-14
   8144.0000    3.05820E-14
   8146.0000    3.06390E-14
   8148.0000    3.02630E-14
   8150.0000    2.99510E-14
   8152.0000    2.96500E-14
   8154.0000    2.99090E-14
   8156.0000    3.01920E-14
   8158.0000    3.04500E-14
   8160.0000    3.03420E-14
   8162.0000    2.95980E-14
   8164.0000    2.94180E-14
   8166.0000    2.96680E-14
   8168.0000    2.96640E-14
   8170.0000    2.99110E-14
   8172.0000    2.87820E-14
   8174.0000    2.95480E-14
   8176.0000    2.93060E-14
   8178.0000    2.94720E-14
   8180.0000    2.92990E-14
   8182.0000    2.89100E-14
   8184.0000    2.94310E-14
   8186.0000    2.92710E-14
   8188.0000    2.95950E-14
   8190.0000    2.90540E-14
   8192.0000    2.96030E-14
   8194.0000    2.91570E-14
   8196.0000    2.95350E-14
   8198.0000    2.95230E-14
   8200.0000    2.92890E-14
