   4300.0000    4.28820E-14
   4301.2500    4.39350E-14
   4302.5000    4.31980E-14
   4303.7500    4.34980E-14
   4305.0000    4.33560E-14
   4306.2500    4.32920E-14
   4307.5000    4.42850E-14
   4308.7500    4.34580E-14
   4310.0000    4.32780E-14
   4311.2500    4.56130E-14
   4312.5000    4.35300E-14
   4313.7500    4.48070E-14
   4315.0000    4.57690E-14
   4316.2500    4.55600E-14
   4317.5000    4.67100E-14
   4318.7500    4.59570E-14
   4320.0000    4.45620E-14
   4321.2500    4.45260E-14
   4322.5000    4.37480E-14
   4323.7500    4.44630E-14
   4325.0000    4.44760E-14
   4326.2500    4.34370E-14
   4327.5000    4.33660E-14
   4328.7500    4.24590E-14
   4330.0000    4.15690E-14
   4331.2500    4.15870E-14
   4332.5000    3.97850E-14
   4333.7500    3.81520E-14
   4335.0000    3.46900E-14
   4336.2500    3.32000E-14
   4337.5000    3.04850E-14
   4338.7500    3.01470E-14
   4340.0000    3.08110E-14
   4341.2500    3.16650E-14
   4342.5000    3.40110E-14
   4343.7500    3.64330E-14
   4345.0000    3.74090E-14
   4346.2500    3.93650E-14
   4347.5000    4.03320E-14
   4348.7500    4.19540E-14
   4350.0000    4.25030E-14
   4351.2500    4.24220E-14
   4352.5000    4.29390E-14
   4353.7500    4.31850E-14
   4355.0000    4.36120E-14
   4356.2500    4.45880E-14
   4357.5000    4.53640E-14
   4358.7500    4.53530E-14
   4360.0000    4.65530E-14
   4361.2500    4.70390E-14
   4362.5000    4.60540E-14
   4363.7500    4.55840E-14
   4365.0000    4.56540E-14
   4366.2500    4.54750E-14
   4367.5000    4.57340E-14
   4368.7500    4.47700E-14
   4370.0000    4.47300E-14
   4371.2500    4.58750E-14
   4372.5000    4.40460E-14
   4373.7500    4.45990E-14
   4375.0000    4.50380E-14
   4376.2500    4.37290E-14
   4377.5000    4.49170E-14
   4378.7500    4.36890E-14
   4380.0000    4.21910E-14
   4381.2500    4.23010E-14
   4382.5000    4.23350E-14
   4383.7500    4.19510E-14
   4385.0000    4.17380E-14
   4386.2500    4.33360E-14
   4387.5000    4.32340E-14
   4388.7500    4.30190E-14
   4390.0000    4.48880E-14
   4391.2500    4.48060E-14
   4392.5000    4.39310E-14
   4393.7500    4.48480E-14
   4395.0000    4.36400E-14
   4396.2500    4.49990E-14
   4397.5000    4.31690E-14
   4398.7500    4.36000E-14
   4400.0000    4.50480E-14
   4401.2500    4.30420E-14
   4402.5000    4.35250E-14
   4403.7500    4.22980E-14
   4405.0000    4.35490E-14
   4406.2500    4.41030E-14
   4407.5000    4.47470E-14
   4408.7500    4.44930E-14
   4410.0000    4.45760E-14
   4411.2500    4.40680E-14
   4412.5000    4.39840E-14
   4413.7500    4.42340E-14
   4415.0000    4.44020E-14
   4416.2500    4.30130E-14
   4417.5000    4.30780E-14
   4418.7500    4.43850E-14
   4420.0000    4.53420E-14
   4421.2500    4.47860E-14
   4422.5000    4.48800E-14
   4423.7500    4.51710E-14
   4425.0000    4.34930E-14
   4426.2500    4.49410E-14
   4427.5000    4.49950E-14
   4428.7500    4.41010E-14
   4430.0000    4.38560E-14
   4431.2500    4.45180E-14
   4432.5000    4.33730E-14
   4433.7500    4.41210E-14
   4435.0000    4.42290E-14
   4436.2500    4.41370E-14
   4437.5000    4.53360E-14
   4438.7500    4.47740E-14
   4440.0000    4.44720E-14
   4441.2500    4.37840E-14
   4442.5000    4.46440E-14
   4443.7500    4.62170E-14
   4445.0000    4.47720E-14
   4446.2500    4.43820E-14
   4447.5000    4.46580E-14
   4448.7500    4.41670E-14
   4450.0000    4.54890E-14
   4451.2500    4.38470E-14
   4452.5000    4.59660E-14
   4453.7500    4.50420E-14
   4455.0000    4.46060E-14
   4456.2500    4.38110E-14
   4457.5000    4.46100E-14
   4458.7500    4.45290E-14
   4460.0000    4.40970E-14
   4461.2500    4.39290E-14
   4462.5000    4.52300E-14
   4463.7500    4.47950E-14
   4465.0000    4.37320E-14
   4466.2500    4.27640E-14
   4467.5000    4.31110E-14
   4468.7500    4.28680E-14
   4470.0000    4.38310E-14
   4471.2500    4.35940E-14
   4472.5000    4.31870E-14
   4473.7500    4.43520E-14
   4475.0000    4.38530E-14
   4476.2500    4.51960E-14
   4477.5000    4.50460E-14
   4478.7500    4.36900E-14
   4480.0000    4.39790E-14
   4481.2500    4.34260E-14
   4482.5000    4.48900E-14
   4483.7500    4.30470E-14
   4485.0000    4.56110E-14
   4486.2500    4.37060E-14
   4487.5000    4.44130E-14
   4488.7500    4.42010E-14
   4490.0000    4.43000E-14
   4491.2500    4.43300E-14
   4492.5000    4.33760E-14
   4493.7500    4.45540E-14
   4495.0000    4.39540E-14
   4496.2500    4.36060E-14
   4497.5000    4.53310E-14
   4498.7500    4.42960E-14
   4500.0000    4.37740E-14
   4501.2500    4.32020E-14
   4502.5000    4.53580E-14
   4503.7500    4.53600E-14
   4505.0000    4.50720E-14
   4506.2500    4.43900E-14
   4507.5000    4.51380E-14
   4508.7500    4.36230E-14
   4510.0000    4.32950E-14
   4511.2500    4.38280E-14
   4512.5000    4.38800E-14
   4513.7500    4.29440E-14
   4515.0000    4.39680E-14
   4516.2500    4.41050E-14
   4517.5000    4.46820E-14
   4518.7500    4.34450E-14
   4520.0000    4.52400E-14
   4521.2500    4.38190E-14
   4522.5000    4.28530E-14
   4523.7500    4.38410E-14
   4525.0000    4.32600E-14
   4526.2500    4.27550E-14
   4527.5000    4.20790E-14
   4528.7500    4.39330E-14
   4530.0000    4.17120E-14
   4531.2500    4.19910E-14
   4532.5000    4.23860E-14
   4533.7500    4.27840E-14
   4535.0000    4.20150E-14
   4536.2500    4.21400E-14
   4537.5000    4.30360E-14
   4538.7500    4.45250E-14
   4540.0000    4.29950E-14
   4541.2500    4.30530E-14
   4542.5000    4.32320E-14
   4543.7500    4.27710E-14
   4545.0000    4.26840E-14
   4546.2500    4.18240E-14
   4547.5000    4.34740E-14
   4548.7500    4.35540E-14
   4550.0000    4.28950E-14
   4551.2500    4.21720E-14
   4552.5000    4.26770E-14
   4553.7500    4.14270E-14
   4555.0000    4.27130E-14
   4556.2500    4.11510E-14
   4557.5000    4.28580E-14
   4558.7500    4.50560E-14
   4560.0000    4.30230E-14
   4561.2500    4.32610E-14
   4562.5000    4.36160E-14
   4563.7500    4.33560E-14
   4565.0000    4.23600E-14
   4566.2500    4.40180E-14
   4567.5000    4.39230E-14
   4568.7500    4.32180E-14
   4570.0000    4.31550E-14
   4571.2500    4.37620E-14
   4572.5000    4.27930E-14
   4573.7500    4.27540E-14
   4575.0000    4.23650E-14
   4576.2500    4.26590E-14
   4577.5000    4.25830E-14
   4578.7500    4.35410E-14
   4580.0000    4.09980E-14
   4581.2500    4.17660E-14
   4582.5000    4.31140E-14
   4583.7500    4.19050E-14
   4585.0000    4.17180E-14
   4586.2500    4.23270E-14
   4587.5000    4.29840E-14
   4588.7500    4.31410E-14
   4590.0000    4.23910E-14
   4591.2500    4.26780E-14
   4592.5000    4.23910E-14
   4593.7500    4.23710E-14
   4595.0000    4.28170E-14
   4596.2500    4.29730E-14
   4597.5000    4.22830E-14
   4598.7500    4.09480E-14
   4600.0000    4.26600E-14
   4601.2500    4.41300E-14
   4602.5000    4.31060E-14
   4603.7500    4.13470E-14
   4605.0000    4.25640E-14
   4606.2500    4.31090E-14
   4607.5000    4.22760E-14
   4608.7500    4.40430E-14
   4610.0000    4.25640E-14
   4611.2500    4.19310E-14
   4612.5000    4.18650E-14
   4613.7500    4.32920E-14
   4615.0000    4.31280E-14
   4616.2500    4.29620E-14
   4617.5000    4.16750E-14
   4618.7500    4.12960E-14
   4620.0000    4.19910E-14
   4621.2500    4.22780E-14
   4622.5000    4.31710E-14
   4623.7500    4.36410E-14
   4625.0000    4.20660E-14
   4626.2500    4.28810E-14
   4627.5000    4.20380E-14
   4628.7500    4.19890E-14
   4630.0000    4.32880E-14
   4631.2500    4.18710E-14
   4632.5000    4.25520E-14
   4633.7500    4.19150E-14
   4635.0000    4.20460E-14
   4636.2500    4.36210E-14
   4637.5000    4.25270E-14
   4638.7500    4.26760E-14
   4640.0000    4.12420E-14
   4641.2500    4.21450E-14
   4642.5000    4.24420E-14
   4643.7500    4.25700E-14
   4645.0000    4.20980E-14
   4646.2500    4.27280E-14
   4647.5000    4.10530E-14
   4648.7500    4.16830E-14
   4650.0000    4.13910E-14
   4651.2500    4.22740E-14
   4652.5000    4.27840E-14
   4653.7500    4.13470E-14
   4655.0000    4.18390E-14
   4656.2500    4.28390E-14
   4657.5000    4.09460E-14
   4658.7500    4.19260E-14
   4660.0000    4.24900E-14
   4661.2500    4.23010E-14
   4662.5000    4.10900E-14
   4663.7500    4.14060E-14
   4665.0000    4.07150E-14
   4666.2500    4.08160E-14
   4667.5000    4.13880E-14
   4668.7500    4.12330E-14
   4670.0000    4.25510E-14
   4671.2500    4.20730E-14
   4672.5000    4.18280E-14
   4673.7500    4.16780E-14
   4675.0000    4.12010E-14
   4676.2500    4.01720E-14
   4677.5000    4.17900E-14
   4678.7500    4.12690E-14
   4680.0000    4.13970E-14
   4681.2500    4.21820E-14
   4682.5000    4.14450E-14
   4683.7500    4.02910E-14
   4685.0000    4.08390E-14
   4686.2500    4.11690E-14
   4687.5000    4.11610E-14
   4688.7500    4.24120E-14
   4690.0000    4.10430E-14
   4691.2500    4.14470E-14
   4692.5000    4.05710E-14
   4693.7500    4.15440E-14
   4695.0000    4.12920E-14
   4696.2500    4.12120E-14
   4697.5000    4.04350E-14
   4698.7500    4.10040E-14
   4700.0000    4.02360E-14
   4701.2500    4.01160E-14
   4702.5000    4.09320E-14
   4703.7500    3.99300E-14
   4705.0000    4.04710E-14
   4706.2500    4.03810E-14
   4707.5000    3.93080E-14
   4708.7500    4.03600E-14
   4710.0000    3.93390E-14
   4711.2500    4.07620E-14
   4712.5000    3.96450E-14
   4713.7500    4.06310E-14
   4715.0000    4.02700E-14
   4716.2500    4.07440E-14
   4717.5000    4.05540E-14
   4718.7500    4.08690E-14
   4720.0000    4.06620E-14
   4721.2500    3.97010E-14
   4722.5000    4.11200E-14
   4723.7500    4.15610E-14
   4725.0000    4.01670E-14
   4726.2500    3.98000E-14
   4727.5000    3.97870E-14
   4728.7500    3.94400E-14
   4730.0000    4.04360E-14
   4731.2500    4.03040E-14
   4732.5000    3.91420E-14
   4733.7500    4.01000E-14
   4735.0000    4.13520E-14
   4736.2500    4.05200E-14
   4737.5000    4.04110E-14
   4738.7500    4.10250E-14
   4740.0000    3.94780E-14
   4741.2500    4.19620E-14
   4742.5000    4.13890E-14
   4743.7500    4.07720E-14
   4745.0000    3.94550E-14
   4746.2500    4.12260E-14
   4747.5000    4.05300E-14
   4748.7500    4.07100E-14
   4750.0000    3.93790E-14
   4751.2500    4.02570E-14
   4752.5000    4.04180E-14
   4753.7500    4.09040E-14
   4755.0000    4.12550E-14
   4756.2500    4.11070E-14
   4757.5000    4.07470E-14
   4758.7500    4.01660E-14
   4760.0000    4.07930E-14
   4761.2500    4.08390E-14
   4762.5000    3.83880E-14
   4763.7500    3.87290E-14
   4765.0000    3.84560E-14
   4766.2500    3.99660E-14
   4767.5000    3.92090E-14
   4768.7500    3.96780E-14
   4770.0000    4.16010E-14
   4771.2500    4.08660E-14
   4772.5000    4.14520E-14
   4773.7500    4.01140E-14
   4775.0000    4.16530E-14
   4776.2500    3.97650E-14
   4777.5000    4.05460E-14
   4778.7500    4.03540E-14
   4780.0000    4.09620E-14
   4781.2500    4.01190E-14
   4782.5000    4.01360E-14
   4783.7500    4.15120E-14
   4785.0000    4.11270E-14
   4786.2500    3.95520E-14
   4787.5000    4.06020E-14
   4788.7500    4.07000E-14
   4790.0000    4.03350E-14
   4791.2500    3.99190E-14
   4792.5000    4.12740E-14
   4793.7500    4.03010E-14
   4795.0000    4.16630E-14
   4796.2500    4.04070E-14
   4797.5000    4.19540E-14
   4798.7500    3.95870E-14
   4800.0000    4.07550E-14
   4801.2500    4.11980E-14
   4802.5000    4.06920E-14
   4803.7500    4.00980E-14
   4805.0000    4.09840E-14
   4806.2500    4.02470E-14
   4807.5000    4.11400E-14
   4808.7500    4.07010E-14
   4810.0000    3.96690E-14
   4811.2500    4.13600E-14
   4812.5000    4.01170E-14
   4813.7500    3.91910E-14
   4815.0000    4.03770E-14
   4816.2500    3.97180E-14
   4817.5000    3.92850E-14
   4818.7500    3.95150E-14
   4820.0000    4.06200E-14
   4821.2500    4.10160E-14
   4822.5000    3.96300E-14
   4823.7500    4.09400E-14
   4825.0000    3.98030E-14
   4826.2500    4.03040E-14
   4827.5000    3.94300E-14
   4828.7500    3.99700E-14
   4830.0000    4.01510E-14
   4831.2500    4.06650E-14
   4832.5000    3.95220E-14
   4833.7500    3.97150E-14
   4835.0000    4.03170E-14
   4836.2500    3.88160E-14
   4837.5000    3.94890E-14
   4838.7500    3.89980E-14
   4840.0000    3.86950E-14
   4841.2500    3.89270E-14
   4842.5000    3.85880E-14
   4843.7500    3.78290E-14
   4845.0000    3.79090E-14
   4846.2500    3.84120E-14
   4847.5000    3.62820E-14
   4848.7500    3.68070E-14
   4850.0000    3.59310E-14
   4851.2500    3.62520E-14
   4852.5000    3.38280E-14
   4853.7500    3.43700E-14
   4855.0000    3.12260E-14
   4856.2500    3.12500E-14
   4857.5000    2.85330E-14
   4858.7500    2.86280E-14
   4860.0000    2.70500E-14
   4861.2500    2.61230E-14
   4862.5000    2.82800E-14
   4863.7500    2.99220E-14
   4865.0000    3.06240E-14
   4866.2500    3.13680E-14
   4867.5000    3.21030E-14
   4868.7500    3.54260E-14
   4870.0000    3.43910E-14
   4871.2500    3.66180E-14
   4872.5000    3.52370E-14
   4873.7500    3.60890E-14
   4875.0000    3.68310E-14
   4876.2500    3.69040E-14
   4877.5000    3.86070E-14
   4878.7500    3.85920E-14
   4880.0000    3.85890E-14
   4881.2500    3.86950E-14
   4882.5000    3.82870E-14
   4883.7500    3.87480E-14
   4885.0000    3.79110E-14
   4886.2500    3.81830E-14
   4887.5000    3.73770E-14
   4888.7500    3.84510E-14
   4890.0000    3.82830E-14
   4891.2500    3.88530E-14
   4892.5000    3.98540E-14
   4893.7500    3.94060E-14
   4895.0000    3.87500E-14
   4896.2500    3.85130E-14
   4897.5000    3.99160E-14
   4898.7500    3.88840E-14
   4900.0000    3.84430E-14
   4901.2500    3.94690E-14
   4902.5000    3.83330E-14
   4903.7500    3.94230E-14
   4905.0000    4.00020E-14
   4906.2500    3.90700E-14
   4907.5000    3.98550E-14
   4908.7500    3.76020E-14
   4910.0000    3.91930E-14
   4911.2500    3.77400E-14
   4912.5000    3.71520E-14
   4913.7500    3.88630E-14
   4915.0000    3.80200E-14
   4916.2500    3.75050E-14
   4917.5000    3.64520E-14
   4918.7500    3.67320E-14
   4920.0000    3.65320E-14
   4921.2500    3.63040E-14
   4922.5000    3.62320E-14
   4923.7500    3.63290E-14
   4925.0000    3.70580E-14
   4926.2500    3.76640E-14
   4927.5000    3.79830E-14
   4928.7500    3.85980E-14
   4930.0000    3.84810E-14
   4931.2500    3.79090E-14
   4932.5000    3.85090E-14
   4933.7500    3.82760E-14
   4935.0000    3.68720E-14
   4936.2500    3.84730E-14
   4937.5000    3.63540E-14
   4938.7500    3.74680E-14
   4940.0000    3.88720E-14
   4941.2500    3.86260E-14
   4942.5000    3.93190E-14
   4943.7500    3.76320E-14
   4945.0000    3.95930E-14
   4946.2500    3.91480E-14
   4947.5000    3.97890E-14
   4948.7500    3.94650E-14
   4950.0000    3.96130E-14
   4951.2500    3.88430E-14
   4952.5000    3.78880E-14
   4953.7500    3.88470E-14
   4955.0000    3.75560E-14
   4956.2500    3.74960E-14
   4957.5000    3.78410E-14
   4958.7500    3.74370E-14
   4960.0000    3.67400E-14
   4961.2500    3.72410E-14
   4962.5000    3.79290E-14
   4963.7500    3.82510E-14
   4965.0000    3.90430E-14
   4966.2500    3.69340E-14
   4967.5000    3.87050E-14
   4968.7500    3.74200E-14
   4970.0000    3.68860E-14
   4971.2500    3.84420E-14
   4972.5000    3.84490E-14
   4973.7500    3.94040E-14
   4975.0000    3.82270E-14
   4976.2500    3.80740E-14
   4977.5000    3.77100E-14
   4978.7500    3.65370E-14
   4980.0000    3.67880E-14
   4981.2500    3.72620E-14
   4982.5000    3.52930E-14
   4983.7500    3.61280E-14
   4985.0000    3.75180E-14
   4986.2500    3.77550E-14
   4987.5000    3.71800E-14
   4988.7500    3.73610E-14
   4990.0000    3.73770E-14
   4991.2500    3.74950E-14
   4992.5000    3.85470E-14
   4993.7500    3.73990E-14
   4995.0000    3.65840E-14
   4996.2500    3.66630E-14
   4997.5000    3.70130E-14
   4998.7500    3.56690E-14
   5000.0000    3.67810E-14
   5001.2500    3.62220E-14
   5002.5000    3.53560E-14
   5003.7500    3.55370E-14
   5005.0000    3.60640E-14
   5006.2500    3.53250E-14
   5007.5000    3.51600E-14
   5008.7500    3.53030E-14
   5010.0000    3.55790E-14
   5011.2500    3.52030E-14
   5012.5000    3.47000E-14
   5013.7500    3.44670E-14
   5015.0000    3.52940E-14
   5016.2500    3.48620E-14
   5017.5000    3.53720E-14
   5018.7500    3.64820E-14
   5020.0000    3.62860E-14
   5021.2500    3.56260E-14
   5022.5000    3.64030E-14
   5023.7500    3.71080E-14
   5025.0000    3.61980E-14
   5026.2500    3.76730E-14
   5027.5000    3.55810E-14
   5028.7500    3.58580E-14
   5030.0000    3.65580E-14
   5031.2500    3.62330E-14
   5032.5000    3.58930E-14
   5033.7500    3.68890E-14
   5035.0000    3.63330E-14
   5036.2500    3.60880E-14
   5037.5000    3.65200E-14
   5038.7500    3.62880E-14
   5040.0000    3.54430E-14
   5041.2500    3.45110E-14
   5042.5000    3.52540E-14
   5043.7500    3.54330E-14
   5045.0000    3.68370E-14
   5046.2500    3.68550E-14
   5047.5000    3.56000E-14
   5048.7500    3.62800E-14
   5050.0000    3.53750E-14
   5051.2500    3.74160E-14
   5052.5000    3.54930E-14
   5053.7500    3.57690E-14
   5055.0000    3.64310E-14
   5056.2500    3.63450E-14
   5057.5000    3.68920E-14
   5058.7500    3.66050E-14
   5060.0000    3.83140E-14
   5061.2500    3.72060E-14
   5062.5000    3.63620E-14
   5063.7500    3.66530E-14
   5065.0000    3.62830E-14
   5066.2500    3.62490E-14
   5067.5000    3.56070E-14
   5068.7500    3.58900E-14
   5070.0000    3.62860E-14
   5071.2500    3.75570E-14
   5072.5000    3.72490E-14
   5073.7500    3.74270E-14
   5075.0000    3.57750E-14
   5076.2500    3.52090E-14
   5077.5000    3.49040E-14
   5078.7500    3.61880E-14
   5080.0000    3.63090E-14
   5081.2500    3.62740E-14
   5082.5000    3.53300E-14
   5083.7500    3.48790E-14
   5085.0000    3.66960E-14
   5086.2500    3.58480E-14
   5087.5000    3.60010E-14
   5088.7500    3.54190E-14
   5090.0000    3.65590E-14
   5091.2500    3.63630E-14
   5092.5000    3.72950E-14
   5093.7500    3.62730E-14
   5095.0000    3.62720E-14
   5096.2500    3.60310E-14
   5097.5000    3.49100E-14
   5098.7500    3.45950E-14
   5100.0000    3.58170E-14
   5101.2500    3.60260E-14
   5102.5000    3.64700E-14
   5103.7500    3.57130E-14
   5105.0000    3.54530E-14
   5106.2500    3.55590E-14
   5107.5000    3.53630E-14
   5108.7500    3.53330E-14
   5110.0000    3.62930E-14
   5111.2500    3.62290E-14
   5112.5000    3.57880E-14
   5113.7500    3.57010E-14
   5115.0000    3.62010E-14
   5116.2500    3.69760E-14
   5117.5000    3.70540E-14
   5118.7500    3.74600E-14
   5120.0000    3.57980E-14
   5121.2500    3.55570E-14
   5122.5000    3.59670E-14
   5123.7500    3.62320E-14
   5125.0000    3.51200E-14
   5126.2500    3.43800E-14
   5127.5000    3.53550E-14
   5128.7500    3.59620E-14
   5130.0000    3.59570E-14
   5131.2500    3.49640E-14
   5132.5000    3.44650E-14
   5133.7500    3.49830E-14
   5135.0000    3.56450E-14
   5136.2500    3.48230E-14
   5137.5000    3.63530E-14
   5138.7500    3.44610E-14
   5140.0000    3.60290E-14
   5141.2500    3.48780E-14
   5142.5000    3.47350E-14
   5143.7500    3.43190E-14
   5145.0000    3.43970E-14
   5146.2500    3.45900E-14
   5147.5000    3.44860E-14
   5148.7500    3.32710E-14
   5150.0000    3.40980E-14
   5151.2500    3.41010E-14
   5152.5000    3.36980E-14
   5153.7500    3.44050E-14
   5155.0000    3.53170E-14
   5156.2500    3.48840E-14
   5157.5000    3.49310E-14
   5158.7500    3.54010E-14
   5160.0000    3.55410E-14
   5161.2500    3.47040E-14
   5162.5000    3.44900E-14
   5163.7500    3.52750E-14
   5165.0000    3.34780E-14
   5166.2500    3.33840E-14
   5167.5000    3.13520E-14
   5168.7500    3.24780E-14
   5170.0000    3.15600E-14
   5171.2500    3.17140E-14
   5172.5000    3.30350E-14
   5173.7500    3.31510E-14
   5175.0000    3.28950E-14
   5176.2500    3.24190E-14
   5177.5000    3.35430E-14
   5178.7500    3.38710E-14
   5180.0000    3.33480E-14
   5181.2500    3.24080E-14
   5182.5000    3.18240E-14
   5183.7500    3.20560E-14
   5185.0000    3.25220E-14
   5186.2500    3.41500E-14
   5187.5000    3.24280E-14
   5188.7500    3.38340E-14
   5190.0000    3.46270E-14
   5191.2500    3.25890E-14
   5192.5000    3.29240E-14
   5193.7500    3.44030E-14
   5195.0000    3.42140E-14
   5196.2500    3.50710E-14
   5197.5000    3.48800E-14
   5198.7500    3.36020E-14
   5200.0000    3.26410E-14
   5201.2500    3.30770E-14
   5202.5000    3.29420E-14
   5203.7500    3.29880E-14
   5205.0000    3.29580E-14
   5206.2500    3.33930E-14
   5207.5000    3.42230E-14
   5208.7500    3.29310E-14
   5210.0000    3.28150E-14
   5211.2500    3.31400E-14
   5212.5000    3.37540E-14
   5213.7500    3.42490E-14
   5215.0000    3.42850E-14
   5216.2500    3.49750E-14
   5217.5000    3.48390E-14
   5218.7500    3.23120E-14
   5220.0000    3.25930E-14
   5221.2500    3.53710E-14
   5222.5000    3.36960E-14
   5223.7500    3.47940E-14
   5225.0000    3.24570E-14
   5226.2500    3.38100E-14
   5227.5000    3.37630E-14
   5228.7500    3.21770E-14
   5230.0000    3.33780E-14
   5231.2500    3.33430E-14
   5232.5000    3.41150E-14
   5233.7500    3.39290E-14
   5235.0000    3.25100E-14
   5236.2500    3.45360E-14
   5237.5000    3.28540E-14
   5238.7500    3.60360E-14
   5240.0000    3.53210E-14
   5241.2500    3.46660E-14
   5242.5000    3.41260E-14
   5243.7500    3.37170E-14
   5245.0000    3.48910E-14
   5246.2500    3.37420E-14
   5247.5000    3.45000E-14
   5248.7500    3.43160E-14
   5250.0000    3.33590E-14
   5251.2500    3.28390E-14
   5252.5000    3.68480E-14
   5253.7500    3.33570E-14
   5255.0000    3.28430E-14
   5256.2500    3.62690E-14
   5257.5000    3.49430E-14
   5258.7500    3.52790E-14
   5260.0000    3.33280E-14
   5261.2500    3.21460E-14
   5262.5000    3.16490E-14
   5263.7500    3.36600E-14
   5265.0000    3.22240E-14
   5266.2500    3.37450E-14
   5267.5000    3.18790E-14
   5268.7500    3.36320E-14
   5270.0000    3.25780E-14
   5271.2500    3.30060E-14
   5272.5000    3.24060E-14
   5273.7500    3.34760E-14
   5275.0000    3.24270E-14
   5276.2500    3.34550E-14
   5277.5000    3.42170E-14
   5278.7500    3.30680E-14
   5280.0000    3.42700E-14
   5281.2500    3.48450E-14
   5282.5000    3.30970E-14
   5283.7500    3.44960E-14
   5285.0000    3.45800E-14
   5286.2500    3.43600E-14
   5287.5000    3.47090E-14
   5288.7500    3.66840E-14
   5290.0000    3.45130E-14
   5291.2500    3.50220E-14
   5292.5000    3.40900E-14
   5293.7500    3.35350E-14
   5295.0000    3.51970E-14
   5296.2500    3.38480E-14
   5297.5000    3.39170E-14
   5298.7500    3.39550E-14
   5300.0000    3.34550E-14
   5301.2500    3.33940E-14
   5302.5000    3.40070E-14
   5303.7500    3.40930E-14
   5305.0000    3.50760E-14
   5306.2500    3.52570E-14
   5307.5000    3.48240E-14
   5308.7500    3.41000E-14
   5310.0000    3.45570E-14
   5311.2500    3.46330E-14
   5312.5000    3.42560E-14
   5313.7500    3.27000E-14
   5315.0000    3.44100E-14
   5316.2500    3.35680E-14
   5317.5000    3.40920E-14
   5318.7500    3.38650E-14
   5320.0000    3.40730E-14
   5321.2500    3.49100E-14
   5322.5000    3.35320E-14
   5323.7500    3.30080E-14
   5325.0000    3.27710E-14
   5326.2500    3.27810E-14
   5327.5000    3.22570E-14
   5328.7500    3.28130E-14
   5330.0000    3.19870E-14
   5331.2500    3.37120E-14
   5332.5000    3.33200E-14
   5333.7500    3.32640E-14
   5335.0000    3.45600E-14
   5336.2500    3.30560E-14
   5337.5000    3.29180E-14
   5338.7500    3.22760E-14
   5340.0000    3.22470E-14
   5341.2500    3.33450E-14
   5342.5000    3.36360E-14
   5343.7500    3.34420E-14
   5345.0000    3.35710E-14
   5346.2500    3.39280E-14
   5347.5000    3.43530E-14
   5348.7500    3.39270E-14
   5350.0000    3.32950E-14
   5351.2500    3.45290E-14
   5352.5000    3.48130E-14
   5353.7500    3.29200E-14
   5355.0000    3.32180E-14
   5356.2500    3.54100E-14
   5357.5000    3.42520E-14
   5358.7500    3.30040E-14
   5360.0000    3.39960E-14
   5361.2500    3.46030E-14
   5362.5000    3.41250E-14
   5363.7500    3.22100E-14
   5365.0000    3.27500E-14
   5366.2500    3.25430E-14
   5367.5000    3.34790E-14
   5368.7500    3.40010E-14
   5370.0000    3.31950E-14
   5371.2500    3.39840E-14
   5372.5000    3.31560E-14
   5373.7500    3.38840E-14
   5375.0000    3.17240E-14
   5376.2500    3.44080E-14
   5377.5000    3.28110E-14
   5378.7500    3.38310E-14
   5380.0000    3.34650E-14
   5381.2500    3.45830E-14
   5382.5000    3.28470E-14
   5383.7500    3.35170E-14
   5385.0000    3.39910E-14
   5386.2500    3.35460E-14
   5387.5000    3.18180E-14
   5388.7500    3.40560E-14
   5390.0000    3.41610E-14
   5391.2500    3.35750E-14
   5392.5000    3.34910E-14
   5393.7500    3.14200E-14
   5395.0000    3.13070E-14
   5396.2500    3.37140E-14
   5397.5000    3.21940E-14
   5398.7500    3.27420E-14
   5400.0000    3.32210E-14
   5401.2500    3.14080E-14
   5402.5000    3.27960E-14
   5403.7500    3.18720E-14
   5405.0000    3.21070E-14
   5406.2500    3.21110E-14
   5407.5000    3.37220E-14
   5408.7500    3.18200E-14
   5410.0000    3.30240E-14
   5411.2500    3.10830E-14
   5412.5000    3.32170E-14
   5413.7500    3.24370E-14
   5415.0000    3.28750E-14
   5416.2500    3.26080E-14
   5417.5000    3.23440E-14
   5418.7500    3.22410E-14
   5420.0000    3.20230E-14
   5421.2500    3.24320E-14
   5422.5000    3.22220E-14
   5423.7500    3.25740E-14
   5425.0000    3.20330E-14
   5426.2500    3.28400E-14
   5427.5000    3.30110E-14
   5428.7500    3.39260E-14
   5430.0000    3.34490E-14
   5431.2500    3.22870E-14
   5432.5000    3.22500E-14
   5433.7500    3.24690E-14
   5435.0000    3.21130E-14
   5436.2500    3.31130E-14
   5437.5000    3.26920E-14
   5438.7500    3.32340E-14
   5440.0000    3.32190E-14
   5441.2500    3.25190E-14
   5442.5000    3.35180E-14
   5443.7500    3.41260E-14
   5445.0000    3.13820E-14
   5446.2500    3.21940E-14
   5447.5000    3.24230E-14
   5448.7500    3.19700E-14
   5450.0000    3.33380E-14
   5451.2500    3.22580E-14
   5452.5000    3.18510E-14
   5453.7500    3.26500E-14
   5455.0000    3.11740E-14
   5456.2500    3.16310E-14
   5457.5000    3.25550E-14
   5458.7500    3.24640E-14
   5460.0000    3.34270E-14
   5461.2500    3.17160E-14
   5462.5000    3.12000E-14
   5463.7500    3.31400E-14
   5465.0000    3.23530E-14
   5466.2500    3.13640E-14
   5467.5000    3.20650E-14
   5468.7500    3.27400E-14
   5470.0000    3.18280E-14
   5471.2500    3.30600E-14
   5472.5000    3.26470E-14
   5473.7500    3.20640E-14
   5475.0000    3.36000E-14
   5476.2500    3.03000E-14
   5477.5000    3.26270E-14
   5478.7500    3.19230E-14
   5480.0000    3.31630E-14
   5481.2500    3.16310E-14
   5482.5000    3.18470E-14
   5483.7500    3.31960E-14
   5485.0000    3.36880E-14
   5486.2500    3.22640E-14
   5487.5000    3.16060E-14
   5488.7500    3.24130E-14
   5490.0000    3.16230E-14
   5491.2500    3.09850E-14
   5492.5000    3.26960E-14
   5493.7500    3.09410E-14
   5495.0000    3.19660E-14
   5496.2500    3.18740E-14
   5497.5000    3.18040E-14
   5498.7500    3.24570E-14
   5500.0000    3.19790E-14
   5501.2500    3.17100E-14
   5502.5000    3.23120E-14
   5503.7500    3.11570E-14
   5505.0000    3.14010E-14
   5506.2500    3.16180E-14
   5507.5000    3.16130E-14
   5508.7500    3.33380E-14
   5510.0000    3.12540E-14
   5511.2500    3.24860E-14
   5512.5000    3.14150E-14
   5513.7500    3.10340E-14
   5515.0000    3.05530E-14
   5516.2500    3.28250E-14
   5517.5000    3.25570E-14
   5518.7500    3.22480E-14
   5520.0000    3.07180E-14
   5521.2500    3.24500E-14
   5522.5000    3.28300E-14
   5523.7500    3.23210E-14
   5525.0000    3.25440E-14
   5526.2500    3.23420E-14
   5527.5000    3.05210E-14
   5528.7500    3.10280E-14
   5530.0000    3.16380E-14
   5531.2500    3.12260E-14
   5532.5000    3.22770E-14
   5533.7500    3.17300E-14
   5535.0000    3.22550E-14
   5536.2500    3.17460E-14
   5537.5000    3.22850E-14
   5538.7500    3.07670E-14
   5540.0000    3.19870E-14
   5541.2500    3.10820E-14
   5542.5000    3.19790E-14
   5543.7500    3.29010E-14
   5545.0000    3.25370E-14
   5546.2500    3.18070E-14
   5547.5000    3.25730E-14
   5548.7500    3.17550E-14
   5550.0000    3.18690E-14
   5551.2500    3.26540E-14
   5552.5000    3.30290E-14
   5553.7500    3.19410E-14
   5555.0000    3.24770E-14
   5556.2500    3.22260E-14
   5557.5000    3.28110E-14
   5558.7500    3.16740E-14
   5560.0000    3.17720E-14
   5561.2500    3.29950E-14
   5562.5000    3.00330E-14
   5563.7500    3.12340E-14
   5565.0000    2.98780E-14
   5566.2500    3.15570E-14
   5567.5000    3.09330E-14
   5568.7500    3.20760E-14
   5570.0000    3.19550E-14
   5571.2500    3.28850E-14
   5572.5000    3.19240E-14
   5573.7500    3.05690E-14
   5575.0000    3.18870E-14
   5576.2500    3.19350E-14
   5577.5000    3.17130E-14
   5578.7500    3.08240E-14
   5580.0000    3.11860E-14
   5581.2500    3.01710E-14
   5582.5000    3.08170E-14
   5583.7500    3.10300E-14
   5585.0000    3.13230E-14
   5586.2500    3.16970E-14
   5587.5000    3.11130E-14
   5588.7500    3.16320E-14
   5590.0000    3.08940E-14
   5591.2500    3.25100E-14
   5592.5000    3.08520E-14
   5593.7500    3.21100E-14
   5595.0000    3.16320E-14
   5596.2500    3.00510E-14
   5597.5000    3.18950E-14
   5598.7500    3.17320E-14
   5600.0000    3.14990E-14
   5601.2500    3.19830E-14
   5602.5000    3.17500E-14
   5603.7500    3.24500E-14
   5605.0000    3.10140E-14
   5606.2500    3.18420E-14
   5607.5000    3.07550E-14
   5608.7500    3.18850E-14
   5610.0000    3.31790E-14
   5611.2500    3.09440E-14
   5612.5000    3.16470E-14
   5613.7500    3.21560E-14
   5615.0000    3.13720E-14
   5616.2500    3.13380E-14
   5617.5000    3.02090E-14
   5618.7500    3.09410E-14
   5620.0000    3.28640E-14
   5621.2500    3.19410E-14
   5622.5000    3.26750E-14
   5623.7500    3.15510E-14
   5625.0000    3.10810E-14
   5626.2500    3.10030E-14
   5627.5000    3.11210E-14
   5628.7500    3.22970E-14
   5630.0000    3.22440E-14
   5631.2500    3.05050E-14
   5632.5000    3.16090E-14
   5633.7500    3.14710E-14
   5635.0000    3.14980E-14
   5636.2500    3.17680E-14
   5637.5000    3.21100E-14
   5638.7500    3.03410E-14
   5640.0000    3.05520E-14
   5641.2500    3.02460E-14
   5642.5000    3.12730E-14
   5643.7500    3.06960E-14
   5645.0000    3.06980E-14
   5646.2500    3.13490E-14
   5647.5000    3.03900E-14
   5648.7500    3.20750E-14
   5650.0000    3.11700E-14
   5651.2500    3.13370E-14
   5652.5000    3.11160E-14
   5653.7500    3.15700E-14
   5655.0000    3.10940E-14
   5656.2500    3.10790E-14
   5657.5000    3.00550E-14
   5658.7500    3.22410E-14
   5660.0000    2.94980E-14
   5661.2500    3.14880E-14
   5662.5000    3.09640E-14
   5663.7500    3.16480E-14
   5665.0000    3.13310E-14
   5666.2500    3.07080E-14
   5667.5000    3.28140E-14
   5668.7500    3.06080E-14
   5670.0000    3.07540E-14
   5671.2500    3.19800E-14
   5672.5000    3.11420E-14
   5673.7500    3.09440E-14
   5675.0000    3.09980E-14
   5676.2500    3.17550E-14
   5677.5000    3.14730E-14
   5678.7500    3.03580E-14
   5680.0000    3.11480E-14
   5681.2500    3.17780E-14
   5682.5000    3.12700E-14
   5683.7500    3.06330E-14
   5685.0000    3.08210E-14
   5686.2500    3.00820E-14
   5687.5000    3.01990E-14
   5688.7500    3.04210E-14
   5690.0000    3.05470E-14
   5691.2500    3.16470E-14
   5692.5000    3.12590E-14
   5693.7500    3.22450E-14
   5695.0000    3.11620E-14
   5696.2500    3.04620E-14
   5697.5000    3.11590E-14
   5698.7500    2.97410E-14
   5700.0000    3.12580E-14
   5701.2500    3.03380E-14
   5702.5000    3.05390E-14
   5703.7500    3.13480E-14
   5705.0000    3.03720E-14
   5706.2500    3.01420E-14
   5707.5000    3.07190E-14
   5708.7500    3.03450E-14
   5710.0000    3.10190E-14
   5711.2500    3.17580E-14
   5712.5000    2.95640E-14
   5713.7500    3.11590E-14
   5715.0000    3.08210E-14
   5716.2500    3.14290E-14
   5717.5000    3.19760E-14
   5718.7500    3.10970E-14
   5720.0000    3.16260E-14
   5721.2500    3.04620E-14
   5722.5000    3.11340E-14
   5723.7500    3.20940E-14
   5725.0000    3.14420E-14
   5726.2500    3.12070E-14
   5727.5000    3.13220E-14
   5728.7500    3.18530E-14
   5730.0000    2.90090E-14
   5731.2500    3.24620E-14
   5732.5000    3.04100E-14
   5733.7500    3.17860E-14
   5735.0000    3.15840E-14
   5736.2500    3.22550E-14
   5737.5000    3.05690E-14
   5738.7500    3.13870E-14
   5740.0000    3.29370E-14
   5741.2500    3.03560E-14
   5742.5000    3.00440E-14
   5743.7500    3.07310E-14
   5745.0000    3.24110E-14
   5746.2500    3.02800E-14
   5747.5000    3.12210E-14
   5748.7500    2.96220E-14
   5750.0000    3.11730E-14
   5751.2500    3.02760E-14
   5752.5000    2.95150E-14
   5753.7500    3.10700E-14
   5755.0000    3.14760E-14
   5756.2500    3.13870E-14
   5757.5000    3.08320E-14
   5758.7500    3.16190E-14
   5760.0000    3.20820E-14
   5761.2500    3.08250E-14
   5762.5000    2.95730E-14
   5763.7500    3.10800E-14
   5765.0000    3.08030E-14
   5766.2500    3.08980E-14
   5767.5000    3.01990E-14
   5768.7500    3.23480E-14
   5770.0000    3.14920E-14
   5771.2500    3.00150E-14
   5772.5000    3.14800E-14
   5773.7500    3.19230E-14
   5775.0000    3.14170E-14
   5776.2500    3.06000E-14
   5777.5000    3.11160E-14
   5778.7500    2.98890E-14
   5780.0000    2.97790E-14
   5781.2500    3.04570E-14
   5782.5000    3.01990E-14
   5783.7500    3.00890E-14
   5785.0000    3.08450E-14
   5786.2500    3.02040E-14
   5787.5000    3.05700E-14
   5788.7500    3.10560E-14
   5790.0000    3.01910E-14
   5791.2500    3.02680E-14
   5792.5000    3.11470E-14
   5793.7500    3.03310E-14
   5795.0000    2.98650E-14
   5796.2500    3.00670E-14
   5797.5000    3.09210E-14
   5798.7500    2.93790E-14
   5800.0000    3.05480E-14
