  1400.00000    1.47390E-13
  1403.00000    1.41870E-13
  1406.00000    1.42880E-13
  1409.00000    1.51080E-13
  1412.00000    1.87840E-13
  1415.00000    1.88200E-13
  1418.00000    1.89360E-13
  1421.00000    1.84890E-13
  1424.00000    1.83700E-13
  1427.00000    1.83110E-13
  1430.00000    1.87240E-13
  1433.00000    1.90830E-13
  1436.00000    1.91670E-13
  1439.00000    1.92290E-13
  1442.00000    1.93710E-13
  1445.00000    1.94760E-13
  1448.00000    1.95350E-13
  1451.00000    1.91260E-13
  1454.00000    1.87160E-13
  1457.00000    1.87180E-13
  1460.00000    1.82030E-13
  1463.00000    1.76940E-13
  1466.00000    1.76870E-13
  1469.00000    1.77850E-13
  1472.00000    1.78820E-13
  1475.00000    1.78310E-13
  1478.00000    1.79660E-13
  1481.00000    1.81060E-13
  1484.00000    1.81280E-13
  1487.00000    1.81770E-13
  1490.00000    1.80890E-13
  1493.00000    1.80550E-13
  1496.00000    1.80040E-13
  1499.00000    1.77800E-13
  1502.00000    1.71160E-13
  1505.00000    1.72280E-13
  1508.00000    1.67420E-13
  1511.00000    1.58670E-13
  1514.00000    1.62470E-13
  1517.00000    1.66420E-13
  1520.00000    1.65200E-13
  1523.00000    1.59490E-13
  1526.00000    1.60340E-13
  1529.00000    1.56270E-13
  1532.00000    1.36480E-13
  1535.00000    1.35180E-13
  1538.00000    1.36720E-13
  1541.00000    1.23390E-13
  1544.00000    1.20330E-13
  1547.00000    1.20310E-13
  1550.00000    1.21210E-13
  1553.00000    1.20770E-13
  1556.00000    1.21730E-13
  1559.00000    1.25680E-13
  1562.00000    1.36710E-13
  1565.00000    1.37580E-13
  1568.00000    1.37360E-13
  1571.00000    1.43440E-13
  1574.00000    1.45100E-13
  1577.00000    1.45790E-13
  1580.00000    1.48620E-13
  1583.00000    1.51840E-13
  1586.00000    1.51270E-13
  1589.00000    1.50910E-13
  1592.00000    1.52360E-13
  1595.00000    1.52150E-13
  1598.00000    1.52280E-13
  1601.00000    1.47930E-13
  1604.00000    1.47350E-13
  1607.00000    1.47540E-13
  1610.00000    1.45700E-13
  1613.00000    1.44690E-13
  1616.00000    1.44750E-13
  1619.00000    1.44530E-13
  1622.00000    1.41360E-13
  1625.00000    1.41520E-13
  1628.00000    1.41860E-13
  1631.00000    1.46970E-13
  1634.00000    1.48230E-13
  1637.00000    1.48290E-13
  1640.00000    1.48430E-13
  1643.00000    1.48570E-13
  1646.00000    1.48970E-13
  1649.00000    1.47310E-13
  1652.00000    1.42880E-13
  1655.00000    1.42910E-13
  1658.00000    1.42350E-13
  1661.00000    1.47720E-13
  1664.00000    1.47040E-13
  1667.00000    1.48030E-13
  1670.00000    1.33950E-13
  1673.00000    1.33670E-13
  1676.00000    1.54080E-13
  1679.00000    1.55730E-13
  1682.00000    1.54420E-13
  1685.00000    1.54730E-13
  1688.00000    1.54720E-13
  1691.00000    1.48390E-13
  1694.00000    1.47670E-13
  1697.00000    1.46880E-13
  1700.00000    1.45440E-13
  1703.00000    1.43480E-13
  1706.00000    1.44960E-13
  1709.00000    1.42050E-13
  1712.00000    1.33240E-13
  1715.00000    1.34060E-13
  1718.00000    1.34030E-13
  1721.00000    1.31060E-13
  1724.00000    1.31270E-13
  1727.00000    1.30770E-13
  1730.00000    1.35300E-13
  1733.00000    1.39020E-13
  1736.00000    1.37810E-13
  1739.00000    1.38310E-13
  1742.00000    1.35030E-13
  1745.00000    1.37100E-13
  1748.00000    1.37110E-13
  1751.00000    1.40220E-13
  1754.00000    1.40110E-13
  1757.00000    1.39780E-13
  1760.00000    1.36720E-13
  1763.00000    1.32380E-13
  1766.00000    1.32100E-13
  1769.00000    1.33440E-13
  1772.00000    1.30850E-13
  1775.00000    1.30710E-13
  1778.00000    1.30780E-13
  1781.00000    1.33660E-13
  1784.00000    1.33950E-13
  1787.00000    1.34490E-13
  1790.00000    1.35490E-13
  1793.00000    1.36840E-13
  1796.00000    1.37270E-13
  1799.00000    1.37220E-13
  1802.00000    1.36980E-13
  1805.00000    1.36910E-13
  1808.00000    1.36860E-13
  1811.00000    1.29520E-13
  1814.00000    1.27800E-13
  1817.00000    1.27820E-13
  1820.00000    1.29120E-13
  1823.00000    1.28520E-13
  1826.00000    1.28260E-13
  1829.00000    1.27700E-13
  1832.00000    1.25820E-13
  1835.00000    1.25930E-13
  1838.00000    1.25190E-13
  1841.00000    1.18870E-13
  1844.00000    1.18390E-13
  1847.00000    1.17440E-13
  1850.00000    1.17890E-13
  1853.00000    1.18160E-13
  1856.00000    1.17100E-13
  1859.00000    1.18250E-13
  1862.00000    1.19040E-13
  1865.00000    1.20040E-13
  1868.00000    1.19500E-13
  1871.00000    1.24210E-13
  1874.00000    1.24240E-13
  1877.00000    1.26180E-13
  1880.00000    1.19910E-13
  1883.00000    1.15580E-13
  1886.00000    1.16270E-13
  1889.00000    1.14660E-13
  1892.00000    1.12630E-13
  1895.00000    1.13110E-13
  1898.00000    1.12690E-13
  1901.00000    1.17630E-13
  1904.00000    1.17220E-13
  1907.00000    1.19150E-13
  1910.00000    1.15530E-13
  1913.00000    1.12840E-13
  1916.00000    1.12800E-13
  1919.00000    1.12290E-13
  1922.00000    1.08920E-13
  1925.00000    1.08460E-13
  1928.00000    1.08520E-13
  1931.00000    1.13630E-13
  1934.00000    1.14630E-13
  1937.00000    1.15840E-13
  1940.00000    1.15380E-13
  1943.00000    1.16730E-13
  1946.00000    1.16580E-13
  1949.00000    1.15410E-13
  1952.00000    1.06550E-13
  1955.00000    1.07090E-13
  1958.00000    1.07220E-13
  1961.00000    1.11390E-13
  1964.00000    1.15420E-13
  1967.00000    1.16550E-13
  1970.00000    1.16490E-13
  1973.00000    1.19250E-13
  1976.00000    1.18770E-13
  1979.00000    1.17520E-13
  1982.00000    1.14130E-13
  1985.00000    1.13540E-13
  1988.00000    1.12400E-13
  1991.00000    1.09600E-13
  1994.00000    1.11120E-13
  1997.00000    1.09410E-13
  2000.00000    1.12550E-13
  2003.00000    1.13550E-13
  2006.00000    1.14710E-13
  2009.00000    1.13430E-13
  2012.00000    1.11070E-13
  2015.00000    1.10900E-13
  2018.00000    1.10080E-13
  2021.00000    1.13180E-13
  2024.00000    1.13980E-13
  2027.00000    1.13930E-13
  2030.00000    1.11590E-13
  2033.00000    1.07320E-13
  2036.00000    1.07650E-13
  2039.00000    1.08590E-13
  2042.00000    1.09730E-13
  2045.00000    1.09590E-13
  2048.00000    1.08660E-13
  2051.00000    9.78650E-14
  2054.00000    9.53900E-14
  2057.00000    9.43290E-14
  2060.00000    9.64380E-14
  2063.00000    9.88320E-14
  2066.00000    9.79140E-14
  2069.00000    1.02310E-13
  2072.00000    1.11040E-13
  2075.00000    1.09310E-13
  2078.00000    1.04730E-13
  2081.00000    1.05740E-13
  2084.00000    1.07020E-13
  2087.00000    1.08750E-13
  2090.00000    1.05310E-13
  2093.00000    1.02190E-13
  2096.00000    1.02210E-13
  2099.00000    1.02710E-13
  2102.00000    1.02970E-13
  2105.00000    1.04230E-13
  2108.00000    1.03710E-13
  2111.00000    1.04470E-13
  2114.00000    1.04510E-13
  2117.00000    1.04940E-13
  2120.00000    1.04600E-13
  2123.00000    1.05080E-13
  2126.00000    1.04270E-13
  2129.00000    1.02890E-13
  2132.00000    9.99190E-14
  2135.00000    1.00280E-13
  2138.00000    9.93110E-14
  2141.00000    1.00110E-13
  2144.00000    1.00580E-13
  2147.00000    1.00100E-13
  2150.00000    1.00750E-13
  2153.00000    1.02880E-13
  2156.00000    1.02190E-13
  2159.00000    1.01230E-13
  2162.00000    9.86130E-14
  2165.00000    9.87160E-14
  2168.00000    9.86390E-14
  2171.00000    9.91390E-14
  2174.00000    9.92070E-14
  2177.00000    9.93980E-14
  2180.00000    9.80130E-14
  2183.00000    9.53760E-14
  2186.00000    9.59490E-14
  2189.00000    9.72790E-14
  2192.00000    9.93080E-14
  2195.00000    9.93430E-14
  2198.00000    9.99200E-14
  2201.00000    9.95040E-14
  2204.00000    9.72150E-14
  2207.00000    9.83830E-14
  2210.00000    9.57570E-14
  2213.00000    9.32500E-14
  2216.00000    9.31150E-14
  2219.00000    9.34120E-14
  2222.00000    9.14690E-14
  2225.00000    9.07010E-14
  2228.00000    9.14840E-14
  2231.00000    9.36100E-14
  2234.00000    9.37750E-14
  2237.00000    9.42020E-14
  2240.00000    9.26410E-14
  2243.00000    9.05140E-14
  2246.00000    9.03290E-14
  2249.00000    8.98450E-14
  2252.00000    8.75780E-14
  2255.00000    8.79460E-14
  2258.00000    8.79920E-14
  2261.00000    8.94000E-14
  2264.00000    8.96950E-14
  2267.00000    8.90670E-14
  2270.00000    8.99080E-14
  2273.00000    9.06090E-14
  2276.00000    8.97710E-14
  2279.00000    8.92560E-14
  2282.00000    8.98390E-14
  2285.00000    8.95220E-14
  2288.00000    9.09570E-14
  2291.00000    8.53370E-14
  2294.00000    8.46840E-14
  2297.00000    8.53160E-14
  2300.00000    8.40380E-14
  2303.00000    8.47800E-14
  2306.00000    8.47540E-14
  2309.00000    8.46970E-14
  2312.00000    8.29290E-14
  2315.00000    8.16700E-14
  2318.00000    8.12050E-14
  2321.00000    7.26730E-14
  2324.00000    7.10280E-14
  2327.00000    6.92690E-14
  2330.00000    7.51040E-14
  2333.00000    7.81950E-14
  2336.00000    7.88910E-14
  2339.00000    7.91250E-14
  2342.00000    7.74930E-14
  2345.00000    7.74110E-14
  2348.00000    7.77140E-14
  2351.00000    7.88900E-14
  2354.00000    7.93730E-14
  2357.00000    7.96550E-14
  2360.00000    7.63750E-14
  2363.00000    7.43550E-14
  2366.00000    7.55370E-14
  2369.00000    7.48820E-14
  2372.00000    7.52470E-14
  2375.00000    7.48220E-14
  2378.00000    7.42990E-14
  2381.00000    7.19880E-14
  2384.00000    7.21440E-14
  2387.00000    7.03530E-14
  2390.00000    7.27210E-14
  2393.00000    7.39020E-14
  2396.00000    7.50580E-14
  2399.00000    7.42210E-14
  2402.00000    7.23770E-14
  2405.00000    7.30930E-14
  2408.00000    7.28580E-14
  2411.00000    7.28190E-14
  2414.00000    7.39560E-14
  2417.00000    7.40830E-14
  2420.00000    7.46680E-14
  2423.00000    7.49550E-14
  2426.00000    7.48950E-14
  2429.00000    7.43960E-14
  2432.00000    7.24090E-14
  2435.00000    7.30620E-14
  2438.00000    7.21710E-14
  2441.00000    7.49500E-14
  2444.00000    7.39890E-14
  2447.00000    7.40870E-14
  2450.00000    7.39790E-14
  2453.00000    7.33270E-14
  2456.00000    7.26650E-14
  2459.00000    7.40910E-14
  2462.00000    7.33300E-14
  2465.00000    7.37900E-14
  2468.00000    7.32310E-14
  2471.00000    7.17870E-14
  2474.00000    7.09180E-14
  2477.00000    7.09960E-14
  2480.00000    7.10920E-14
  2483.00000    7.10410E-14
  2486.00000    7.15780E-14
  2489.00000    6.99430E-14
  2492.00000    6.11480E-14
  2495.00000    6.12540E-14
  2498.00000    6.07590E-14
  2501.00000    6.94890E-14
  2504.00000    7.05840E-14
  2507.00000    7.07900E-14
  2510.00000    6.74030E-14
  2513.00000    6.67810E-14
  2516.00000    6.71900E-14
  2519.00000    6.92900E-14
  2522.00000    6.78100E-14
  2525.00000    6.66230E-14
  2528.00000    6.77050E-14
  2531.00000    6.73600E-14
  2534.00000    6.73530E-14
  2537.00000    6.68690E-14
  2540.00000    6.69510E-14
  2543.00000    6.65630E-14
  2546.00000    6.68710E-14
  2549.00000    6.68430E-14
  2552.00000    6.69460E-14
  2555.00000    6.72460E-14
  2558.00000    6.86990E-14
  2561.00000    6.74000E-14
  2564.00000    6.75620E-14
  2567.00000    6.60980E-14
  2570.00000    6.77290E-14
  2573.00000    6.91290E-14
  2576.00000    6.89050E-14
  2579.00000    6.91170E-14
  2582.00000    6.77250E-14
  2585.00000    6.80640E-14
  2588.00000    6.79800E-14
  2591.00000    6.70280E-14
  2594.00000    6.61530E-14
  2597.00000    6.68990E-14
  2600.00000    6.74200E-14
  2603.00000    6.51760E-14
  2606.00000    6.56620E-14
  2609.00000    6.55480E-14
  2612.00000    6.52150E-14
  2615.00000    6.49780E-14
  2618.00000    6.44040E-14
  2621.00000    6.49210E-14
  2624.00000    6.61650E-14
  2627.00000    6.51100E-14
  2630.00000    6.66110E-14
  2633.00000    6.51870E-14
  2636.00000    6.59420E-14
  2639.00000    6.69710E-14
  2642.00000    6.75900E-14
  2645.00000    6.81990E-14
  2648.00000    6.81970E-14
  2651.00000    6.85790E-14
  2654.00000    6.79260E-14
  2657.00000    6.76250E-14
  2660.00000    6.56050E-14
  2663.00000    6.48040E-14
  2666.00000    6.40980E-14
  2669.00000    6.47050E-14
  2672.00000    6.53230E-14
  2675.00000    6.46470E-14
  2678.00000    6.51070E-14
  2681.00000    6.48200E-14
  2684.00000    6.53470E-14
  2687.00000    6.51450E-14
  2690.00000    6.32120E-14
  2693.00000    6.24430E-14
  2696.00000    6.29770E-14
  2699.00000    6.23430E-14
  2702.00000    6.32080E-14
  2705.00000    6.26300E-14
  2708.00000    6.33580E-14
  2711.00000    6.24710E-14
  2714.00000    6.11920E-14
  2717.00000    6.02150E-14
  2720.00000    6.12740E-14
  2723.00000    6.10890E-14
  2726.00000    6.10950E-14
  2729.00000    6.16460E-14
  2732.00000    6.16820E-14
  2735.00000    6.27490E-14
  2738.00000    6.20440E-14
  2741.00000    5.87810E-14
  2744.00000    5.78110E-14
  2747.00000    5.78340E-14
  2750.00000    5.83870E-14
  2753.00000    5.85870E-14
  2756.00000    5.78190E-14
  2759.00000    5.84110E-14
  2762.00000    5.96420E-14
  2765.00000    5.93770E-14
  2768.00000    5.98100E-14
  2771.00000    6.01350E-14
  2774.00000    6.07760E-14
  2777.00000    6.08400E-14
  2780.00000    6.03900E-14
  2783.00000    5.85440E-14
  2786.00000    5.91240E-14
  2789.00000    5.78660E-14
  2792.00000    5.36480E-14
  2795.00000    5.21470E-14
  2798.00000    5.32900E-14
  2801.00000    5.45400E-14
  2804.00000    5.58750E-14
  2807.00000    5.51660E-14
  2810.00000    5.72220E-14
  2813.00000    6.00070E-14
  2816.00000    5.80040E-14
  2819.00000    5.99730E-14
  2822.00000    5.91180E-14
  2825.00000    5.98410E-14
  2828.00000    6.02300E-14
  2831.00000    5.76800E-14
  2834.00000    5.80630E-14
  2837.00000    5.72440E-14
  2840.00000    5.76580E-14
  2843.00000    5.63820E-14
  2846.00000    5.67260E-14
  2849.00000    5.67290E-14
  2852.00000    5.54640E-14
  2855.00000    5.64050E-14
  2858.00000    5.68850E-14
  2861.00000    5.77000E-14
  2864.00000    5.71030E-14
  2867.00000    5.75140E-14
  2870.00000    5.63960E-14
  2873.00000    5.64630E-14
  2876.00000    5.73410E-14
  2879.00000    5.68080E-14
  2882.00000    5.65520E-14
  2885.00000    5.70130E-14
  2888.00000    5.70700E-14
  2891.00000    5.57350E-14
  2894.00000    5.58640E-14
  2897.00000    5.66460E-14
  2900.00000    5.64170E-14
  2903.00000    5.68360E-14
  2906.00000    5.78300E-14
  2909.00000    5.75350E-14
  2912.00000    5.68060E-14
  2915.00000    5.73730E-14
  2918.00000    5.64760E-14
  2921.00000    5.58040E-14
  2924.00000    5.57780E-14
  2927.00000    5.69450E-14
  2930.00000    5.65910E-14
  2933.00000    5.52540E-14
  2936.00000    5.63510E-14
  2939.00000    5.65900E-14
  2942.00000    5.49030E-14
  2945.00000    5.57800E-14
  2948.00000    5.47820E-14
  2951.00000    5.50030E-14
  2954.00000    5.43590E-14
  2957.00000    5.51790E-14
  2960.00000    5.50830E-14
  2963.00000    5.47420E-14
  2966.00000    5.43960E-14
  2969.00000    5.46780E-14
  2972.00000    5.44160E-14
  2975.00000    5.49420E-14
  2978.00000    5.47970E-14
  2981.00000    5.35650E-14
  2984.00000    5.45130E-14
  2987.00000    5.51560E-14
  2990.00000    5.40660E-14
  2993.00000    5.35820E-14
  2996.00000    5.40700E-14
  2999.00000    5.43980E-14
  3002.00000    5.25810E-14
  3005.00000    5.25800E-14
  3008.00000    5.38710E-14
  3011.00000    5.32030E-14
  3014.00000    5.38880E-14
  3017.00000    5.33040E-14
  3020.00000    5.30560E-14
  3023.00000    5.26920E-14
  3026.00000    5.29590E-14
  3029.00000    5.29420E-14
  3032.00000    5.30790E-14
  3035.00000    5.36180E-14
  3038.00000    5.25610E-14
  3041.00000    5.25520E-14
  3044.00000    5.35550E-14
  3047.00000    5.28010E-14
  3050.00000    5.39650E-14
  3053.00000    5.25730E-14
  3056.00000    5.26130E-14
  3059.00000    5.29320E-14
  3062.00000    5.17050E-14
  3065.00000    5.12520E-14
  3068.00000    5.17530E-14
  3071.00000    5.08660E-14
  3074.00000    5.19600E-14
  3077.00000    5.25540E-14
  3080.00000    5.13530E-14
  3083.00000    5.21150E-14
  3086.00000    5.08410E-14
  3089.00000    5.10030E-14
  3092.00000    5.16830E-14
  3095.00000    5.20170E-14
  3098.00000    5.19270E-14
  3101.00000    5.12460E-14
  3104.00000    5.05730E-14
  3107.00000    5.08280E-14
  3110.00000    5.14520E-14
  3113.00000    5.08940E-14
  3116.00000    5.08160E-14
  3119.00000    4.96760E-14
  3122.00000    5.00730E-14
  3125.00000    4.92240E-14
  3128.00000    4.98300E-14
  3131.00000    4.96040E-14
  3134.00000    4.95510E-14
  3137.00000    4.92760E-14
  3140.00000    5.03220E-14
  3143.00000    5.02020E-14
  3146.00000    5.00260E-14
  3149.00000    5.02540E-14
  3152.00000    5.03360E-14
  3155.00000    4.95600E-14
  3158.00000    4.97250E-14
  3161.00000    4.91920E-14
  3164.00000    4.98330E-14
  3167.00000    4.82510E-14
  3170.00000    4.94190E-14
  3173.00000    4.90920E-14
  3176.00000    4.83040E-14
  3179.00000    4.88170E-14
  3182.00000    4.74670E-14
  3185.00000    4.69500E-14
  3188.00000    4.76260E-14
  3191.00000    4.65780E-14
  3194.00000    4.75970E-14
  3197.00000    4.81250E-14
  3200.00000    4.76050E-14
  3203.00000    4.71630E-14
  3206.00000    4.77740E-14
  3209.00000    4.77110E-14
  3212.00000    4.79560E-14
  3215.00000    4.68580E-14
  3218.00000    4.68880E-14
  3221.00000    4.62720E-14
  3224.00000    4.67270E-14
  3227.00000    4.65720E-14
  3230.00000    4.62100E-14
  3233.00000    4.68170E-14
  3236.00000    4.65900E-14
  3239.00000    4.70280E-14
  3242.00000    4.64960E-14
  3245.00000    4.73410E-14
  3248.00000    4.68330E-14
  3251.00000    4.76230E-14
  3254.00000    4.68210E-14
  3257.00000    4.67580E-14
  3260.00000    4.76650E-14
  3263.00000    4.56790E-14
  3266.00000    4.69590E-14
  3269.00000    4.75330E-14
  3272.00000    4.68160E-14
  3275.00000    4.70150E-14
  3278.00000    4.65180E-14
  3281.00000    4.73420E-14
  3284.00000    4.65180E-14
  3287.00000    4.58720E-14
  3290.00000    4.63260E-14
  3293.00000    4.67130E-14
  3296.00000    4.56970E-14
  3299.00000    4.59150E-14
  3302.00000    4.53400E-14
  3305.00000    4.60160E-14
  3308.00000    4.54450E-14
  3311.00000    4.57300E-14
  3314.00000    4.62050E-14
  3317.00000    4.56560E-14
  3320.00000    4.60380E-14
  3323.00000    4.66980E-14
  3326.00000    4.63770E-14
  3329.00000    4.59050E-14
  3332.00000    4.67770E-14
  3335.00000    4.45500E-14
  3338.00000    4.60010E-14
  3341.00000    4.43630E-14
  3344.00000    4.64100E-14
  3347.00000    4.53230E-14
  3350.00000    4.38740E-14
  3353.00000    4.43300E-14
  3356.00000    4.30130E-14
  3359.00000    4.45480E-14
  3362.00000    4.24840E-14
  3365.00000    4.38870E-14
  3368.00000    4.25220E-14
  3371.00000    4.22480E-14
  3374.00000    4.32940E-14
  3377.00000    4.31420E-14
  3380.00000    4.38220E-14
  3383.00000    4.41530E-14
  3386.00000    4.47090E-14
  3389.00000    4.48580E-14
  3392.00000    4.45940E-14
  3395.00000    4.49310E-14
  3398.00000    4.42520E-14
  3401.00000    4.27460E-14
  3404.00000    4.27770E-14
  3407.00000    4.23010E-14
  3410.00000    4.33410E-14
  3413.00000    4.32120E-14
  3416.00000    4.33070E-14
  3419.00000    4.42610E-14
  3422.00000    4.35960E-14
  3425.00000    4.45870E-14
  3428.00000    4.46210E-14
  3431.00000    4.51560E-14
  3434.00000    4.40610E-14
  3437.00000    4.52180E-14
  3440.00000    4.26240E-14
  3443.00000    4.25640E-14
  3446.00000    4.23870E-14
  3449.00000    4.43050E-14
  3452.00000    4.13520E-14
  3455.00000    4.09970E-14
  3458.00000    4.19230E-14
  3461.00000    4.10830E-14
  3464.00000    4.23750E-14
  3467.00000    4.28680E-14
  3470.00000    4.27040E-14
  3473.00000    4.18180E-14
  3476.00000    4.15070E-14
  3479.00000    4.19780E-14
  3482.00000    4.18480E-14
  3485.00000    4.32540E-14
  3488.00000    4.26240E-14
  3491.00000    4.23850E-14
  3494.00000    4.17940E-14
  3497.00000    4.20840E-14
  3500.00000    4.11490E-14
  3503.00000    4.10930E-14
  3506.00000    4.09870E-14
  3509.00000    4.05950E-14
  3512.00000    3.98080E-14
  3515.00000    4.05810E-14
  3518.00000    4.13800E-14
  3521.00000    4.11120E-14
  3524.00000    4.03610E-14
  3527.00000    4.04840E-14
  3530.00000    4.18740E-14
  3533.00000    4.25380E-14
  3536.00000    4.31710E-14
  3539.00000    4.23030E-14
  3542.00000    4.25080E-14
  3545.00000    4.26390E-14
  3548.00000    4.24190E-14
  3551.00000    4.25720E-14
  3554.00000    4.14850E-14
  3557.00000    4.25000E-14
  3560.00000    4.25240E-14
  3563.00000    4.19140E-14
  3566.00000    4.05070E-14
  3569.00000    4.06370E-14
  3572.00000    3.93320E-14
  3575.00000    3.90920E-14
  3578.00000    3.95750E-14
  3581.00000    3.88710E-14
  3584.00000    3.80920E-14
  3587.00000    3.69530E-14
  3590.00000    3.91200E-14
  3593.00000    3.91790E-14
  3596.00000    3.96100E-14
  3599.00000    3.99680E-14
  3602.00000    3.89650E-14
  3605.00000    3.92910E-14
  3608.00000    3.83480E-14
  3611.00000    3.94190E-14
  3614.00000    3.94840E-14
  3617.00000    4.04280E-14
  3620.00000    3.95250E-14
  3623.00000    4.13130E-14
  3626.00000    4.22740E-14
  3629.00000    4.07040E-14
  3632.00000    4.03730E-14
  3635.00000    4.05110E-14
  3638.00000    3.99290E-14
  3641.00000    4.16210E-14
  3644.00000    4.02220E-14
  3647.00000    3.90640E-14
  3650.00000    4.14750E-14
  3653.00000    4.08460E-14
  3656.00000    4.14180E-14
  3659.00000    4.16690E-14
  3662.00000    4.02850E-14
  3665.00000    3.99510E-14
  3668.00000    3.94110E-14
  3671.00000    4.07660E-14
  3674.00000    4.03730E-14
  3677.00000    3.97060E-14
  3680.00000    3.86200E-14
  3683.00000    3.92900E-14
  3686.00000    3.92810E-14
  3689.00000    3.90250E-14
  3692.00000    3.92200E-14
  3695.00000    3.82750E-14
  3698.00000    3.91580E-14
  3701.00000    3.89330E-14
  3704.00000    3.61250E-14
  3707.00000    3.62390E-14
  3710.00000    3.63100E-14
  3713.00000    3.64360E-14
  3716.00000    4.03680E-14
  3719.00000    3.79240E-14
  3722.00000    3.42150E-14
  3725.00000    3.96850E-14
  3728.00000    4.26290E-14
  3731.00000    3.86700E-14
  3734.00000    3.28880E-14
  3737.00000    3.72180E-14
  3740.00000    4.42420E-14
  3743.00000    4.53060E-14
  3746.00000    4.00670E-14
  3749.00000    3.22950E-14
  3752.00000    3.53800E-14
  3755.00000    4.38570E-14
  3758.00000    4.60690E-14
  3761.00000    4.58640E-14
  3764.00000    4.47620E-14
  3767.00000    3.83880E-14
  3770.00000    3.23070E-14
  3773.00000    3.58970E-14
  3776.00000    4.33330E-14
  3779.00000    4.75610E-14
  3782.00000    5.10310E-14
  3785.00000    5.12120E-14
  3788.00000    4.77060E-14
  3791.00000    4.50470E-14
  3794.00000    3.85870E-14
  3797.00000    3.12090E-14
  3800.00000    3.35390E-14
  3803.00000    4.31620E-14
  3806.00000    4.72450E-14
  3809.00000    5.13620E-14
  3812.00000    5.24760E-14
  3815.00000    5.06760E-14
  3818.00000    4.85740E-14
  3821.00000    4.81690E-14
  3824.00000    4.77130E-14
  3827.00000    4.54140E-14
  3830.00000    4.07800E-14
  3833.00000    3.17290E-14
  3836.00000    2.91920E-14
  3839.00000    3.52740E-14
  3842.00000    4.35370E-14
  3845.00000    4.89480E-14
  3848.00000    5.07980E-14
  3851.00000    5.23930E-14
  3854.00000    5.16420E-14
  3857.00000    5.10510E-14
  3860.00000    5.21760E-14
  3863.00000    5.09510E-14
  3866.00000    5.12210E-14
  3869.00000    5.10020E-14
  3872.00000    4.98780E-14
  3875.00000    5.10520E-14
  3878.00000    4.87300E-14
  3881.00000    4.49030E-14
  3884.00000    4.00290E-14
  3887.00000    3.17640E-14
  3890.00000    3.07650E-14
  3893.00000    3.96560E-14
  3896.00000    4.50390E-14
  3899.00000    4.84510E-14
  3902.00000    5.05620E-14
  3905.00000    5.10370E-14
  3908.00000    5.35770E-14
  3911.00000    5.42730E-14
  3914.00000    5.32280E-14
  3917.00000    5.35870E-14
  3920.00000    5.22730E-14
  3923.00000    5.24680E-14
  3926.00000    5.06690E-14
  3929.00000    5.02220E-14
  3932.00000    4.61120E-14
  3935.00000    4.52280E-14
  3938.00000    5.08120E-14
  3941.00000    5.18000E-14
  3944.00000    5.21610E-14
  3947.00000    5.19540E-14
  3950.00000    5.23360E-14
  3953.00000    5.13670E-14
  3956.00000    5.07980E-14
  3959.00000    4.78270E-14
  3962.00000    4.40040E-14
  3965.00000    3.75260E-14
  3968.00000    2.61260E-14
  3971.00000    2.68710E-14
  3974.00000    3.64040E-14
  3977.00000    4.41980E-14
  3980.00000    4.90250E-14
  3983.00000    4.97520E-14
  3986.00000    5.12430E-14
  3989.00000    5.37330E-14
  3992.00000    5.40850E-14
  3995.00000    5.37240E-14
  3998.00000    5.32530E-14
  4001.00000    5.35630E-14
  4004.00000    5.27740E-14
  4007.00000    5.34560E-14
  4010.00000    5.37660E-14
  4013.00000    5.51780E-14
  4016.00000    5.44280E-14
  4019.00000    5.51100E-14
  4022.00000    5.49860E-14
  4025.00000    5.19300E-14
  4028.00000    5.30390E-14
  4031.00000    5.40420E-14
  4034.00000    5.46350E-14
  4037.00000    5.58620E-14
  4040.00000    5.53630E-14
  4043.00000    5.42070E-14
  4046.00000    5.39350E-14
  4049.00000    5.41980E-14
  4052.00000    5.53360E-14
  4055.00000    5.41050E-14
  4058.00000    5.44450E-14
  4061.00000    5.43460E-14
  4064.00000    5.30700E-14
  4067.00000    5.27100E-14
  4070.00000    5.17550E-14
  4073.00000    5.06970E-14
  4076.00000    5.02230E-14
  4079.00000    5.12760E-14
  4082.00000    5.03610E-14
  4085.00000    4.96000E-14
  4088.00000    4.88750E-14
  4091.00000    4.72180E-14
  4094.00000    4.47900E-14
  4097.00000    3.90810E-14
  4100.00000    3.18710E-14
  4103.00000    3.04180E-14
  4106.00000    3.87670E-14
  4109.00000    4.35630E-14
  4112.00000    4.68980E-14
  4115.00000    4.95890E-14
  4118.00000    4.89530E-14
  4121.00000    4.94720E-14
  4124.00000    5.02870E-14
  4127.00000    4.96900E-14
  4130.00000    4.98610E-14
  4133.00000    5.05130E-14
  4136.00000    5.25070E-14
  4139.00000    5.23050E-14
  4142.00000    5.07810E-14
  4145.00000    5.04070E-14
  4148.00000    5.15220E-14
  4151.00000    5.13150E-14
  4154.00000    5.11530E-14
  4157.00000    5.19270E-14
  4160.00000    5.13730E-14
  4163.00000    5.26680E-14
  4166.00000    5.21110E-14
  4169.00000    5.15070E-14
  4172.00000    5.04160E-14
  4175.00000    5.08360E-14
  4178.00000    5.07740E-14
  4181.00000    5.06700E-14
  4184.00000    5.09050E-14
  4187.00000    5.08130E-14
  4190.00000    5.12930E-14
  4193.00000    5.08570E-14
  4196.00000    4.97880E-14
  4199.00000    4.85490E-14
  4202.00000    4.87850E-14
  4205.00000    4.93780E-14
  4208.00000    4.97540E-14
  4211.00000    5.07770E-14
  4214.00000    4.91120E-14
  4217.00000    5.00310E-14
  4220.00000    5.23290E-14
  4223.00000    4.87180E-14
  4226.00000    4.71640E-14
  4229.00000    5.01940E-14
  4232.00000    4.97420E-14
  4235.00000    4.93240E-14
  4238.00000    5.05750E-14
  4241.00000    5.01980E-14
  4244.00000    5.06690E-14
  4247.00000    5.00720E-14
  4250.00000    4.88390E-14
  4253.00000    5.01440E-14
  4256.00000    4.96550E-14
  4259.00000    4.81050E-14
  4262.00000    5.00500E-14
  4265.00000    5.06660E-14
  4268.00000    4.86430E-14
  4271.00000    4.78860E-14
  4274.00000    4.78790E-14
  4277.00000    4.96980E-14
  4280.00000    4.90960E-14
  4283.00000    4.96730E-14
  4286.00000    4.87810E-14
  4289.00000    4.71780E-14
  4292.00000    4.65490E-14
  4295.00000    4.64170E-14
  4298.00000    4.53330E-14
  4301.00000    4.54470E-14
  4304.00000    4.52990E-14
  4307.00000    4.44440E-14
  4310.00000    4.55880E-14
  4313.00000    4.56920E-14
  4316.00000    4.77860E-14
  4319.00000    4.74010E-14
  4322.00000    4.65260E-14
  4325.00000    4.44430E-14
  4328.00000    4.60940E-14
  4331.00000    4.44150E-14
  4334.00000    4.13000E-14
  4337.00000    3.42950E-14
  4340.00000    2.74790E-14
  4343.00000    3.19760E-14
  4346.00000    4.00960E-14
  4349.00000    4.14590E-14
  4352.00000    4.28040E-14
  4355.00000    4.56140E-14
  4358.00000    4.66580E-14
  4361.00000    4.69870E-14
  4364.00000    4.78580E-14
  4367.00000    4.69220E-14
  4370.00000    4.75160E-14
  4373.00000    4.60230E-14
  4376.00000    4.48190E-14
  4379.00000    4.70070E-14
  4382.00000    4.54950E-14
  4385.00000    4.30080E-14
  4388.00000    4.42410E-14
  4391.00000    4.50050E-14
  4394.00000    4.62780E-14
  4397.00000    4.61900E-14
  4400.00000    4.58920E-14
  4403.00000    4.53720E-14
  4406.00000    4.43690E-14
  4409.00000    4.50640E-14
  4412.00000    4.68950E-14
  4415.00000    4.57810E-14
  4418.00000    4.57970E-14
  4421.00000    4.63980E-14
  4424.00000    4.62710E-14
  4427.00000    4.54070E-14
  4430.00000    4.55780E-14
  4433.00000    4.60990E-14
  4436.00000    4.53980E-14
  4439.00000    4.65360E-14
  4442.00000    4.59770E-14
  4445.00000    4.67430E-14
  4448.00000    4.67690E-14
  4451.00000    4.59590E-14
  4454.00000    4.54580E-14
  4457.00000    4.45630E-14
  4460.00000    4.66690E-14
  4463.00000    4.55840E-14
  4466.00000    4.51120E-14
  4469.00000    4.45150E-14
  4472.00000    4.52250E-14
  4475.00000    4.73290E-14
  4478.00000    4.63380E-14
  4481.00000    4.38550E-14
  4484.00000    4.63660E-14
  4487.00000    4.70730E-14
  4490.00000    4.58950E-14
  4493.00000    4.74960E-14
  4496.00000    4.66800E-14
  4499.00000    4.59470E-14
  4502.00000    4.58110E-14
  4505.00000    4.72390E-14
  4508.00000    4.69350E-14
  4511.00000    4.65550E-14
  4514.00000    4.55670E-14
  4517.00000    4.54390E-14
  4520.00000    4.47030E-14
  4523.00000    4.54220E-14
  4526.00000    4.42010E-14
  4529.00000    4.37630E-14
  4532.00000    4.29160E-14
  4535.00000    4.35430E-14
  4538.00000    4.49060E-14
  4541.00000    4.41950E-14
  4544.00000    4.54140E-14
  4547.00000    4.33940E-14
  4550.00000    4.32620E-14
  4553.00000    4.47290E-14
  4556.00000    4.40050E-14
  4559.00000    4.45810E-14
  4562.00000    4.51690E-14
  4565.00000    4.36380E-14
  4568.00000    4.50980E-14
  4571.00000    4.43930E-14
  4574.00000    4.41370E-14
  4577.00000    4.52070E-14
  4580.00000    4.39290E-14
  4583.00000    4.30610E-14
  4586.00000    4.35760E-14
  4589.00000    4.27620E-14
  4592.00000    4.43390E-14
  4595.00000    4.30960E-14
  4598.00000    4.49350E-14
  4601.00000    4.42470E-14
  4604.00000    4.33980E-14
  4607.00000    4.37500E-14
  4610.00000    4.44170E-14
  4613.00000    4.39850E-14
  4616.00000    4.35900E-14
  4619.00000    4.37860E-14
  4622.00000    4.40210E-14
  4625.00000    4.34720E-14
  4628.00000    4.43410E-14
  4631.00000    4.36500E-14
  4634.00000    4.32750E-14
  4637.00000    4.36330E-14
  4640.00000    4.30270E-14
  4643.00000    4.46500E-14
  4646.00000    4.26440E-14
  4649.00000    4.22650E-14
  4652.00000    4.28650E-14
  4655.00000    4.32060E-14
  4658.00000    4.40160E-14
  4661.00000    4.41530E-14
  4664.00000    4.31140E-14
  4667.00000    4.11570E-14
  4670.00000    4.10820E-14
  4673.00000    4.31050E-14
  4676.00000    4.33060E-14
  4679.00000    4.27230E-14
  4682.00000    4.24440E-14
  4685.00000    4.23880E-14
  4688.00000    4.26490E-14
  4691.00000    4.18540E-14
  4694.00000    4.25310E-14
  4697.00000    4.27280E-14
  4700.00000    4.13700E-14
  4703.00000    4.16020E-14
  4706.00000    4.12960E-14
  4709.00000    4.17480E-14
  4712.00000    4.07450E-14
  4715.00000    4.16140E-14
  4718.00000    4.19910E-14
  4721.00000    4.26440E-14
  4724.00000    4.19820E-14
  4727.00000    4.24690E-14
  4730.00000    4.04680E-14
  4733.00000    4.14920E-14
  4736.00000    4.25410E-14
  4739.00000    4.17620E-14
  4742.00000    4.19300E-14
  4745.00000    4.25570E-14
  4748.00000    4.23270E-14
  4751.00000    4.26670E-14
  4754.00000    4.08770E-14
  4757.00000    4.14090E-14
  4760.00000    4.23470E-14
  4763.00000    4.24630E-14
  4766.00000    4.11300E-14
  4769.00000    4.16910E-14
  4772.00000    4.22440E-14
  4775.00000    4.23950E-14
  4778.00000    4.14700E-14
  4781.00000    4.17640E-14
  4784.00000    4.23630E-14
  4787.00000    4.18010E-14
  4790.00000    4.21620E-14
  4793.00000    4.15700E-14
  4796.00000    4.31900E-14
  4799.00000    4.18450E-14
  4802.00000    4.18380E-14
  4805.00000    4.17610E-14
  4808.00000    4.25080E-14
  4811.00000    4.12120E-14
  4814.00000    4.18720E-14
  4817.00000    4.20620E-14
  4820.00000    4.23980E-14
  4823.00000    4.18720E-14
  4826.00000    4.10750E-14
  4829.00000    4.10310E-14
  4832.00000    3.94640E-14
  4835.00000    4.02860E-14
  4838.00000    4.05950E-14
  4841.00000    3.96480E-14
  4844.00000    3.93950E-14
  4847.00000    3.85930E-14
  4850.00000    3.73730E-14
  4853.00000    3.64770E-14
  4856.00000    3.32750E-14
  4859.00000    2.81430E-14
  4862.00000    2.46580E-14
  4865.00000    2.99420E-14
  4868.00000    3.44480E-14
  4871.00000    3.47480E-14
  4874.00000    3.64850E-14
  4877.00000    3.83230E-14
  4880.00000    4.00080E-14
  4883.00000    3.98230E-14
  4886.00000    3.91320E-14
  4889.00000    3.93310E-14
  4892.00000    3.90970E-14
  4895.00000    4.13260E-14
  4898.00000    4.13850E-14
  4901.00000    4.01370E-14
  4904.00000    4.09830E-14
  4907.00000    4.03700E-14
  4910.00000    3.81700E-14
  4913.00000    3.92170E-14
  4916.00000    4.03080E-14
  4919.00000    3.83660E-14
  4922.00000    3.66160E-14
  4925.00000    3.88590E-14
  4928.00000    3.89640E-14
  4931.00000    4.05680E-14
  4934.00000    3.93550E-14
  4937.00000    3.99460E-14
  4940.00000    3.86710E-14
  4943.00000    4.01370E-14
  4946.00000    4.05980E-14
  4949.00000    4.01070E-14
  4952.00000    4.10130E-14
  4955.00000    4.09120E-14
  4958.00000    3.78590E-14
  4961.00000    3.89820E-14
  4964.00000    3.97790E-14
  4967.00000    3.89670E-14
  4970.00000    3.87340E-14
  4973.00000    3.92650E-14
  4976.00000    4.02470E-14
  4979.00000    3.91750E-14
  4982.00000    3.77120E-14
  4985.00000    3.70080E-14
  4988.00000    3.97910E-14
  4991.00000    3.80120E-14
  4994.00000    3.84230E-14
  4997.00000    3.81470E-14
  5000.00000    3.79020E-14
  5003.00000    3.76870E-14
  5006.00000    3.66840E-14
  5009.00000    3.82600E-14
  5012.00000    3.64100E-14
  5015.00000    3.65730E-14
  5018.00000    3.66150E-14
  5021.00000    3.66500E-14
  5024.00000    3.74410E-14
  5027.00000    3.75830E-14
  5030.00000    3.78060E-14
  5033.00000    4.03430E-14
  5036.00000    3.71250E-14
  5039.00000    3.68600E-14
  5042.00000    3.52390E-14
  5045.00000    3.82280E-14
  5048.00000    3.76320E-14
  5051.00000    3.63430E-14
  5054.00000    3.80580E-14
  5057.00000    3.77190E-14
  5060.00000    3.84230E-14
  5063.00000    3.76920E-14
  5066.00000    3.71530E-14
  5069.00000    3.71360E-14
  5072.00000    3.71490E-14
  5075.00000    3.66640E-14
  5078.00000    3.72950E-14
  5081.00000    3.62350E-14
  5084.00000    3.70690E-14
  5087.00000    3.71880E-14
  5090.00000    3.77170E-14
  5093.00000    3.81070E-14
  5096.00000    3.66830E-14
  5099.00000    3.62700E-14
  5102.00000    3.67160E-14
  5105.00000    3.66040E-14
  5108.00000    3.63180E-14
  5111.00000    3.73210E-14
  5114.00000    3.75980E-14
  5117.00000    3.89200E-14
  5120.00000    3.71630E-14
  5123.00000    3.60350E-14
  5126.00000    3.60460E-14
  5129.00000    3.64240E-14
  5132.00000    3.72180E-14
  5135.00000    3.64120E-14
  5138.00000    3.56520E-14
  5141.00000    3.58870E-14
  5144.00000    3.62970E-14
  5147.00000    3.64040E-14
  5150.00000    3.63810E-14
  5153.00000    3.49170E-14
  5156.00000    3.66820E-14
  5159.00000    3.73030E-14
  5162.00000    3.61160E-14
  5165.00000    3.51740E-14
  5168.00000    3.27060E-14
  5171.00000    3.27360E-14
  5174.00000    3.34300E-14
  5177.00000    3.59400E-14
  5180.00000    3.49180E-14
  5183.00000    3.40160E-14
  5186.00000    3.40240E-14
  5189.00000    3.52390E-14
  5192.00000    3.51090E-14
  5195.00000    3.49210E-14
  5198.00000    3.53570E-14
  5201.00000    3.59830E-14
  5204.00000    3.50040E-14
  5207.00000    3.33770E-14
  5210.00000    3.48030E-14
  5213.00000    3.60700E-14
  5216.00000    3.55550E-14
  5219.00000    3.58470E-14
  5222.00000    3.57280E-14
  5225.00000    3.56420E-14
  5228.00000    3.37720E-14
  5231.00000    3.56630E-14
  5234.00000    3.57350E-14
  5237.00000    3.57650E-14
  5240.00000    3.65600E-14
  5243.00000    3.64450E-14
  5246.00000    3.53310E-14
  5249.00000    3.50640E-14
  5252.00000    3.46470E-14
  5255.00000    3.47420E-14
  5258.00000    3.60660E-14
  5261.00000    3.45590E-14
  5264.00000    3.26710E-14
  5267.00000    3.29560E-14
  5270.00000    3.21940E-14
  5273.00000    3.35050E-14
  5276.00000    3.46030E-14
  5279.00000    3.51300E-14
  5282.00000    3.45180E-14
  5285.00000    3.54670E-14
  5288.00000    3.54380E-14
  5291.00000    3.58800E-14
  5294.00000    3.49430E-14
  5297.00000    3.51060E-14
  5300.00000    3.45560E-14
  5303.00000    3.60190E-14
  5306.00000    3.54780E-14
  5309.00000    3.58240E-14
  5312.00000    3.62560E-14
  5315.00000    3.57870E-14
  5318.00000    3.55350E-14
  5321.00000    3.49710E-14
  5324.00000    3.47420E-14
  5327.00000    3.28030E-14
  5330.00000    3.33100E-14
  5333.00000    3.51220E-14
  5336.00000    3.46620E-14
  5339.00000    3.41760E-14
  5342.00000    3.47220E-14
  5345.00000    3.47570E-14
  5348.00000    3.48790E-14
  5351.00000    3.53600E-14
  5354.00000    3.56330E-14
  5357.00000    3.58320E-14
  5360.00000    3.55960E-14
  5363.00000    3.52580E-14
  5366.00000    3.37850E-14
  5369.00000    3.38190E-14
  5372.00000    3.32460E-14
  5375.00000    3.58880E-14
  5378.00000    3.53280E-14
  5381.00000    3.43830E-14
  5384.00000    3.47510E-14
  5387.00000    3.50930E-14
  5390.00000    3.53710E-14
  5393.00000    3.39160E-14
  5396.00000    3.36640E-14
  5399.00000    3.31150E-14
  5402.00000    3.31760E-14
  5405.00000    3.27560E-14
  5408.00000    3.28690E-14
  5411.00000    3.34710E-14
  5414.00000    3.39700E-14
  5417.00000    3.39080E-14
  5420.00000    3.45850E-14
  5423.00000    3.45190E-14
  5426.00000    3.37500E-14
  5429.00000    3.36680E-14
  5432.00000    3.34950E-14
  5435.00000    3.33730E-14
  5438.00000    3.45890E-14
  5441.00000    3.48110E-14
  5444.00000    3.45500E-14
  5447.00000    3.40460E-14
  5450.00000    3.51320E-14
  5453.00000    3.38590E-14
  5456.00000    3.40740E-14
  5459.00000    3.39940E-14
  5462.00000    3.39450E-14
  5465.00000    3.35520E-14
  5468.00000    3.31870E-14
  5471.00000    3.36420E-14
  5474.00000    3.32890E-14
  5477.00000    3.23980E-14
  5480.00000    3.29600E-14
  5483.00000    3.45940E-14
  5486.00000    3.45170E-14
  5489.00000    3.33020E-14
  5492.00000    3.37000E-14
  5495.00000    3.33890E-14
  5498.00000    3.40100E-14
  5501.00000    3.39770E-14
  5504.00000    3.29640E-14
  5507.00000    3.23210E-14
  5510.00000    3.29190E-14
  5513.00000    3.21910E-14
  5516.00000    3.33930E-14
  5519.00000    3.33960E-14
  5522.00000    3.41360E-14
  5525.00000    3.37480E-14
  5528.00000    3.24140E-14
  5531.00000    3.28020E-14
  5534.00000    3.28380E-14
  5537.00000    3.35600E-14
  5540.00000    3.37370E-14
  5543.00000    3.39540E-14
  5546.00000    3.34670E-14
  5549.00000    3.32550E-14
  5552.00000    3.35950E-14
  5555.00000    3.28120E-14
  5558.00000    3.34840E-14
  5561.00000    3.29700E-14
  5564.00000    3.38650E-14
  5567.00000    3.34470E-14
  5570.00000    3.20930E-14
  5573.00000    3.30760E-14
  5576.00000    3.24350E-14
  5579.00000    3.36300E-14
  5582.00000    3.28590E-14
  5585.00000    3.30660E-14
  5588.00000    3.19870E-14
  5591.00000    3.14230E-14
  5594.00000    3.26410E-14
  5597.00000    3.30560E-14
  5600.00000    3.22260E-14
  5603.00000    3.21450E-14
  5606.00000    3.26850E-14
  5609.00000    3.38460E-14
  5612.00000    3.37020E-14
  5615.00000    3.23850E-14
  5618.00000    3.18710E-14
  5621.00000    3.27300E-14
  5624.00000    3.30780E-14
  5627.00000    3.20330E-14
  5630.00000    3.33930E-14
  5633.00000    3.35050E-14
  5636.00000    3.21950E-14
  5639.00000    3.27540E-14
  5642.00000    3.17010E-14
  5645.00000    3.23270E-14
  5648.00000    3.26010E-14
  5651.00000    3.29470E-14
  5654.00000    3.23720E-14
  5657.00000    3.11630E-14
  5660.00000    3.15510E-14
  5663.00000    3.22560E-14
  5666.00000    3.20380E-14
  5669.00000    3.19450E-14
  5672.00000    3.24960E-14
  5675.00000    3.30780E-14
  5678.00000    3.23020E-14
  5681.00000    3.14950E-14
  5684.00000    3.21460E-14
  5687.00000    3.18320E-14
  5690.00000    3.27150E-14
  5693.00000    3.20750E-14
  5696.00000    3.25390E-14
  5699.00000    3.18720E-14
  5702.00000    3.08670E-14
  5705.00000    3.12420E-14
  5708.00000    3.06240E-14
  5711.00000    3.14420E-14
  5714.00000    3.14470E-14
  5717.00000    3.23960E-14
  5720.00000    3.24360E-14
  5723.00000    3.25020E-14
  5726.00000    3.29530E-14
  5729.00000    3.29390E-14
  5732.00000    3.27540E-14
  5735.00000    3.26550E-14
  5738.00000    3.18970E-14
  5741.00000    3.22450E-14
  5744.00000    3.20780E-14
  5747.00000    3.19610E-14
  5750.00000    3.21960E-14
  5753.00000    3.11870E-14
  5756.00000    3.26840E-14
  5759.00000    3.21780E-14
  5762.00000    3.10330E-14
  5765.00000    3.25600E-14
  5768.00000    3.21090E-14
  5771.00000    3.22230E-14
  5774.00000    3.10740E-14
  5777.00000    3.25830E-14
  5780.00000    3.09480E-14
  5783.00000    3.09770E-14
  5786.00000    3.10590E-14
  5789.00000    3.22150E-14
  5792.00000    3.07660E-14
  5795.00000    3.23620E-14
  5798.00000    3.15330E-14
  5801.00000    3.12610E-14
  5804.00000    3.19220E-14
  5807.00000    3.23870E-14
  5810.00000    3.15050E-14
  5813.00000    3.26130E-14
  5816.00000    3.21420E-14
  5819.00000    3.23570E-14
  5822.00000    3.24920E-14
  5825.00000    3.23900E-14
  5828.00000    3.30280E-14
  5831.00000    3.22250E-14
  5834.00000    3.17890E-14
  5837.00000    3.24160E-14
  5840.00000    3.21790E-14
  5843.00000    3.20610E-14
  5846.00000    3.22380E-14
  5849.00000    3.20890E-14
  5852.00000    3.16940E-14
  5855.00000    3.01430E-14
  5858.00000    3.12020E-14
  5861.00000    3.08930E-14
  5864.00000    3.18800E-14
  5867.00000    3.12010E-14
  5870.00000    3.23140E-14
  5873.00000    3.15830E-14
  5876.00000    3.02940E-14
  5879.00000    3.09100E-14
  5882.00000    3.09870E-14
  5885.00000    2.98720E-14
  5888.00000    2.96450E-14
  5891.00000    2.76930E-14
  5894.00000    2.78900E-14
  5897.00000    2.82680E-14
  5900.00000    2.94850E-14
  5903.00000    3.01170E-14
  5906.00000    3.04690E-14
  5909.00000    3.11230E-14
  5912.00000    3.11190E-14
  5915.00000    3.11260E-14
  5918.00000    3.14360E-14
  5921.00000    3.10720E-14
  5924.00000    3.05320E-14
  5927.00000    3.17260E-14
  5930.00000    3.04090E-14
  5933.00000    3.02870E-14
  5936.00000    3.10600E-14
  5939.00000    3.09510E-14
  5942.00000    3.05590E-14
  5945.00000    3.05800E-14
  5948.00000    2.95910E-14
  5951.00000    3.06810E-14
  5954.00000    2.98440E-14
  5957.00000    3.05050E-14
  5960.00000    3.04480E-14
  5963.00000    3.04380E-14
  5966.00000    3.10460E-14
  5969.00000    3.00490E-14
  5972.00000    3.05660E-14
  5975.00000    3.08860E-14
  5978.00000    3.06360E-14
  5981.00000    3.04730E-14
  5984.00000    2.92690E-14
  5987.00000    3.03560E-14
  5990.00000    3.07400E-14
  5993.00000    3.11900E-14
  5996.00000    2.96570E-14
  5999.00000    3.03670E-14
  6002.00000    3.00890E-14
  6005.00000    2.93640E-14
  6008.00000    2.96880E-14
  6011.00000    2.98020E-14
  6014.00000    2.95210E-14
  6017.00000    2.95980E-14
  6020.00000    3.03100E-14
  6023.00000    3.06380E-14
  6026.00000    3.03200E-14
  6029.00000    3.03560E-14
  6032.00000    3.10850E-14
  6035.00000    3.10630E-14
  6038.00000    3.10500E-14
  6041.00000    3.00920E-14
  6044.00000    3.02560E-14
  6047.00000    3.11110E-14
  6050.00000    3.01160E-14
  6053.00000    2.98320E-14
  6056.00000    2.97850E-14
  6059.00000    3.05500E-14
  6062.00000    2.96800E-14
  6065.00000    2.93960E-14
  6068.00000    2.89280E-14
  6071.00000    3.16450E-14
  6074.00000    3.01770E-14
  6077.00000    2.99110E-14
  6080.00000    2.97850E-14
  6083.00000    2.97810E-14
  6086.00000    3.03410E-14
  6089.00000    2.93690E-14
  6092.00000    2.90930E-14
  6095.00000    2.95060E-14
  6098.00000    2.99350E-14
  6101.00000    2.91370E-14
  6104.00000    2.88230E-14
  6107.00000    3.04690E-14
  6110.00000    3.06260E-14
  6113.00000    2.97070E-14
  6116.00000    3.07030E-14
  6119.00000    3.03260E-14
  6122.00000    2.92930E-14
  6125.00000    2.93710E-14
  6128.00000    2.99150E-14
  6131.00000    2.91990E-14
  6134.00000    2.93110E-14
  6137.00000    2.85050E-14
  6140.00000    2.99980E-14
  6143.00000    2.98510E-14
  6146.00000    2.93900E-14
  6149.00000    2.87520E-14
  6152.00000    2.87090E-14
  6155.00000    2.90460E-14
  6158.00000    2.87830E-14
  6161.00000    2.75930E-14
  6164.00000    2.82410E-14
  6167.00000    2.80320E-14
  6170.00000    2.83420E-14
  6173.00000    2.89780E-14
  6176.00000    2.96160E-14
  6179.00000    2.92570E-14
  6182.00000    2.93750E-14
  6185.00000    2.79880E-14
  6188.00000    2.87370E-14
  6191.00000    2.86980E-14
  6194.00000    2.81390E-14
  6197.00000    2.88920E-14
  6200.00000    2.91710E-14
  6203.00000    2.94200E-14
  6206.00000    2.90740E-14
  6209.00000    2.82450E-14
  6212.00000    2.78910E-14
  6215.00000    2.85330E-14
  6218.00000    2.91390E-14
  6221.00000    2.79610E-14
  6224.00000    2.87340E-14
  6227.00000    2.81330E-14
  6230.00000    2.69230E-14
  6233.00000    2.84790E-14
  6236.00000    2.81860E-14
  6239.00000    2.79920E-14
  6242.00000    2.73760E-14
  6245.00000    2.72520E-14
  6248.00000    2.77650E-14
  6251.00000    2.74990E-14
  6254.00000    2.74310E-14
  6257.00000    2.79970E-14
  6260.00000    2.82230E-14
  6263.00000    2.83780E-14
  6266.00000    2.87160E-14
  6269.00000    2.78010E-14
  6272.00000    2.75000E-14
  6275.00000    2.79110E-14
  6278.00000    2.65880E-14
  6281.00000    2.80090E-14
  6284.00000    2.77240E-14
  6287.00000    2.77380E-14
  6290.00000    2.84230E-14
  6293.00000    2.68620E-14
  6296.00000    2.77010E-14
  6299.00000    2.79590E-14
  6302.00000    2.68830E-14
  6305.00000    2.72220E-14
  6308.00000    2.82400E-14
  6311.00000    2.75930E-14
  6314.00000    2.73510E-14
  6317.00000    2.79620E-14
  6320.00000    2.72190E-14
  6323.00000    2.75880E-14
  6326.00000    2.82430E-14
  6329.00000    2.78550E-14
  6332.00000    2.86360E-14
  6335.00000    2.76130E-14
  6338.00000    2.83250E-14
  6341.00000    2.78860E-14
  6344.00000    2.80940E-14
  6347.00000    2.83700E-14
  6350.00000    2.76380E-14
  6353.00000    2.79370E-14
  6356.00000    2.78260E-14
  6359.00000    2.73670E-14
  6362.00000    2.79040E-14
  6365.00000    2.71090E-14
  6368.00000    2.74500E-14
  6371.00000    2.76350E-14
  6374.00000    2.87190E-14
  6377.00000    2.83880E-14
  6380.00000    2.78390E-14
  6383.00000    2.82520E-14
  6386.00000    2.87580E-14
  6389.00000    2.83230E-14
  6392.00000    2.71380E-14
  6395.00000    2.82370E-14
  6398.00000    2.75460E-14
  6401.00000    2.74820E-14
  6404.00000    2.73000E-14
  6407.00000    2.67030E-14
  6410.00000    2.75190E-14
  6413.00000    2.83030E-14
  6416.00000    2.78770E-14
  6419.00000    2.71080E-14
  6422.00000    2.70370E-14
  6425.00000    2.83780E-14
  6428.00000    2.83680E-14
  6431.00000    2.75750E-14
  6434.00000    2.77520E-14
  6437.00000    2.79230E-14
  6440.00000    2.73320E-14
  6443.00000    2.82550E-14
  6446.00000    2.86950E-14
  6449.00000    2.70660E-14
  6452.00000    2.73730E-14
  6455.00000    2.71800E-14
  6458.00000    2.84700E-14
  6461.00000    2.70700E-14
  6464.00000    2.77310E-14
  6467.00000    2.77770E-14
  6470.00000    2.69960E-14
  6473.00000    2.79410E-14
  6476.00000    2.72100E-14
  6479.00000    2.71470E-14
  6482.00000    2.79090E-14
  6485.00000    2.77850E-14
  6488.00000    2.79020E-14
  6491.00000    2.70080E-14
  6494.00000    2.64580E-14
  6497.00000    2.59550E-14
  6500.00000    2.74120E-14
  6503.00000    2.68840E-14
  6506.00000    2.79190E-14
  6509.00000    2.74580E-14
  6512.00000    2.69270E-14
  6515.00000    2.68830E-14
  6518.00000    2.72520E-14
  6521.00000    2.74060E-14
  6524.00000    2.69650E-14
  6527.00000    2.68290E-14
  6530.00000    2.70040E-14
  6533.00000    2.68700E-14
  6536.00000    2.77110E-14
  6539.00000    2.82390E-14
  6542.00000    2.64790E-14
  6545.00000    2.55990E-14
  6548.00000    2.64350E-14
  6551.00000    2.59440E-14
  6554.00000    2.51350E-14
  6557.00000    2.39360E-14
  6560.00000    2.11100E-14
  6563.00000    1.90760E-14
  6566.00000    2.36100E-14
  6569.00000    2.48460E-14
  6572.00000    2.46080E-14
  6575.00000    2.58020E-14
  6578.00000    2.57600E-14
  6581.00000    2.63630E-14
  6584.00000    2.59880E-14
  6587.00000    2.70960E-14
  6590.00000    2.61230E-14
  6593.00000    2.57080E-14
  6596.00000    2.66300E-14
  6599.00000    2.66080E-14
  6602.00000    2.71780E-14
  6605.00000    2.64710E-14
  6608.00000    2.63630E-14
  6611.00000    2.62430E-14
  6614.00000    2.65770E-14
  6617.00000    2.74350E-14
  6620.00000    2.68520E-14
  6623.00000    2.68830E-14
  6626.00000    2.64460E-14
  6629.00000    2.62140E-14
  6632.00000    2.57280E-14
  6635.00000    2.68600E-14
  6638.00000    2.71310E-14
  6641.00000    2.58290E-14
  6644.00000    2.59850E-14
  6647.00000    2.71390E-14
  6650.00000    2.72630E-14
  6653.00000    2.74060E-14
  6656.00000    2.58680E-14
  6659.00000    2.67130E-14
  6662.00000    2.64350E-14
  6665.00000    2.58690E-14
  6668.00000    2.70900E-14
  6671.00000    2.61820E-14
  6674.00000    2.58240E-14
  6677.00000    2.57980E-14
  6680.00000    2.56110E-14
  6683.00000    2.58400E-14
  6686.00000    2.65370E-14
  6689.00000    2.59620E-14
  6692.00000    2.60780E-14
  6695.00000    2.63560E-14
  6698.00000    2.65180E-14
  6701.00000    2.66240E-14
  6704.00000    2.64590E-14
  6707.00000    2.64320E-14
  6710.00000    2.63330E-14
  6713.00000    2.63860E-14
  6716.00000    2.62630E-14
  6719.00000    2.58060E-14
  6722.00000    2.65570E-14
  6725.00000    2.63730E-14
  6728.00000    2.64350E-14
  6731.00000    2.72210E-14
  6734.00000    2.52280E-14
  6737.00000    2.68000E-14
  6740.00000    2.64390E-14
  6743.00000    2.56950E-14
  6746.00000    2.58590E-14
  6749.00000    2.64060E-14
  6752.00000    2.62990E-14
  6755.00000    2.57360E-14
  6758.00000    2.58560E-14
  6761.00000    2.52750E-14
  6764.00000    2.57370E-14
  6767.00000    2.65630E-14
  6770.00000    2.53620E-14
  6773.00000    2.60340E-14
  6776.00000    2.53920E-14
  6779.00000    2.63120E-14
  6782.00000    2.57700E-14
  6785.00000    2.62130E-14
  6788.00000    2.57090E-14
  6791.00000    2.65480E-14
  6794.00000    2.51350E-14
  6797.00000    2.52130E-14
  6800.00000    2.57270E-14
  6803.00000    2.59810E-14
  6806.00000    2.53930E-14
  6809.00000    2.59480E-14
  6812.00000    2.57430E-14
  6815.00000    2.46730E-14
  6818.00000    2.48600E-14
  6821.00000    2.62220E-14
  6824.00000    2.63740E-14
  6827.00000    2.52360E-14
  6830.00000    2.53860E-14
  6833.00000    2.55680E-14
  6836.00000    2.58250E-14
  6839.00000    2.55730E-14
  6842.00000    2.46610E-14
  6845.00000    2.48130E-14
  6848.00000    2.58090E-14
  6851.00000    2.54370E-14
  6854.00000    2.55030E-14
  6857.00000    2.43360E-14
  6860.00000    2.43940E-14
  6863.00000    2.54640E-14
  6866.00000    2.53950E-14
  6869.00000    2.52130E-14
  6872.00000    2.62330E-14
  6875.00000    2.40540E-14
  6878.00000    2.49840E-14
  6881.00000    2.60510E-14
  6884.00000    2.44720E-14
  6887.00000    2.43180E-14
  6890.00000    2.48730E-14
  6893.00000    2.49090E-14
  6896.00000    2.51550E-14
  6899.00000    2.48390E-14
  6902.00000    2.54550E-14
  6905.00000    2.53680E-14
  6908.00000    2.46200E-14
  6911.00000    2.45890E-14
  6914.00000    2.49550E-14
  6917.00000    2.56430E-14
  6920.00000    2.47920E-14
  6923.00000    2.44730E-14
  6926.00000    2.49150E-14
  6929.00000    2.57770E-14
  6932.00000    2.57610E-14
  6935.00000    2.50120E-14
  6938.00000    2.44180E-14
  6941.00000    2.49720E-14
  6944.00000    2.47270E-14
  6947.00000    2.51500E-14
  6950.00000    2.48710E-14
  6953.00000    2.60060E-14
  6956.00000    2.43060E-14
  6959.00000    2.48570E-14
  6962.00000    2.54430E-14
  6965.00000    2.48240E-14
  6968.00000    2.45170E-14
  6971.00000    2.58420E-14
  6974.00000    2.38900E-14
  6977.00000    2.41480E-14
  6980.00000    2.53170E-14
  6983.00000    2.49180E-14
  6986.00000    2.55950E-14
  6989.00000    2.56630E-14
  6992.00000    2.53750E-14
  6995.00000    2.58950E-14
  6998.00000    2.46600E-14
  7001.00000    2.53190E-14
  7004.00000    2.52340E-14
  7007.00000    2.49000E-14
  7010.00000    2.41330E-14
  7013.00000    2.39150E-14
  7016.00000    2.33530E-14
  7019.00000    2.37510E-14
  7022.00000    2.48750E-14
  7025.00000    2.46670E-14
  7028.00000    2.45760E-14
  7031.00000    2.50070E-14
  7034.00000    2.53750E-14
  7037.00000    2.47790E-14
  7040.00000    2.54710E-14
  7043.00000    2.61730E-14
  7046.00000    2.49120E-14
  7049.00000    2.50330E-14
  7052.00000    2.47760E-14
  7055.00000    2.48880E-14
  7058.00000    2.46620E-14
  7061.00000    2.40050E-14
  7064.00000    2.35940E-14
  7067.00000    2.40190E-14
  7070.00000    2.42110E-14
  7073.00000    2.45760E-14
  7076.00000    2.46490E-14
  7079.00000    2.49410E-14
  7082.00000    2.48610E-14
  7085.00000    2.38290E-14
  7088.00000    2.45480E-14
  7091.00000    2.35280E-14
  7094.00000    2.37650E-14
  7097.00000    2.40630E-14
  7100.00000    2.42570E-14
  7103.00000    2.49560E-14
  7106.00000    2.44840E-14
  7109.00000    2.36490E-14
  7112.00000    2.35610E-14
  7115.00000    2.39470E-14
  7118.00000    2.47020E-14
  7121.00000    2.39760E-14
  7124.00000    2.48180E-14
  7127.00000    2.40370E-14
  7130.00000    2.37340E-14
  7133.00000    2.37410E-14
  7136.00000    2.36270E-14
  7139.00000    2.32280E-14
  7142.00000    2.35150E-14
  7145.00000    2.37520E-14
  7148.00000    2.36800E-14
  7151.00000    2.40860E-14
  7154.00000    2.35140E-14
  7157.00000    2.38140E-14
  7160.00000    2.45460E-14
  7163.00000    2.41950E-14
  7166.00000    2.32830E-14
  7169.00000    2.33780E-14
  7172.00000    2.31740E-14
  7175.00000    2.37820E-14
  7178.00000    2.30780E-14
  7181.00000    2.32160E-14
  7184.00000    2.25630E-14
  7187.00000    2.20750E-14
  7190.00000    2.31330E-14
  7193.00000    2.35120E-14
  7196.00000    2.39410E-14
  7199.00000    2.25080E-14
  7202.00000    2.31590E-14
  7205.00000    2.29000E-14
  7208.00000    2.37140E-14
  7211.00000    2.38230E-14
  7214.00000    2.25340E-14
  7217.00000    2.44950E-14
  7220.00000    2.33410E-14
  7223.00000    2.41910E-14
  7226.00000    2.37730E-14
  7229.00000    2.39260E-14
  7232.00000    2.40100E-14
  7235.00000    2.38630E-14
  7238.00000    2.41160E-14
  7241.00000    2.37850E-14
  7244.00000    2.30320E-14
  7247.00000    2.39310E-14
  7250.00000    2.34130E-14
  7253.00000    2.32310E-14
  7256.00000    2.35630E-14
  7259.00000    2.36900E-14
  7262.00000    2.34340E-14
  7265.00000    2.36710E-14
  7268.00000    2.43730E-14
  7271.00000    2.27270E-14
  7274.00000    2.31000E-14
  7277.00000    2.31100E-14
  7280.00000    2.30880E-14
  7283.00000    2.33610E-14
  7286.00000    2.28370E-14
  7289.00000    2.23490E-14
  7292.00000    2.27490E-14
  7295.00000    2.40000E-14
  7298.00000    2.44350E-14
  7301.00000    2.30230E-14
  7304.00000    2.37260E-14
  7307.00000    2.40600E-14
  7310.00000    2.39220E-14
  7313.00000    2.42540E-14
  7316.00000    2.33020E-14
  7319.00000    2.41700E-14
  7322.00000    2.37290E-14
  7325.00000    2.35910E-14
  7328.00000    2.41010E-14
  7331.00000    2.37720E-14
  7334.00000    2.32970E-14
  7337.00000    2.43320E-14
  7340.00000    2.41620E-14
  7343.00000    2.44590E-14
  7346.00000    2.38160E-14
  7349.00000    2.33280E-14
  7352.00000    2.27570E-14
  7355.00000    2.33640E-14
  7358.00000    2.36980E-14
  7361.00000    2.35660E-14
  7364.00000    2.48050E-14
  7367.00000    2.43990E-14
  7370.00000    2.41950E-14
  7373.00000    2.45140E-14
  7376.00000    2.37100E-14
  7379.00000    2.43020E-14
  7382.00000    2.37160E-14
  7385.00000    2.37010E-14
  7388.00000    2.26050E-14
  7391.00000    2.23890E-14
  7394.00000    2.48940E-14
  7397.00000    2.48170E-14
  7400.00000    2.39640E-14
  7403.00000    2.42350E-14
  7406.00000    2.35190E-14
  7409.00000    2.38210E-14
  7412.00000    2.42130E-14
  7415.00000    2.32430E-14
  7418.00000    2.32760E-14
  7421.00000    2.26840E-14
  7424.00000    2.44060E-14
  7427.00000    2.43420E-14
  7430.00000    2.47580E-14
  7433.00000    2.41320E-14
  7436.00000    2.36270E-14
  7439.00000    2.31400E-14
  7442.00000    2.29290E-14
  7445.00000    2.23500E-14
  7448.00000    2.32820E-14
  7451.00000    2.37790E-14
  7454.00000    2.47120E-14
  7457.00000    2.33110E-14
  7460.00000    2.39130E-14
  7463.00000    2.33070E-14
  7466.00000    2.39640E-14
  7469.00000    2.35990E-14
  7472.00000    2.36510E-14
  7475.00000    2.37410E-14
  7478.00000    2.36070E-14
  7481.00000    2.40690E-14
  7484.00000    2.30870E-14
  7487.00000    2.32910E-14
  7490.00000    2.30520E-14
  7493.00000    2.28600E-14
  7496.00000    2.32840E-14
  7499.00000    2.38070E-14
  7502.00000    2.43460E-14
  7505.00000    2.40420E-14
  7508.00000    2.36120E-14
  7511.00000    2.37530E-14
  7514.00000    2.36300E-14
  7517.00000    2.42500E-14
  7520.00000    2.41830E-14
  7523.00000    2.32640E-14
  7526.00000    2.38540E-14
  7529.00000    2.42110E-14
  7532.00000    2.33140E-14
  7535.00000    2.40740E-14
  7538.00000    2.44030E-14
  7541.00000    2.42170E-14
  7544.00000    2.38180E-14
  7547.00000    2.33310E-14
  7550.00000    2.35210E-14
  7553.00000    2.36020E-14
  7556.00000    2.38080E-14
  7559.00000    2.27530E-14
  7562.00000    2.37300E-14
  7565.00000    2.33540E-14
  7568.00000    2.33770E-14
  7571.00000    2.41110E-14
  7574.00000    2.41350E-14
  7577.00000    2.40850E-14
  7580.00000    2.34340E-14
  7583.00000    2.33440E-14
  7586.00000    2.23680E-14
  7589.00000    2.31930E-14
  7592.00000    2.32210E-14
  7595.00000    2.31970E-14
  7598.00000    2.33830E-14
  7601.00000    2.38660E-14
  7604.00000    2.23830E-14
  7607.00000    2.25460E-14
  7610.00000    2.28910E-14
  7613.00000    2.30810E-14
  7616.00000    2.27210E-14
  7619.00000    2.33860E-14
  7622.00000    2.30690E-14
  7625.00000    2.35330E-14
  7628.00000    2.27870E-14
  7631.00000    2.27710E-14
  7634.00000    2.28970E-14
  7637.00000    2.33890E-14
  7640.00000    2.31240E-14
  7643.00000    2.32130E-14
  7646.00000    2.27920E-14
  7649.00000    2.25720E-14
  7652.00000    2.16440E-14
  7655.00000    2.33170E-14
  7658.00000    2.20560E-14
  7661.00000    2.17120E-14
  7664.00000    2.25750E-14
  7667.00000    2.11970E-14
  7670.00000    2.18500E-14
  7673.00000    2.22560E-14
  7676.00000    2.25520E-14
  7679.00000    2.23040E-14
  7682.00000    2.25730E-14
  7685.00000    2.23500E-14
  7688.00000    2.15490E-14
  7691.00000    2.22080E-14
  7694.00000    2.22310E-14
  7697.00000    2.26900E-14
  7700.00000    2.07070E-14
  7703.00000    2.14900E-14
  7706.00000    2.16900E-14
  7709.00000    2.26840E-14
  7712.00000    2.22860E-14
  7715.00000    2.25230E-14
  7718.00000    2.24250E-14
  7721.00000    2.21300E-14
  7724.00000    2.26880E-14
  7727.00000    2.20350E-14
  7730.00000    2.21730E-14
  7733.00000    2.12950E-14
  7736.00000    2.22890E-14
  7739.00000    2.26960E-14
  7742.00000    2.26290E-14
  7745.00000    2.20920E-14
  7748.00000    2.08020E-14
  7751.00000    2.14660E-14
  7754.00000    2.27870E-14
  7757.00000    2.20620E-14
  7760.00000    2.16830E-14
  7763.00000    2.15550E-14
  7766.00000    2.12830E-14
  7769.00000    2.20180E-14
  7772.00000    2.09460E-14
  7775.00000    2.16350E-14
  7778.00000    2.19710E-14
  7781.00000    2.17220E-14
  7784.00000    2.16920E-14
  7787.00000    2.16050E-14
  7790.00000    2.27180E-14
  7793.00000    2.24950E-14
  7796.00000    2.17810E-14
  7799.00000    2.20110E-14
  7802.00000    2.21540E-14
  7805.00000    2.25040E-14
  7808.00000    2.24950E-14
  7811.00000    2.19130E-14
  7814.00000    2.20820E-14
  7817.00000    2.21840E-14
  7820.00000    2.19740E-14
  7823.00000    2.27570E-14
  7826.00000    2.22080E-14
  7829.00000    2.12270E-14
  7832.00000    2.20170E-14
  7835.00000    2.19220E-14
  7838.00000    2.20520E-14
  7841.00000    2.21510E-14
  7844.00000    2.23430E-14
  7847.00000    2.27420E-14
  7850.00000    2.16960E-14
  7853.00000    2.15540E-14
  7856.00000    2.25940E-14
  7859.00000    2.14160E-14
  7862.00000    2.25490E-14
  7865.00000    2.19800E-14
  7868.00000    2.23680E-14
  7871.00000    2.15930E-14
  7874.00000    2.16210E-14
  7877.00000    2.21090E-14
  7880.00000    2.11970E-14
  7883.00000    2.27560E-14
  7886.00000    2.19850E-14
  7889.00000    2.33010E-14
  7892.00000    2.06480E-14
  7895.00000    2.17620E-14
  7898.00000    2.11040E-14
  7901.00000    2.13570E-14
  7904.00000    2.17850E-14
  7907.00000    2.22630E-14
  7910.00000    2.17740E-14
  7913.00000    2.15150E-14
  7916.00000    2.07980E-14
  7919.00000    2.19070E-14
  7922.00000    2.25460E-14
  7925.00000    2.21560E-14
  7928.00000    2.18440E-14
  7931.00000    2.09790E-14
  7934.00000    2.16960E-14
  7937.00000    2.01370E-14
  7940.00000    2.13900E-14
  7943.00000    2.02570E-14
  7946.00000    2.07110E-14
  7949.00000    2.11940E-14
  7952.00000    2.13080E-14
  7955.00000    2.09520E-14
  7958.00000    2.12270E-14
  7961.00000    2.03100E-14
  7964.00000    2.05160E-14
  7967.00000    2.16000E-14
  7970.00000    2.20590E-14
  7973.00000    2.14260E-14
  7976.00000    2.12010E-14
  7979.00000    2.09920E-14
  7982.00000    2.07450E-14
  7985.00000    2.13690E-14
  7988.00000    2.21790E-14
  7991.00000    2.29630E-14
  7994.00000    2.21070E-14
  7997.00000    2.10390E-14
  8000.00000    2.14480E-14
  8003.00000    2.17420E-14
  8006.00000    2.17970E-14
  8009.00000    2.20950E-14
  8012.00000    2.20420E-14
  8015.00000    2.12090E-14
  8018.00000    2.12430E-14
  8021.00000    2.19350E-14
  8024.00000    2.14750E-14
  8027.00000    2.03810E-14
  8030.00000    2.10280E-14
  8033.00000    2.15760E-14
  8036.00000    2.07680E-14
  8039.00000    2.17680E-14
  8042.00000    2.22950E-14
  8045.00000    2.10220E-14
  8048.00000    2.08170E-14
  8051.00000    2.15580E-14
  8054.00000    2.12980E-14
  8057.00000    2.14510E-14
  8060.00000    2.18380E-14
  8063.00000    2.13920E-14
  8066.00000    2.09710E-14
  8069.00000    2.10370E-14
  8072.00000    2.04410E-14
  8075.00000    2.14850E-14
  8078.00000    2.15720E-14
  8081.00000    2.19210E-14
  8084.00000    2.01760E-14
  8087.00000    2.05690E-14
  8090.00000    2.08290E-14
  8093.00000    2.06740E-14
  8096.00000    2.06430E-14
  8099.00000    2.12450E-14
  8102.00000    2.10840E-14
  8105.00000    2.15320E-14
  8108.00000    2.13880E-14
  8111.00000    2.22410E-14
  8114.00000    2.04220E-14
  8117.00000    2.01060E-14
  8120.00000    2.20700E-14
  8123.00000    2.15240E-14
  8126.00000    2.11910E-14
  8129.00000    2.18310E-14
  8132.00000    2.06800E-14
  8135.00000    2.15000E-14
  8138.00000    2.12960E-14
  8141.00000    2.17660E-14
  8144.00000    2.07610E-14
  8147.00000    2.08420E-14
  8150.00000    2.11240E-14
  8153.00000    2.13620E-14
  8156.00000    2.05790E-14
  8159.00000    2.04730E-14
  8162.00000    1.98920E-14
  8165.00000    2.03360E-14
  8168.00000    2.16040E-14
  8171.00000    2.06850E-14
  8174.00000    2.14940E-14
  8177.00000    2.00330E-14
  8180.00000    2.10730E-14
  8183.00000    2.00020E-14
  8186.00000    2.17760E-14
  8189.00000    1.99590E-14
  8192.00000    1.93040E-14
  8195.00000    1.90780E-14
  8198.00000    1.88760E-14
  8201.00000    2.04250E-14
  8204.00000    2.09150E-14
  8207.00000    2.09550E-14
  8210.00000    2.10470E-14
  8213.00000    2.07670E-14
  8216.00000    2.10260E-14
  8219.00000    2.04640E-14
  8222.00000    2.03850E-14
  8225.00000    1.99660E-14
  8228.00000    1.86650E-14
  8231.00000    2.04330E-14
  8234.00000    2.03520E-14
  8237.00000    2.03400E-14
  8240.00000    2.03680E-14
  8243.00000    2.06490E-14
  8246.00000    2.03010E-14
  8249.00000    2.16330E-14
  8252.00000    2.11550E-14
  8255.00000    2.03880E-14
  8258.00000    2.06390E-14
  8261.00000    2.05040E-14
  8264.00000    2.18070E-14
  8267.00000    2.13420E-14
  8270.00000    2.16580E-14
  8273.00000    1.98380E-14
  8276.00000    1.96140E-14
  8279.00000    2.05360E-14
  8282.00000    2.01360E-14
  8285.00000    2.13770E-14
  8288.00000    1.99460E-14
  8291.00000    2.04080E-14
  8294.00000    2.02230E-14
  8297.00000    2.05870E-14
  8300.00000    2.08980E-14
  8303.00000    2.05270E-14
  8306.00000    2.00250E-14
  8309.00000    2.05290E-14
  8312.00000    2.08570E-14
  8315.00000    2.09110E-14
  8318.00000    2.08420E-14
  8321.00000    2.04470E-14
  8324.00000    2.03770E-14
  8327.00000    2.05130E-14
  8330.00000    2.00870E-14
  8333.00000    1.94920E-14
  8336.00000    2.02330E-14
  8339.00000    2.11970E-14
  8342.00000    1.98950E-14
  8345.00000    2.02600E-14
  8348.00000    2.19610E-14
  8351.00000    2.06670E-14
  8354.00000    2.07740E-14
  8357.00000    2.11630E-14
  8360.00000    2.07890E-14
  8363.00000    2.06200E-14
  8366.00000    2.02010E-14
  8369.00000    2.12080E-14
  8372.00000    2.04300E-14
  8375.00000    1.97420E-14
  8378.00000    2.07360E-14
  8381.00000    1.99340E-14
  8384.00000    2.06540E-14
  8387.00000    2.04040E-14
  8390.00000    1.93520E-14
  8393.00000    2.03880E-14
  8396.00000    2.06250E-14
  8399.00000    2.06600E-14
  8402.00000    2.00730E-14
  8405.00000    2.03610E-14
  8408.00000    2.06860E-14
  8411.00000    2.00160E-14
  8414.00000    2.07480E-14
  8417.00000    2.04670E-14
  8420.00000    2.06750E-14
  8423.00000    1.96050E-14
  8426.00000    2.01190E-14
  8429.00000    2.07690E-14
  8432.00000    2.02740E-14
  8435.00000    1.94480E-14
  8438.00000    1.94590E-14
  8441.00000    1.99950E-14
  8444.00000    1.99570E-14
  8447.00000    1.94100E-14
  8450.00000    1.92060E-14
  8453.00000    1.99650E-14
  8456.00000    2.00910E-14
  8459.00000    2.00920E-14
  8462.00000    1.93840E-14
  8465.00000    1.88830E-14
  8468.00000    1.88020E-14
  8471.00000    1.98250E-14
  8474.00000    2.08830E-14
  8477.00000    2.00780E-14
  8480.00000    2.12440E-14
  8483.00000    2.00390E-14
  8486.00000    1.96600E-14
  8489.00000    2.04390E-14
  8492.00000    2.06400E-14
  8495.00000    1.87690E-14
  8498.00000    1.69630E-14
  8501.00000    1.80480E-14
  8504.00000    2.01310E-14
  8507.00000    2.11460E-14
  8510.00000    2.06260E-14
  8513.00000    2.02650E-14
  8516.00000    1.94740E-14
  8519.00000    2.06380E-14
  8522.00000    1.99340E-14
  8525.00000    2.05100E-14
  8528.00000    2.02420E-14
  8531.00000    2.00830E-14
  8534.00000    1.97480E-14
  8537.00000    1.78730E-14
  8540.00000    1.53500E-14
  8543.00000    1.43640E-14
  8546.00000    1.73180E-14
  8549.00000    2.03310E-14
  8552.00000    1.97670E-14
  8555.00000    2.02510E-14
  8558.00000    2.01290E-14
  8561.00000    2.08000E-14
  8564.00000    2.05740E-14
  8567.00000    2.03340E-14
  8570.00000    2.15430E-14
  8573.00000    1.98630E-14
  8576.00000    1.99510E-14
  8579.00000    1.96900E-14
  8582.00000    2.00240E-14
  8585.00000    1.93910E-14
  8588.00000    1.92220E-14
  8591.00000    1.98160E-14
  8594.00000    1.84220E-14
  8597.00000    1.87020E-14
  8600.00000    1.86560E-14
  8603.00000    2.01520E-14
  8606.00000    1.89620E-14
  8609.00000    1.94340E-14
  8612.00000    1.91820E-14
  8615.00000    1.90840E-14
  8618.00000    1.97190E-14
  8621.00000    2.01670E-14
  8624.00000    2.02210E-14
  8627.00000    2.04720E-14
  8630.00000    1.97720E-14
  8633.00000    1.96150E-14
  8636.00000    1.95520E-14
  8639.00000    2.12360E-14
  8642.00000    1.90010E-14
  8645.00000    2.01820E-14
  8648.00000    1.99770E-14
  8651.00000    1.88740E-14
  8654.00000    1.87010E-14
  8657.00000    1.69720E-14
  8660.00000    1.55470E-14
  8663.00000    1.43920E-14
  8666.00000    1.60030E-14
  8669.00000    1.78170E-14
  8672.00000    1.86400E-14
  8675.00000    1.78200E-14
  8678.00000    1.92560E-14
  8681.00000    1.94040E-14
  8684.00000    1.91820E-14
  8687.00000    1.89640E-14
  8690.00000    1.88690E-14
  8693.00000    1.95980E-14
  8696.00000    1.86550E-14
  8699.00000    1.93560E-14
  8702.00000    1.90680E-14
  8705.00000    1.93840E-14
  8708.00000    1.92440E-14
  8711.00000    1.98840E-14
  8714.00000    2.09020E-14
  8717.00000    1.96670E-14
  8720.00000    2.04710E-14
  8723.00000    1.95550E-14
  8726.00000    1.87910E-14
  8729.00000    1.91460E-14
  8732.00000    1.90210E-14
  8735.00000    1.92720E-14
  8738.00000    1.91600E-14
  8741.00000    1.88180E-14
  8744.00000    1.82830E-14
  8747.00000    1.78140E-14
  8750.00000    1.80610E-14
  8753.00000    1.84400E-14
  8756.00000    1.81920E-14
  8759.00000    1.81160E-14
  8762.00000    2.04830E-14
  8765.00000    1.92630E-14
  8768.00000    1.90030E-14
  8771.00000    1.90590E-14
  8774.00000    1.87590E-14
  8777.00000    1.94300E-14
  8780.00000    2.01040E-14
  8783.00000    1.92760E-14
  8786.00000    1.99600E-14
  8789.00000    2.05460E-14
  8792.00000    1.86490E-14
  8795.00000    1.89330E-14
  8798.00000    1.96700E-14
  8801.00000    1.86070E-14
  8804.00000    1.84210E-14
  8807.00000    1.85380E-14
  8810.00000    1.95280E-14
  8813.00000    1.84450E-14
  8816.00000    1.91710E-14
  8819.00000    2.01330E-14
  8822.00000    1.91160E-14
  8825.00000    1.88750E-14
  8828.00000    1.98280E-14
  8831.00000    1.93670E-14
  8834.00000    1.91970E-14
  8837.00000    1.89480E-14
  8840.00000    1.88150E-14
  8843.00000    1.87710E-14
  8846.00000    1.92770E-14
  8849.00000    1.89660E-14
  8852.00000    1.90680E-14
  8855.00000    1.92380E-14
  8858.00000    1.79860E-14
  8861.00000    1.78330E-14
  8864.00000    1.74620E-14
  8867.00000    1.71130E-14
  8870.00000    1.79660E-14
  8873.00000    1.79820E-14
  8876.00000    1.84780E-14
  8879.00000    1.82650E-14
  8882.00000    1.94590E-14
  8885.00000    1.83760E-14
  8888.00000    1.82130E-14
  8891.00000    1.83650E-14
  8894.00000    1.90950E-14
  8897.00000    1.94390E-14
  8900.00000    1.81280E-14
  8903.00000    1.96280E-14
  8906.00000    1.95690E-14
  8909.00000    1.83460E-14
  8912.00000    1.91130E-14
  8915.00000    1.92110E-14
  8918.00000    1.86600E-14
  8921.00000    1.84150E-14
  8924.00000    1.95340E-14
  8927.00000    1.86440E-14
  8930.00000    1.77480E-14
  8933.00000    1.89010E-14
  8936.00000    1.89660E-14
  8939.00000    1.98700E-14
  8942.00000    1.95490E-14
  8945.00000    1.74140E-14
  8948.00000    1.87660E-14
  8951.00000    1.88670E-14
  8954.00000    1.87260E-14
  8957.00000    1.90740E-14
  8960.00000    1.89850E-14
  8963.00000    1.78520E-14
  8966.00000    1.85110E-14
  8969.00000    1.84400E-14
  8972.00000    1.76650E-14
  8975.00000    1.85640E-14
  8978.00000    1.83160E-14
  8981.00000    1.79080E-14
  8984.00000    1.75140E-14
  8987.00000    1.69690E-14
  8990.00000    1.67750E-14
  8993.00000    1.80110E-14
  8996.00000    1.85060E-14
  8999.00000    1.72310E-14
  9002.00000    1.73570E-14
  9005.00000    1.67670E-14
  9008.00000    1.72100E-14
  9011.00000    1.59460E-14
  9014.00000    1.54980E-14
  9017.00000    1.68790E-14
  9020.00000    1.67200E-14
  9023.00000    1.65130E-14
  9026.00000    1.79110E-14
  9029.00000    1.89460E-14
  9032.00000    1.85100E-14
  9035.00000    1.89500E-14
  9038.00000    1.99870E-14
  9041.00000    1.91930E-14
  9044.00000    1.98190E-14
  9047.00000    1.97800E-14
  9050.00000    2.00000E-14
  9053.00000    1.94980E-14
  9056.00000    2.02820E-14
  9059.00000    1.88940E-14
  9062.00000    1.87510E-14
  9065.00000    1.86230E-14
  9068.00000    1.89250E-14
  9071.00000    1.75260E-14
  9074.00000    1.92880E-14
  9077.00000    1.84270E-14
  9080.00000    1.80740E-14
  9083.00000    1.89910E-14
  9086.00000    1.79910E-14
  9089.00000    1.81160E-14
  9092.00000    1.85600E-14
  9095.00000    1.86160E-14
  9098.00000    1.73020E-14
  9101.00000    1.76740E-14
  9104.00000    1.84320E-14
  9107.00000    1.80200E-14
  9110.00000    1.83320E-14
  9113.00000    1.92410E-14
  9116.00000    1.79120E-14
  9119.00000    1.77670E-14
  9122.00000    1.87780E-14
  9125.00000    1.94430E-14
  9128.00000    1.78980E-14
  9131.00000    1.66400E-14
  9134.00000    1.72130E-14
  9137.00000    1.71890E-14
  9140.00000    1.82250E-14
  9143.00000    1.81750E-14
  9146.00000    1.87640E-14
  9149.00000    1.70470E-14
  9152.00000    1.71620E-14
  9155.00000    1.77520E-14
  9158.00000    1.83090E-14
  9161.00000    1.81480E-14
  9164.00000    1.86470E-14
  9167.00000    1.84770E-14
  9170.00000    1.65290E-14
  9173.00000    1.64500E-14
  9176.00000    1.77050E-14
  9179.00000    1.74440E-14
  9182.00000    1.80700E-14
  9185.00000    1.82660E-14
  9188.00000    1.86450E-14
  9191.00000    1.83780E-14
  9194.00000    1.74050E-14
  9197.00000    1.68210E-14
  9200.00000    1.78210E-14
  9203.00000    1.81220E-14
  9206.00000    1.79450E-14
  9209.00000    1.74250E-14
  9212.00000    1.74800E-14
  9215.00000    1.65730E-14
  9218.00000    1.66450E-14
  9221.00000    1.75820E-14
  9224.00000    1.65680E-14
  9227.00000    1.58430E-14
  9230.00000    1.53280E-14
  9233.00000    1.67920E-14
  9236.00000    1.75780E-14
  9239.00000    1.69780E-14
  9242.00000    1.79640E-14
  9245.00000    1.76070E-14
  9248.00000    1.73480E-14
  9251.00000    1.71630E-14
  9254.00000    1.79600E-14
  9257.00000    1.75470E-14
  9260.00000    1.71770E-14
  9263.00000    1.73230E-14
  9266.00000    1.92030E-14
  9269.00000    1.96810E-14
  9272.00000    1.94000E-14
  9275.00000    1.90790E-14
  9278.00000    1.73070E-14
  9281.00000    1.83020E-14
  9284.00000    1.79490E-14
  9287.00000    1.80420E-14
  9290.00000    1.78370E-14
  9293.00000    1.68130E-14
  9296.00000    1.67060E-14
  9299.00000    1.70030E-14
  9302.00000    1.66030E-14
  9305.00000    1.64850E-14
  9308.00000    1.71860E-14
  9311.00000    1.78460E-14
  9314.00000    1.75760E-14
  9317.00000    1.82460E-14
  9320.00000    1.80240E-14
  9323.00000    1.70490E-14
  9326.00000    1.77550E-14
  9329.00000    1.84850E-14
  9332.00000    1.78150E-14
  9335.00000    1.80650E-14
  9338.00000    1.84700E-14
  9341.00000    1.71050E-14
  9344.00000    1.78220E-14
  9347.00000    1.67120E-14
  9350.00000    1.81730E-14
  9353.00000    1.73570E-14
  9356.00000    1.77040E-14
  9359.00000    1.76600E-14
  9362.00000    1.69040E-14
  9365.00000    1.75500E-14
  9368.00000    1.71260E-14
  9371.00000    1.77170E-14
  9374.00000    1.81750E-14
  9377.00000    1.78090E-14
  9380.00000    1.77500E-14
  9383.00000    1.82800E-14
  9386.00000    1.72060E-14
  9389.00000    1.71750E-14
  9392.00000    1.81520E-14
  9395.00000    1.75390E-14
  9398.00000    1.81960E-14
  9401.00000    1.76280E-14
  9404.00000    1.70670E-14
  9407.00000    1.77800E-14
  9410.00000    1.69850E-14
  9413.00000    1.75610E-14
  9416.00000    1.78750E-14
  9419.00000    1.67740E-14
  9422.00000    1.82940E-14
  9425.00000    1.76660E-14
  9428.00000    1.79240E-14
  9431.00000    1.78240E-14
  9434.00000    1.75340E-14
  9437.00000    1.69080E-14
  9440.00000    1.76580E-14
  9443.00000    1.79460E-14
  9446.00000    1.69530E-14
  9449.00000    1.75840E-14
  9452.00000    1.74600E-14
  9455.00000    1.77340E-14
  9458.00000    1.72510E-14
  9461.00000    1.77290E-14
  9464.00000    1.68990E-14
  9467.00000    1.72430E-14
  9470.00000    1.79600E-14
  9473.00000    1.75810E-14
  9476.00000    1.79060E-14
  9479.00000    1.80350E-14
  9482.00000    1.63580E-14
  9485.00000    1.62260E-14
  9488.00000    1.77080E-14
  9491.00000    1.85330E-14
  9494.00000    1.67070E-14
  9497.00000    1.78650E-14
  9500.00000    1.75450E-14
  9503.00000    1.74270E-14
  9506.00000    1.66320E-14
  9509.00000    1.66220E-14
  9512.00000    1.66060E-14
  9515.00000    1.81700E-14
  9518.00000    1.76950E-14
  9521.00000    1.79230E-14
  9524.00000    1.76010E-14
  9527.00000    1.67960E-14
  9530.00000    1.62350E-14
  9533.00000    1.70790E-14
  9536.00000    1.75540E-14
  9539.00000    1.64940E-14
  9542.00000    1.63700E-14
  9545.00000    1.65180E-14
  9548.00000    1.57350E-14
  9551.00000    1.71240E-14
  9554.00000    1.60000E-14
  9557.00000    1.53970E-14
  9560.00000    1.70240E-14
  9563.00000    1.75470E-14
  9566.00000    1.60940E-14
  9569.00000    1.70570E-14
  9572.00000    1.69210E-14
  9575.00000    1.71400E-14
  9578.00000    1.71730E-14
  9581.00000    1.66080E-14
  9584.00000    1.72360E-14
  9587.00000    1.65980E-14
  9590.00000    1.68930E-14
  9593.00000    1.69650E-14
  9596.00000    1.79070E-14
  9599.00000    1.78080E-14
  9602.00000    1.70290E-14
  9605.00000    1.76220E-14
  9608.00000    1.74610E-14
  9611.00000    1.75380E-14
  9614.00000    1.72670E-14
  9617.00000    1.77060E-14
  9620.00000    1.73600E-14
  9623.00000    1.72840E-14
  9626.00000    1.77040E-14
  9629.00000    1.82860E-14
  9632.00000    1.81330E-14
  9635.00000    1.72910E-14
  9638.00000    1.68690E-14
  9641.00000    1.70080E-14
  9644.00000    1.68270E-14
  9647.00000    1.69680E-14
  9650.00000    1.75300E-14
  9653.00000    1.74760E-14
  9656.00000    1.63840E-14
  9659.00000    1.61170E-14
  9662.00000    1.71530E-14
  9665.00000    1.66550E-14
  9668.00000    1.68930E-14
  9671.00000    1.77430E-14
  9674.00000    1.62290E-14
  9677.00000    1.71460E-14
  9680.00000    1.69000E-14
  9683.00000    1.70080E-14
  9686.00000    1.71550E-14
  9689.00000    1.70690E-14
  9692.00000    1.69860E-14
  9695.00000    1.64110E-14
  9698.00000    1.68720E-14
  9701.00000    1.64190E-14
  9704.00000    1.72560E-14
  9707.00000    1.68770E-14
  9710.00000    1.66080E-14
  9713.00000    1.70870E-14
  9716.00000    1.59510E-14
  9719.00000    1.70670E-14
  9722.00000    1.70840E-14
  9725.00000    1.60140E-14
  9728.00000    1.79060E-14
  9731.00000    1.73290E-14
  9734.00000    1.64830E-14
  9737.00000    1.65480E-14
  9740.00000    1.63060E-14
  9743.00000    1.72940E-14
  9746.00000    1.66190E-14
  9749.00000    1.67430E-14
  9752.00000    1.65740E-14
  9755.00000    1.69320E-14
  9758.00000    1.67260E-14
  9761.00000    1.70350E-14
  9764.00000    1.63470E-14
  9767.00000    1.65910E-14
  9770.00000    1.63820E-14
  9773.00000    1.71150E-14
  9776.00000    1.55420E-14
  9779.00000    1.68630E-14
  9782.00000    1.72330E-14
  9785.00000    1.54160E-14
  9788.00000    1.64630E-14
  9791.00000    1.58670E-14
  9794.00000    1.65300E-14
  9797.00000    1.66690E-14
  9800.00000    1.63360E-14
