   4300.0000    3.98910E-14
   4301.2500    4.16870E-14
   4302.5000    4.13660E-14
   4303.7500    3.88230E-14
   4305.0000    3.94570E-14
   4306.2500    3.84480E-14
   4307.5000    4.02040E-14
   4308.7500    3.92710E-14
   4310.0000    4.00650E-14
   4311.2500    4.05630E-14
   4312.5000    4.09350E-14
   4313.7500    4.02220E-14
   4315.0000    4.20250E-14
   4316.2500    4.29720E-14
   4317.5000    4.00070E-14
   4318.7500    3.93100E-14
   4320.0000    4.09560E-14
   4321.2500    4.03200E-14
   4322.5000    4.08870E-14
   4323.7500    4.01810E-14
   4325.0000    4.05930E-14
   4326.2500    3.83200E-14
   4327.5000    4.02380E-14
   4328.7500    3.96900E-14
   4330.0000    3.67390E-14
   4331.2500    3.78130E-14
   4332.5000    3.61670E-14
   4333.7500    3.48890E-14
   4335.0000    3.57980E-14
   4336.2500    3.29310E-14
   4337.5000    3.15150E-14
   4338.7500    2.76260E-14
   4340.0000    2.59970E-14
   4341.2500    2.72690E-14
   4342.5000    2.62880E-14
   4343.7500    2.72240E-14
   4345.0000    2.92160E-14
   4346.2500    3.19470E-14
   4347.5000    3.32910E-14
   4348.7500    3.53370E-14
   4350.0000    3.64660E-14
   4351.2500    3.85740E-14
   4352.5000    3.79720E-14
   4353.7500    3.85960E-14
   4355.0000    3.76630E-14
   4356.2500    3.94210E-14
   4357.5000    4.04800E-14
   4358.7500    3.85470E-14
   4360.0000    4.13460E-14
   4361.2500    3.94330E-14
   4362.5000    4.10410E-14
   4363.7500    4.30830E-14
   4365.0000    4.08790E-14
   4366.2500    4.03870E-14
   4367.5000    4.15980E-14
   4368.7500    4.01520E-14
   4370.0000    4.10410E-14
   4371.2500    4.18540E-14
   4372.5000    4.18400E-14
   4373.7500    3.94390E-14
   4375.0000    3.96930E-14
   4376.2500    4.13590E-14
   4377.5000    4.05410E-14
   4378.7500    3.99940E-14
   4380.0000    4.00730E-14
   4381.2500    4.10650E-14
   4382.5000    4.03300E-14
   4383.7500    3.90980E-14
   4385.0000    4.02960E-14
   4386.2500    3.94970E-14
   4387.5000    3.77020E-14
   4388.7500    3.99840E-14
   4390.0000    3.94470E-14
   4391.2500    4.05770E-14
   4392.5000    4.04220E-14
   4393.7500    4.13870E-14
   4395.0000    4.07570E-14
   4396.2500    3.88070E-14
   4397.5000    4.05900E-14
   4398.7500    4.03940E-14
   4400.0000    4.20560E-14
   4401.2500    4.14150E-14
   4402.5000    4.20750E-14
   4403.7500    4.05970E-14
   4405.0000    3.86050E-14
   4406.2500    4.16150E-14
   4407.5000    3.97790E-14
   4408.7500    4.06450E-14
   4410.0000    4.10000E-14
   4411.2500    3.93490E-14
   4412.5000    4.22160E-14
   4413.7500    4.05990E-14
   4415.0000    4.14840E-14
   4416.2500    4.07710E-14
   4417.5000    3.92360E-14
   4418.7500    4.00790E-14
   4420.0000    4.15720E-14
   4421.2500    4.15860E-14
   4422.5000    4.15030E-14
   4423.7500    4.10850E-14
   4425.0000    4.21190E-14
   4426.2500    3.96890E-14
   4427.5000    4.23680E-14
   4428.7500    4.07020E-14
   4430.0000    4.16410E-14
   4431.2500    3.93550E-14
   4432.5000    4.27320E-14
   4433.7500    4.26700E-14
   4435.0000    4.04860E-14
   4436.2500    4.01140E-14
   4437.5000    4.05220E-14
   4438.7500    4.29250E-14
   4440.0000    4.25030E-14
   4441.2500    4.12220E-14
   4442.5000    4.16210E-14
   4443.7500    4.11670E-14
   4445.0000    4.00450E-14
   4446.2500    4.14800E-14
   4447.5000    4.20150E-14
   4448.7500    4.27620E-14
   4450.0000    4.16140E-14
   4451.2500    4.23900E-14
   4452.5000    3.98380E-14
   4453.7500    4.05940E-14
   4455.0000    4.07640E-14
   4456.2500    4.09780E-14
   4457.5000    4.08250E-14
   4458.7500    4.13190E-14
   4460.0000    4.15310E-14
   4461.2500    4.12170E-14
   4462.5000    4.17540E-14
   4463.7500    4.02870E-14
   4465.0000    4.19790E-14
   4466.2500    4.14080E-14
   4467.5000    3.96380E-14
   4468.7500    3.90100E-14
   4470.0000    4.00290E-14
   4471.2500    4.02830E-14
   4472.5000    4.17240E-14
   4473.7500    4.07790E-14
   4475.0000    3.99310E-14
   4476.2500    4.33140E-14
   4477.5000    4.17470E-14
   4478.7500    4.04290E-14
   4480.0000    4.14900E-14
   4481.2500    4.12080E-14
   4482.5000    4.17970E-14
   4483.7500    4.17950E-14
   4485.0000    4.23620E-14
   4486.2500    4.17800E-14
   4487.5000    4.08950E-14
   4488.7500    4.14380E-14
   4490.0000    4.11870E-14
   4491.2500    4.17540E-14
   4492.5000    4.20420E-14
   4493.7500    4.08550E-14
   4495.0000    4.21160E-14
   4496.2500    4.14810E-14
   4497.5000    4.29420E-14
   4498.7500    4.02340E-14
   4500.0000    4.07400E-14
   4501.2500    4.25600E-14
   4502.5000    4.04540E-14
   4503.7500    4.16030E-14
   4505.0000    4.12640E-14
   4506.2500    4.14680E-14
   4507.5000    4.21440E-14
   4508.7500    4.16240E-14
   4510.0000    4.07900E-14
   4511.2500    4.09430E-14
   4512.5000    4.29320E-14
   4513.7500    4.24300E-14
   4515.0000    4.03280E-14
   4516.2500    4.17040E-14
   4517.5000    4.22860E-14
   4518.7500    3.94420E-14
   4520.0000    4.22280E-14
   4521.2500    3.89330E-14
   4522.5000    4.02620E-14
   4523.7500    4.09900E-14
   4525.0000    3.91230E-14
   4526.2500    4.20700E-14
   4527.5000    4.05580E-14
   4528.7500    3.94010E-14
   4530.0000    4.02460E-14
   4531.2500    4.09400E-14
   4532.5000    3.91280E-14
   4533.7500    4.18430E-14
   4535.0000    3.97920E-14
   4536.2500    3.96790E-14
   4537.5000    4.14710E-14
   4538.7500    4.25250E-14
   4540.0000    4.09410E-14
   4541.2500    4.21590E-14
   4542.5000    4.04540E-14
   4543.7500    4.23140E-14
   4545.0000    4.00970E-14
   4546.2500    4.07180E-14
   4547.5000    4.15980E-14
   4548.7500    4.00260E-14
   4550.0000    4.15550E-14
   4551.2500    3.76290E-14
   4552.5000    3.97490E-14
   4553.7500    4.05430E-14
   4555.0000    4.00730E-14
   4556.2500    3.91510E-14
   4557.5000    3.90230E-14
   4558.7500    4.12300E-14
   4560.0000    3.99500E-14
   4561.2500    3.99690E-14
   4562.5000    4.09070E-14
   4563.7500    4.03050E-14
   4565.0000    4.24540E-14
   4566.2500    4.17060E-14
   4567.5000    4.25370E-14
   4568.7500    4.25540E-14
   4570.0000    4.08720E-14
   4571.2500    4.10880E-14
   4572.5000    4.07630E-14
   4573.7500    3.97380E-14
   4575.0000    3.95190E-14
   4576.2500    4.12200E-14
   4577.5000    4.13400E-14
   4578.7500    4.28240E-14
   4580.0000    4.10700E-14
   4581.2500    4.12330E-14
   4582.5000    4.00700E-14
   4583.7500    4.05560E-14
   4585.0000    4.06140E-14
   4586.2500    3.97730E-14
   4587.5000    4.02190E-14
   4588.7500    4.14120E-14
   4590.0000    3.98480E-14
   4591.2500    4.12490E-14
   4592.5000    4.10250E-14
   4593.7500    4.12720E-14
   4595.0000    4.08620E-14
   4596.2500    4.04130E-14
   4597.5000    4.10190E-14
   4598.7500    3.98570E-14
   4600.0000    4.14440E-14
   4601.2500    3.87950E-14
   4602.5000    4.22020E-14
   4603.7500    4.02440E-14
   4605.0000    4.22260E-14
   4606.2500    4.08980E-14
   4607.5000    4.06880E-14
   4608.7500    4.05990E-14
   4610.0000    3.84590E-14
   4611.2500    4.11240E-14
   4612.5000    4.08580E-14
   4613.7500    4.07860E-14
   4615.0000    4.09550E-14
   4616.2500    4.35110E-14
   4617.5000    4.02170E-14
   4618.7500    4.08300E-14
   4620.0000    3.82320E-14
   4621.2500    4.10560E-14
   4622.5000    4.00310E-14
   4623.7500    4.15840E-14
   4625.0000    4.07740E-14
   4626.2500    3.98190E-14
   4627.5000    4.02310E-14
   4628.7500    4.12430E-14
   4630.0000    4.01150E-14
   4631.2500    4.17950E-14
   4632.5000    4.22690E-14
   4633.7500    4.10790E-14
   4635.0000    3.95720E-14
   4636.2500    3.99140E-14
   4637.5000    3.90680E-14
   4638.7500    4.02820E-14
   4640.0000    4.13170E-14
   4641.2500    3.97790E-14
   4642.5000    4.01290E-14
   4643.7500    3.97030E-14
   4645.0000    4.07010E-14
   4646.2500    4.01740E-14
   4647.5000    4.07340E-14
   4648.7500    4.02560E-14
   4650.0000    3.91600E-14
   4651.2500    4.01470E-14
   4652.5000    4.03960E-14
   4653.7500    3.92440E-14
   4655.0000    4.05110E-14
   4656.2500    4.07440E-14
   4657.5000    4.10440E-14
   4658.7500    3.90660E-14
   4660.0000    4.08160E-14
   4661.2500    4.06640E-14
   4662.5000    4.06520E-14
   4663.7500    3.88270E-14
   4665.0000    3.97950E-14
   4666.2500    3.91870E-14
   4667.5000    3.85020E-14
   4668.7500    3.95730E-14
   4670.0000    3.92040E-14
   4671.2500    4.01370E-14
   4672.5000    3.80430E-14
   4673.7500    3.97990E-14
   4675.0000    3.89580E-14
   4676.2500    4.04970E-14
   4677.5000    4.03190E-14
   4678.7500    3.97110E-14
   4680.0000    4.04760E-14
   4681.2500    3.94730E-14
   4682.5000    3.90590E-14
   4683.7500    3.88410E-14
   4685.0000    3.87830E-14
   4686.2500    3.97530E-14
   4687.5000    3.92810E-14
   4688.7500    3.93160E-14
   4690.0000    3.95600E-14
   4691.2500    3.97370E-14
   4692.5000    4.06230E-14
   4693.7500    3.86780E-14
   4695.0000    4.13140E-14
   4696.2500    4.05120E-14
   4697.5000    3.87510E-14
   4698.7500    3.84020E-14
   4700.0000    3.96210E-14
   4701.2500    3.95320E-14
   4702.5000    3.91610E-14
   4703.7500    4.00760E-14
   4705.0000    3.95060E-14
   4706.2500    3.92130E-14
   4707.5000    3.98930E-14
   4708.7500    3.87000E-14
   4710.0000    3.83570E-14
   4711.2500    3.84910E-14
   4712.5000    3.62330E-14
   4713.7500    3.78230E-14
   4715.0000    3.88310E-14
   4716.2500    3.89410E-14
   4717.5000    3.94880E-14
   4718.7500    3.97980E-14
   4720.0000    4.03890E-14
   4721.2500    4.12880E-14
   4722.5000    4.08350E-14
   4723.7500    3.88740E-14
   4725.0000    4.08530E-14
   4726.2500    3.90530E-14
   4727.5000    4.04310E-14
   4728.7500    3.91110E-14
   4730.0000    3.99740E-14
   4731.2500    3.91530E-14
   4732.5000    4.11430E-14
   4733.7500    3.77810E-14
   4735.0000    3.93500E-14
   4736.2500    3.91630E-14
   4737.5000    3.96110E-14
   4738.7500    3.83910E-14
   4740.0000    4.03340E-14
   4741.2500    4.09480E-14
   4742.5000    3.86290E-14
   4743.7500    3.83260E-14
   4745.0000    3.98840E-14
   4746.2500    3.97460E-14
   4747.5000    3.92380E-14
   4748.7500    4.08700E-14
   4750.0000    4.01170E-14
   4751.2500    4.01540E-14
   4752.5000    4.15730E-14
   4753.7500    4.09280E-14
   4755.0000    4.03880E-14
   4756.2500    4.17360E-14
   4757.5000    4.18310E-14
   4758.7500    3.86790E-14
   4760.0000    4.22050E-14
   4761.2500    4.06890E-14
   4762.5000    3.81230E-14
   4763.7500    4.01480E-14
   4765.0000    3.87040E-14
   4766.2500    4.03800E-14
   4767.5000    3.91430E-14
   4768.7500    3.99090E-14
   4770.0000    3.94860E-14
   4771.2500    4.11360E-14
   4772.5000    3.93820E-14
   4773.7500    3.99410E-14
   4775.0000    4.00780E-14
   4776.2500    4.02660E-14
   4777.5000    4.06040E-14
   4778.7500    3.98960E-14
   4780.0000    4.04550E-14
   4781.2500    4.16030E-14
   4782.5000    4.12760E-14
   4783.7500    4.16070E-14
   4785.0000    4.14850E-14
   4786.2500    3.87840E-14
   4787.5000    3.94860E-14
   4788.7500    3.96710E-14
   4790.0000    4.14690E-14
   4791.2500    4.16670E-14
   4792.5000    4.26420E-14
   4793.7500    3.98360E-14
   4795.0000    3.96830E-14
   4796.2500    4.04510E-14
   4797.5000    4.02210E-14
   4798.7500    4.05780E-14
   4800.0000    4.16220E-14
   4801.2500    3.90890E-14
   4802.5000    3.96820E-14
   4803.7500    4.30250E-14
   4805.0000    3.93120E-14
   4806.2500    4.01400E-14
   4807.5000    3.95580E-14
   4808.7500    4.02690E-14
   4810.0000    4.01680E-14
   4811.2500    3.91170E-14
   4812.5000    4.14290E-14
   4813.7500    4.07300E-14
   4815.0000    4.15580E-14
   4816.2500    3.97940E-14
   4817.5000    3.96320E-14
   4818.7500    4.01520E-14
   4820.0000    3.94360E-14
   4821.2500    3.94800E-14
   4822.5000    3.83660E-14
   4823.7500    3.85530E-14
   4825.0000    3.70060E-14
   4826.2500    3.93040E-14
   4827.5000    4.09040E-14
   4828.7500    3.91930E-14
   4830.0000    3.95410E-14
   4831.2500    3.86430E-14
   4832.5000    3.83730E-14
   4833.7500    3.84040E-14
   4835.0000    4.01640E-14
   4836.2500    3.75260E-14
   4837.5000    4.00970E-14
   4838.7500    3.93990E-14
   4840.0000    3.83520E-14
   4841.2500    3.95790E-14
   4842.5000    3.86330E-14
   4843.7500    3.79670E-14
   4845.0000    3.66360E-14
   4846.2500    3.74210E-14
   4847.5000    3.78410E-14
   4848.7500    3.56340E-14
   4850.0000    3.68460E-14
   4851.2500    3.60520E-14
   4852.5000    3.60740E-14
   4853.7500    3.47500E-14
   4855.0000    3.28510E-14
   4856.2500    3.23240E-14
   4857.5000    3.17680E-14
   4858.7500    3.00430E-14
   4860.0000    2.79610E-14
   4861.2500    2.71510E-14
   4862.5000    2.56930E-14
   4863.7500    2.59020E-14
   4865.0000    2.57700E-14
   4866.2500    2.94130E-14
   4867.5000    3.02300E-14
   4868.7500    2.99560E-14
   4870.0000    3.18400E-14
   4871.2500    3.18670E-14
   4872.5000    3.19530E-14
   4873.7500    3.41590E-14
   4875.0000    3.54910E-14
   4876.2500    3.63570E-14
   4877.5000    3.65890E-14
   4878.7500    3.69380E-14
   4880.0000    3.77000E-14
   4881.2500    3.58620E-14
   4882.5000    3.59140E-14
   4883.7500    3.68600E-14
   4885.0000    3.68870E-14
   4886.2500    3.87330E-14
   4887.5000    3.85510E-14
   4888.7500    3.85590E-14
   4890.0000    3.77140E-14
   4891.2500    3.89420E-14
   4892.5000    3.91600E-14
   4893.7500    4.06610E-14
   4895.0000    3.81570E-14
   4896.2500    3.81280E-14
   4897.5000    4.04520E-14
   4898.7500    3.97170E-14
   4900.0000    3.93060E-14
   4901.2500    3.88870E-14
   4902.5000    4.04100E-14
   4903.7500    3.93710E-14
   4905.0000    3.98920E-14
   4906.2500    3.95960E-14
   4907.5000    4.07290E-14
   4908.7500    3.85270E-14
   4910.0000    3.99430E-14
   4911.2500    3.92410E-14
   4912.5000    4.12020E-14
   4913.7500    3.86620E-14
   4915.0000    3.78820E-14
   4916.2500    3.94950E-14
   4917.5000    4.07960E-14
   4918.7500    3.83670E-14
   4920.0000    3.74130E-14
   4921.2500    3.86060E-14
   4922.5000    3.71040E-14
   4923.7500    3.80890E-14
   4925.0000    3.73240E-14
   4926.2500    3.72610E-14
   4927.5000    3.71530E-14
   4928.7500    3.98850E-14
   4930.0000    3.84230E-14
   4931.2500    3.77160E-14
   4932.5000    4.19280E-14
   4933.7500    3.99050E-14
   4935.0000    4.11500E-14
   4936.2500    3.93720E-14
   4937.5000    3.86500E-14
   4938.7500    3.96550E-14
   4940.0000    3.90660E-14
   4941.2500    3.79420E-14
   4942.5000    3.88410E-14
   4943.7500    3.96310E-14
   4945.0000    4.04080E-14
   4946.2500    3.94390E-14
   4947.5000    4.03210E-14
   4948.7500    4.06530E-14
   4950.0000    4.00260E-14
   4951.2500    3.96320E-14
   4952.5000    3.89260E-14
   4953.7500    4.12860E-14
   4955.0000    4.17400E-14
   4956.2500    3.97210E-14
   4957.5000    3.90680E-14
   4958.7500    3.95290E-14
   4960.0000    3.75020E-14
   4961.2500    3.73250E-14
   4962.5000    3.87410E-14
   4963.7500    3.84740E-14
   4965.0000    3.77260E-14
   4966.2500    3.77400E-14
   4967.5000    3.88290E-14
   4968.7500    3.82660E-14
   4970.0000    4.05120E-14
   4971.2500    3.82290E-14
   4972.5000    3.94420E-14
   4973.7500    3.80620E-14
   4975.0000    4.01590E-14
   4976.2500    3.92690E-14
   4977.5000    3.95330E-14
   4978.7500    3.93380E-14
   4980.0000    3.90350E-14
   4981.2500    3.89870E-14
   4982.5000    3.93220E-14
   4983.7500    3.71710E-14
   4985.0000    3.92420E-14
   4986.2500    3.76180E-14
   4987.5000    3.80730E-14
   4988.7500    3.77970E-14
   4990.0000    3.82410E-14
   4991.2500    3.85530E-14
   4992.5000    3.88150E-14
   4993.7500    3.92500E-14
   4995.0000    3.81180E-14
   4996.2500    3.72460E-14
   4997.5000    3.90810E-14
   4998.7500    3.82220E-14
   5000.0000    3.84300E-14
   5001.2500    3.77320E-14
   5002.5000    3.84420E-14
   5003.7500    3.74970E-14
   5005.0000    3.77920E-14
   5006.2500    3.95590E-14
   5007.5000    3.72770E-14
   5008.7500    3.80700E-14
   5010.0000    3.76820E-14
   5011.2500    3.64670E-14
   5012.5000    3.71340E-14
   5013.7500    3.59630E-14
   5015.0000    3.52040E-14
   5016.2500    3.61710E-14
   5017.5000    3.70300E-14
   5018.7500    3.59730E-14
   5020.0000    3.73190E-14
   5021.2500    3.66510E-14
   5022.5000    3.83630E-14
   5023.7500    3.83600E-14
   5025.0000    3.64760E-14
   5026.2500    3.73330E-14
   5027.5000    3.66990E-14
   5028.7500    3.75210E-14
   5030.0000    3.83670E-14
   5031.2500    3.93220E-14
   5032.5000    3.82490E-14
   5033.7500    3.64960E-14
   5035.0000    3.80180E-14
   5036.2500    3.80720E-14
   5037.5000    3.61620E-14
   5038.7500    3.69950E-14
   5040.0000    3.69730E-14
   5041.2500    3.76600E-14
   5042.5000    3.84940E-14
   5043.7500    3.66690E-14
   5045.0000    3.87950E-14
   5046.2500    3.77120E-14
   5047.5000    3.73150E-14
   5048.7500    3.84790E-14
   5050.0000    3.85470E-14
   5051.2500    3.77080E-14
   5052.5000    3.70140E-14
   5053.7500    3.89070E-14
   5055.0000    3.59830E-14
   5056.2500    3.65760E-14
   5057.5000    3.65770E-14
   5058.7500    3.62780E-14
   5060.0000    3.78820E-14
   5061.2500    3.81570E-14
   5062.5000    3.89380E-14
   5063.7500    3.79200E-14
   5065.0000    3.65050E-14
   5066.2500    3.80110E-14
   5067.5000    3.98870E-14
   5068.7500    3.87790E-14
   5070.0000    3.92030E-14
   5071.2500    3.83910E-14
   5072.5000    3.95520E-14
   5073.7500    3.89420E-14
   5075.0000    3.71300E-14
   5076.2500    4.06660E-14
   5077.5000    3.82870E-14
   5078.7500    3.79170E-14
   5080.0000    3.86400E-14
   5081.2500    3.86360E-14
   5082.5000    3.63570E-14
   5083.7500    3.94040E-14
   5085.0000    3.58700E-14
   5086.2500    3.69270E-14
   5087.5000    3.81040E-14
   5088.7500    3.55500E-14
   5090.0000    3.91450E-14
   5091.2500    3.96740E-14
   5092.5000    3.69430E-14
   5093.7500    3.79940E-14
   5095.0000    3.95500E-14
   5096.2500    3.74010E-14
   5097.5000    3.75010E-14
   5098.7500    3.84390E-14
   5100.0000    3.74120E-14
   5101.2500    3.80820E-14
   5102.5000    3.57570E-14
   5103.7500    3.73960E-14
   5105.0000    3.75960E-14
   5106.2500    3.68660E-14
   5107.5000    3.79170E-14
   5108.7500    3.79540E-14
   5110.0000    3.68970E-14
   5111.2500    3.83980E-14
   5112.5000    3.61330E-14
   5113.7500    3.80100E-14
   5115.0000    3.93260E-14
   5116.2500    3.77420E-14
   5117.5000    3.71230E-14
   5118.7500    3.70800E-14
   5120.0000    3.76140E-14
   5121.2500    3.84810E-14
   5122.5000    3.77680E-14
   5123.7500    3.58690E-14
   5125.0000    3.97570E-14
   5126.2500    3.80260E-14
   5127.5000    3.62210E-14
   5128.7500    3.93790E-14
   5130.0000    3.79500E-14
   5131.2500    3.78670E-14
   5132.5000    3.73770E-14
   5133.7500    3.82890E-14
   5135.0000    3.82000E-14
   5136.2500    3.69560E-14
   5137.5000    3.80940E-14
   5138.7500    3.68000E-14
   5140.0000    3.63490E-14
   5141.2500    3.72120E-14
   5142.5000    3.63620E-14
   5143.7500    3.66540E-14
   5145.0000    3.67490E-14
   5146.2500    3.64590E-14
   5147.5000    3.65370E-14
   5148.7500    3.72790E-14
   5150.0000    3.67420E-14
   5151.2500    3.77700E-14
   5152.5000    3.75340E-14
   5153.7500    3.77120E-14
   5155.0000    3.82910E-14
   5156.2500    3.67520E-14
   5157.5000    3.52830E-14
   5158.7500    3.76970E-14
   5160.0000    3.65300E-14
   5161.2500    3.72410E-14
   5162.5000    3.71940E-14
   5163.7500    3.77450E-14
   5165.0000    3.70120E-14
   5166.2500    3.59490E-14
   5167.5000    3.49010E-14
   5168.7500    3.47970E-14
   5170.0000    3.56130E-14
   5171.2500    3.48950E-14
   5172.5000    3.35490E-14
   5173.7500    3.27140E-14
   5175.0000    3.51440E-14
   5176.2500    3.36320E-14
   5177.5000    3.38400E-14
   5178.7500    3.56400E-14
   5180.0000    3.60380E-14
   5181.2500    3.64110E-14
   5182.5000    3.44270E-14
   5183.7500    3.62750E-14
   5185.0000    3.53470E-14
   5186.2500    3.60250E-14
   5187.5000    3.65290E-14
   5188.7500    3.54380E-14
   5190.0000    3.73410E-14
   5191.2500    3.48710E-14
   5192.5000    3.84910E-14
   5193.7500    3.56820E-14
   5195.0000    3.73010E-14
   5196.2500    3.51570E-14
   5197.5000    3.45750E-14
   5198.7500    3.57240E-14
   5200.0000    3.54030E-14
   5201.2500    3.49010E-14
   5202.5000    3.54460E-14
   5203.7500    3.57470E-14
   5205.0000    3.64370E-14
   5206.2500    3.46670E-14
   5207.5000    3.55260E-14
   5208.7500    3.76810E-14
   5210.0000    3.53920E-14
   5211.2500    3.60290E-14
   5212.5000    3.63800E-14
   5213.7500    3.79440E-14
   5215.0000    3.56660E-14
   5216.2500    3.64750E-14
   5217.5000    3.68790E-14
   5218.7500    3.81230E-14
   5220.0000    3.72550E-14
   5221.2500    3.73430E-14
   5222.5000    3.67230E-14
   5223.7500    3.71440E-14
   5225.0000    3.78910E-14
   5226.2500    3.69050E-14
   5227.5000    3.83840E-14
   5228.7500    3.77880E-14
   5230.0000    3.61970E-14
   5231.2500    3.50980E-14
   5232.5000    3.58080E-14
   5233.7500    3.65200E-14
   5235.0000    3.80830E-14
   5236.2500    3.45540E-14
   5237.5000    3.78530E-14
   5238.7500    3.68130E-14
   5240.0000    3.78980E-14
   5241.2500    3.79720E-14
   5242.5000    3.64430E-14
   5243.7500    3.69840E-14
   5245.0000    3.65300E-14
   5246.2500    3.95020E-14
   5247.5000    3.68820E-14
   5248.7500    3.71680E-14
   5250.0000    3.66130E-14
   5251.2500    3.64500E-14
   5252.5000    3.78490E-14
   5253.7500    3.70210E-14
   5255.0000    3.46510E-14
   5256.2500    3.42010E-14
   5257.5000    3.72570E-14
   5258.7500    3.88410E-14
   5260.0000    3.68400E-14
   5261.2500    3.75270E-14
   5262.5000    3.61280E-14
   5263.7500    3.42260E-14
   5265.0000    3.57710E-14
   5266.2500    3.69710E-14
   5267.5000    3.51060E-14
   5268.7500    3.48700E-14
   5270.0000    3.48830E-14
   5271.2500    3.53960E-14
   5272.5000    3.39030E-14
   5273.7500    3.61350E-14
   5275.0000    3.69730E-14
   5276.2500    3.70580E-14
   5277.5000    3.62740E-14
   5278.7500    3.59320E-14
   5280.0000    3.78420E-14
   5281.2500    3.29220E-14
   5282.5000    3.57080E-14
   5283.7500    3.77530E-14
   5285.0000    3.72290E-14
   5286.2500    3.68980E-14
   5287.5000    3.80320E-14
   5288.7500    3.54600E-14
   5290.0000    3.82840E-14
   5291.2500    3.62790E-14
   5292.5000    3.76600E-14
   5293.7500    3.70990E-14
   5295.0000    3.78630E-14
   5296.2500    3.74990E-14
   5297.5000    3.83810E-14
   5298.7500    3.54360E-14
   5300.0000    3.76810E-14
   5301.2500    3.75520E-14
   5302.5000    3.72170E-14
   5303.7500    3.81910E-14
   5305.0000    3.79760E-14
   5306.2500    3.60590E-14
   5307.5000    3.83770E-14
   5308.7500    3.78200E-14
   5310.0000    3.83420E-14
   5311.2500    3.80670E-14
   5312.5000    3.74960E-14
   5313.7500    3.63230E-14
   5315.0000    3.69930E-14
   5316.2500    3.68090E-14
   5317.5000    3.63560E-14
   5318.7500    3.69000E-14
   5320.0000    3.86090E-14
   5321.2500    3.87960E-14
   5322.5000    3.60060E-14
   5323.7500    3.68230E-14
   5325.0000    3.83400E-14
   5326.2500    3.52280E-14
   5327.5000    3.59030E-14
   5328.7500    3.48270E-14
   5330.0000    3.68830E-14
   5331.2500    3.83530E-14
   5332.5000    3.68210E-14
   5333.7500    3.85160E-14
   5335.0000    3.68710E-14
   5336.2500    3.62110E-14
   5337.5000    3.75620E-14
   5338.7500    3.63250E-14
   5340.0000    3.78450E-14
   5341.2500    3.60740E-14
   5342.5000    3.66580E-14
   5343.7500    3.79790E-14
   5345.0000    3.77530E-14
   5346.2500    3.64400E-14
   5347.5000    3.55180E-14
   5348.7500    3.51820E-14
   5350.0000    3.78040E-14
   5351.2500    3.76140E-14
   5352.5000    3.64820E-14
   5353.7500    3.66370E-14
   5355.0000    3.70830E-14
   5356.2500    3.95690E-14
   5357.5000    3.80820E-14
   5358.7500    3.87540E-14
   5360.0000    3.95170E-14
   5361.2500    3.71200E-14
   5362.5000    3.90900E-14
   5363.7500    3.67200E-14
   5365.0000    3.47850E-14
   5366.2500    3.49150E-14
   5367.5000    3.75930E-14
   5368.7500    3.73700E-14
   5370.0000    3.75820E-14
   5371.2500    3.66080E-14
   5372.5000    3.47240E-14
   5373.7500    3.59250E-14
   5375.0000    3.55240E-14
   5376.2500    3.89560E-14
   5377.5000    3.54390E-14
   5378.7500    3.71450E-14
   5380.0000    3.86950E-14
   5381.2500    3.77300E-14
   5382.5000    3.71420E-14
   5383.7500    3.63480E-14
   5385.0000    3.55300E-14
   5386.2500    3.64920E-14
   5387.5000    3.71540E-14
   5388.7500    3.80340E-14
   5390.0000    3.72630E-14
   5391.2500    3.81400E-14
   5392.5000    3.68950E-14
   5393.7500    3.71440E-14
   5395.0000    3.53920E-14
   5396.2500    3.69910E-14
   5397.5000    3.49980E-14
   5398.7500    3.72790E-14
   5400.0000    3.56780E-14
   5401.2500    3.53440E-14
   5402.5000    3.77340E-14
   5403.7500    3.63140E-14
   5405.0000    3.68560E-14
   5406.2500    3.49780E-14
   5407.5000    3.74460E-14
   5408.7500    3.59790E-14
   5410.0000    3.68300E-14
   5411.2500    3.66630E-14
   5412.5000    3.47820E-14
   5413.7500    3.57910E-14
   5415.0000    3.67390E-14
   5416.2500    3.65940E-14
   5417.5000    3.69070E-14
   5418.7500    3.55150E-14
   5420.0000    3.53800E-14
   5421.2500    3.83650E-14
   5422.5000    3.59070E-14
   5423.7500    3.90660E-14
   5425.0000    3.73020E-14
   5426.2500    3.79810E-14
   5427.5000    3.71390E-14
   5428.7500    3.45480E-14
   5430.0000    3.58900E-14
   5431.2500    3.60510E-14
   5432.5000    3.61460E-14
   5433.7500    3.60810E-14
   5435.0000    3.66160E-14
   5436.2500    3.53510E-14
   5437.5000    3.50830E-14
   5438.7500    3.76250E-14
   5440.0000    3.79030E-14
   5441.2500    3.74120E-14
   5442.5000    3.87250E-14
   5443.7500    3.64150E-14
   5445.0000    3.49720E-14
   5446.2500    3.75580E-14
   5447.5000    3.55980E-14
   5448.7500    3.65170E-14
   5450.0000    3.62030E-14
   5451.2500    3.38020E-14
   5452.5000    3.58570E-14
   5453.7500    3.57470E-14
   5455.0000    3.69050E-14
   5456.2500    3.63840E-14
   5457.5000    3.49450E-14
   5458.7500    3.53510E-14
   5460.0000    3.55110E-14
   5461.2500    3.55860E-14
   5462.5000    3.63260E-14
   5463.7500    3.61860E-14
   5465.0000    3.75070E-14
   5466.2500    3.75080E-14
   5467.5000    3.77930E-14
   5468.7500    3.69730E-14
   5470.0000    3.73400E-14
   5471.2500    3.60660E-14
   5472.5000    3.52190E-14
   5473.7500    3.69390E-14
   5475.0000    3.74170E-14
   5476.2500    3.73930E-14
   5477.5000    3.70370E-14
   5478.7500    3.43810E-14
   5480.0000    3.61090E-14
   5481.2500    3.44460E-14
   5482.5000    3.69100E-14
   5483.7500    3.68830E-14
   5485.0000    3.52970E-14
   5486.2500    3.65260E-14
   5487.5000    3.62860E-14
   5488.7500    3.67140E-14
   5490.0000    3.58840E-14
   5491.2500    3.63300E-14
   5492.5000    3.79010E-14
   5493.7500    3.74370E-14
   5495.0000    3.63420E-14
   5496.2500    3.61300E-14
   5497.5000    3.69270E-14
   5498.7500    3.51250E-14
   5500.0000    3.69510E-14
   5501.2500    3.72760E-14
   5502.5000    3.66580E-14
   5503.7500    3.66080E-14
   5505.0000    3.71840E-14
   5506.2500    3.48800E-14
   5507.5000    3.61110E-14
   5508.7500    3.61220E-14
   5510.0000    3.51240E-14
   5511.2500    3.77320E-14
   5512.5000    3.46290E-14
   5513.7500    3.70840E-14
   5515.0000    3.37430E-14
   5516.2500    3.62750E-14
   5517.5000    3.57380E-14
   5518.7500    3.56770E-14
   5520.0000    3.61150E-14
   5521.2500    3.68000E-14
   5522.5000    3.61470E-14
   5523.7500    3.56730E-14
   5525.0000    3.54970E-14
   5526.2500    3.50110E-14
   5527.5000    3.58570E-14
   5528.7500    3.62020E-14
   5530.0000    3.63330E-14
   5531.2500    3.68710E-14
   5532.5000    3.53770E-14
   5533.7500    3.39030E-14
   5535.0000    3.47190E-14
   5536.2500    3.81770E-14
   5537.5000    3.53520E-14
   5538.7500    3.68410E-14
   5540.0000    3.68290E-14
   5541.2500    3.52310E-14
   5542.5000    3.69770E-14
   5543.7500    3.70350E-14
   5545.0000    3.47200E-14
   5546.2500    3.62440E-14
   5547.5000    3.72420E-14
   5548.7500    3.52210E-14
   5550.0000    3.73040E-14
   5551.2500    3.67550E-14
   5552.5000    3.73750E-14
   5553.7500    3.66610E-14
   5555.0000    3.60850E-14
   5556.2500    3.52430E-14
   5557.5000    3.63900E-14
   5558.7500    3.73170E-14
   5560.0000    3.71670E-14
   5561.2500    3.41660E-14
   5562.5000    3.73360E-14
   5563.7500    3.46220E-14
   5565.0000    3.67420E-14
   5566.2500    3.53040E-14
   5567.5000    3.67730E-14
   5568.7500    3.59540E-14
   5570.0000    3.62220E-14
   5571.2500    3.66330E-14
   5572.5000    3.48380E-14
   5573.7500    3.61640E-14
   5575.0000    3.57880E-14
   5576.2500    3.76500E-14
   5577.5000    3.73690E-14
   5578.7500    3.67920E-14
   5580.0000    3.65690E-14
   5581.2500    3.83760E-14
   5582.5000    3.62930E-14
   5583.7500    3.85690E-14
   5585.0000    3.55310E-14
   5586.2500    3.85260E-14
   5587.5000    3.69740E-14
   5588.7500    3.37580E-14
   5590.0000    3.67710E-14
   5591.2500    3.63330E-14
   5592.5000    3.58660E-14
   5593.7500    3.39380E-14
   5595.0000    3.43290E-14
   5596.2500    3.47440E-14
   5597.5000    3.59150E-14
   5598.7500    3.63320E-14
   5600.0000    3.68930E-14
   5601.2500    3.38880E-14
   5602.5000    3.50420E-14
   5603.7500    3.49310E-14
   5605.0000    3.75230E-14
   5606.2500    3.67270E-14
   5607.5000    3.72030E-14
   5608.7500    3.67400E-14
   5610.0000    3.67400E-14
   5611.2500    3.67970E-14
   5612.5000    3.67560E-14
   5613.7500    3.72670E-14
   5615.0000    3.60890E-14
   5616.2500    3.59240E-14
   5617.5000    3.57640E-14
   5618.7500    3.58740E-14
   5620.0000    3.49490E-14
   5621.2500    3.62350E-14
   5622.5000    3.48630E-14
   5623.7500    3.64170E-14
   5625.0000    3.61190E-14
   5626.2500    3.52300E-14
   5627.5000    3.66380E-14
   5628.7500    3.64160E-14
   5630.0000    3.54870E-14
   5631.2500    3.59620E-14
   5632.5000    3.60470E-14
   5633.7500    3.66300E-14
   5635.0000    3.64950E-14
   5636.2500    3.78450E-14
   5637.5000    3.62600E-14
   5638.7500    3.39180E-14
   5640.0000    3.45210E-14
   5641.2500    3.66780E-14
   5642.5000    3.55540E-14
   5643.7500    3.41630E-14
   5645.0000    3.71010E-14
   5646.2500    3.58890E-14
   5647.5000    3.75780E-14
   5648.7500    3.53740E-14
   5650.0000    3.50010E-14
   5651.2500    3.69860E-14
   5652.5000    3.54920E-14
   5653.7500    3.72280E-14
   5655.0000    3.45410E-14
   5656.2500    3.53460E-14
   5657.5000    3.59390E-14
   5658.7500    3.45270E-14
   5660.0000    3.56390E-14
   5661.2500    3.56260E-14
   5662.5000    3.54850E-14
   5663.7500    3.69100E-14
   5665.0000    3.72560E-14
   5666.2500    3.57140E-14
   5667.5000    3.46420E-14
   5668.7500    3.67390E-14
   5670.0000    3.77730E-14
   5671.2500    3.52750E-14
   5672.5000    3.59720E-14
   5673.7500    3.76660E-14
   5675.0000    3.61950E-14
   5676.2500    3.46600E-14
   5677.5000    3.56650E-14
   5678.7500    3.74870E-14
   5680.0000    3.82140E-14
   5681.2500    3.40700E-14
   5682.5000    3.62370E-14
   5683.7500    3.61400E-14
   5685.0000    3.54760E-14
   5686.2500    3.60770E-14
   5687.5000    3.37730E-14
   5688.7500    3.42660E-14
   5690.0000    3.45290E-14
   5691.2500    3.57440E-14
   5692.5000    3.62810E-14
   5693.7500    3.80050E-14
   5695.0000    3.54840E-14
   5696.2500    3.35910E-14
   5697.5000    3.67570E-14
   5698.7500    3.78260E-14
   5700.0000    3.54470E-14
   5701.2500    3.56070E-14
   5702.5000    3.44500E-14
   5703.7500    3.46610E-14
   5705.0000    3.47070E-14
   5706.2500    3.49920E-14
   5707.5000    3.49920E-14
   5708.7500    3.50640E-14
   5710.0000    3.41860E-14
   5711.2500    3.56020E-14
   5712.5000    3.42780E-14
   5713.7500    3.54540E-14
   5715.0000    3.42900E-14
   5716.2500    3.48960E-14
   5717.5000    3.58630E-14
   5718.7500    3.59470E-14
   5720.0000    3.75040E-14
   5721.2500    3.58560E-14
   5722.5000    3.63640E-14
   5723.7500    3.63410E-14
   5725.0000    3.76670E-14
   5726.2500    3.57770E-14
   5727.5000    3.68370E-14
   5728.7500    3.66430E-14
   5730.0000    3.56750E-14
   5731.2500    3.66650E-14
   5732.5000    3.74440E-14
   5733.7500    3.42410E-14
   5735.0000    3.62960E-14
   5736.2500    3.58660E-14
   5737.5000    3.68740E-14
   5738.7500    3.59680E-14
   5740.0000    3.73310E-14
   5741.2500    3.59600E-14
   5742.5000    3.68940E-14
   5743.7500    3.57680E-14
   5745.0000    3.68340E-14
   5746.2500    3.45790E-14
   5747.5000    3.75780E-14
   5748.7500    3.62550E-14
   5750.0000    3.46770E-14
   5751.2500    3.60210E-14
   5752.5000    3.64850E-14
   5753.7500    3.42850E-14
   5755.0000    3.61200E-14
   5756.2500    3.58260E-14
   5757.5000    3.71940E-14
   5758.7500    3.63360E-14
   5760.0000    3.65080E-14
   5761.2500    3.51370E-14
   5762.5000    3.66150E-14
   5763.7500    3.80380E-14
   5765.0000    3.43240E-14
   5766.2500    3.66130E-14
   5767.5000    3.66980E-14
   5768.7500    3.48970E-14
   5770.0000    3.61000E-14
   5771.2500    3.61070E-14
   5772.5000    3.58990E-14
   5773.7500    3.72680E-14
   5775.0000    3.68470E-14
   5776.2500    3.66050E-14
   5777.5000    3.47830E-14
   5778.7500    3.57820E-14
   5780.0000    3.77310E-14
   5781.2500    3.36120E-14
   5782.5000    3.49470E-14
   5783.7500    3.49310E-14
   5785.0000    3.77680E-14
   5786.2500    3.42490E-14
   5787.5000    3.47790E-14
   5788.7500    3.68750E-14
   5790.0000    3.56380E-14
   5791.2500    3.50030E-14
   5792.5000    3.60420E-14
   5793.7500    3.34740E-14
   5795.0000    3.63380E-14
   5796.2500    3.70690E-14
   5797.5000    3.44910E-14
   5798.7500    3.78740E-14
   5800.0000    3.70520E-14
