   1350.0000    3.69060E-14
   1351.0000    3.79090E-14
   1352.0000    3.77130E-14
   1353.0000    3.66490E-14
   1354.0000    3.80530E-14
   1355.0000    3.78390E-14
   1356.0000    3.76740E-14
   1357.0000    3.64970E-14
   1358.0000    3.69750E-14
   1359.0000    3.69810E-14
   1360.0000    3.70350E-14
   1361.0000    3.53900E-14
   1362.0000    3.48180E-14
   1363.0000    3.42590E-14
   1364.0000    3.34690E-14
   1365.0000    3.45950E-14
   1366.0000    3.36880E-14
   1367.0000    3.40770E-14
   1368.0000    3.43760E-14
   1369.0000    3.43160E-14
   1370.0000    3.45390E-14
   1371.0000    3.40520E-14
   1372.0000    3.41640E-14
   1373.0000    3.56100E-14
   1374.0000    3.46060E-14
   1375.0000    3.47460E-14
   1376.0000    3.46300E-14
   1377.0000    3.56340E-14
   1378.0000    3.61920E-14
   1379.0000    3.45990E-14
   1380.0000    3.58080E-14
   1381.0000    3.43440E-14
   1382.0000    3.44070E-14
   1383.0000    3.52520E-14
   1384.0000    3.43800E-14
   1385.0000    3.44990E-14
   1386.0000    3.41450E-14
   1387.0000    3.47900E-14
   1388.0000    3.42010E-14
   1389.0000    3.41960E-14
   1390.0000    3.25560E-14
   1391.0000    2.74070E-14
   1392.0000    2.57370E-14
   1393.0000    2.60000E-14
   1394.0000    2.55470E-14
   1395.0000    2.45680E-14
   1396.0000    2.45420E-14
   1397.0000    2.45050E-14
   1398.0000    2.47740E-14
   1399.0000    2.52400E-14
   1400.0000    2.65410E-14
   1401.0000    2.54290E-14
   1402.0000    2.59240E-14
   1403.0000    2.66290E-14
   1404.0000    2.62300E-14
   1405.0000    2.57810E-14
   1406.0000    2.65720E-14
   1407.0000    2.73340E-14
   1408.0000    2.63590E-14
   1409.0000    2.81740E-14
   1410.0000    2.82130E-14
   1411.0000    3.08360E-14
   1412.0000    3.24010E-14
   1413.0000    3.28420E-14
   1414.0000    3.38790E-14
   1415.0000    3.30360E-14
   1416.0000    3.27410E-14
   1417.0000    3.30320E-14
   1418.0000    3.28280E-14
   1419.0000    3.29730E-14
   1420.0000    3.23290E-14
   1421.0000    3.28570E-14
   1422.0000    3.34400E-14
   1423.0000    3.36430E-14
   1424.0000    3.32920E-14
   1425.0000    3.32560E-14
   1426.0000    3.30500E-14
   1427.0000    3.34240E-14
   1428.0000    3.34000E-14
   1429.0000    3.37600E-14
   1430.0000    3.35260E-14
   1431.0000    3.36660E-14
   1432.0000    3.47750E-14
   1433.0000    3.41690E-14
   1434.0000    3.48540E-14
   1435.0000    3.63790E-14
   1436.0000    3.34960E-14
   1437.0000    3.52350E-14
   1438.0000    3.58710E-14
   1439.0000    3.63700E-14
   1440.0000    3.59370E-14
   1441.0000    3.58760E-14
   1442.0000    3.59290E-14
   1443.0000    3.67030E-14
   1444.0000    3.74860E-14
   1445.0000    3.68790E-14
   1446.0000    3.63760E-14
   1447.0000    3.73290E-14
   1448.0000    3.64020E-14
   1449.0000    3.64130E-14
   1450.0000    3.72580E-14
   1451.0000    3.63600E-14
   1452.0000    3.55570E-14
   1453.0000    3.58610E-14
   1454.0000    3.63710E-14
   1455.0000    3.60040E-14
   1456.0000    3.54710E-14
   1457.0000    3.67270E-14
   1458.0000    3.48740E-14
   1459.0000    3.51600E-14
   1460.0000    3.49710E-14
   1461.0000    3.33390E-14
   1462.0000    3.27620E-14
   1463.0000    3.20710E-14
   1464.0000    3.20590E-14
   1465.0000    3.37020E-14
   1466.0000    3.32820E-14
   1467.0000    3.31730E-14
   1468.0000    3.27340E-14
   1469.0000    3.31420E-14
   1470.0000    3.28240E-14
   1471.0000    3.35030E-14
   1472.0000    3.44860E-14
   1473.0000    3.28710E-14
   1474.0000    3.32900E-14
   1475.0000    3.22540E-14
   1476.0000    3.35890E-14
   1477.0000    3.35800E-14
   1478.0000    3.40630E-14
   1479.0000    3.37290E-14
   1480.0000    3.42800E-14
   1481.0000    3.42120E-14
   1482.0000    3.48020E-14
   1483.0000    3.43020E-14
   1484.0000    3.42030E-14
   1485.0000    3.55000E-14
   1486.0000    3.51280E-14
   1487.0000    3.40740E-14
   1488.0000    3.58130E-14
   1489.0000    3.47820E-14
   1490.0000    3.53950E-14
   1491.0000    3.59520E-14
   1492.0000    3.62370E-14
   1493.0000    3.43690E-14
   1494.0000    3.61660E-14
   1495.0000    3.51940E-14
   1496.0000    3.57100E-14
   1497.0000    3.52720E-14
   1498.0000    3.51440E-14
   1499.0000    3.57450E-14
   1500.0000    3.43080E-14
   1501.0000    3.45680E-14
   1502.0000    3.25800E-14
   1503.0000    3.29280E-14
   1504.0000    3.34370E-14
   1505.0000    3.31520E-14
   1506.0000    3.28010E-14
   1507.0000    3.40590E-14
   1508.0000    3.19410E-14
   1509.0000    3.11210E-14
   1510.0000    3.00530E-14
   1511.0000    2.91680E-14
   1512.0000    2.91590E-14
   1513.0000    3.08060E-14
   1514.0000    3.01910E-14
   1515.0000    2.99080E-14
   1516.0000    3.09240E-14
   1517.0000    3.14390E-14
   1518.0000    3.05450E-14
   1519.0000    3.15080E-14
   1520.0000    3.28680E-14
   1521.0000    3.21640E-14
   1522.0000    3.12150E-14
   1523.0000    3.05090E-14
   1524.0000    3.10510E-14
   1525.0000    3.08890E-14
   1526.0000    3.10850E-14
   1527.0000    3.12150E-14
   1528.0000    3.09980E-14
   1529.0000    3.05910E-14
   1530.0000    3.07040E-14
   1531.0000    2.73320E-14
   1532.0000    2.58600E-14
   1533.0000    2.56840E-14
   1534.0000    2.60190E-14
   1535.0000    2.53830E-14
   1536.0000    2.59890E-14
   1537.0000    2.59170E-14
   1538.0000    2.57000E-14
   1539.0000    2.54250E-14
   1540.0000    2.61290E-14
   1541.0000    2.39410E-14
   1542.0000    2.59780E-14
   1543.0000    2.50630E-14
   1544.0000    2.52970E-14
   1545.0000    2.42810E-14
   1546.0000    2.52750E-14
   1547.0000    2.49860E-14
   1548.0000    2.42200E-14
   1549.0000    2.61010E-14
   1550.0000    2.52160E-14
   1551.0000    2.44730E-14
   1552.0000    2.42850E-14
   1553.0000    2.52260E-14
   1554.0000    2.34150E-14
   1555.0000    2.64710E-14
   1556.0000    2.48760E-14
   1557.0000    2.53930E-14
   1558.0000    2.54300E-14
   1559.0000    2.52180E-14
   1560.0000    2.57580E-14
   1561.0000    2.60170E-14
   1562.0000    2.66140E-14
   1563.0000    2.68020E-14
   1564.0000    2.72120E-14
   1565.0000    2.76610E-14
   1566.0000    2.73750E-14
   1567.0000    2.72480E-14
   1568.0000    2.73950E-14
   1569.0000    2.73380E-14
   1570.0000    2.78340E-14
   1571.0000    2.96290E-14
   1572.0000    3.01620E-14
   1573.0000    2.92580E-14
   1574.0000    3.07830E-14
   1575.0000    2.94450E-14
   1576.0000    2.97970E-14
   1577.0000    3.06870E-14
   1578.0000    2.98180E-14
   1579.0000    2.99260E-14
   1580.0000    3.08200E-14
   1581.0000    3.07890E-14
   1582.0000    3.16440E-14
   1583.0000    3.28870E-14
   1584.0000    3.13930E-14
   1585.0000    3.20410E-14
   1586.0000    3.16180E-14
   1587.0000    3.29040E-14
   1588.0000    3.16890E-14
   1589.0000    3.16400E-14
   1590.0000    3.29780E-14
   1591.0000    3.31090E-14
   1592.0000    3.27150E-14
   1593.0000    3.21810E-14
   1594.0000    3.24770E-14
   1595.0000    3.24800E-14
   1596.0000    3.28320E-14
   1597.0000    3.33400E-14
   1598.0000    3.22620E-14
   1599.0000    3.21480E-14
   1600.0000    3.25810E-14
   1601.0000    3.25580E-14
   1602.0000    3.24530E-14
   1603.0000    3.33000E-14
   1604.0000    3.25240E-14
   1605.0000    3.28820E-14
   1606.0000    3.26380E-14
   1607.0000    3.16240E-14
   1608.0000    3.15320E-14
   1609.0000    3.16470E-14
   1610.0000    3.26530E-14
   1611.0000    3.29060E-14
   1612.0000    3.22200E-14
   1613.0000    3.27350E-14
   1614.0000    3.26770E-14
   1615.0000    3.25150E-14
   1616.0000    3.23830E-14
   1617.0000    3.24850E-14
   1618.0000    3.29620E-14
   1619.0000    3.30540E-14
   1620.0000    3.28350E-14
   1621.0000    3.17360E-14
   1622.0000    3.18000E-14
   1623.0000    3.14540E-14
   1624.0000    3.10760E-14
   1625.0000    3.07070E-14
   1626.0000    3.15240E-14
   1627.0000    3.18860E-14
   1628.0000    3.08970E-14
   1629.0000    3.21590E-14
   1630.0000    3.21180E-14
   1631.0000    3.25660E-14
   1632.0000    3.35740E-14
   1633.0000    3.42400E-14
   1634.0000    3.30220E-14
   1635.0000    3.50960E-14
   1636.0000    3.34830E-14
   1637.0000    3.42690E-14
   1638.0000    3.44350E-14
   1639.0000    3.48740E-14
   1640.0000    3.54220E-14
   1641.0000    3.39960E-14
   1642.0000    3.57730E-14
   1643.0000    3.42960E-14
   1644.0000    3.46990E-14
   1645.0000    3.43770E-14
   1646.0000    3.52310E-14
   1647.0000    3.52070E-14
   1648.0000    3.51380E-14
   1649.0000    3.55270E-14
   1650.0000    3.52010E-14
   1651.0000    3.30520E-14
   1652.0000    3.25710E-14
   1653.0000    3.26030E-14
   1654.0000    3.24950E-14
   1655.0000    3.27850E-14
   1656.0000    3.37040E-14
   1657.0000    3.32940E-14
   1658.0000    3.33570E-14
   1659.0000    3.43040E-14
   1660.0000    3.31200E-14
   1661.0000    3.44600E-14
   1662.0000    3.52330E-14
   1663.0000    3.63570E-14
   1664.0000    3.56800E-14
   1665.0000    3.55150E-14
   1666.0000    3.62900E-14
   1667.0000    3.54910E-14
   1668.0000    3.43480E-14
   1669.0000    3.37810E-14
   1670.0000    3.31400E-14
   1671.0000    3.14210E-14
   1672.0000    3.18800E-14
   1673.0000    3.22720E-14
   1674.0000    3.30360E-14
   1675.0000    3.42930E-14
   1676.0000    3.48090E-14
   1677.0000    3.68140E-14
   1678.0000    3.68480E-14
   1679.0000    3.75340E-14
   1680.0000    3.84240E-14
   1681.0000    3.86770E-14
   1682.0000    3.74880E-14
   1683.0000    3.83090E-14
   1684.0000    3.75270E-14
   1685.0000    3.81650E-14
   1686.0000    3.89070E-14
   1687.0000    3.77570E-14
   1688.0000    3.71970E-14
   1689.0000    3.83220E-14
   1690.0000    3.87950E-14
   1691.0000    3.58340E-14
   1692.0000    3.48480E-14
   1693.0000    3.65110E-14
   1694.0000    3.60240E-14
   1695.0000    3.48670E-14
   1696.0000    3.66350E-14
   1697.0000    3.62520E-14
   1698.0000    3.69720E-14
   1699.0000    3.70390E-14
   1700.0000    3.54470E-14
   1701.0000    3.54360E-14
   1702.0000    3.40980E-14
   1703.0000    3.67790E-14
   1704.0000    3.44190E-14
   1705.0000    3.52900E-14
   1706.0000    3.54680E-14
   1707.0000    3.50490E-14
   1708.0000    3.43840E-14
   1709.0000    3.51130E-14
   1710.0000    3.33910E-14
   1711.0000    3.23800E-14
   1712.0000    3.20060E-14
   1713.0000    3.32610E-14
   1714.0000    3.24620E-14
   1715.0000    3.22130E-14
   1716.0000    3.24660E-14
   1717.0000    3.33690E-14
   1718.0000    3.22260E-14
   1719.0000    3.18660E-14
   1720.0000    3.18770E-14
   1721.0000    3.27960E-14
   1722.0000    3.25040E-14
   1723.0000    3.19300E-14
   1724.0000    3.23330E-14
   1725.0000    3.17820E-14
   1726.0000    3.28050E-14
   1727.0000    3.23570E-14
   1728.0000    3.23410E-14
   1729.0000    3.20080E-14
   1730.0000    3.37720E-14
   1731.0000    3.42750E-14
   1732.0000    3.34520E-14
   1733.0000    3.40910E-14
   1734.0000    3.41680E-14
   1735.0000    3.52690E-14
   1736.0000    3.47860E-14
   1737.0000    3.55640E-14
   1738.0000    3.42140E-14
   1739.0000    3.42560E-14
   1740.0000    3.55220E-14
   1741.0000    3.47640E-14
   1742.0000    3.49190E-14
   1743.0000    3.48690E-14
   1744.0000    3.43190E-14
   1745.0000    3.40900E-14
   1746.0000    3.45110E-14
   1747.0000    3.58620E-14
   1748.0000    3.49220E-14
   1749.0000    3.41260E-14
   1750.0000    3.47490E-14
   1751.0000    3.53830E-14
   1752.0000    3.59240E-14
   1753.0000    3.67090E-14
   1754.0000    3.52930E-14
   1755.0000    3.64720E-14
   1756.0000    3.59480E-14
   1757.0000    3.55740E-14
   1758.0000    3.63240E-14
   1759.0000    3.69380E-14
   1760.0000    3.54150E-14
   1761.0000    3.49620E-14
   1762.0000    3.48340E-14
   1763.0000    3.46670E-14
   1764.0000    3.44950E-14
   1765.0000    3.50400E-14
   1766.0000    3.48710E-14
   1767.0000    3.40300E-14
   1768.0000    3.52910E-14
   1769.0000    3.47170E-14
   1770.0000    3.46950E-14
   1771.0000    3.39340E-14
   1772.0000    3.43310E-14
   1773.0000    3.40710E-14
   1774.0000    3.34540E-14
   1775.0000    3.39580E-14
   1776.0000    3.34450E-14
   1777.0000    3.47230E-14
   1778.0000    3.41530E-14
   1779.0000    3.35670E-14
   1780.0000    3.52350E-14
   1781.0000    3.47360E-14
   1782.0000    3.56210E-14
   1783.0000    3.52130E-14
   1784.0000    3.50850E-14
   1785.0000    3.48320E-14
   1786.0000    3.54230E-14
   1787.0000    3.56190E-14
   1788.0000    3.59480E-14
   1789.0000    3.57000E-14
   1790.0000    3.62730E-14
   1791.0000    3.59990E-14
   1792.0000    3.63730E-14
   1793.0000    3.70310E-14
   1794.0000    3.69380E-14
   1795.0000    3.74150E-14
   1796.0000    3.78020E-14
   1797.0000    3.73510E-14
   1798.0000    3.66520E-14
   1799.0000    3.74520E-14
   1800.0000    3.78510E-14
   1801.0000    3.73760E-14
   1802.0000    3.73990E-14
   1803.0000    3.80060E-14
   1804.0000    3.75040E-14
   1805.0000    3.71680E-14
   1806.0000    3.76550E-14
   1807.0000    3.76860E-14
   1808.0000    3.71970E-14
   1809.0000    3.68110E-14
   1810.0000    3.59430E-14
   1811.0000    3.54990E-14
   1812.0000    3.44760E-14
   1813.0000    3.42460E-14
   1814.0000    3.37320E-14
   1815.0000    3.41890E-14
   1816.0000    3.35460E-14
   1817.0000    3.50970E-14
   1818.0000    3.48300E-14
   1819.0000    3.39460E-14
   1820.0000    3.38510E-14
   1821.0000    3.60420E-14
   1822.0000    3.48000E-14
   1823.0000    3.56100E-14
   1824.0000    3.51310E-14
   1825.0000    3.49490E-14
   1826.0000    3.49670E-14
   1827.0000    3.53840E-14
   1828.0000    3.46230E-14
   1829.0000    3.54640E-14
   1830.0000    3.47150E-14
   1831.0000    3.32400E-14
   1832.0000    3.41680E-14
   1833.0000    3.42410E-14
   1834.0000    3.25710E-14
   1835.0000    3.40790E-14
   1836.0000    3.49660E-14
   1837.0000    3.41400E-14
   1838.0000    3.49930E-14
   1839.0000    3.42010E-14
   1840.0000    3.26500E-14
   1841.0000    3.16340E-14
   1842.0000    3.05030E-14
   1843.0000    3.16510E-14
   1844.0000    3.11530E-14
   1845.0000    3.12630E-14
   1846.0000    3.02070E-14
   1847.0000    3.16380E-14
   1848.0000    3.12770E-14
   1849.0000    3.00950E-14
   1850.0000    3.00650E-14
   1851.0000    3.13300E-14
   1852.0000    3.15160E-14
   1853.0000    3.07980E-14
   1854.0000    3.17650E-14
   1855.0000    3.15110E-14
   1856.0000    3.17010E-14
   1857.0000    3.13400E-14
   1858.0000    3.26030E-14
   1859.0000    3.15610E-14
   1860.0000    3.30970E-14
   1861.0000    3.07780E-14
   1862.0000    3.28900E-14
   1863.0000    3.23070E-14
   1864.0000    3.30760E-14
   1865.0000    3.28520E-14
   1866.0000    3.33980E-14
   1867.0000    3.27640E-14
   1868.0000    3.28470E-14
   1869.0000    3.26090E-14
   1870.0000    3.33440E-14
   1871.0000    3.51160E-14
   1872.0000    3.55160E-14
   1873.0000    3.60880E-14
   1874.0000    3.64840E-14
   1875.0000    3.49040E-14
   1876.0000    3.46190E-14
   1877.0000    3.49960E-14
   1878.0000    3.61250E-14
   1879.0000    3.60740E-14
   1880.0000    3.51100E-14
   1881.0000    3.35980E-14
   1882.0000    3.26690E-14
   1883.0000    3.11420E-14
   1884.0000    3.15910E-14
   1885.0000    3.37420E-14
   1886.0000    3.24630E-14
   1887.0000    3.22790E-14
   1888.0000    3.26030E-14
   1889.0000    3.18540E-14
   1890.0000    3.14000E-14
   1891.0000    3.19110E-14
   1892.0000    3.08690E-14
   1893.0000    3.10590E-14
   1894.0000    3.04580E-14
   1895.0000    3.05090E-14
   1896.0000    3.08470E-14
   1897.0000    3.14440E-14
   1898.0000    2.99570E-14
   1899.0000    3.02050E-14
   1900.0000    3.23110E-14
   1901.0000    3.26940E-14
   1902.0000    3.45420E-14
   1903.0000    3.44480E-14
   1904.0000    3.26980E-14
   1905.0000    3.43250E-14
   1906.0000    3.35050E-14
   1907.0000    3.46640E-14
   1908.0000    3.30790E-14
   1909.0000    3.34120E-14
   1910.0000    3.34690E-14
   1911.0000    3.20620E-14
   1912.0000    3.14020E-14
   1913.0000    3.17840E-14
   1914.0000    3.19100E-14
   1915.0000    3.02110E-14
   1916.0000    3.13590E-14
   1917.0000    3.17470E-14
   1918.0000    3.16840E-14
   1919.0000    3.17010E-14
   1920.0000    3.17510E-14
   1921.0000    3.11470E-14
   1922.0000    3.09820E-14
   1923.0000    3.11130E-14
   1924.0000    3.03000E-14
   1925.0000    3.05910E-14
   1926.0000    3.00710E-14
   1927.0000    3.15240E-14
   1928.0000    3.10490E-14
   1929.0000    3.10430E-14
   1930.0000    3.21300E-14
   1931.0000    3.19760E-14
   1932.0000    3.20720E-14
   1933.0000    3.31130E-14
   1934.0000    3.34870E-14
   1935.0000    3.39750E-14
   1936.0000    3.32800E-14
   1937.0000    3.31370E-14
   1938.0000    3.28490E-14
   1939.0000    3.38640E-14
   1940.0000    3.40950E-14
   1941.0000    3.34280E-14
   1942.0000    3.36780E-14
   1943.0000    3.43900E-14
   1944.0000    3.43090E-14
   1945.0000    3.45300E-14
   1946.0000    3.44160E-14
   1947.0000    3.40880E-14
   1948.0000    3.36410E-14
   1949.0000    3.49810E-14
   1950.0000    3.34850E-14
   1951.0000    3.28580E-14
   1952.0000    3.19340E-14
   1953.0000    3.08050E-14
   1954.0000    3.02880E-14
   1955.0000    3.10830E-14
   1956.0000    3.10400E-14
   1957.0000    3.12510E-14
   1958.0000    3.20810E-14
   1959.0000    3.07170E-14
   1960.0000    3.19810E-14
   1961.0000    3.33640E-14
   1962.0000    3.38590E-14
   1963.0000    3.33380E-14
   1964.0000    3.49230E-14
   1965.0000    3.44010E-14
   1966.0000    3.51630E-14
   1967.0000    3.56960E-14
   1968.0000    3.48160E-14
   1969.0000    3.49440E-14
   1970.0000    3.57820E-14
   1971.0000    3.48940E-14
   1972.0000    3.59160E-14
   1973.0000    3.72530E-14
   1974.0000    3.72360E-14
   1975.0000    3.63770E-14
   1976.0000    3.70030E-14
   1977.0000    3.62550E-14
   1978.0000    3.70580E-14
   1979.0000    3.64540E-14
   1980.0000    3.78630E-14
   1981.0000    3.48170E-14
   1982.0000    3.56800E-14
   1983.0000    3.57650E-14
   1984.0000    3.56610E-14
   1985.0000    3.44190E-14
   1986.0000    3.45500E-14
   1987.0000    3.41220E-14
   1988.0000    3.46630E-14
   1989.0000    3.33930E-14
   1990.0000    3.38180E-14
   1991.0000    3.37290E-14
   1992.0000    3.36790E-14
   1993.0000    3.36340E-14
   1994.0000    3.44180E-14
   1995.0000    3.30180E-14
   1996.0000    3.46750E-14
   1997.0000    3.38120E-14
   1998.0000    3.40110E-14
   1999.0000    3.34710E-14
   2000.0000    3.52250E-14
   2001.0000    3.49080E-14
   2002.0000    3.53590E-14
   2003.0000    3.51550E-14
