   1350.0000    1.06220E-13
   1351.0000    1.04780E-13
   1352.0000    1.03470E-13
   1353.0000    1.03960E-13
   1354.0000    1.04190E-13
   1355.0000    1.03580E-13
   1356.0000    1.03870E-13
   1357.0000    1.04050E-13
   1358.0000    1.04540E-13
   1359.0000    1.01490E-13
   1360.0000    9.72180E-14
   1361.0000    9.34300E-14
   1362.0000    8.98460E-14
   1363.0000    8.99350E-14
   1364.0000    8.97890E-14
   1365.0000    8.98920E-14
   1366.0000    8.98010E-14
   1367.0000    8.93670E-14
   1368.0000    9.02070E-14
   1369.0000    9.01470E-14
   1370.0000    9.27440E-14
   1371.0000    9.22550E-14
   1372.0000    9.57150E-14
   1373.0000    9.50580E-14
   1374.0000    9.46580E-14
   1375.0000    9.44630E-14
   1376.0000    9.49500E-14
   1377.0000    9.49790E-14
   1378.0000    9.54750E-14
   1379.0000    9.53570E-14
   1380.0000    9.56400E-14
   1381.0000    9.53420E-14
   1382.0000    9.58910E-14
   1383.0000    9.41230E-14
   1384.0000    9.48190E-14
   1385.0000    9.60710E-14
   1386.0000    9.59860E-14
   1387.0000    9.52980E-14
   1388.0000    9.47270E-14
   1389.0000    9.40890E-14
   1390.0000    8.70310E-14
   1391.0000    8.20470E-14
   1392.0000    7.82780E-14
   1393.0000    7.79400E-14
   1394.0000    7.75740E-14
   1395.0000    7.79390E-14
   1396.0000    7.79030E-14
   1397.0000    7.66000E-14
   1398.0000    7.75980E-14
   1399.0000    7.79380E-14
   1400.0000    7.71190E-14
   1401.0000    7.78590E-14
   1402.0000    7.77440E-14
   1403.0000    7.88930E-14
   1404.0000    7.83070E-14
   1405.0000    7.93360E-14
   1406.0000    7.81080E-14
   1407.0000    7.91880E-14
   1408.0000    7.95710E-14
   1409.0000    7.98580E-14
   1410.0000    8.13050E-14
   1411.0000    8.32710E-14
   1412.0000    8.57250E-14
   1413.0000    8.54470E-14
   1414.0000    8.58820E-14
   1415.0000    8.56360E-14
   1416.0000    8.54050E-14
   1417.0000    8.51950E-14
   1418.0000    8.53070E-14
   1419.0000    8.65940E-14
   1420.0000    8.69630E-14
   1421.0000    8.85340E-14
   1422.0000    8.79110E-14
   1423.0000    8.84520E-14
   1424.0000    8.89680E-14
   1425.0000    8.97580E-14
   1426.0000    8.88880E-14
   1427.0000    8.82780E-14
   1428.0000    8.82450E-14
   1429.0000    8.93120E-14
   1430.0000    8.85680E-14
   1431.0000    8.89310E-14
   1432.0000    8.82750E-14
   1433.0000    8.90360E-14
   1434.0000    8.86830E-14
   1435.0000    8.85610E-14
   1436.0000    8.95990E-14
   1437.0000    8.92790E-14
   1438.0000    9.01890E-14
   1439.0000    9.19970E-14
   1440.0000    9.28920E-14
   1441.0000    9.40520E-14
   1442.0000    9.33330E-14
   1443.0000    9.37970E-14
   1444.0000    9.41700E-14
   1445.0000    9.46880E-14
   1446.0000    9.48800E-14
   1447.0000    9.59470E-14
   1448.0000    9.56430E-14
   1449.0000    9.56710E-14
   1450.0000    9.43800E-14
   1451.0000    9.30930E-14
   1452.0000    9.19090E-14
   1453.0000    9.14050E-14
   1454.0000    9.11030E-14
   1455.0000    9.08070E-14
   1456.0000    8.99630E-14
   1457.0000    9.03790E-14
   1458.0000    9.03450E-14
   1459.0000    8.91060E-14
   1460.0000    8.69140E-14
   1461.0000    8.55880E-14
   1462.0000    8.27860E-14
   1463.0000    8.17900E-14
   1464.0000    8.19450E-14
   1465.0000    8.18700E-14
   1466.0000    8.16060E-14
   1467.0000    8.15730E-14
   1468.0000    8.36280E-14
   1469.0000    8.13900E-14
   1470.0000    8.21700E-14
   1471.0000    8.34870E-14
   1472.0000    8.34360E-14
   1473.0000    8.32170E-14
   1474.0000    8.33930E-14
   1475.0000    8.31400E-14
   1476.0000    8.28570E-14
   1477.0000    8.34460E-14
   1478.0000    8.25600E-14
   1479.0000    8.44630E-14
   1480.0000    8.38270E-14
   1481.0000    8.52190E-14
   1482.0000    8.62350E-14
   1483.0000    8.64170E-14
   1484.0000    8.58220E-14
   1485.0000    8.62930E-14
   1486.0000    8.63670E-14
   1487.0000    8.67040E-14
   1488.0000    8.62270E-14
   1489.0000    8.63960E-14
   1490.0000    8.65840E-14
   1491.0000    8.61460E-14
   1492.0000    8.63450E-14
   1493.0000    8.70850E-14
   1494.0000    8.73970E-14
   1495.0000    8.73370E-14
   1496.0000    8.64160E-14
   1497.0000    8.79640E-14
   1498.0000    8.72590E-14
   1499.0000    8.63560E-14
   1500.0000    8.36240E-14
   1501.0000    8.30420E-14
   1502.0000    8.13830E-14
   1503.0000    8.06600E-14
   1504.0000    7.95170E-14
   1505.0000    8.03450E-14
   1506.0000    8.03070E-14
   1507.0000    7.91260E-14
   1508.0000    7.85040E-14
   1509.0000    7.38830E-14
   1510.0000    7.09250E-14
   1511.0000    7.02400E-14
   1512.0000    7.01420E-14
   1513.0000    7.05600E-14
   1514.0000    7.18460E-14
   1515.0000    7.36240E-14
   1516.0000    7.54250E-14
   1517.0000    7.70230E-14
   1518.0000    7.65100E-14
   1519.0000    7.59910E-14
   1520.0000    7.42890E-14
   1521.0000    7.53970E-14
   1522.0000    7.50030E-14
   1523.0000    7.23120E-14
   1524.0000    7.29220E-14
   1525.0000    7.30210E-14
   1526.0000    7.40770E-14
   1527.0000    7.32580E-14
   1528.0000    7.28340E-14
   1529.0000    7.07660E-14
   1530.0000    6.72640E-14
   1531.0000    6.25040E-14
   1532.0000    6.06680E-14
   1533.0000    6.14690E-14
   1534.0000    5.97710E-14
   1535.0000    6.01460E-14
   1536.0000    6.10570E-14
   1537.0000    5.90220E-14
   1538.0000    6.04300E-14
   1539.0000    6.16890E-14
   1540.0000    6.20220E-14
   1541.0000    6.29660E-14
   1542.0000    6.30480E-14
   1543.0000    6.37670E-14
   1544.0000    6.30170E-14
   1545.0000    6.38480E-14
   1546.0000    6.45920E-14
   1547.0000    6.38980E-14
   1548.0000    6.38390E-14
   1549.0000    6.36680E-14
   1550.0000    6.39900E-14
   1551.0000    6.30010E-14
   1552.0000    6.18080E-14
   1553.0000    6.15160E-14
   1554.0000    6.17020E-14
   1555.0000    6.21070E-14
   1556.0000    6.17090E-14
   1557.0000    6.16460E-14
   1558.0000    6.26450E-14
   1559.0000    6.18650E-14
   1560.0000    6.22570E-14
   1561.0000    6.37840E-14
   1562.0000    6.43610E-14
   1563.0000    6.42400E-14
   1564.0000    6.40340E-14
   1565.0000    6.49390E-14
   1566.0000    6.47070E-14
   1567.0000    6.42610E-14
   1568.0000    6.53260E-14
   1569.0000    6.56310E-14
   1570.0000    6.51630E-14
   1571.0000    6.71960E-14
   1572.0000    6.79530E-14
   1573.0000    6.85200E-14
   1574.0000    6.88950E-14
   1575.0000    6.87430E-14
   1576.0000    6.92630E-14
   1577.0000    6.87500E-14
   1578.0000    6.86810E-14
   1579.0000    6.96240E-14
   1580.0000    7.05860E-14
   1581.0000    7.14110E-14
   1582.0000    7.28170E-14
   1583.0000    7.28810E-14
   1584.0000    7.33890E-14
   1585.0000    7.40780E-14
   1586.0000    7.39820E-14
   1587.0000    7.36340E-14
   1588.0000    7.26790E-14
   1589.0000    7.35130E-14
   1590.0000    7.32270E-14
   1591.0000    7.37750E-14
   1592.0000    7.42940E-14
   1593.0000    7.37110E-14
   1594.0000    7.50890E-14
   1595.0000    7.42350E-14
   1596.0000    7.31630E-14
   1597.0000    7.38430E-14
   1598.0000    7.27040E-14
   1599.0000    7.44830E-14
   1600.0000    7.36930E-14
   1601.0000    7.34260E-14
   1602.0000    7.26200E-14
   1603.0000    7.42970E-14
   1604.0000    7.31140E-14
   1605.0000    7.31040E-14
   1606.0000    7.22460E-14
   1607.0000    7.31820E-14
   1608.0000    7.21870E-14
   1609.0000    7.32060E-14
   1610.0000    7.27290E-14
   1611.0000    7.35000E-14
   1612.0000    7.13350E-14
   1613.0000    7.38800E-14
   1614.0000    7.46830E-14
   1615.0000    7.38010E-14
   1616.0000    7.41450E-14
   1617.0000    7.32160E-14
   1618.0000    7.31270E-14
   1619.0000    7.26320E-14
   1620.0000    7.20520E-14
   1621.0000    7.05810E-14
   1622.0000    6.92020E-14
   1623.0000    6.94700E-14
   1624.0000    6.92110E-14
   1625.0000    6.99300E-14
   1626.0000    6.84930E-14
   1627.0000    6.95280E-14
   1628.0000    6.95710E-14
   1629.0000    6.94120E-14
   1630.0000    7.18200E-14
   1631.0000    7.33650E-14
   1632.0000    7.48010E-14
   1633.0000    7.41870E-14
   1634.0000    7.49450E-14
   1635.0000    7.47040E-14
   1636.0000    7.47440E-14
   1637.0000    7.49470E-14
   1638.0000    7.44850E-14
   1639.0000    7.54650E-14
   1640.0000    7.46950E-14
   1641.0000    7.55720E-14
   1642.0000    7.48520E-14
   1643.0000    7.51850E-14
   1644.0000    7.52300E-14
   1645.0000    7.55820E-14
   1646.0000    7.52300E-14
   1647.0000    7.64500E-14
   1648.0000    7.54410E-14
   1649.0000    7.51860E-14
   1650.0000    7.27110E-14
   1651.0000    7.05570E-14
   1652.0000    7.10460E-14
   1653.0000    6.91310E-14
   1654.0000    6.92070E-14
   1655.0000    7.00240E-14
   1656.0000    6.89540E-14
   1657.0000    6.94290E-14
   1658.0000    6.90930E-14
   1659.0000    7.02220E-14
   1660.0000    7.21410E-14
   1661.0000    7.38630E-14
   1662.0000    7.42730E-14
   1663.0000    7.57850E-14
   1664.0000    7.66230E-14
   1665.0000    7.59950E-14
   1666.0000    7.55200E-14
   1667.0000    7.46340E-14
   1668.0000    7.30810E-14
   1669.0000    7.04620E-14
   1670.0000    6.86250E-14
   1671.0000    6.63990E-14
   1672.0000    6.62020E-14
   1673.0000    6.73040E-14
   1674.0000    6.90040E-14
   1675.0000    7.25370E-14
   1676.0000    7.55050E-14
   1677.0000    7.59550E-14
   1678.0000    7.66140E-14
   1679.0000    7.64170E-14
   1680.0000    7.73420E-14
   1681.0000    7.85270E-14
   1682.0000    7.86540E-14
   1683.0000    8.02050E-14
   1684.0000    8.04310E-14
   1685.0000    8.06980E-14
   1686.0000    8.04950E-14
   1687.0000    8.04860E-14
   1688.0000    8.06130E-14
   1689.0000    7.90640E-14
   1690.0000    7.84460E-14
   1691.0000    7.64930E-14
   1692.0000    7.57820E-14
   1693.0000    7.57680E-14
   1694.0000    7.45930E-14
   1695.0000    7.42150E-14
   1696.0000    7.45540E-14
   1697.0000    7.47310E-14
   1698.0000    7.39870E-14
   1699.0000    7.56760E-14
   1700.0000    7.32570E-14
   1701.0000    7.21370E-14
   1702.0000    7.20270E-14
   1703.0000    7.11010E-14
   1704.0000    7.12460E-14
   1705.0000    7.07710E-14
   1706.0000    7.12280E-14
   1707.0000    7.20020E-14
   1708.0000    7.17000E-14
   1709.0000    7.08340E-14
   1710.0000    6.93970E-14
   1711.0000    6.66810E-14
   1712.0000    6.52730E-14
   1713.0000    6.48680E-14
   1714.0000    6.59810E-14
   1715.0000    6.52840E-14
   1716.0000    6.48460E-14
   1717.0000    6.48110E-14
   1718.0000    6.50220E-14
   1719.0000    6.51580E-14
   1720.0000    6.55940E-14
   1721.0000    6.44370E-14
   1722.0000    6.48540E-14
   1723.0000    6.49320E-14
   1724.0000    6.46730E-14
   1725.0000    6.52520E-14
   1726.0000    6.53020E-14
   1727.0000    6.59840E-14
   1728.0000    6.45500E-14
   1729.0000    6.57490E-14
   1730.0000    6.70560E-14
   1731.0000    6.88680E-14
   1732.0000    6.91210E-14
   1733.0000    6.92730E-14
   1734.0000    6.97980E-14
   1735.0000    6.92730E-14
   1736.0000    6.92900E-14
   1737.0000    6.96570E-14
   1738.0000    7.00810E-14
   1739.0000    6.95470E-14
   1740.0000    6.98100E-14
   1741.0000    6.85890E-14
   1742.0000    6.84900E-14
   1743.0000    6.80360E-14
   1744.0000    6.79450E-14
   1745.0000    6.81920E-14
   1746.0000    6.82150E-14
   1747.0000    6.82880E-14
   1748.0000    6.79150E-14
   1749.0000    6.99080E-14
   1750.0000    7.04840E-14
   1751.0000    7.12950E-14
   1752.0000    7.26920E-14
   1753.0000    7.26880E-14
   1754.0000    7.37720E-14
   1755.0000    7.33350E-14
   1756.0000    7.32340E-14
   1757.0000    7.31210E-14
   1758.0000    7.28100E-14
   1759.0000    7.25010E-14
   1760.0000    6.97360E-14
   1761.0000    6.86630E-14
   1762.0000    6.64350E-14
   1763.0000    6.60220E-14
   1764.0000    6.76200E-14
   1765.0000    6.64880E-14
   1766.0000    6.69320E-14
   1767.0000    6.59990E-14
   1768.0000    6.65450E-14
   1769.0000    6.67990E-14
   1770.0000    6.69550E-14
   1771.0000    6.63590E-14
   1772.0000    6.60170E-14
   1773.0000    6.65710E-14
   1774.0000    6.64110E-14
   1775.0000    6.64220E-14
   1776.0000    6.71730E-14
   1777.0000    6.63420E-14
   1778.0000    6.67640E-14
   1779.0000    6.72110E-14
   1780.0000    6.72730E-14
   1781.0000    6.91300E-14
   1782.0000    6.72510E-14
   1783.0000    6.88620E-14
   1784.0000    6.96460E-14
   1785.0000    6.83670E-14
   1786.0000    6.87980E-14
   1787.0000    6.92400E-14
   1788.0000    7.00400E-14
   1789.0000    6.98430E-14
   1790.0000    7.11560E-14
   1791.0000    7.33660E-14
   1792.0000    7.27610E-14
   1793.0000    7.29780E-14
   1794.0000    7.36450E-14
   1795.0000    7.43220E-14
   1796.0000    7.38130E-14
   1797.0000    7.39990E-14
   1798.0000    7.35440E-14
   1799.0000    7.31020E-14
   1800.0000    7.31360E-14
   1801.0000    7.49490E-14
   1802.0000    7.39760E-14
   1803.0000    7.37130E-14
   1804.0000    7.38830E-14
   1805.0000    7.34890E-14
   1806.0000    7.35990E-14
   1807.0000    7.30570E-14
   1808.0000    7.28930E-14
   1809.0000    7.29880E-14
   1810.0000    7.06420E-14
   1811.0000    6.78870E-14
   1812.0000    6.62610E-14
   1813.0000    6.61160E-14
   1814.0000    6.54580E-14
   1815.0000    6.60500E-14
   1816.0000    6.61080E-14
   1817.0000    6.63480E-14
   1818.0000    6.57500E-14
   1819.0000    6.58690E-14
   1820.0000    6.71860E-14
   1821.0000    6.73440E-14
   1822.0000    6.80790E-14
   1823.0000    6.81920E-14
   1824.0000    6.84820E-14
   1825.0000    6.78780E-14
   1826.0000    6.71950E-14
   1827.0000    6.83610E-14
   1828.0000    6.81270E-14
   1829.0000    6.69670E-14
   1830.0000    6.74470E-14
   1831.0000    6.51150E-14
   1832.0000    6.52100E-14
   1833.0000    6.44190E-14
   1834.0000    6.41410E-14
   1835.0000    6.61470E-14
   1836.0000    6.48060E-14
   1837.0000    6.47570E-14
   1838.0000    6.42310E-14
   1839.0000    6.28510E-14
   1840.0000    6.17750E-14
   1841.0000    6.01770E-14
   1842.0000    5.96360E-14
   1843.0000    5.78000E-14
   1844.0000    5.96060E-14
   1845.0000    5.83890E-14
   1846.0000    5.85010E-14
   1847.0000    5.83320E-14
   1848.0000    5.90320E-14
   1849.0000    5.87100E-14
   1850.0000    5.80100E-14
   1851.0000    5.76300E-14
   1852.0000    5.74810E-14
   1853.0000    5.70680E-14
   1854.0000    5.73540E-14
   1855.0000    5.85370E-14
   1856.0000    5.77520E-14
   1857.0000    5.82530E-14
   1858.0000    5.70830E-14
   1859.0000    5.80200E-14
   1860.0000    5.79290E-14
   1861.0000    5.87400E-14
   1862.0000    6.01120E-14
   1863.0000    5.94440E-14
   1864.0000    5.94610E-14
   1865.0000    5.92990E-14
   1866.0000    5.99210E-14
   1867.0000    5.94330E-14
   1868.0000    5.93210E-14
   1869.0000    6.16930E-14
   1870.0000    6.29620E-14
   1871.0000    6.39560E-14
   1872.0000    6.59450E-14
   1873.0000    6.70330E-14
   1874.0000    6.64740E-14
   1875.0000    6.67310E-14
   1876.0000    6.76130E-14
   1877.0000    6.70270E-14
   1878.0000    6.61310E-14
   1879.0000    6.48490E-14
   1880.0000    6.41980E-14
   1881.0000    6.22970E-14
   1882.0000    5.99340E-14
   1883.0000    5.90700E-14
   1884.0000    5.91510E-14
   1885.0000    6.02580E-14
   1886.0000    5.91720E-14
   1887.0000    6.01720E-14
   1888.0000    5.95610E-14
   1889.0000    5.90110E-14
   1890.0000    5.84360E-14
   1891.0000    5.76210E-14
   1892.0000    5.67460E-14
   1893.0000    5.66580E-14
   1894.0000    5.67550E-14
   1895.0000    5.68550E-14
   1896.0000    5.73470E-14
   1897.0000    5.61390E-14
   1898.0000    5.70540E-14
   1899.0000    5.81890E-14
   1900.0000    5.91000E-14
   1901.0000    6.06240E-14
   1902.0000    6.03950E-14
   1903.0000    6.16020E-14
   1904.0000    6.19680E-14
   1905.0000    6.15740E-14
   1906.0000    6.18640E-14
   1907.0000    6.12000E-14
   1908.0000    6.15640E-14
   1909.0000    6.13180E-14
   1910.0000    5.95370E-14
   1911.0000    5.87540E-14
   1912.0000    5.81690E-14
   1913.0000    5.77210E-14
   1914.0000    5.82270E-14
   1915.0000    5.77970E-14
   1916.0000    5.81060E-14
   1917.0000    5.77940E-14
   1918.0000    5.77480E-14
   1919.0000    5.61460E-14
   1920.0000    5.66090E-14
   1921.0000    5.67780E-14
   1922.0000    5.62170E-14
   1923.0000    5.61310E-14
   1924.0000    5.60180E-14
   1925.0000    5.61610E-14
   1926.0000    5.73050E-14
   1927.0000    5.65750E-14
   1928.0000    5.61210E-14
   1929.0000    5.70290E-14
   1930.0000    5.76940E-14
   1931.0000    5.82080E-14
   1932.0000    5.97900E-14
   1933.0000    5.98250E-14
   1934.0000    5.98730E-14
   1935.0000    6.05440E-14
   1936.0000    5.98420E-14
   1937.0000    5.95770E-14
   1938.0000    6.15340E-14
   1939.0000    6.07760E-14
   1940.0000    6.16840E-14
   1941.0000    6.07050E-14
   1942.0000    6.11940E-14
   1943.0000    6.09450E-14
   1944.0000    6.15530E-14
   1945.0000    6.09510E-14
   1946.0000    6.13040E-14
   1947.0000    6.13350E-14
   1948.0000    6.05170E-14
   1949.0000    6.06110E-14
   1950.0000    5.85730E-14
   1951.0000    5.84520E-14
   1952.0000    5.67220E-14
   1953.0000    5.64520E-14
   1954.0000    5.68490E-14
   1955.0000    5.69160E-14
   1956.0000    5.63130E-14
   1957.0000    5.64400E-14
   1958.0000    5.66600E-14
   1959.0000    5.74110E-14
   1960.0000    5.78460E-14
   1961.0000    6.03750E-14
   1962.0000    6.15480E-14
   1963.0000    6.25200E-14
   1964.0000    6.38590E-14
   1965.0000    6.30240E-14
   1966.0000    6.38080E-14
   1967.0000    6.24430E-14
   1968.0000    6.25060E-14
   1969.0000    6.40950E-14
   1970.0000    6.36650E-14
   1971.0000    6.48240E-14
   1972.0000    6.47750E-14
   1973.0000    6.49730E-14
   1974.0000    6.50360E-14
   1975.0000    6.59620E-14
   1976.0000    6.42930E-14
   1977.0000    6.51320E-14
   1978.0000    6.55810E-14
   1979.0000    6.44860E-14
   1980.0000    6.37790E-14
   1981.0000    6.23000E-14
   1982.0000    6.13190E-14
   1983.0000    6.12420E-14
   1984.0000    6.11210E-14
   1985.0000    6.08870E-14
   1986.0000    6.26620E-14
   1987.0000    6.11950E-14
   1988.0000    6.21110E-14
   1989.0000    5.92730E-14
   1990.0000    5.94650E-14
   1991.0000    5.93130E-14
   1992.0000    5.88350E-14
   1993.0000    5.85530E-14
   1994.0000    5.89490E-14
   1995.0000    5.78530E-14
   1996.0000    5.89960E-14
   1997.0000    5.86490E-14
   1998.0000    5.79730E-14
   1999.0000    6.00230E-14
   2000.0000    5.97310E-14
   2001.0000    6.13590E-14
   2002.0000    6.17260E-14
   2003.0000    6.04290E-14
