  1400.00000    4.15650E-14
  1403.00000    4.04420E-14
  1406.00000    4.28200E-14
  1409.00000    4.43200E-14
  1412.00000    5.12210E-14
  1415.00000    5.15320E-14
  1418.00000    5.30330E-14
  1421.00000    5.17860E-14
  1424.00000    5.23440E-14
  1427.00000    5.39910E-14
  1430.00000    5.53250E-14
  1433.00000    5.55070E-14
  1436.00000    5.59740E-14
  1439.00000    5.74000E-14
  1442.00000    5.70630E-14
  1445.00000    5.87300E-14
  1448.00000    5.90520E-14
  1451.00000    5.68850E-14
  1454.00000    5.55680E-14
  1457.00000    5.39780E-14
  1460.00000    5.28620E-14
  1463.00000    5.21180E-14
  1466.00000    5.30990E-14
  1469.00000    5.37940E-14
  1472.00000    5.32100E-14
  1475.00000    5.25700E-14
  1478.00000    5.46240E-14
  1481.00000    5.37230E-14
  1484.00000    5.42960E-14
  1487.00000    5.51760E-14
  1490.00000    5.43190E-14
  1493.00000    5.34350E-14
  1496.00000    5.54090E-14
  1499.00000    5.31980E-14
  1502.00000    5.03640E-14
  1505.00000    5.03010E-14
  1508.00000    4.85580E-14
  1511.00000    4.58820E-14
  1514.00000    4.70180E-14
  1517.00000    4.74500E-14
  1520.00000    4.96470E-14
  1523.00000    4.77620E-14
  1526.00000    4.77040E-14
  1529.00000    4.46370E-14
  1532.00000    4.02710E-14
  1535.00000    4.05110E-14
  1538.00000    3.78130E-14
  1541.00000    3.73510E-14
  1544.00000    3.76230E-14
  1547.00000    3.84890E-14
  1550.00000    3.82540E-14
  1553.00000    3.53370E-14
  1556.00000    3.72400E-14
  1559.00000    3.89670E-14
  1562.00000    3.92040E-14
  1565.00000    4.28320E-14
  1568.00000    4.20910E-14
  1571.00000    4.44490E-14
  1574.00000    4.60990E-14
  1577.00000    4.42510E-14
  1580.00000    4.57230E-14
  1583.00000    4.73890E-14
  1586.00000    4.74650E-14
  1589.00000    4.79430E-14
  1592.00000    4.79340E-14
  1595.00000    4.87660E-14
  1598.00000    4.69300E-14
  1601.00000    4.75010E-14
  1604.00000    4.83620E-14
  1607.00000    4.74480E-14
  1610.00000    4.74970E-14
  1613.00000    4.54330E-14
  1616.00000    4.68810E-14
  1619.00000    4.64310E-14
  1622.00000    4.56110E-14
  1625.00000    4.66810E-14
  1628.00000    4.52460E-14
  1631.00000    4.85700E-14
  1634.00000    4.87300E-14
  1637.00000    4.98710E-14
  1640.00000    4.82350E-14
  1643.00000    5.13060E-14
  1646.00000    5.07400E-14
  1649.00000    4.90590E-14
  1652.00000    4.86480E-14
  1655.00000    4.76030E-14
  1658.00000    4.71830E-14
  1661.00000    4.94450E-14
  1664.00000    4.91250E-14
  1667.00000    5.00010E-14
  1670.00000    4.73400E-14
  1673.00000    4.74050E-14
  1676.00000    5.25750E-14
  1679.00000    5.46040E-14
  1682.00000    5.43020E-14
  1685.00000    5.46740E-14
  1688.00000    5.31370E-14
  1691.00000    5.17130E-14
  1694.00000    5.18510E-14
  1697.00000    5.12300E-14
  1700.00000    5.13640E-14
  1703.00000    5.16950E-14
  1706.00000    4.99170E-14
  1709.00000    4.97700E-14
  1712.00000    4.68930E-14
  1715.00000    4.56240E-14
  1718.00000    4.55050E-14
  1721.00000    4.49520E-14
  1724.00000    4.64260E-14
  1727.00000    4.53890E-14
  1730.00000    4.63290E-14
  1733.00000    4.95100E-14
  1736.00000    4.91370E-14
  1739.00000    4.88440E-14
  1742.00000    4.75340E-14
  1745.00000    4.71520E-14
  1748.00000    5.01820E-14
  1751.00000    4.99820E-14
  1754.00000    5.02360E-14
  1757.00000    5.07830E-14
  1760.00000    4.94300E-14
  1763.00000    4.85810E-14
  1766.00000    4.74740E-14
  1769.00000    4.94440E-14
  1772.00000    4.65070E-14
  1775.00000    4.70670E-14
  1778.00000    4.77380E-14
  1781.00000    5.00200E-14
  1784.00000    4.85950E-14
  1787.00000    4.91480E-14
  1790.00000    5.09670E-14
  1793.00000    5.06270E-14
  1796.00000    5.00610E-14
  1799.00000    5.15880E-14
  1802.00000    5.09960E-14
  1805.00000    5.24970E-14
  1808.00000    4.99780E-14
  1811.00000    4.91190E-14
  1814.00000    4.61860E-14
  1817.00000    4.80850E-14
  1820.00000    4.60830E-14
  1823.00000    4.74790E-14
  1826.00000    4.95590E-14
  1829.00000    4.70720E-14
  1832.00000    4.70050E-14
  1835.00000    4.69720E-14
  1838.00000    4.54980E-14
  1841.00000    4.33070E-14
  1844.00000    4.21910E-14
  1847.00000    4.19740E-14
  1850.00000    4.34120E-14
  1853.00000    4.31950E-14
  1856.00000    4.23980E-14
  1859.00000    4.31590E-14
  1862.00000    4.34390E-14
  1865.00000    4.24580E-14
  1868.00000    4.49960E-14
  1871.00000    4.67180E-14
  1874.00000    4.67400E-14
  1877.00000    4.81370E-14
  1880.00000    4.48580E-14
  1883.00000    4.31350E-14
  1886.00000    4.16620E-14
  1889.00000    4.33720E-14
  1892.00000    4.16370E-14
  1895.00000    4.22680E-14
  1898.00000    4.21240E-14
  1901.00000    4.47010E-14
  1904.00000    4.44520E-14
  1907.00000    4.55730E-14
  1910.00000    4.26520E-14
  1913.00000    4.19650E-14
  1916.00000    4.24350E-14
  1919.00000    3.95930E-14
  1922.00000    4.15030E-14
  1925.00000    3.98880E-14
  1928.00000    4.06530E-14
  1931.00000    4.31110E-14
  1934.00000    4.35350E-14
  1937.00000    4.32150E-14
  1940.00000    4.43800E-14
  1943.00000    4.49600E-14
  1946.00000    4.52200E-14
  1949.00000    4.51760E-14
  1952.00000    4.29460E-14
  1955.00000    4.02810E-14
  1958.00000    4.27590E-14
  1961.00000    4.38450E-14
  1964.00000    4.70870E-14
  1967.00000    4.73540E-14
  1970.00000    4.69370E-14
  1973.00000    4.76470E-14
  1976.00000    4.73470E-14
  1979.00000    4.86900E-14
  1982.00000    4.66960E-14
  1985.00000    4.55430E-14
  1988.00000    4.64580E-14
  1991.00000    4.48940E-14
  1994.00000    4.37890E-14
  1997.00000    4.28730E-14
  2000.00000    4.49110E-14
  2003.00000    4.62630E-14
  2006.00000    4.67510E-14
  2009.00000    4.55580E-14
  2012.00000    4.49610E-14
  2015.00000    4.57200E-14
  2018.00000    4.64870E-14
  2021.00000    4.66960E-14
  2024.00000    4.77840E-14
  2027.00000    4.71310E-14
  2030.00000    4.55180E-14
  2033.00000    4.46510E-14
  2036.00000    4.24050E-14
  2039.00000    4.42480E-14
  2042.00000    4.71360E-14
  2045.00000    4.57530E-14
  2048.00000    4.40850E-14
  2051.00000    4.19470E-14
  2054.00000    4.06270E-14
  2057.00000    4.06670E-14
  2060.00000    4.21860E-14
  2063.00000    4.20610E-14
  2066.00000    4.18050E-14
  2069.00000    4.56360E-14
  2072.00000    4.61040E-14
  2075.00000    4.61960E-14
  2078.00000    4.37860E-14
  2081.00000    4.33680E-14
  2084.00000    4.55890E-14
  2087.00000    4.56100E-14
  2090.00000    4.57800E-14
  2093.00000    4.33730E-14
  2096.00000    4.37240E-14
  2099.00000    4.18730E-14
  2102.00000    4.58650E-14
  2105.00000    4.46010E-14
  2108.00000    4.56830E-14
  2111.00000    4.39980E-14
  2114.00000    4.46800E-14
  2117.00000    4.35530E-14
  2120.00000    4.58790E-14
  2123.00000    4.48550E-14
  2126.00000    4.64680E-14
  2129.00000    4.41460E-14
  2132.00000    4.26090E-14
  2135.00000    4.17980E-14
  2138.00000    4.24200E-14
  2141.00000    4.19190E-14
  2144.00000    4.34720E-14
  2147.00000    4.29010E-14
  2150.00000    4.36350E-14
  2153.00000    4.46660E-14
  2156.00000    4.62710E-14
  2159.00000    4.40580E-14
  2162.00000    4.43040E-14
  2165.00000    4.41540E-14
  2168.00000    4.38130E-14
  2171.00000    4.34360E-14
  2174.00000    4.30360E-14
  2177.00000    4.39930E-14
  2180.00000    4.30290E-14
  2183.00000    4.30280E-14
  2186.00000    4.13890E-14
  2189.00000    4.27390E-14
  2192.00000    4.32130E-14
  2195.00000    4.42620E-14
  2198.00000    4.45870E-14
  2201.00000    4.27140E-14
  2204.00000    4.33200E-14
  2207.00000    4.44580E-14
  2210.00000    4.39490E-14
  2213.00000    4.13780E-14
  2216.00000    4.21450E-14
  2219.00000    4.06980E-14
  2222.00000    4.07140E-14
  2225.00000    3.92870E-14
  2228.00000    4.26810E-14
  2231.00000    4.22410E-14
  2234.00000    4.33660E-14
  2237.00000    4.04190E-14
  2240.00000    4.21000E-14
  2243.00000    4.10100E-14
  2246.00000    4.13590E-14
  2249.00000    4.10750E-14
  2252.00000    4.04160E-14
  2255.00000    4.04240E-14
  2258.00000    3.95530E-14
  2261.00000    4.08960E-14
  2264.00000    4.01690E-14
  2267.00000    4.01590E-14
  2270.00000    4.22830E-14
  2273.00000    4.08460E-14
  2276.00000    4.16440E-14
  2279.00000    4.20370E-14
  2282.00000    4.01430E-14
  2285.00000    4.17090E-14
  2288.00000    4.08090E-14
  2291.00000    4.05100E-14
  2294.00000    3.93310E-14
  2297.00000    3.90850E-14
  2300.00000    3.91080E-14
  2303.00000    3.82120E-14
  2306.00000    4.03990E-14
  2309.00000    3.96980E-14
  2312.00000    3.90360E-14
  2315.00000    3.85890E-14
  2318.00000    3.77070E-14
  2321.00000    3.25010E-14
  2324.00000    3.03110E-14
  2327.00000    3.24940E-14
  2330.00000    3.28660E-14
  2333.00000    3.51590E-14
  2336.00000    3.69750E-14
  2339.00000    3.66640E-14
  2342.00000    3.62330E-14
  2345.00000    3.61610E-14
  2348.00000    3.55700E-14
  2351.00000    3.48610E-14
  2354.00000    3.71430E-14
  2357.00000    3.65540E-14
  2360.00000    3.60560E-14
  2363.00000    3.50920E-14
  2366.00000    3.43550E-14
  2369.00000    3.48980E-14
  2372.00000    3.37100E-14
  2375.00000    3.54840E-14
  2378.00000    3.49300E-14
  2381.00000    3.33200E-14
  2384.00000    3.32840E-14
  2387.00000    3.34840E-14
  2390.00000    3.39870E-14
  2393.00000    3.47310E-14
  2396.00000    3.49990E-14
  2399.00000    3.57530E-14
  2402.00000    3.44350E-14
  2405.00000    3.54910E-14
  2408.00000    3.33390E-14
  2411.00000    3.44840E-14
  2414.00000    3.47160E-14
  2417.00000    3.57540E-14
  2420.00000    3.56220E-14
  2423.00000    3.55830E-14
  2426.00000    3.59860E-14
  2429.00000    3.67200E-14
  2432.00000    3.47390E-14
  2435.00000    3.55760E-14
  2438.00000    3.62040E-14
  2441.00000    3.73040E-14
  2444.00000    3.61700E-14
  2447.00000    3.65560E-14
  2450.00000    3.69550E-14
  2453.00000    3.63710E-14
  2456.00000    3.55080E-14
  2459.00000    3.59650E-14
  2462.00000    3.57260E-14
  2465.00000    3.63560E-14
  2468.00000    3.68070E-14
  2471.00000    3.50310E-14
  2474.00000    3.50560E-14
  2477.00000    3.54670E-14
  2480.00000    3.61380E-14
  2483.00000    3.48110E-14
  2486.00000    3.37280E-14
  2489.00000    3.43370E-14
  2492.00000    3.07180E-14
  2495.00000    3.08540E-14
  2498.00000    3.02210E-14
  2501.00000    3.41640E-14
  2504.00000    3.42180E-14
  2507.00000    3.50180E-14
  2510.00000    3.38800E-14
  2513.00000    3.28240E-14
  2516.00000    3.19550E-14
  2519.00000    3.22520E-14
  2522.00000    3.30420E-14
  2525.00000    3.14670E-14
  2528.00000    3.35790E-14
  2531.00000    3.29510E-14
  2534.00000    3.49050E-14
  2537.00000    3.38120E-14
  2540.00000    3.45610E-14
  2543.00000    3.24950E-14
  2546.00000    3.37450E-14
  2549.00000    3.41960E-14
  2552.00000    3.38250E-14
  2555.00000    3.36160E-14
  2558.00000    3.40280E-14
  2561.00000    3.39780E-14
  2564.00000    3.43590E-14
  2567.00000    3.40120E-14
  2570.00000    3.56690E-14
  2573.00000    3.45530E-14
  2576.00000    3.53920E-14
  2579.00000    3.50770E-14
  2582.00000    3.58300E-14
  2585.00000    3.48280E-14
  2588.00000    3.47440E-14
  2591.00000    3.46420E-14
  2594.00000    3.46010E-14
  2597.00000    3.44060E-14
  2600.00000    3.42670E-14
  2603.00000    3.35840E-14
  2606.00000    3.27470E-14
  2609.00000    3.28520E-14
  2612.00000    3.34150E-14
  2615.00000    3.41410E-14
  2618.00000    3.46000E-14
  2621.00000    3.28080E-14
  2624.00000    3.38430E-14
  2627.00000    3.32060E-14
  2630.00000    3.58470E-14
  2633.00000    3.42650E-14
  2636.00000    3.51120E-14
  2639.00000    3.58810E-14
  2642.00000    3.55520E-14
  2645.00000    3.68410E-14
  2648.00000    3.47190E-14
  2651.00000    3.62150E-14
  2654.00000    3.62860E-14
  2657.00000    3.54800E-14
  2660.00000    3.51610E-14
  2663.00000    3.42750E-14
  2666.00000    3.43690E-14
  2669.00000    3.43170E-14
  2672.00000    3.56830E-14
  2675.00000    3.47180E-14
  2678.00000    3.57240E-14
  2681.00000    3.52160E-14
  2684.00000    3.54930E-14
  2687.00000    3.50220E-14
  2690.00000    3.39510E-14
  2693.00000    3.49780E-14
  2696.00000    3.28580E-14
  2699.00000    3.41220E-14
  2702.00000    3.30720E-14
  2705.00000    3.35460E-14
  2708.00000    3.30700E-14
  2711.00000    3.34180E-14
  2714.00000    3.41470E-14
  2717.00000    3.31880E-14
  2720.00000    3.30970E-14
  2723.00000    3.27500E-14
  2726.00000    3.37550E-14
  2729.00000    3.37120E-14
  2732.00000    3.43180E-14
  2735.00000    3.40730E-14
  2738.00000    3.33450E-14
  2741.00000    3.21540E-14
  2744.00000    3.11180E-14
  2747.00000    3.06530E-14
  2750.00000    3.21380E-14
  2753.00000    3.23860E-14
  2756.00000    3.23740E-14
  2759.00000    3.13760E-14
  2762.00000    3.17520E-14
  2765.00000    3.23920E-14
  2768.00000    3.25760E-14
  2771.00000    3.30720E-14
  2774.00000    3.42030E-14
  2777.00000    3.37580E-14
  2780.00000    3.27050E-14
  2783.00000    3.15310E-14
  2786.00000    3.23770E-14
  2789.00000    3.06610E-14
  2792.00000    2.82610E-14
  2795.00000    2.93350E-14
  2798.00000    2.98480E-14
  2801.00000    2.84510E-14
  2804.00000    2.86570E-14
  2807.00000    2.88790E-14
  2810.00000    3.20310E-14
  2813.00000    3.17870E-14
  2816.00000    3.32310E-14
  2819.00000    3.38160E-14
  2822.00000    3.39250E-14
  2825.00000    3.34820E-14
  2828.00000    3.24700E-14
  2831.00000    3.14920E-14
  2834.00000    3.14620E-14
  2837.00000    3.05870E-14
  2840.00000    3.17450E-14
  2843.00000    3.02850E-14
  2846.00000    2.94850E-14
  2849.00000    3.18830E-14
  2852.00000    3.18260E-14
  2855.00000    3.10010E-14
  2858.00000    3.20290E-14
  2861.00000    3.14580E-14
  2864.00000    3.21470E-14
  2867.00000    3.23390E-14
  2870.00000    3.20530E-14
  2873.00000    3.25020E-14
  2876.00000    3.25180E-14
  2879.00000    3.20550E-14
  2882.00000    3.33860E-14
  2885.00000    3.10650E-14
  2888.00000    3.37250E-14
  2891.00000    3.20800E-14
  2894.00000    3.31540E-14
  2897.00000    3.19620E-14
  2900.00000    3.12650E-14
  2903.00000    3.23280E-14
  2906.00000    3.25230E-14
  2909.00000    3.36310E-14
  2912.00000    3.31110E-14
  2915.00000    3.40050E-14
  2918.00000    3.35720E-14
  2921.00000    3.25920E-14
  2924.00000    3.31130E-14
  2927.00000    3.17650E-14
  2930.00000    3.08430E-14
  2933.00000    3.30690E-14
  2936.00000    3.24530E-14
  2939.00000    3.27360E-14
  2942.00000    3.24630E-14
  2945.00000    3.15050E-14
  2948.00000    3.30790E-14
  2951.00000    3.13210E-14
  2954.00000    3.33600E-14
  2957.00000    3.10270E-14
  2960.00000    3.07040E-14
  2963.00000    3.28130E-14
  2966.00000    3.30010E-14
  2969.00000    3.19500E-14
  2972.00000    3.26070E-14
  2975.00000    3.09350E-14
  2978.00000    3.30240E-14
  2981.00000    3.16290E-14
  2984.00000    3.27260E-14
  2987.00000    3.12690E-14
  2990.00000    3.27470E-14
  2993.00000    3.16290E-14
  2996.00000    3.15260E-14
  2999.00000    3.20750E-14
  3002.00000    3.02110E-14
  3005.00000    3.09910E-14
  3008.00000    3.21200E-14
  3011.00000    3.11130E-14
  3014.00000    3.28090E-14
  3017.00000    3.08720E-14
  3020.00000    3.15320E-14
  3023.00000    3.28850E-14
  3026.00000    3.11980E-14
  3029.00000    3.28390E-14
  3032.00000    3.29190E-14
  3035.00000    3.19940E-14
  3038.00000    3.12830E-14
  3041.00000    3.27490E-14
  3044.00000    3.08270E-14
  3047.00000    3.21220E-14
  3050.00000    3.10240E-14
  3053.00000    3.10060E-14
  3056.00000    3.23880E-14
  3059.00000    3.23870E-14
  3062.00000    3.07400E-14
  3065.00000    3.15120E-14
  3068.00000    3.22790E-14
  3071.00000    3.27860E-14
  3074.00000    3.15320E-14
  3077.00000    3.13630E-14
  3080.00000    3.27030E-14
  3083.00000    3.18620E-14
  3086.00000    3.06890E-14
  3089.00000    3.16730E-14
  3092.00000    3.26410E-14
  3095.00000    3.16960E-14
  3098.00000    3.18590E-14
  3101.00000    3.13500E-14
  3104.00000    3.03220E-14
  3107.00000    3.27310E-14
  3110.00000    3.17750E-14
  3113.00000    3.14720E-14
  3116.00000    3.15470E-14
  3119.00000    3.11410E-14
  3122.00000    3.18720E-14
  3125.00000    3.00560E-14
  3128.00000    3.05870E-14
  3131.00000    3.06070E-14
  3134.00000    3.19710E-14
  3137.00000    3.12110E-14
  3140.00000    3.06290E-14
  3143.00000    3.25490E-14
  3146.00000    3.07750E-14
  3149.00000    3.12570E-14
  3152.00000    3.14990E-14
  3155.00000    3.13800E-14
  3158.00000    3.14970E-14
  3161.00000    3.18800E-14
  3164.00000    3.04830E-14
  3167.00000    3.02670E-14
  3170.00000    3.17140E-14
  3173.00000    2.93440E-14
  3176.00000    3.05260E-14
  3179.00000    3.06160E-14
  3182.00000    3.00890E-14
  3185.00000    2.85020E-14
  3188.00000    3.02260E-14
  3191.00000    2.94770E-14
  3194.00000    2.95390E-14
  3197.00000    3.09310E-14
  3200.00000    3.12940E-14
  3203.00000    3.00210E-14
  3206.00000    3.10180E-14
  3209.00000    3.07720E-14
  3212.00000    3.15870E-14
  3215.00000    3.07120E-14
  3218.00000    3.05960E-14
  3221.00000    2.91680E-14
  3224.00000    3.05960E-14
  3227.00000    2.93210E-14
  3230.00000    2.98960E-14
  3233.00000    2.95600E-14
  3236.00000    3.04480E-14
  3239.00000    2.91030E-14
  3242.00000    2.88680E-14
  3245.00000    3.17700E-14
  3248.00000    3.04160E-14
  3251.00000    3.22920E-14
  3254.00000    2.91070E-14
  3257.00000    3.12730E-14
  3260.00000    3.09580E-14
  3263.00000    3.14190E-14
  3266.00000    3.07820E-14
  3269.00000    2.98260E-14
  3272.00000    3.08980E-14
  3275.00000    3.06120E-14
  3278.00000    3.21600E-14
  3281.00000    2.91150E-14
  3284.00000    3.15450E-14
  3287.00000    3.02160E-14
  3290.00000    2.96390E-14
  3293.00000    3.04840E-14
  3296.00000    3.11830E-14
  3299.00000    3.05360E-14
  3302.00000    2.99750E-14
  3305.00000    2.98910E-14
  3308.00000    3.02170E-14
  3311.00000    3.20490E-14
  3314.00000    2.96700E-14
  3317.00000    3.16250E-14
  3320.00000    3.26730E-14
  3323.00000    3.14780E-14
  3326.00000    3.35940E-14
  3329.00000    3.24190E-14
  3332.00000    3.27620E-14
  3335.00000    3.14660E-14
  3338.00000    3.10050E-14
  3341.00000    3.24220E-14
  3344.00000    3.18570E-14
  3347.00000    3.20080E-14
  3350.00000    3.08010E-14
  3353.00000    3.01590E-14
  3356.00000    2.91450E-14
  3359.00000    3.04280E-14
  3362.00000    2.97970E-14
  3365.00000    3.09730E-14
  3368.00000    2.91140E-14
  3371.00000    2.84770E-14
  3374.00000    3.04990E-14
  3377.00000    2.99020E-14
  3380.00000    3.05290E-14
  3383.00000    3.12140E-14
  3386.00000    3.01090E-14
  3389.00000    3.07750E-14
  3392.00000    3.20770E-14
  3395.00000    3.07920E-14
  3398.00000    3.00080E-14
  3401.00000    2.98600E-14
  3404.00000    3.12300E-14
  3407.00000    3.04040E-14
  3410.00000    3.08050E-14
  3413.00000    2.94400E-14
  3416.00000    3.01820E-14
  3419.00000    3.12500E-14
  3422.00000    3.10870E-14
  3425.00000    3.21000E-14
  3428.00000    3.18180E-14
  3431.00000    3.22560E-14
  3434.00000    3.14740E-14
  3437.00000    3.10210E-14
  3440.00000    3.06230E-14
  3443.00000    2.97010E-14
  3446.00000    2.94370E-14
  3449.00000    2.89850E-14
  3452.00000    3.00620E-14
  3455.00000    3.11230E-14
  3458.00000    2.95020E-14
  3461.00000    2.94540E-14
  3464.00000    3.04330E-14
  3467.00000    3.01460E-14
  3470.00000    3.04530E-14
  3473.00000    2.96550E-14
  3476.00000    2.94330E-14
  3479.00000    2.97640E-14
  3482.00000    3.04070E-14
  3485.00000    3.17720E-14
  3488.00000    3.07690E-14
  3491.00000    3.14740E-14
  3494.00000    3.05110E-14
  3497.00000    3.08990E-14
  3500.00000    3.07680E-14
  3503.00000    2.96070E-14
  3506.00000    3.01480E-14
  3509.00000    2.92430E-14
  3512.00000    2.99250E-14
  3515.00000    3.02350E-14
  3518.00000    3.02910E-14
  3521.00000    2.95490E-14
  3524.00000    2.95110E-14
  3527.00000    2.98630E-14
  3530.00000    3.06320E-14
  3533.00000    3.07380E-14
  3536.00000    3.06590E-14
  3539.00000    3.17000E-14
  3542.00000    3.17510E-14
  3545.00000    3.15530E-14
  3548.00000    3.12520E-14
  3551.00000    3.10980E-14
  3554.00000    3.15080E-14
  3557.00000    3.16290E-14
  3560.00000    3.13870E-14
  3563.00000    3.05120E-14
  3566.00000    2.86430E-14
  3569.00000    3.08000E-14
  3572.00000    2.79490E-14
  3575.00000    2.89430E-14
  3578.00000    2.93610E-14
  3581.00000    2.81590E-14
  3584.00000    2.73820E-14
  3587.00000    2.87220E-14
  3590.00000    2.92720E-14
  3593.00000    2.84660E-14
  3596.00000    2.94750E-14
  3599.00000    2.94920E-14
  3602.00000    2.86300E-14
  3605.00000    2.95070E-14
  3608.00000    2.88620E-14
  3611.00000    2.84110E-14
  3614.00000    2.85410E-14
  3617.00000    2.92040E-14
  3620.00000    2.83400E-14
  3623.00000    3.12040E-14
  3626.00000    3.05460E-14
  3629.00000    3.13280E-14
  3632.00000    3.08040E-14
  3635.00000    3.19410E-14
  3638.00000    3.09530E-14
  3641.00000    3.11420E-14
  3644.00000    3.08920E-14
  3647.00000    3.09060E-14
  3650.00000    2.95140E-14
  3653.00000    3.17470E-14
  3656.00000    2.95670E-14
  3659.00000    3.02950E-14
  3662.00000    3.07710E-14
  3665.00000    2.91930E-14
  3668.00000    2.94890E-14
  3671.00000    2.98650E-14
  3674.00000    3.05200E-14
  3677.00000    3.12010E-14
  3680.00000    2.96020E-14
  3683.00000    2.84930E-14
  3686.00000    3.08260E-14
  3689.00000    2.99060E-14
  3692.00000    3.09250E-14
  3695.00000    3.17040E-14
  3698.00000    3.03280E-14
  3701.00000    2.84860E-14
  3704.00000    2.79860E-14
  3707.00000    2.80620E-14
  3710.00000    2.94780E-14
  3713.00000    2.87150E-14
  3716.00000    3.09050E-14
  3719.00000    2.90390E-14
  3722.00000    2.86440E-14
  3725.00000    3.07520E-14
  3728.00000    2.94420E-14
  3731.00000    2.75140E-14
  3734.00000    2.95800E-14
  3737.00000    2.96740E-14
  3740.00000    3.24640E-14
  3743.00000    3.12230E-14
  3746.00000    3.00960E-14
  3749.00000    2.90790E-14
  3752.00000    2.90960E-14
  3755.00000    3.22060E-14
  3758.00000    3.33910E-14
  3761.00000    3.37450E-14
  3764.00000    3.02830E-14
  3767.00000    2.90940E-14
  3770.00000    2.78120E-14
  3773.00000    3.05410E-14
  3776.00000    3.14140E-14
  3779.00000    3.56860E-14
  3782.00000    3.75720E-14
  3785.00000    3.68480E-14
  3788.00000    3.60340E-14
  3791.00000    3.28140E-14
  3794.00000    2.87510E-14
  3797.00000    2.87460E-14
  3800.00000    2.89960E-14
  3803.00000    3.29420E-14
  3806.00000    3.48420E-14
  3809.00000    3.71770E-14
  3812.00000    3.80300E-14
  3815.00000    3.76560E-14
  3818.00000    3.60320E-14
  3821.00000    3.45210E-14
  3824.00000    3.48870E-14
  3827.00000    3.28860E-14
  3830.00000    2.94800E-14
  3833.00000    2.79900E-14
  3836.00000    2.72070E-14
  3839.00000    2.88130E-14
  3842.00000    3.22690E-14
  3845.00000    3.60820E-14
  3848.00000    3.66270E-14
  3851.00000    3.85420E-14
  3854.00000    4.03330E-14
  3857.00000    4.01700E-14
  3860.00000    3.90430E-14
  3863.00000    3.75810E-14
  3866.00000    3.78070E-14
  3869.00000    3.80930E-14
  3872.00000    3.86930E-14
  3875.00000    3.69660E-14
  3878.00000    3.58870E-14
  3881.00000    3.53320E-14
  3884.00000    2.88840E-14
  3887.00000    2.99750E-14
  3890.00000    2.80010E-14
  3893.00000    3.06930E-14
  3896.00000    3.39680E-14
  3899.00000    3.57770E-14
  3902.00000    3.89500E-14
  3905.00000    3.95280E-14
  3908.00000    4.05900E-14
  3911.00000    4.01690E-14
  3914.00000    4.33030E-14
  3917.00000    3.96770E-14
  3920.00000    4.10500E-14
  3923.00000    4.07230E-14
  3926.00000    3.75170E-14
  3929.00000    3.62890E-14
  3932.00000    3.55720E-14
  3935.00000    3.71380E-14
  3938.00000    3.68450E-14
  3941.00000    3.81790E-14
  3944.00000    3.95480E-14
  3947.00000    3.93120E-14
  3950.00000    4.06140E-14
  3953.00000    3.96740E-14
  3956.00000    3.78400E-14
  3959.00000    3.66120E-14
  3962.00000    3.26070E-14
  3965.00000    2.88990E-14
  3968.00000    2.50020E-14
  3971.00000    2.67000E-14
  3974.00000    3.04380E-14
  3977.00000    3.28460E-14
  3980.00000    3.66420E-14
  3983.00000    3.97030E-14
  3986.00000    4.03950E-14
  3989.00000    4.23530E-14
  3992.00000    4.23780E-14
  3995.00000    4.19200E-14
  3998.00000    4.14940E-14
  4001.00000    4.20070E-14
  4004.00000    4.15950E-14
  4007.00000    4.33920E-14
  4010.00000    4.37420E-14
  4013.00000    4.30980E-14
  4016.00000    4.31900E-14
  4019.00000    4.34210E-14
  4022.00000    4.13420E-14
  4025.00000    4.19620E-14
  4028.00000    4.18780E-14
  4031.00000    4.39630E-14
  4034.00000    4.48040E-14
  4037.00000    4.44200E-14
  4040.00000    4.38900E-14
  4043.00000    4.38180E-14
  4046.00000    4.25050E-14
  4049.00000    4.43330E-14
  4052.00000    4.22740E-14
  4055.00000    4.34570E-14
  4058.00000    4.10930E-14
  4061.00000    4.29280E-14
  4064.00000    4.28540E-14
  4067.00000    4.25990E-14
  4070.00000    4.25570E-14
  4073.00000    4.01540E-14
  4076.00000    4.07150E-14
  4079.00000    4.03980E-14
  4082.00000    3.98310E-14
  4085.00000    3.99900E-14
  4088.00000    4.01640E-14
  4091.00000    3.70270E-14
  4094.00000    3.51790E-14
  4097.00000    3.20970E-14
  4100.00000    2.85300E-14
  4103.00000    2.99080E-14
  4106.00000    3.23300E-14
  4109.00000    3.54130E-14
  4112.00000    3.85220E-14
  4115.00000    3.91040E-14
  4118.00000    4.09500E-14
  4121.00000    3.98590E-14
  4124.00000    4.15350E-14
  4127.00000    4.10560E-14
  4130.00000    4.15540E-14
  4133.00000    4.12030E-14
  4136.00000    4.03630E-14
  4139.00000    4.03420E-14
  4142.00000    4.12160E-14
  4145.00000    4.12230E-14
  4148.00000    4.15890E-14
  4151.00000    4.11600E-14
  4154.00000    4.19380E-14
  4157.00000    4.26350E-14
  4160.00000    4.14540E-14
  4163.00000    4.19980E-14
  4166.00000    4.35470E-14
  4169.00000    4.17340E-14
  4172.00000    4.22940E-14
  4175.00000    4.31720E-14
  4178.00000    4.20650E-14
  4181.00000    4.16850E-14
  4184.00000    4.27120E-14
  4187.00000    4.26790E-14
  4190.00000    4.16730E-14
  4193.00000    4.19640E-14
  4196.00000    4.31120E-14
  4199.00000    4.02420E-14
  4202.00000    4.14110E-14
  4205.00000    4.18970E-14
  4208.00000    4.04340E-14
  4211.00000    4.16500E-14
  4214.00000    4.29300E-14
  4217.00000    4.24200E-14
  4220.00000    4.16440E-14
  4223.00000    4.14500E-14
  4226.00000    3.97630E-14
  4229.00000    3.95400E-14
  4232.00000    4.12780E-14
  4235.00000    4.16230E-14
  4238.00000    4.08110E-14
  4241.00000    4.00580E-14
  4244.00000    4.11010E-14
  4247.00000    4.18740E-14
  4250.00000    4.01440E-14
  4253.00000    4.02790E-14
  4256.00000    4.25760E-14
  4259.00000    4.04270E-14
  4262.00000    4.18080E-14
  4265.00000    4.06400E-14
  4268.00000    4.11540E-14
  4271.00000    4.04020E-14
  4274.00000    4.12330E-14
  4277.00000    4.11520E-14
  4280.00000    4.03850E-14
  4283.00000    4.06620E-14
  4286.00000    4.08360E-14
  4289.00000    4.10750E-14
  4292.00000    4.01960E-14
  4295.00000    3.85320E-14
  4298.00000    3.57270E-14
  4301.00000    3.71860E-14
  4304.00000    3.73120E-14
  4307.00000    3.64950E-14
  4310.00000    3.58960E-14
  4313.00000    3.85390E-14
  4316.00000    3.97150E-14
  4319.00000    4.17780E-14
  4322.00000    3.86080E-14
  4325.00000    3.83080E-14
  4328.00000    3.80530E-14
  4331.00000    3.58530E-14
  4334.00000    3.39880E-14
  4337.00000    3.01550E-14
  4340.00000    2.90010E-14
  4343.00000    3.06450E-14
  4346.00000    3.35390E-14
  4349.00000    3.51560E-14
  4352.00000    3.80420E-14
  4355.00000    3.86500E-14
  4358.00000    3.92380E-14
  4361.00000    3.96930E-14
  4364.00000    4.10660E-14
  4367.00000    3.97600E-14
  4370.00000    3.98870E-14
  4373.00000    3.91190E-14
  4376.00000    3.77490E-14
  4379.00000    3.94490E-14
  4382.00000    3.78810E-14
  4385.00000    3.75640E-14
  4388.00000    3.91460E-14
  4391.00000    3.91050E-14
  4394.00000    3.92900E-14
  4397.00000    3.78290E-14
  4400.00000    3.92070E-14
  4403.00000    3.98910E-14
  4406.00000    4.15530E-14
  4409.00000    3.89790E-14
  4412.00000    4.09600E-14
  4415.00000    3.83020E-14
  4418.00000    4.08010E-14
  4421.00000    3.92310E-14
  4424.00000    4.03880E-14
  4427.00000    4.18410E-14
  4430.00000    4.06020E-14
  4433.00000    3.95270E-14
  4436.00000    3.96810E-14
  4439.00000    4.06750E-14
  4442.00000    4.05090E-14
  4445.00000    3.99010E-14
  4448.00000    4.21590E-14
  4451.00000    3.93160E-14
  4454.00000    4.12470E-14
  4457.00000    4.01340E-14
  4460.00000    4.18360E-14
  4463.00000    4.16910E-14
  4466.00000    4.08310E-14
  4469.00000    4.06900E-14
  4472.00000    3.99950E-14
  4475.00000    3.98650E-14
  4478.00000    4.12940E-14
  4481.00000    3.96590E-14
  4484.00000    4.18680E-14
  4487.00000    4.20370E-14
  4490.00000    4.17850E-14
  4493.00000    4.35120E-14
  4496.00000    4.05500E-14
  4499.00000    4.06940E-14
  4502.00000    4.08370E-14
  4505.00000    3.98460E-14
  4508.00000    4.36040E-14
  4511.00000    4.13310E-14
  4514.00000    4.10670E-14
  4517.00000    4.02740E-14
  4520.00000    4.04950E-14
  4523.00000    3.96590E-14
  4526.00000    3.88600E-14
  4529.00000    4.03270E-14
  4532.00000    3.81340E-14
  4535.00000    3.96900E-14
  4538.00000    4.12270E-14
  4541.00000    4.03300E-14
  4544.00000    4.00360E-14
  4547.00000    4.08790E-14
  4550.00000    4.10090E-14
  4553.00000    3.97770E-14
  4556.00000    3.92020E-14
  4559.00000    4.01190E-14
  4562.00000    4.02850E-14
  4565.00000    4.04930E-14
  4568.00000    4.17760E-14
  4571.00000    3.93300E-14
  4574.00000    3.90350E-14
  4577.00000    4.03150E-14
  4580.00000    3.88570E-14
  4583.00000    3.93490E-14
  4586.00000    4.06230E-14
  4589.00000    3.95910E-14
  4592.00000    4.05790E-14
  4595.00000    3.92710E-14
  4598.00000    4.00910E-14
  4601.00000    3.97970E-14
  4604.00000    4.15130E-14
  4607.00000    4.03720E-14
  4610.00000    3.97800E-14
  4613.00000    4.04540E-14
  4616.00000    4.01260E-14
  4619.00000    4.14060E-14
  4622.00000    4.25880E-14
  4625.00000    4.24850E-14
  4628.00000    4.22350E-14
  4631.00000    3.91620E-14
  4634.00000    4.06400E-14
  4637.00000    4.07820E-14
  4640.00000    4.03470E-14
  4643.00000    4.09130E-14
  4646.00000    4.12910E-14
  4649.00000    4.11450E-14
  4652.00000    4.01170E-14
  4655.00000    4.03530E-14
  4658.00000    3.98310E-14
  4661.00000    4.02110E-14
  4664.00000    3.92450E-14
  4667.00000    4.03980E-14
  4670.00000    4.08920E-14
  4673.00000    3.98470E-14
  4676.00000    3.92980E-14
  4679.00000    3.96480E-14
  4682.00000    3.99400E-14
  4685.00000    3.96630E-14
  4688.00000    3.92090E-14
  4691.00000    3.89070E-14
  4694.00000    3.87420E-14
  4697.00000    3.92390E-14
  4700.00000    4.02440E-14
  4703.00000    3.89870E-14
  4706.00000    3.88520E-14
  4709.00000    3.92110E-14
  4712.00000    3.92900E-14
  4715.00000    3.93730E-14
  4718.00000    4.20510E-14
  4721.00000    4.00700E-14
  4724.00000    4.02740E-14
  4727.00000    3.83840E-14
  4730.00000    3.87030E-14
  4733.00000    3.91550E-14
  4736.00000    3.97410E-14
  4739.00000    3.94720E-14
  4742.00000    3.87130E-14
  4745.00000    4.08870E-14
  4748.00000    4.04940E-14
  4751.00000    4.07700E-14
  4754.00000    3.98170E-14
  4757.00000    4.03520E-14
  4760.00000    3.99700E-14
  4763.00000    4.00730E-14
  4766.00000    3.88500E-14
  4769.00000    3.97980E-14
  4772.00000    4.03340E-14
  4775.00000    3.93680E-14
  4778.00000    3.96400E-14
  4781.00000    4.09970E-14
  4784.00000    4.03020E-14
  4787.00000    3.90670E-14
  4790.00000    3.99800E-14
  4793.00000    3.98770E-14
  4796.00000    3.95750E-14
  4799.00000    4.00560E-14
  4802.00000    4.07790E-14
  4805.00000    4.07190E-14
  4808.00000    3.96140E-14
  4811.00000    4.09000E-14
  4814.00000    3.99660E-14
  4817.00000    4.04570E-14
  4820.00000    4.18180E-14
  4823.00000    3.89640E-14
  4826.00000    4.07350E-14
  4829.00000    3.90150E-14
  4832.00000    3.88780E-14
  4835.00000    3.93770E-14
  4838.00000    3.79350E-14
  4841.00000    3.88490E-14
  4844.00000    3.68260E-14
  4847.00000    3.81530E-14
  4850.00000    3.60340E-14
  4853.00000    3.44870E-14
  4856.00000    3.20170E-14
  4859.00000    3.07650E-14
  4862.00000    3.03520E-14
  4865.00000    2.97310E-14
  4868.00000    3.18460E-14
  4871.00000    3.27820E-14
  4874.00000    3.59330E-14
  4877.00000    3.61400E-14
  4880.00000    3.70500E-14
  4883.00000    3.83410E-14
  4886.00000    3.80590E-14
  4889.00000    3.98350E-14
  4892.00000    3.80570E-14
  4895.00000    3.95500E-14
  4898.00000    3.86610E-14
  4901.00000    3.92190E-14
  4904.00000    3.87730E-14
  4907.00000    4.00580E-14
  4910.00000    3.92490E-14
  4913.00000    3.86910E-14
  4916.00000    3.83190E-14
  4919.00000    3.72280E-14
  4922.00000    3.88210E-14
  4925.00000    3.77340E-14
  4928.00000    3.90950E-14
  4931.00000    3.82800E-14
  4934.00000    3.85860E-14
  4937.00000    3.90030E-14
  4940.00000    3.79700E-14
  4943.00000    3.87910E-14
  4946.00000    3.95230E-14
  4949.00000    3.80840E-14
  4952.00000    3.76200E-14
  4955.00000    3.73610E-14
  4958.00000    3.87970E-14
  4961.00000    3.87840E-14
  4964.00000    3.82270E-14
  4967.00000    3.79520E-14
  4970.00000    3.89940E-14
  4973.00000    3.79560E-14
  4976.00000    3.97660E-14
  4979.00000    3.76250E-14
  4982.00000    3.85320E-14
  4985.00000    3.74030E-14
  4988.00000    3.71340E-14
  4991.00000    3.73260E-14
  4994.00000    3.84700E-14
  4997.00000    3.70790E-14
  5000.00000    3.86080E-14
  5003.00000    3.79100E-14
  5006.00000    3.67270E-14
  5009.00000    3.68270E-14
  5012.00000    3.64890E-14
  5015.00000    3.72430E-14
  5018.00000    3.77620E-14
  5021.00000    3.72830E-14
  5024.00000    3.71150E-14
  5027.00000    3.76900E-14
  5030.00000    3.66780E-14
  5033.00000    3.68840E-14
  5036.00000    3.73440E-14
  5039.00000    3.64600E-14
  5042.00000    3.75150E-14
  5045.00000    3.64430E-14
  5048.00000    3.76110E-14
  5051.00000    3.68140E-14
  5054.00000    3.71330E-14
  5057.00000    3.88850E-14
  5060.00000    3.93420E-14
  5063.00000    3.83810E-14
  5066.00000    3.86150E-14
  5069.00000    3.67910E-14
  5072.00000    3.71060E-14
  5075.00000    3.61630E-14
  5078.00000    3.87260E-14
  5081.00000    3.73230E-14
  5084.00000    3.80810E-14
  5087.00000    3.58530E-14
  5090.00000    3.62080E-14
  5093.00000    3.77570E-14
  5096.00000    3.69140E-14
  5099.00000    3.58340E-14
  5102.00000    3.74910E-14
  5105.00000    3.58590E-14
  5108.00000    3.68840E-14
  5111.00000    3.65300E-14
  5114.00000    3.70740E-14
  5117.00000    3.87720E-14
  5120.00000    3.96300E-14
  5123.00000    3.70830E-14
  5126.00000    3.65570E-14
  5129.00000    3.80400E-14
  5132.00000    3.53710E-14
  5135.00000    3.64750E-14
  5138.00000    3.74060E-14
  5141.00000    3.58920E-14
  5144.00000    3.68240E-14
  5147.00000    3.71680E-14
  5150.00000    3.54850E-14
  5153.00000    3.65750E-14
  5156.00000    3.78360E-14
  5159.00000    3.45830E-14
  5162.00000    3.87630E-14
  5165.00000    3.59650E-14
  5168.00000    3.58350E-14
  5171.00000    3.40180E-14
  5174.00000    3.47080E-14
  5177.00000    3.43220E-14
  5180.00000    3.44570E-14
  5183.00000    3.51180E-14
  5186.00000    3.61140E-14
  5189.00000    3.49550E-14
  5192.00000    3.55370E-14
  5195.00000    3.55790E-14
  5198.00000    3.57290E-14
  5201.00000    3.57460E-14
  5204.00000    3.63830E-14
  5207.00000    3.52620E-14
  5210.00000    3.61350E-14
  5213.00000    3.82060E-14
  5216.00000    3.63350E-14
  5219.00000    3.64900E-14
  5222.00000    3.68530E-14
  5225.00000    3.52850E-14
  5228.00000    3.79970E-14
  5231.00000    3.65260E-14
  5234.00000    3.59620E-14
  5237.00000    3.68150E-14
  5240.00000    3.84200E-14
  5243.00000    3.85670E-14
  5246.00000    3.92610E-14
  5249.00000    3.75590E-14
  5252.00000    3.74540E-14
  5255.00000    3.61980E-14
  5258.00000    3.55060E-14
  5261.00000    3.64100E-14
  5264.00000    3.55130E-14
  5267.00000    3.48150E-14
  5270.00000    3.57740E-14
  5273.00000    3.49550E-14
  5276.00000    3.60740E-14
  5279.00000    3.67770E-14
  5282.00000    3.71220E-14
  5285.00000    3.84410E-14
  5288.00000    3.73740E-14
  5291.00000    3.72160E-14
  5294.00000    3.78210E-14
  5297.00000    3.59220E-14
  5300.00000    3.73430E-14
  5303.00000    3.87040E-14
  5306.00000    3.72460E-14
  5309.00000    3.66110E-14
  5312.00000    3.86330E-14
  5315.00000    3.80530E-14
  5318.00000    3.83470E-14
  5321.00000    3.74530E-14
  5324.00000    3.60610E-14
  5327.00000    3.66390E-14
  5330.00000    3.71720E-14
  5333.00000    3.58120E-14
  5336.00000    3.62620E-14
  5339.00000    3.78130E-14
  5342.00000    3.65070E-14
  5345.00000    3.77140E-14
  5348.00000    3.67990E-14
  5351.00000    3.66050E-14
  5354.00000    3.82060E-14
  5357.00000    3.85290E-14
  5360.00000    3.82410E-14
  5363.00000    3.66400E-14
  5366.00000    3.75300E-14
  5369.00000    3.75730E-14
  5372.00000    3.76850E-14
  5375.00000    3.59630E-14
  5378.00000    3.69410E-14
  5381.00000    3.76090E-14
  5384.00000    3.77670E-14
  5387.00000    3.74660E-14
  5390.00000    3.74340E-14
  5393.00000    3.74370E-14
  5396.00000    3.67120E-14
  5399.00000    3.60610E-14
  5402.00000    3.54460E-14
  5405.00000    3.57520E-14
  5408.00000    3.62730E-14
  5411.00000    3.71150E-14
  5414.00000    3.63840E-14
  5417.00000    3.71400E-14
  5420.00000    3.69000E-14
  5423.00000    3.77840E-14
  5426.00000    3.70520E-14
  5429.00000    3.62840E-14
  5432.00000    3.59190E-14
  5435.00000    3.65190E-14
  5438.00000    3.71750E-14
  5441.00000    3.79930E-14
  5444.00000    3.65510E-14
  5447.00000    3.79350E-14
  5450.00000    3.70240E-14
  5453.00000    3.68550E-14
  5456.00000    3.63570E-14
  5459.00000    3.69100E-14
  5462.00000    3.78620E-14
  5465.00000    3.56430E-14
  5468.00000    3.67510E-14
  5471.00000    3.72770E-14
  5474.00000    3.61380E-14
  5477.00000    3.66990E-14
  5480.00000    3.62460E-14
  5483.00000    3.76890E-14
  5486.00000    3.54610E-14
  5489.00000    3.73540E-14
  5492.00000    3.73620E-14
  5495.00000    3.67120E-14
  5498.00000    3.60120E-14
  5501.00000    3.62720E-14
  5504.00000    3.62320E-14
  5507.00000    3.53280E-14
  5510.00000    3.61590E-14
  5513.00000    3.54560E-14
  5516.00000    3.61830E-14
  5519.00000    3.62890E-14
  5522.00000    3.62570E-14
  5525.00000    3.68230E-14
  5528.00000    3.73210E-14
  5531.00000    3.63710E-14
  5534.00000    3.60200E-14
  5537.00000    3.69860E-14
  5540.00000    3.81330E-14
  5543.00000    3.79080E-14
  5546.00000    3.64920E-14
  5549.00000    3.72650E-14
  5552.00000    3.65260E-14
  5555.00000    3.78150E-14
  5558.00000    3.74420E-14
  5561.00000    3.70130E-14
  5564.00000    3.64500E-14
  5567.00000    3.62170E-14
  5570.00000    3.56270E-14
  5573.00000    3.63390E-14
  5576.00000    3.69210E-14
  5579.00000    3.65990E-14
  5582.00000    3.69250E-14
  5585.00000    3.45330E-14
  5588.00000    3.81970E-14
  5591.00000    3.62230E-14
  5594.00000    3.56210E-14
  5597.00000    3.76960E-14
  5600.00000    3.65360E-14
  5603.00000    3.60560E-14
  5606.00000    3.66050E-14
  5609.00000    3.61670E-14
  5612.00000    3.64710E-14
  5615.00000    3.75070E-14
  5618.00000    3.56980E-14
  5621.00000    3.69700E-14
  5624.00000    3.75710E-14
  5627.00000    3.60120E-14
  5630.00000    3.75820E-14
  5633.00000    3.61180E-14
  5636.00000    3.60050E-14
  5639.00000    3.64710E-14
  5642.00000    3.55300E-14
  5645.00000    3.47920E-14
  5648.00000    3.68940E-14
  5651.00000    3.53530E-14
  5654.00000    3.42050E-14
  5657.00000    3.71120E-14
  5660.00000    3.57710E-14
  5663.00000    3.49890E-14
  5666.00000    3.58820E-14
  5669.00000    3.45340E-14
  5672.00000    3.72700E-14
  5675.00000    3.64010E-14
  5678.00000    3.59760E-14
  5681.00000    3.52340E-14
  5684.00000    3.70190E-14
  5687.00000    3.59140E-14
  5690.00000    3.66190E-14
  5693.00000    3.65330E-14
  5696.00000    3.62130E-14
  5699.00000    3.66770E-14
  5702.00000    3.71420E-14
  5705.00000    3.53890E-14
  5708.00000    3.69130E-14
  5711.00000    3.59890E-14
  5714.00000    3.69130E-14
  5717.00000    3.66420E-14
  5720.00000    3.66510E-14
  5723.00000    3.71460E-14
  5726.00000    3.64780E-14
  5729.00000    3.71620E-14
  5732.00000    3.70540E-14
  5735.00000    3.59210E-14
  5738.00000    3.70360E-14
  5741.00000    3.85530E-14
  5744.00000    3.75500E-14
  5747.00000    3.80830E-14
  5750.00000    3.57170E-14
  5753.00000    3.59350E-14
  5756.00000    3.74970E-14
  5759.00000    3.71350E-14
  5762.00000    3.87570E-14
  5765.00000    3.76780E-14
  5768.00000    3.70670E-14
  5771.00000    3.73230E-14
  5774.00000    3.79170E-14
  5777.00000    3.71020E-14
  5780.00000    3.62450E-14
  5783.00000    3.66260E-14
  5786.00000    3.58950E-14
  5789.00000    3.67390E-14
  5792.00000    3.63330E-14
  5795.00000    3.58020E-14
  5798.00000    3.64430E-14
  5801.00000    3.79830E-14
  5804.00000    3.71210E-14
  5807.00000    3.75000E-14
  5810.00000    3.56600E-14
  5813.00000    3.79340E-14
  5816.00000    3.81850E-14
  5819.00000    3.66140E-14
  5822.00000    3.73530E-14
  5825.00000    3.63900E-14
  5828.00000    3.78560E-14
  5831.00000    3.86440E-14
  5834.00000    3.69120E-14
  5837.00000    3.73400E-14
  5840.00000    3.74960E-14
  5843.00000    3.77230E-14
  5846.00000    3.55470E-14
  5849.00000    3.77080E-14
  5852.00000    3.77490E-14
  5855.00000    3.63080E-14
  5858.00000    3.52530E-14
  5861.00000    3.68750E-14
  5864.00000    3.68200E-14
  5867.00000    3.61530E-14
  5870.00000    3.61580E-14
  5873.00000    3.50660E-14
  5876.00000    3.57360E-14
  5879.00000    3.64100E-14
  5882.00000    3.45200E-14
  5885.00000    3.44230E-14
  5888.00000    3.41180E-14
  5891.00000    3.23150E-14
  5894.00000    3.33510E-14
  5897.00000    3.14700E-14
  5900.00000    3.38890E-14
  5903.00000    3.45330E-14
  5906.00000    3.56270E-14
  5909.00000    3.53450E-14
  5912.00000    3.61260E-14
  5915.00000    3.63050E-14
  5918.00000    3.46440E-14
  5921.00000    3.61990E-14
  5924.00000    3.59800E-14
  5927.00000    3.70490E-14
  5930.00000    3.61030E-14
  5933.00000    3.60860E-14
  5936.00000    3.70600E-14
  5939.00000    3.75820E-14
  5942.00000    3.51430E-14
  5945.00000    3.42760E-14
  5948.00000    3.60840E-14
  5951.00000    3.56960E-14
  5954.00000    3.61030E-14
  5957.00000    3.43640E-14
  5960.00000    3.67640E-14
  5963.00000    3.68100E-14
  5966.00000    3.47490E-14
  5969.00000    3.49940E-14
  5972.00000    3.59270E-14
  5975.00000    3.45520E-14
  5978.00000    3.53790E-14
  5981.00000    3.48630E-14
  5984.00000    3.57650E-14
  5987.00000    3.58730E-14
  5990.00000    3.56370E-14
  5993.00000    3.62770E-14
  5996.00000    3.58330E-14
  5999.00000    3.56350E-14
  6002.00000    3.66780E-14
  6005.00000    3.66460E-14
  6008.00000    3.63140E-14
  6011.00000    3.70030E-14
  6014.00000    3.63330E-14
  6017.00000    3.66880E-14
  6020.00000    3.50330E-14
  6023.00000    3.54330E-14
  6026.00000    3.54140E-14
  6029.00000    3.87220E-14
  6032.00000    3.59710E-14
  6035.00000    3.55870E-14
  6038.00000    3.80460E-14
  6041.00000    3.78360E-14
  6044.00000    3.68740E-14
  6047.00000    3.59370E-14
  6050.00000    3.61040E-14
  6053.00000    3.66680E-14
  6056.00000    3.62610E-14
  6059.00000    3.58990E-14
  6062.00000    3.59560E-14
  6065.00000    3.58910E-14
  6068.00000    3.68370E-14
  6071.00000    3.74740E-14
  6074.00000    3.65100E-14
  6077.00000    3.61740E-14
  6080.00000    3.62200E-14
  6083.00000    3.79220E-14
  6086.00000    3.58650E-14
  6089.00000    3.68640E-14
  6092.00000    3.67010E-14
  6095.00000    3.74590E-14
  6098.00000    3.73370E-14
  6101.00000    3.75580E-14
  6104.00000    3.73820E-14
  6107.00000    3.49470E-14
  6110.00000    3.72560E-14
  6113.00000    3.75290E-14
  6116.00000    3.58840E-14
  6119.00000    3.55340E-14
  6122.00000    3.78040E-14
  6125.00000    3.77030E-14
  6128.00000    3.64060E-14
  6131.00000    3.59350E-14
  6134.00000    3.60930E-14
  6137.00000    3.55030E-14
  6140.00000    3.43380E-14
  6143.00000    3.58730E-14
  6146.00000    3.63000E-14
  6149.00000    3.54310E-14
  6152.00000    3.59850E-14
  6155.00000    3.35090E-14
  6158.00000    3.57120E-14
  6161.00000    3.41070E-14
  6164.00000    3.42730E-14
  6167.00000    3.37870E-14
  6170.00000    3.51080E-14
  6173.00000    3.45650E-14
  6176.00000    3.51120E-14
  6179.00000    3.40210E-14
  6182.00000    3.42150E-14
  6185.00000    3.41310E-14
  6188.00000    3.64940E-14
  6191.00000    3.59940E-14
  6194.00000    3.60550E-14
  6197.00000    3.52080E-14
  6200.00000    3.63350E-14
  6203.00000    3.56230E-14
  6206.00000    3.45490E-14
  6209.00000    3.67790E-14
  6212.00000    3.43690E-14
  6215.00000    3.46090E-14
  6218.00000    3.39500E-14
  6221.00000    3.43750E-14
  6224.00000    3.58430E-14
  6227.00000    3.38510E-14
  6230.00000    3.33080E-14
  6233.00000    3.18290E-14
  6236.00000    3.42200E-14
  6239.00000    3.36090E-14
  6242.00000    3.41220E-14
  6245.00000    3.43860E-14
  6248.00000    3.48490E-14
  6251.00000    3.40090E-14
  6254.00000    3.23910E-14
  6257.00000    3.35200E-14
  6260.00000    3.51060E-14
  6263.00000    3.39420E-14
  6266.00000    3.47040E-14
  6269.00000    3.52220E-14
  6272.00000    3.36300E-14
  6275.00000    3.48690E-14
  6278.00000    3.40520E-14
  6281.00000    3.41350E-14
  6284.00000    3.32930E-14
  6287.00000    3.33080E-14
  6290.00000    3.40150E-14
  6293.00000    3.40480E-14
  6296.00000    3.34550E-14
  6299.00000    3.42910E-14
  6302.00000    3.37110E-14
  6305.00000    3.54520E-14
  6308.00000    3.46530E-14
  6311.00000    3.46170E-14
  6314.00000    3.35560E-14
  6317.00000    3.60070E-14
  6320.00000    3.54720E-14
  6323.00000    3.49290E-14
  6326.00000    3.49240E-14
  6329.00000    3.48930E-14
  6332.00000    3.49630E-14
  6335.00000    3.47720E-14
  6338.00000    3.45880E-14
  6341.00000    3.58920E-14
  6344.00000    3.53870E-14
  6347.00000    3.56360E-14
  6350.00000    3.59420E-14
  6353.00000    3.57550E-14
  6356.00000    3.44190E-14
  6359.00000    3.48790E-14
  6362.00000    3.68110E-14
  6365.00000    3.47530E-14
  6368.00000    3.35950E-14
  6371.00000    3.56540E-14
  6374.00000    3.36010E-14
  6377.00000    3.53360E-14
  6380.00000    3.39020E-14
  6383.00000    3.59200E-14
  6386.00000    3.59900E-14
  6389.00000    3.33970E-14
  6392.00000    3.58390E-14
  6395.00000    3.46080E-14
  6398.00000    3.51890E-14
  6401.00000    3.59610E-14
  6404.00000    3.60280E-14
  6407.00000    3.44680E-14
  6410.00000    3.69730E-14
  6413.00000    3.55470E-14
  6416.00000    3.46620E-14
  6419.00000    3.49180E-14
  6422.00000    3.59560E-14
  6425.00000    3.51210E-14
  6428.00000    3.64230E-14
  6431.00000    3.55220E-14
  6434.00000    3.56130E-14
  6437.00000    3.67660E-14
  6440.00000    3.46230E-14
  6443.00000    3.59580E-14
  6446.00000    3.50180E-14
  6449.00000    3.46500E-14
  6452.00000    3.56710E-14
  6455.00000    3.67470E-14
  6458.00000    3.47170E-14
  6461.00000    3.39860E-14
  6464.00000    3.69500E-14
  6467.00000    3.57290E-14
  6470.00000    3.43460E-14
  6473.00000    3.46310E-14
  6476.00000    3.53990E-14
  6479.00000    3.47610E-14
  6482.00000    3.48330E-14
  6485.00000    3.63810E-14
  6488.00000    3.42690E-14
  6491.00000    3.66860E-14
  6494.00000    3.39220E-14
  6497.00000    3.51590E-14
  6500.00000    3.53330E-14
  6503.00000    3.60560E-14
  6506.00000    3.58480E-14
  6509.00000    3.62050E-14
  6512.00000    3.56420E-14
  6515.00000    3.50320E-14
  6518.00000    3.57990E-14
  6521.00000    3.49150E-14
  6524.00000    3.44650E-14
  6527.00000    3.57060E-14
  6530.00000    3.49720E-14
  6533.00000    3.64430E-14
  6536.00000    3.50980E-14
  6539.00000    3.54280E-14
  6542.00000    3.53960E-14
  6545.00000    3.36410E-14
  6548.00000    3.48740E-14
  6551.00000    3.25290E-14
  6554.00000    3.21670E-14
  6557.00000    3.26090E-14
  6560.00000    3.12500E-14
  6563.00000    3.02970E-14
  6566.00000    3.06510E-14
  6569.00000    3.12570E-14
  6572.00000    3.24080E-14
  6575.00000    3.21200E-14
  6578.00000    3.35870E-14
  6581.00000    3.35070E-14
  6584.00000    3.50420E-14
  6587.00000    3.42160E-14
  6590.00000    3.42200E-14
  6593.00000    3.45930E-14
  6596.00000    3.38700E-14
  6599.00000    3.41320E-14
  6602.00000    3.57360E-14
  6605.00000    3.48060E-14
  6608.00000    3.53040E-14
  6611.00000    3.49540E-14
  6614.00000    3.39240E-14
  6617.00000    3.56440E-14
  6620.00000    3.51330E-14
  6623.00000    3.73370E-14
  6626.00000    3.45060E-14
  6629.00000    3.48520E-14
  6632.00000    3.41680E-14
  6635.00000    3.45590E-14
  6638.00000    3.37500E-14
  6641.00000    3.39020E-14
  6644.00000    3.43870E-14
  6647.00000    3.38680E-14
  6650.00000    3.49840E-14
  6653.00000    3.49460E-14
  6656.00000    3.47900E-14
  6659.00000    3.54050E-14
  6662.00000    3.46100E-14
  6665.00000    3.43790E-14
  6668.00000    3.50230E-14
  6671.00000    3.44230E-14
  6674.00000    3.39820E-14
  6677.00000    3.43850E-14
  6680.00000    3.57040E-14
  6683.00000    3.36470E-14
  6686.00000    3.38170E-14
  6689.00000    3.34920E-14
  6692.00000    3.43770E-14
  6695.00000    3.43730E-14
  6698.00000    3.35250E-14
  6701.00000    3.40960E-14
  6704.00000    3.42360E-14
  6707.00000    3.47820E-14
  6710.00000    3.40130E-14
  6713.00000    3.54930E-14
  6716.00000    3.41180E-14
  6719.00000    3.43410E-14
  6722.00000    3.34490E-14
  6725.00000    3.37170E-14
  6728.00000    3.36600E-14
  6731.00000    3.42750E-14
  6734.00000    3.31200E-14
  6737.00000    3.37440E-14
  6740.00000    3.40440E-14
  6743.00000    3.33240E-14
  6746.00000    3.36980E-14
  6749.00000    3.41640E-14
  6752.00000    3.39060E-14
  6755.00000    3.46350E-14
  6758.00000    3.42370E-14
  6761.00000    3.43000E-14
  6764.00000    3.43520E-14
  6767.00000    3.38350E-14
  6770.00000    3.46040E-14
  6773.00000    3.42270E-14
  6776.00000    3.29680E-14
  6779.00000    3.45810E-14
  6782.00000    3.34320E-14
  6785.00000    3.28600E-14
  6788.00000    3.29990E-14
  6791.00000    3.44080E-14
  6794.00000    3.33220E-14
  6797.00000    3.36200E-14
  6800.00000    3.30470E-14
  6803.00000    3.34430E-14
  6806.00000    3.39740E-14
  6809.00000    3.37430E-14
  6812.00000    3.44040E-14
  6815.00000    3.36970E-14
  6818.00000    3.23990E-14
  6821.00000    3.48560E-14
  6824.00000    3.50980E-14
  6827.00000    3.46480E-14
  6830.00000    3.26770E-14
  6833.00000    3.37840E-14
  6836.00000    3.38110E-14
  6839.00000    3.36170E-14
  6842.00000    3.36760E-14
  6845.00000    3.25310E-14
  6848.00000    3.46450E-14
  6851.00000    3.28150E-14
  6854.00000    3.25570E-14
  6857.00000    3.13590E-14
  6860.00000    3.25300E-14
  6863.00000    3.24850E-14
  6866.00000    3.25980E-14
  6869.00000    3.36460E-14
  6872.00000    3.16890E-14
  6875.00000    3.33070E-14
  6878.00000    3.20200E-14
  6881.00000    3.16670E-14
  6884.00000    3.20610E-14
  6887.00000    3.37530E-14
  6890.00000    3.38020E-14
  6893.00000    3.44740E-14
  6896.00000    3.38160E-14
  6899.00000    3.34840E-14
  6902.00000    3.33440E-14
  6905.00000    3.46810E-14
  6908.00000    3.45750E-14
  6911.00000    3.40530E-14
  6914.00000    3.30950E-14
  6917.00000    3.26710E-14
  6920.00000    3.37170E-14
  6923.00000    3.48390E-14
  6926.00000    3.42740E-14
  6929.00000    3.37400E-14
  6932.00000    3.45240E-14
  6935.00000    3.40250E-14
  6938.00000    3.42350E-14
  6941.00000    3.50650E-14
  6944.00000    3.55560E-14
  6947.00000    3.52050E-14
  6950.00000    3.53590E-14
  6953.00000    3.37180E-14
  6956.00000    3.44660E-14
  6959.00000    3.54140E-14
  6962.00000    3.54950E-14
  6965.00000    3.55230E-14
  6968.00000    3.63710E-14
  6971.00000    3.55270E-14
  6974.00000    3.32750E-14
  6977.00000    3.47620E-14
  6980.00000    3.39520E-14
  6983.00000    3.40130E-14
  6986.00000    3.38540E-14
  6989.00000    3.49990E-14
  6992.00000    3.51890E-14
  6995.00000    3.49470E-14
  6998.00000    3.42930E-14
  7001.00000    3.46400E-14
  7004.00000    3.53020E-14
  7007.00000    3.37210E-14
  7010.00000    3.38160E-14
  7013.00000    3.45930E-14
  7016.00000    3.42100E-14
  7019.00000    3.31310E-14
  7022.00000    3.44510E-14
  7025.00000    3.46770E-14
  7028.00000    3.50400E-14
  7031.00000    3.53670E-14
  7034.00000    3.42940E-14
  7037.00000    3.55190E-14
  7040.00000    3.45300E-14
  7043.00000    3.59330E-14
  7046.00000    3.48220E-14
  7049.00000    3.48910E-14
  7052.00000    3.61120E-14
  7055.00000    3.48790E-14
  7058.00000    3.44870E-14
  7061.00000    3.36280E-14
  7064.00000    3.53970E-14
  7067.00000    3.46450E-14
  7070.00000    3.45650E-14
  7073.00000    3.26800E-14
  7076.00000    3.54250E-14
  7079.00000    3.33010E-14
  7082.00000    3.33690E-14
  7085.00000    3.46270E-14
  7088.00000    3.27750E-14
  7091.00000    3.22610E-14
  7094.00000    3.36070E-14
  7097.00000    3.24150E-14
  7100.00000    3.24860E-14
  7103.00000    3.43930E-14
  7106.00000    3.40650E-14
  7109.00000    3.28480E-14
  7112.00000    3.48270E-14
  7115.00000    3.57550E-14
  7118.00000    3.22790E-14
  7121.00000    3.36090E-14
  7124.00000    3.26590E-14
  7127.00000    3.33610E-14
  7130.00000    3.26220E-14
  7133.00000    3.30880E-14
  7136.00000    3.15640E-14
  7139.00000    3.37240E-14
  7142.00000    3.19820E-14
  7145.00000    3.35270E-14
  7148.00000    3.41160E-14
  7151.00000    3.23450E-14
  7154.00000    3.29170E-14
  7157.00000    3.26540E-14
  7160.00000    3.23660E-14
  7163.00000    3.31660E-14
  7166.00000    3.27350E-14
  7169.00000    3.21900E-14
  7172.00000    3.27870E-14
  7175.00000    3.27040E-14
  7178.00000    3.21450E-14
  7181.00000    3.22730E-14
  7184.00000    3.22050E-14
  7187.00000    3.25310E-14
  7190.00000    3.21770E-14
  7193.00000    3.45890E-14
  7196.00000    3.16980E-14
  7199.00000    3.20000E-14
  7202.00000    3.34470E-14
  7205.00000    3.08530E-14
  7208.00000    3.21020E-14
  7211.00000    3.31400E-14
  7214.00000    3.29050E-14
  7217.00000    3.49320E-14
  7220.00000    3.36730E-14
  7223.00000    3.38770E-14
  7226.00000    3.36400E-14
  7229.00000    3.25320E-14
  7232.00000    3.34160E-14
  7235.00000    3.26450E-14
  7238.00000    3.27350E-14
  7241.00000    3.27780E-14
  7244.00000    3.30890E-14
  7247.00000    3.31200E-14
  7250.00000    3.46330E-14
  7253.00000    3.42290E-14
  7256.00000    3.29350E-14
  7259.00000    3.41430E-14
  7262.00000    3.49290E-14
  7265.00000    3.39590E-14
  7268.00000    3.28010E-14
  7271.00000    3.22150E-14
  7274.00000    3.16180E-14
  7277.00000    3.45140E-14
  7280.00000    3.50080E-14
  7283.00000    3.42220E-14
  7286.00000    3.41550E-14
  7289.00000    3.37340E-14
  7292.00000    3.55980E-14
  7295.00000    3.43170E-14
  7298.00000    3.47200E-14
  7301.00000    3.50630E-14
  7304.00000    3.38020E-14
  7307.00000    3.45560E-14
  7310.00000    3.51330E-14
  7313.00000    3.45810E-14
  7316.00000    3.45930E-14
  7319.00000    3.52020E-14
  7322.00000    3.48680E-14
  7325.00000    3.55010E-14
  7328.00000    3.59810E-14
  7331.00000    3.62000E-14
  7334.00000    3.63550E-14
  7337.00000    3.38960E-14
  7340.00000    3.56240E-14
  7343.00000    3.51650E-14
  7346.00000    3.51910E-14
  7349.00000    3.54650E-14
  7352.00000    3.54420E-14
  7355.00000    3.51870E-14
  7358.00000    3.60010E-14
  7361.00000    3.44390E-14
  7364.00000    3.50560E-14
  7367.00000    3.49310E-14
  7370.00000    3.38840E-14
  7373.00000    3.44380E-14
  7376.00000    3.55570E-14
  7379.00000    3.64550E-14
  7382.00000    3.40650E-14
  7385.00000    3.56630E-14
  7388.00000    3.54870E-14
  7391.00000    3.50570E-14
  7394.00000    3.49550E-14
  7397.00000    3.48430E-14
  7400.00000    3.46260E-14
  7403.00000    3.45670E-14
  7406.00000    3.46840E-14
  7409.00000    3.31990E-14
  7412.00000    3.56350E-14
  7415.00000    3.60150E-14
  7418.00000    3.38460E-14
  7421.00000    3.57080E-14
  7424.00000    3.57080E-14
  7427.00000    3.69180E-14
  7430.00000    3.59550E-14
  7433.00000    3.43410E-14
  7436.00000    3.57000E-14
  7439.00000    3.64670E-14
  7442.00000    3.42640E-14
  7445.00000    3.64390E-14
  7448.00000    3.41660E-14
  7451.00000    3.80740E-14
  7454.00000    3.58310E-14
  7457.00000    3.58160E-14
  7460.00000    3.54470E-14
  7463.00000    3.52190E-14
  7466.00000    3.53220E-14
  7469.00000    3.34110E-14
  7472.00000    3.50200E-14
  7475.00000    3.48930E-14
  7478.00000    3.55610E-14
  7481.00000    3.51150E-14
  7484.00000    3.69750E-14
  7487.00000    3.38520E-14
  7490.00000    3.49290E-14
  7493.00000    3.51100E-14
  7496.00000    3.61250E-14
  7499.00000    3.64070E-14
  7502.00000    3.69430E-14
  7505.00000    3.53110E-14
  7508.00000    3.59610E-14
  7511.00000    3.58170E-14
  7514.00000    3.66130E-14
  7517.00000    3.79370E-14
  7520.00000    3.74630E-14
  7523.00000    3.49330E-14
  7526.00000    3.67250E-14
  7529.00000    3.50860E-14
  7532.00000    3.62370E-14
  7535.00000    3.66180E-14
  7538.00000    3.59810E-14
  7541.00000    3.56690E-14
  7544.00000    3.59200E-14
  7547.00000    3.53010E-14
  7550.00000    3.66470E-14
  7553.00000    3.54450E-14
  7556.00000    3.63720E-14
  7559.00000    3.56500E-14
  7562.00000    3.55780E-14
  7565.00000    3.49960E-14
  7568.00000    3.66910E-14
  7571.00000    3.51400E-14
  7574.00000    3.63070E-14
  7577.00000    3.47130E-14
  7580.00000    3.45650E-14
  7583.00000    3.54010E-14
  7586.00000    3.56450E-14
  7589.00000    3.56120E-14
  7592.00000    3.52180E-14
  7595.00000    3.54700E-14
  7598.00000    3.52420E-14
  7601.00000    3.52250E-14
  7604.00000    3.46940E-14
  7607.00000    3.52820E-14
  7610.00000    3.47510E-14
  7613.00000    3.57210E-14
  7616.00000    3.59830E-14
  7619.00000    3.34950E-14
  7622.00000    3.47440E-14
  7625.00000    3.53750E-14
  7628.00000    3.34350E-14
  7631.00000    3.37140E-14
  7634.00000    3.31220E-14
  7637.00000    3.39410E-14
  7640.00000    3.42810E-14
  7643.00000    3.37610E-14
  7646.00000    3.52260E-14
  7649.00000    3.50100E-14
  7652.00000    3.33540E-14
  7655.00000    3.28990E-14
  7658.00000    3.37410E-14
  7661.00000    3.36580E-14
  7664.00000    3.16820E-14
  7667.00000    3.24960E-14
  7670.00000    3.23060E-14
  7673.00000    3.28870E-14
  7676.00000    3.31430E-14
  7679.00000    3.35740E-14
  7682.00000    3.45560E-14
  7685.00000    3.41160E-14
  7688.00000    3.39600E-14
  7691.00000    3.29830E-14
  7694.00000    3.30540E-14
  7697.00000    3.23810E-14
  7700.00000    3.38290E-14
  7703.00000    3.17320E-14
  7706.00000    3.23340E-14
  7709.00000    3.32230E-14
  7712.00000    3.16380E-14
  7715.00000    3.43130E-14
  7718.00000    3.39970E-14
  7721.00000    3.29960E-14
  7724.00000    3.41280E-14
  7727.00000    3.45360E-14
  7730.00000    3.32500E-14
  7733.00000    3.33170E-14
  7736.00000    3.45220E-14
  7739.00000    3.28680E-14
  7742.00000    3.33170E-14
  7745.00000    3.25330E-14
  7748.00000    3.30760E-14
  7751.00000    3.21090E-14
  7754.00000    3.30900E-14
  7757.00000    3.30360E-14
  7760.00000    3.46840E-14
  7763.00000    3.27520E-14
  7766.00000    3.34520E-14
  7769.00000    3.45540E-14
  7772.00000    3.31370E-14
  7775.00000    3.28870E-14
  7778.00000    3.37130E-14
  7781.00000    3.33470E-14
  7784.00000    3.35110E-14
  7787.00000    3.30110E-14
  7790.00000    3.23570E-14
  7793.00000    3.29700E-14
  7796.00000    3.35580E-14
  7799.00000    3.40350E-14
  7802.00000    3.38420E-14
  7805.00000    3.38730E-14
  7808.00000    3.29700E-14
  7811.00000    3.51500E-14
  7814.00000    3.41280E-14
  7817.00000    3.38250E-14
  7820.00000    3.39810E-14
  7823.00000    3.39540E-14
  7826.00000    3.35230E-14
  7829.00000    3.31170E-14
  7832.00000    3.24580E-14
  7835.00000    3.37080E-14
  7838.00000    3.32680E-14
  7841.00000    3.36670E-14
  7844.00000    3.43180E-14
  7847.00000    3.41700E-14
  7850.00000    3.47710E-14
  7853.00000    3.41320E-14
  7856.00000    3.44710E-14
  7859.00000    3.32710E-14
  7862.00000    3.53220E-14
  7865.00000    3.49730E-14
  7868.00000    3.44620E-14
  7871.00000    3.33780E-14
  7874.00000    3.41850E-14
  7877.00000    3.40070E-14
  7880.00000    3.40730E-14
  7883.00000    3.31510E-14
  7886.00000    3.51640E-14
  7889.00000    3.30960E-14
  7892.00000    3.39030E-14
  7895.00000    3.43410E-14
  7898.00000    3.45940E-14
  7901.00000    3.49210E-14
  7904.00000    3.43590E-14
  7907.00000    3.19810E-14
  7910.00000    3.35780E-14
  7913.00000    3.30330E-14
  7916.00000    3.40300E-14
  7919.00000    3.39990E-14
  7922.00000    3.54630E-14
  7925.00000    3.45670E-14
  7928.00000    3.34790E-14
  7931.00000    3.43470E-14
  7934.00000    3.38820E-14
  7937.00000    3.30030E-14
  7940.00000    3.26980E-14
  7943.00000    3.21610E-14
  7946.00000    3.31060E-14
  7949.00000    3.31300E-14
  7952.00000    3.41350E-14
  7955.00000    3.27970E-14
  7958.00000    3.24990E-14
  7961.00000    3.29610E-14
  7964.00000    3.41250E-14
  7967.00000    3.37560E-14
  7970.00000    3.34730E-14
  7973.00000    3.39110E-14
  7976.00000    3.36810E-14
  7979.00000    3.33930E-14
  7982.00000    3.42260E-14
  7985.00000    3.53020E-14
  7988.00000    3.47430E-14
  7991.00000    3.50590E-14
  7994.00000    3.30950E-14
  7997.00000    3.29470E-14
  8000.00000    3.31840E-14
  8003.00000    3.36970E-14
  8006.00000    3.38870E-14
  8009.00000    3.43160E-14
  8012.00000    3.10170E-14
  8015.00000    3.44660E-14
  8018.00000    3.47440E-14
  8021.00000    3.48190E-14
  8024.00000    3.41910E-14
  8027.00000    3.45390E-14
  8030.00000    3.42510E-14
  8033.00000    3.19910E-14
  8036.00000    3.49700E-14
  8039.00000    3.43010E-14
  8042.00000    3.35490E-14
  8045.00000    3.41150E-14
  8048.00000    3.38970E-14
  8051.00000    3.50780E-14
  8054.00000    3.30810E-14
  8057.00000    3.30430E-14
  8060.00000    3.43330E-14
  8063.00000    3.41740E-14
  8066.00000    3.36500E-14
  8069.00000    3.41640E-14
  8072.00000    3.27180E-14
  8075.00000    3.35950E-14
  8078.00000    3.34560E-14
  8081.00000    3.39200E-14
  8084.00000    3.42210E-14
  8087.00000    3.40620E-14
  8090.00000    3.42870E-14
  8093.00000    3.41710E-14
  8096.00000    3.44990E-14
  8099.00000    3.58210E-14
  8102.00000    3.38210E-14
  8105.00000    3.33970E-14
  8108.00000    3.52430E-14
  8111.00000    3.33500E-14
  8114.00000    3.56210E-14
  8117.00000    3.50260E-14
  8120.00000    3.46170E-14
  8123.00000    3.44300E-14
  8126.00000    3.48540E-14
  8129.00000    3.40900E-14
  8132.00000    3.62530E-14
  8135.00000    3.42530E-14
  8138.00000    3.43030E-14
  8141.00000    3.42860E-14
  8144.00000    3.38750E-14
  8147.00000    3.34610E-14
  8150.00000    3.42130E-14
  8153.00000    3.44760E-14
  8156.00000    3.42940E-14
  8159.00000    3.41570E-14
  8162.00000    3.34460E-14
  8165.00000    3.37260E-14
  8168.00000    3.46520E-14
  8171.00000    3.38790E-14
  8174.00000    3.16220E-14
  8177.00000    3.28700E-14
  8180.00000    3.30150E-14
  8183.00000    3.30210E-14
  8186.00000    3.30490E-14
  8189.00000    3.15350E-14
  8192.00000    3.30280E-14
  8195.00000    3.29280E-14
  8198.00000    3.20050E-14
  8201.00000    3.53320E-14
  8204.00000    3.32180E-14
  8207.00000    3.35840E-14
  8210.00000    3.32270E-14
  8213.00000    3.54680E-14
  8216.00000    3.25060E-14
  8219.00000    3.36860E-14
  8222.00000    3.40890E-14
  8225.00000    3.37010E-14
  8228.00000    3.42770E-14
  8231.00000    3.29420E-14
  8234.00000    3.22250E-14
  8237.00000    3.41500E-14
  8240.00000    3.22420E-14
  8243.00000    3.45160E-14
  8246.00000    3.43070E-14
  8249.00000    3.49080E-14
  8252.00000    3.34350E-14
  8255.00000    3.50800E-14
  8258.00000    3.52020E-14
  8261.00000    3.47240E-14
  8264.00000    3.47590E-14
  8267.00000    3.27510E-14
  8270.00000    3.49790E-14
  8273.00000    3.32530E-14
  8276.00000    3.35910E-14
  8279.00000    3.44390E-14
  8282.00000    3.29660E-14
  8285.00000    3.33920E-14
  8288.00000    3.19520E-14
  8291.00000    3.32290E-14
  8294.00000    3.38060E-14
  8297.00000    3.17560E-14
  8300.00000    3.36380E-14
  8303.00000    3.37690E-14
  8306.00000    3.27890E-14
  8309.00000    3.25380E-14
  8312.00000    3.43590E-14
  8315.00000    3.30200E-14
  8318.00000    3.35120E-14
  8321.00000    3.22620E-14
  8324.00000    3.30630E-14
  8327.00000    3.37830E-14
  8330.00000    3.30350E-14
  8333.00000    3.28340E-14
  8336.00000    3.16280E-14
  8339.00000    3.39220E-14
  8342.00000    3.45050E-14
  8345.00000    3.34640E-14
  8348.00000    3.36980E-14
  8351.00000    3.34100E-14
  8354.00000    3.30500E-14
  8357.00000    3.38430E-14
  8360.00000    3.35210E-14
  8363.00000    3.34080E-14
  8366.00000    3.16670E-14
  8369.00000    3.26270E-14
  8372.00000    3.33960E-14
  8375.00000    3.20370E-14
  8378.00000    3.28410E-14
  8381.00000    3.30940E-14
  8384.00000    3.22140E-14
  8387.00000    3.21950E-14
  8390.00000    3.24370E-14
  8393.00000    3.17280E-14
  8396.00000    3.34840E-14
  8399.00000    3.20610E-14
  8402.00000    3.27340E-14
  8405.00000    3.19770E-14
  8408.00000    3.43230E-14
  8411.00000    3.31370E-14
  8414.00000    3.36360E-14
  8417.00000    3.51910E-14
  8420.00000    3.39160E-14
  8423.00000    3.55200E-14
  8426.00000    3.30070E-14
  8429.00000    3.35300E-14
  8432.00000    3.20750E-14
  8435.00000    3.29030E-14
  8438.00000    3.09520E-14
  8441.00000    3.22900E-14
  8444.00000    3.28970E-14
  8447.00000    3.18000E-14
  8450.00000    3.25240E-14
  8453.00000    3.33060E-14
  8456.00000    3.26980E-14
  8459.00000    3.19060E-14
  8462.00000    3.18700E-14
  8465.00000    3.30960E-14
  8468.00000    3.25140E-14
  8471.00000    3.25440E-14
  8474.00000    3.29130E-14
  8477.00000    3.29990E-14
  8480.00000    3.35400E-14
  8483.00000    3.40050E-14
  8486.00000    3.32890E-14
  8489.00000    3.30460E-14
  8492.00000    3.20340E-14
  8495.00000    3.16540E-14
  8498.00000    3.15260E-14
  8501.00000    3.23680E-14
  8504.00000    3.02530E-14
  8507.00000    3.38860E-14
  8510.00000    3.25950E-14
  8513.00000    3.30570E-14
  8516.00000    3.21320E-14
  8519.00000    3.19320E-14
  8522.00000    3.20620E-14
  8525.00000    3.41050E-14
  8528.00000    3.14650E-14
  8531.00000    3.23730E-14
  8534.00000    3.01510E-14
  8537.00000    3.07170E-14
  8540.00000    2.92930E-14
  8543.00000    2.93430E-14
  8546.00000    3.01220E-14
  8549.00000    3.08410E-14
  8552.00000    3.21430E-14
  8555.00000    3.23000E-14
  8558.00000    3.23180E-14
  8561.00000    3.44940E-14
  8564.00000    3.22750E-14
  8567.00000    3.23530E-14
  8570.00000    3.22390E-14
  8573.00000    3.20000E-14
  8576.00000    3.24430E-14
  8579.00000    3.31390E-14
  8582.00000    3.40050E-14
  8585.00000    3.36030E-14
  8588.00000    3.25030E-14
  8591.00000    3.39280E-14
  8594.00000    3.35030E-14
  8597.00000    3.33490E-14
  8600.00000    3.30130E-14
  8603.00000    3.21760E-14
  8606.00000    3.22350E-14
  8609.00000    3.22050E-14
  8612.00000    3.26590E-14
  8615.00000    3.26420E-14
  8618.00000    3.22530E-14
  8621.00000    3.38530E-14
  8624.00000    3.31370E-14
  8627.00000    3.31210E-14
  8630.00000    3.21380E-14
  8633.00000    3.45610E-14
  8636.00000    3.30330E-14
  8639.00000    3.28850E-14
  8642.00000    3.24230E-14
  8645.00000    3.10480E-14
  8648.00000    3.10430E-14
  8651.00000    3.09230E-14
  8654.00000    3.03890E-14
  8657.00000    3.04190E-14
  8660.00000    2.99060E-14
  8663.00000    3.01790E-14
  8666.00000    3.01630E-14
  8669.00000    3.01630E-14
  8672.00000    2.96440E-14
  8675.00000    2.86020E-14
  8678.00000    3.07420E-14
  8681.00000    3.18530E-14
  8684.00000    3.24440E-14
  8687.00000    3.21240E-14
  8690.00000    3.08520E-14
  8693.00000    3.28170E-14
  8696.00000    3.20010E-14
  8699.00000    3.21630E-14
  8702.00000    3.15540E-14
  8705.00000    3.27170E-14
  8708.00000    3.22890E-14
  8711.00000    3.28540E-14
  8714.00000    3.24240E-14
  8717.00000    3.30020E-14
  8720.00000    3.24660E-14
  8723.00000    3.22670E-14
  8726.00000    3.35590E-14
  8729.00000    3.21060E-14
  8732.00000    3.29430E-14
  8735.00000    3.36780E-14
  8738.00000    3.10210E-14
  8741.00000    3.10770E-14
  8744.00000    3.16000E-14
  8747.00000    3.24180E-14
  8750.00000    3.16270E-14
  8753.00000    3.13820E-14
  8756.00000    2.91440E-14
  8759.00000    3.10740E-14
  8762.00000    3.07470E-14
  8765.00000    3.09180E-14
  8768.00000    3.14210E-14
  8771.00000    3.11530E-14
  8774.00000    3.18580E-14
  8777.00000    3.25460E-14
  8780.00000    3.31890E-14
  8783.00000    3.40750E-14
  8786.00000    3.31630E-14
  8789.00000    3.07370E-14
  8792.00000    3.23350E-14
  8795.00000    3.28200E-14
  8798.00000    3.38450E-14
  8801.00000    3.25210E-14
  8804.00000    3.11180E-14
  8807.00000    3.22830E-14
  8810.00000    3.25370E-14
  8813.00000    3.13660E-14
  8816.00000    3.20230E-14
  8819.00000    3.14150E-14
  8822.00000    3.43060E-14
  8825.00000    3.35260E-14
  8828.00000    3.26990E-14
  8831.00000    3.26630E-14
  8834.00000    3.21690E-14
  8837.00000    3.20700E-14
  8840.00000    3.22300E-14
  8843.00000    3.30410E-14
  8846.00000    3.12730E-14
  8849.00000    3.19470E-14
  8852.00000    3.04900E-14
  8855.00000    3.08020E-14
  8858.00000    3.17190E-14
  8861.00000    3.13720E-14
  8864.00000    3.10470E-14
  8867.00000    3.24940E-14
  8870.00000    3.18670E-14
  8873.00000    3.23860E-14
  8876.00000    3.06900E-14
  8879.00000    3.09910E-14
  8882.00000    3.18600E-14
  8885.00000    3.29460E-14
  8888.00000    3.25740E-14
  8891.00000    3.26650E-14
  8894.00000    3.32540E-14
  8897.00000    3.13610E-14
  8900.00000    3.23200E-14
  8903.00000    3.19430E-14
  8906.00000    3.35770E-14
  8909.00000    3.26470E-14
  8912.00000    3.21530E-14
  8915.00000    3.03800E-14
  8918.00000    3.26800E-14
  8921.00000    3.12710E-14
  8924.00000    3.12330E-14
  8927.00000    3.32450E-14
  8930.00000    3.29870E-14
  8933.00000    3.27760E-14
  8936.00000    3.24080E-14
  8939.00000    3.06450E-14
  8942.00000    3.15860E-14
  8945.00000    3.15410E-14
  8948.00000    3.22420E-14
  8951.00000    3.18030E-14
  8954.00000    2.99510E-14
  8957.00000    3.10320E-14
  8960.00000    3.10040E-14
  8963.00000    3.15380E-14
  8966.00000    2.95760E-14
  8969.00000    2.98380E-14
  8972.00000    3.11820E-14
  8975.00000    2.86150E-14
  8978.00000    3.09010E-14
  8981.00000    3.08880E-14
  8984.00000    2.87850E-14
  8987.00000    3.12370E-14
  8990.00000    2.99740E-14
  8993.00000    2.99240E-14
  8996.00000    2.83880E-14
  8999.00000    2.98620E-14
  9002.00000    2.76290E-14
  9005.00000    3.02570E-14
  9008.00000    2.98800E-14
  9011.00000    2.96060E-14
  9014.00000    2.98980E-14
  9017.00000    2.98640E-14
  9020.00000    3.02460E-14
  9023.00000    3.05490E-14
  9026.00000    3.07120E-14
  9029.00000    3.15240E-14
  9032.00000    3.19890E-14
  9035.00000    3.27880E-14
  9038.00000    3.19020E-14
  9041.00000    3.21030E-14
  9044.00000    3.31580E-14
  9047.00000    3.43780E-14
  9050.00000    3.29110E-14
  9053.00000    3.21630E-14
  9056.00000    3.17740E-14
  9059.00000    3.27910E-14
  9062.00000    3.37530E-14
  9065.00000    3.38050E-14
  9068.00000    3.08280E-14
  9071.00000    3.17760E-14
  9074.00000    3.14540E-14
  9077.00000    3.12870E-14
  9080.00000    3.13160E-14
  9083.00000    3.25740E-14
  9086.00000    3.18570E-14
  9089.00000    3.14670E-14
  9092.00000    3.11980E-14
  9095.00000    3.18820E-14
  9098.00000    3.17850E-14
  9101.00000    3.12840E-14
  9104.00000    3.13560E-14
  9107.00000    3.14630E-14
  9110.00000    3.05810E-14
  9113.00000    3.14250E-14
  9116.00000    3.13270E-14
  9119.00000    3.02460E-14
  9122.00000    3.04940E-14
  9125.00000    3.04190E-14
  9128.00000    3.13130E-14
  9131.00000    3.25340E-14
  9134.00000    3.02980E-14
  9137.00000    2.94150E-14
  9140.00000    3.07380E-14
  9143.00000    3.06780E-14
  9146.00000    3.05080E-14
  9149.00000    2.96450E-14
  9152.00000    3.04600E-14
  9155.00000    2.93670E-14
  9158.00000    2.94710E-14
  9161.00000    3.01650E-14
  9164.00000    3.05800E-14
  9167.00000    3.02790E-14
  9170.00000    3.15700E-14
  9173.00000    3.08920E-14
  9176.00000    2.96690E-14
  9179.00000    3.07090E-14
  9182.00000    3.01970E-14
  9185.00000    3.16760E-14
  9188.00000    2.86810E-14
  9191.00000    3.15030E-14
  9194.00000    3.13150E-14
  9197.00000    3.07420E-14
  9200.00000    2.96850E-14
  9203.00000    2.99990E-14
  9206.00000    3.08640E-14
  9209.00000    3.07670E-14
  9212.00000    3.12500E-14
  9215.00000    2.97210E-14
  9218.00000    2.94590E-14
  9221.00000    3.04240E-14
  9224.00000    3.07540E-14
  9227.00000    2.89170E-14
  9230.00000    3.01340E-14
  9233.00000    3.00810E-14
  9236.00000    2.84640E-14
  9239.00000    2.91090E-14
  9242.00000    3.01100E-14
  9245.00000    3.04660E-14
  9248.00000    3.04540E-14
  9251.00000    2.97070E-14
  9254.00000    2.97600E-14
  9257.00000    3.19150E-14
  9260.00000    3.16540E-14
  9263.00000    3.19550E-14
  9266.00000    3.09880E-14
  9269.00000    3.26470E-14
  9272.00000    3.07020E-14
  9275.00000    3.24430E-14
  9278.00000    3.10580E-14
  9281.00000    3.14960E-14
  9284.00000    3.14550E-14
  9287.00000    3.09220E-14
  9290.00000    3.14920E-14
  9293.00000    3.00050E-14
  9296.00000    3.06310E-14
  9299.00000    2.87710E-14
  9302.00000    3.13170E-14
  9305.00000    3.10450E-14
  9308.00000    3.05510E-14
  9311.00000    3.17390E-14
  9314.00000    3.08530E-14
  9317.00000    3.18140E-14
  9320.00000    3.22920E-14
  9323.00000    3.10890E-14
  9326.00000    3.24000E-14
  9329.00000    3.09800E-14
  9332.00000    3.27510E-14
  9335.00000    3.12900E-14
  9338.00000    3.21610E-14
  9341.00000    3.14110E-14
  9344.00000    2.96690E-14
  9347.00000    3.10680E-14
  9350.00000    3.17100E-14
  9353.00000    3.08020E-14
  9356.00000    3.04380E-14
  9359.00000    3.01310E-14
  9362.00000    2.83860E-14
  9365.00000    3.19690E-14
  9368.00000    3.29020E-14
  9371.00000    3.03510E-14
  9374.00000    3.21600E-14
  9377.00000    3.18690E-14
  9380.00000    3.20360E-14
  9383.00000    3.03420E-14
  9386.00000    3.14630E-14
  9389.00000    2.98080E-14
  9392.00000    3.13010E-14
  9395.00000    3.09430E-14
  9398.00000    3.20460E-14
  9401.00000    3.20460E-14
  9404.00000    3.20640E-14
  9407.00000    3.00920E-14
  9410.00000    3.25690E-14
  9413.00000    3.03780E-14
  9416.00000    3.01480E-14
  9419.00000    3.24500E-14
  9422.00000    3.04010E-14
  9425.00000    3.06820E-14
  9428.00000    3.31400E-14
  9431.00000    3.18510E-14
  9434.00000    3.08650E-14
  9437.00000    2.96700E-14
  9440.00000    3.15390E-14
  9443.00000    3.22330E-14
  9446.00000    3.12210E-14
  9449.00000    3.15870E-14
  9452.00000    3.19530E-14
  9455.00000    3.06150E-14
  9458.00000    3.05550E-14
  9461.00000    3.12010E-14
  9464.00000    3.22470E-14
  9467.00000    3.22670E-14
  9470.00000    3.10950E-14
  9473.00000    3.02740E-14
  9476.00000    3.16200E-14
  9479.00000    3.16780E-14
  9482.00000    3.13260E-14
  9485.00000    3.13450E-14
  9488.00000    3.07700E-14
  9491.00000    3.07580E-14
  9494.00000    3.00060E-14
  9497.00000    3.19140E-14
  9500.00000    3.11450E-14
  9503.00000    3.12970E-14
  9506.00000    2.90140E-14
  9509.00000    3.04480E-14
  9512.00000    3.03380E-14
  9515.00000    3.08750E-14
  9518.00000    3.15550E-14
  9521.00000    3.15690E-14
  9524.00000    2.97970E-14
  9527.00000    2.97070E-14
  9530.00000    3.15130E-14
  9533.00000    3.32490E-14
  9536.00000    3.11310E-14
  9539.00000    3.03130E-14
  9542.00000    3.09450E-14
  9545.00000    2.96860E-14
  9548.00000    2.82700E-14
  9551.00000    2.91930E-14
  9554.00000    2.97150E-14
  9557.00000    3.15090E-14
  9560.00000    3.05950E-14
  9563.00000    2.98620E-14
  9566.00000    3.02320E-14
  9569.00000    3.07580E-14
  9572.00000    2.98830E-14
  9575.00000    3.06750E-14
  9578.00000    3.11140E-14
  9581.00000    3.02220E-14
  9584.00000    3.08380E-14
  9587.00000    3.13800E-14
  9590.00000    3.01960E-14
  9593.00000    3.13280E-14
  9596.00000    3.13230E-14
  9599.00000    3.14100E-14
  9602.00000    3.13960E-14
  9605.00000    3.15350E-14
  9608.00000    3.00240E-14
  9611.00000    3.02860E-14
  9614.00000    3.05440E-14
  9617.00000    3.03890E-14
  9620.00000    3.23360E-14
  9623.00000    3.19420E-14
  9626.00000    3.06040E-14
  9629.00000    3.04830E-14
  9632.00000    3.05960E-14
  9635.00000    3.10080E-14
  9638.00000    3.02660E-14
  9641.00000    3.05270E-14
  9644.00000    3.14740E-14
  9647.00000    3.11970E-14
  9650.00000    3.09820E-14
  9653.00000    3.11860E-14
  9656.00000    3.03540E-14
  9659.00000    3.13870E-14
  9662.00000    2.95840E-14
  9665.00000    3.06980E-14
  9668.00000    3.18030E-14
  9671.00000    3.09900E-14
  9674.00000    3.04860E-14
  9677.00000    3.14200E-14
  9680.00000    3.11120E-14
  9683.00000    3.04860E-14
  9686.00000    2.94020E-14
  9689.00000    3.13930E-14
  9692.00000    3.10500E-14
  9695.00000    3.07310E-14
  9698.00000    3.15210E-14
  9701.00000    2.94060E-14
  9704.00000    3.11650E-14
  9707.00000    3.01120E-14
  9710.00000    3.10810E-14
  9713.00000    3.02160E-14
  9716.00000    2.97730E-14
  9719.00000    3.22610E-14
  9722.00000    3.11400E-14
  9725.00000    2.88960E-14
  9728.00000    3.00880E-14
  9731.00000    2.98890E-14
  9734.00000    2.95970E-14
  9737.00000    3.01110E-14
  9740.00000    3.01140E-14
  9743.00000    2.89490E-14
  9746.00000    3.06390E-14
  9749.00000    2.96190E-14
  9752.00000    3.17280E-14
  9755.00000    3.02470E-14
  9758.00000    3.05250E-14
  9761.00000    3.12340E-14
  9764.00000    3.02450E-14
  9767.00000    3.15830E-14
  9770.00000    3.14280E-14
  9773.00000    2.93200E-14
  9776.00000    3.12760E-14
  9779.00000    3.07780E-14
  9782.00000    3.10900E-14
  9785.00000    3.10830E-14
  9788.00000    2.88430E-14
  9791.00000    3.01040E-14
  9794.00000    3.01800E-14
  9797.00000    3.16810E-14
  9800.00000    3.13000E-14
