   3600.0000    4.00890E-14
   3602.0000    3.98670E-14
   3604.0000    3.96180E-14
   3606.0000    3.98160E-14
   3608.0000    3.92160E-14
   3610.0000    3.95900E-14
   3612.0000    3.98120E-14
   3614.0000    3.98710E-14
   3616.0000    4.04280E-14
   3618.0000    3.96190E-14
   3620.0000    4.00890E-14
   3622.0000    4.06260E-14
   3624.0000    4.13630E-14
   3626.0000    4.19160E-14
   3628.0000    4.21820E-14
   3630.0000    4.11160E-14
   3632.0000    4.04140E-14
   3634.0000    4.01430E-14
   3636.0000    4.04150E-14
   3638.0000    4.04600E-14
   3640.0000    4.10940E-14
   3642.0000    4.07440E-14
   3644.0000    3.98480E-14
   3646.0000    4.00540E-14
   3648.0000    4.00710E-14
   3650.0000    4.00260E-14
   3652.0000    4.10990E-14
   3654.0000    4.13480E-14
   3656.0000    4.15040E-14
   3658.0000    4.10420E-14
   3660.0000    4.12780E-14
   3662.0000    4.06100E-14
   3664.0000    4.06780E-14
   3666.0000    4.06690E-14
   3668.0000    3.99150E-14
   3670.0000    3.97150E-14
   3672.0000    4.04110E-14
   3674.0000    4.02070E-14
   3676.0000    3.95950E-14
   3678.0000    3.90370E-14
   3680.0000    3.89960E-14
   3682.0000    3.94780E-14
   3684.0000    3.90930E-14
   3686.0000    3.85970E-14
   3688.0000    3.85070E-14
   3690.0000    3.87280E-14
   3692.0000    3.90230E-14
   3694.0000    3.87980E-14
   3696.0000    3.88250E-14
   3698.0000    3.93240E-14
   3700.0000    3.98790E-14
   3702.0000    3.86250E-14
   3704.0000    3.58760E-14
   3706.0000    3.64590E-14
   3708.0000    3.71290E-14
   3710.0000    3.66680E-14
   3712.0000    3.63130E-14
   3714.0000    3.87670E-14
   3716.0000    4.10620E-14
   3718.0000    3.97900E-14
   3720.0000    3.56020E-14
   3722.0000    3.48520E-14
   3724.0000    3.76880E-14
   3726.0000    4.16750E-14
   3728.0000    4.23740E-14
   3730.0000    4.12400E-14
   3732.0000    3.69360E-14
   3734.0000    3.30980E-14
   3736.0000    3.45020E-14
   3738.0000    3.96810E-14
   3740.0000    4.40240E-14
   3742.0000    4.56890E-14
   3744.0000    4.40520E-14
   3746.0000    4.05300E-14
   3748.0000    3.49050E-14
   3750.0000    3.23780E-14
   3752.0000    3.59930E-14
   3754.0000    4.08170E-14
   3756.0000    4.46340E-14
   3758.0000    4.58000E-14
   3760.0000    4.54640E-14
   3762.0000    4.56860E-14
   3764.0000    4.47990E-14
   3766.0000    4.06140E-14
   3768.0000    3.58200E-14
   3770.0000    3.20370E-14
   3772.0000    3.37130E-14
   3774.0000    3.84430E-14
   3776.0000    4.35840E-14
   3778.0000    4.66950E-14
   3780.0000    4.95330E-14
   3782.0000    5.08050E-14
   3784.0000    5.10890E-14
   3786.0000    5.02710E-14
   3788.0000    4.83430E-14
   3790.0000    4.65050E-14
   3792.0000    4.36010E-14
   3794.0000    3.89140E-14
   3796.0000    3.27640E-14
   3798.0000    2.99750E-14
   3800.0000    3.39800E-14
   3802.0000    4.04220E-14
   3804.0000    4.50590E-14
   3806.0000    4.69200E-14
   3808.0000    4.90840E-14
   3810.0000    5.11910E-14
   3812.0000    5.19450E-14
   3814.0000    5.10880E-14
   3816.0000    5.03450E-14
   3818.0000    4.90240E-14
   3820.0000    4.74040E-14
   3822.0000    4.83040E-14
   3824.0000    4.78310E-14
   3826.0000    4.62900E-14
   3828.0000    4.38370E-14
   3830.0000    4.01940E-14
   3832.0000    3.57440E-14
   3834.0000    2.98350E-14
   3836.0000    2.87990E-14
   3838.0000    3.27910E-14
   3840.0000    3.86040E-14
   3842.0000    4.36040E-14
   3844.0000    4.77320E-14
   3846.0000    4.94810E-14
   3848.0000    5.10760E-14
   3850.0000    5.16760E-14
   3852.0000    5.18570E-14
   3854.0000    5.19760E-14
   3856.0000    5.21140E-14
   3858.0000    5.19230E-14
   3860.0000    5.18000E-14
   3862.0000    5.19940E-14
   3864.0000    5.14930E-14
   3866.0000    5.16950E-14
   3868.0000    5.12080E-14
   3870.0000    5.05740E-14
   3872.0000    4.94560E-14
   3874.0000    4.97730E-14
   3876.0000    4.97850E-14
   3878.0000    4.81240E-14
   3880.0000    4.65690E-14
   3882.0000    4.40790E-14
   3884.0000    3.99700E-14
   3886.0000    3.48380E-14
   3888.0000    2.94770E-14
   3890.0000    3.02040E-14
   3892.0000    3.62910E-14
   3894.0000    4.12210E-14
   3896.0000    4.48900E-14
   3898.0000    4.77060E-14
   3900.0000    4.97600E-14
   3902.0000    5.11130E-14
   3904.0000    5.07670E-14
   3906.0000    5.18050E-14
   3908.0000    5.31440E-14
   3910.0000    5.45080E-14
   3912.0000    5.45470E-14
   3914.0000    5.39000E-14
   3916.0000    5.35150E-14
   3918.0000    5.30320E-14
   3920.0000    5.25180E-14
   3922.0000    5.30570E-14
   3924.0000    5.28490E-14
   3926.0000    5.19270E-14
   3928.0000    5.02400E-14
   3930.0000    4.89310E-14
   3932.0000    4.53600E-14
   3934.0000    4.36930E-14
   3936.0000    4.71420E-14
   3938.0000    5.06460E-14
   3940.0000    5.21850E-14
   3942.0000    5.28050E-14
   3944.0000    5.21840E-14
   3946.0000    5.19980E-14
   3948.0000    5.17960E-14
   3950.0000    5.17640E-14
   3952.0000    5.15940E-14
   3954.0000    5.11840E-14
   3956.0000    5.00110E-14
   3958.0000    4.93880E-14
   3960.0000    4.73180E-14
   3962.0000    4.39200E-14
   3964.0000    3.99800E-14
   3966.0000    3.37330E-14
   3968.0000    2.73040E-14
   3970.0000    2.58260E-14
   3972.0000    3.02610E-14
   3974.0000    3.69110E-14
   3976.0000    4.17150E-14
   3978.0000    4.56460E-14
   3980.0000    4.80920E-14
   3982.0000    4.94250E-14
   3984.0000    5.07440E-14
   3986.0000    5.20510E-14
   3988.0000    5.23330E-14
   3990.0000    5.32450E-14
   3992.0000    5.36100E-14
   3994.0000    5.36150E-14
   3996.0000    5.33970E-14
   3998.0000    5.41600E-14
   4000.0000    5.38130E-14
   4002.0000    5.38580E-14
   4004.0000    5.32850E-14
   4006.0000    5.31120E-14
   4008.0000    5.30750E-14
   4010.0000    5.36440E-14
   4012.0000    5.40650E-14
   4014.0000    5.46630E-14
   4016.0000    5.49320E-14
   4018.0000    5.50770E-14
   4020.0000    5.56150E-14
   4022.0000    5.45550E-14
   4024.0000    5.27760E-14
   4026.0000    5.17740E-14
   4028.0000    5.32930E-14
   4030.0000    5.40890E-14
   4032.0000    5.38250E-14
   4034.0000    5.46790E-14
   4036.0000    5.55180E-14
   4038.0000    5.64330E-14
   4040.0000    5.56150E-14
   4042.0000    5.49360E-14
   4044.0000    5.41970E-14
   4046.0000    5.35050E-14
   4048.0000    5.51560E-14
   4050.0000    5.60570E-14
   4052.0000    5.50990E-14
   4054.0000    5.46080E-14
   4056.0000    5.37770E-14
   4058.0000    5.40020E-14
   4060.0000    5.45810E-14
   4062.0000    5.37860E-14
   4064.0000    5.22020E-14
   4066.0000    5.17800E-14
   4068.0000    5.16080E-14
   4070.0000    5.09350E-14
   4072.0000    5.09690E-14
   4074.0000    5.12670E-14
   4076.0000    5.03650E-14
   4078.0000    4.95210E-14
   4080.0000    5.08390E-14
   4082.0000    5.14700E-14
   4084.0000    5.09450E-14
   4086.0000    4.95130E-14
   4088.0000    4.93000E-14
   4090.0000    4.87290E-14
   4092.0000    4.68070E-14
   4094.0000    4.44650E-14
   4096.0000    4.07930E-14
   4098.0000    3.64490E-14
   4100.0000    3.06510E-14
   4102.0000    2.88890E-14
   4104.0000    3.36250E-14
   4106.0000    3.92480E-14
   4108.0000    4.24390E-14
   4110.0000    4.48100E-14
   4112.0000    4.66770E-14
   4114.0000    4.81920E-14
   4116.0000    4.90140E-14
   4118.0000    4.86860E-14
   4120.0000    4.87820E-14
   4122.0000    4.97140E-14
   4124.0000    5.01860E-14
   4126.0000    5.03670E-14
   4128.0000    4.97610E-14
   4130.0000    4.95380E-14
   4132.0000    4.94770E-14
   4134.0000    5.05130E-14
   4136.0000    5.19140E-14
   4138.0000    5.24960E-14
   4140.0000    5.18170E-14
   4142.0000    5.02470E-14
   4144.0000    4.96930E-14
   4146.0000    5.08580E-14
   4148.0000    5.12410E-14
   4150.0000    5.12390E-14
   4152.0000    5.14920E-14
   4154.0000    5.09740E-14
   4156.0000    5.14000E-14
   4158.0000    5.16740E-14
   4160.0000    5.24130E-14
   4162.0000    5.23240E-14
   4164.0000    5.21700E-14
   4166.0000    5.20280E-14
   4168.0000    5.20370E-14
   4170.0000    5.10110E-14
   4172.0000    4.98460E-14
   4174.0000    5.05650E-14
   4176.0000    5.07750E-14
   4178.0000    5.03210E-14
   4180.0000    5.09320E-14
   4182.0000    5.11420E-14
   4184.0000    5.14980E-14
   4186.0000    5.09960E-14
   4188.0000    5.13920E-14
   4190.0000    5.06020E-14
   4192.0000    5.07850E-14
   4194.0000    5.11160E-14
   4196.0000    4.97640E-14
   4198.0000    4.89090E-14
   4200.0000    4.89350E-14
   4202.0000    4.89990E-14
   4204.0000    5.01320E-14
   4206.0000    5.10330E-14
   4208.0000    5.07240E-14
   4210.0000    5.08660E-14
   4212.0000    5.06630E-14
   4214.0000    5.04440E-14
   4216.0000    4.99810E-14
   4218.0000    5.10340E-14
   4220.0000    5.18700E-14
   4222.0000    5.08450E-14
   4224.0000    4.92750E-14
   4226.0000    4.76170E-14
   4228.0000    4.91910E-14
   4230.0000    5.06630E-14
   4232.0000    4.99220E-14
   4234.0000    4.92530E-14
   4236.0000    4.93280E-14
   4238.0000    5.00920E-14
   4240.0000    5.03690E-14
   4242.0000    5.04080E-14
   4244.0000    5.07850E-14
   4246.0000    4.98800E-14
   4248.0000    4.95590E-14
   4250.0000    4.94300E-14
   4252.0000    5.00780E-14
   4254.0000    4.91340E-14
   4256.0000    4.96290E-14
   4258.0000    4.93980E-14
   4260.0000    4.85720E-14
   4262.0000    4.97750E-14
   4264.0000    5.07800E-14
   4266.0000    4.99760E-14
   4268.0000    4.91300E-14
   4270.0000    4.81740E-14
   4272.0000    4.71280E-14
   4274.0000    4.80000E-14
   4276.0000    4.90430E-14
   4278.0000    4.93800E-14
   4280.0000    4.93070E-14
   4282.0000    4.88150E-14
   4284.0000    4.87120E-14
   4286.0000    4.85330E-14
   4288.0000    4.76290E-14
   4290.0000    4.68000E-14
   4292.0000    4.71060E-14
   4294.0000    4.75160E-14
   4296.0000    4.64160E-14
   4298.0000    4.60190E-14
   4300.0000    4.47220E-14
   4302.0000    4.46800E-14
   4304.0000    4.51480E-14
   4306.0000    4.54430E-14
   4308.0000    4.50710E-14
   4310.0000    4.53100E-14
   4312.0000    4.56090E-14
   4314.0000    4.65900E-14
   4316.0000    4.77380E-14
   4318.0000    4.88420E-14
   4320.0000    4.76150E-14
   4322.0000    4.62010E-14
   4324.0000    4.43820E-14
   4326.0000    4.40170E-14
   4328.0000    4.53070E-14
   4330.0000    4.43700E-14
   4332.0000    4.26200E-14
   4334.0000    4.05030E-14
   4336.0000    3.62180E-14
   4338.0000    3.03110E-14
   4340.0000    2.77460E-14
   4342.0000    3.07480E-14
   4344.0000    3.52980E-14
   4346.0000    3.93190E-14
   4348.0000    4.20250E-14
   4350.0000    4.21560E-14
   4352.0000    4.32370E-14
   4354.0000    4.50180E-14
   4356.0000    4.64340E-14
   4358.0000    4.61540E-14
   4360.0000    4.69510E-14
   4362.0000    4.75180E-14
   4364.0000    4.83610E-14
   4366.0000    4.78750E-14
   4368.0000    4.65940E-14
   4370.0000    4.68300E-14
   4372.0000    4.64660E-14
   4374.0000    4.56980E-14
   4376.0000    4.59000E-14
   4378.0000    4.66760E-14
   4380.0000    4.66660E-14
   4382.0000    4.46050E-14
   4384.0000    4.30860E-14
   4386.0000    4.34880E-14
   4388.0000    4.42440E-14
   4390.0000    4.46210E-14
   4392.0000    4.58320E-14
   4394.0000    4.53510E-14
   4396.0000    4.57880E-14
   4398.0000    4.59470E-14
   4400.0000    4.57230E-14
   4402.0000    4.56090E-14
   4404.0000    4.52070E-14
   4406.0000    4.50640E-14
   4408.0000    4.58280E-14
   4410.0000    4.64710E-14
   4412.0000    4.65960E-14
   4414.0000    4.52390E-14
   4416.0000    4.50070E-14
   4418.0000    4.59010E-14
   4420.0000    4.65790E-14
   4422.0000    4.59790E-14
   4424.0000    4.59720E-14
   4426.0000    4.60130E-14
   4428.0000    4.62060E-14
   4430.0000    4.60410E-14
   4432.0000    4.57440E-14
   4434.0000    4.50730E-14
   4436.0000    4.55020E-14
   4438.0000    4.65510E-14
   4440.0000    4.67860E-14
   4442.0000    4.55010E-14
   4444.0000    4.61290E-14
   4446.0000    4.68400E-14
   4448.0000    4.68680E-14
   4450.0000    4.65510E-14
   4452.0000    4.64940E-14
   4454.0000    4.56120E-14
   4456.0000    4.49670E-14
   4458.0000    4.53190E-14
   4460.0000    4.56370E-14
   4462.0000    4.59580E-14
   4464.0000    4.59680E-14
   4466.0000    4.57650E-14
   4468.0000    4.43940E-14
   4470.0000    4.36280E-14
   4472.0000    4.45610E-14
   4474.0000    4.57720E-14
   4476.0000    4.67030E-14
   4478.0000    4.61420E-14
   4480.0000    4.46200E-14
   4482.0000    4.46420E-14
   4484.0000    4.60180E-14
   4486.0000    4.71330E-14
   4488.0000    4.61880E-14
   4490.0000    4.58200E-14
   4492.0000    4.63220E-14
   4494.0000    4.64150E-14
   4496.0000    4.61230E-14
   4498.0000    4.62380E-14
   4500.0000    4.60710E-14
   4502.0000    4.57480E-14
   4504.0000    4.67120E-14
   4506.0000    4.62740E-14
   4508.0000    4.60970E-14
   4510.0000    4.63600E-14
   4512.0000    4.63640E-14
   4514.0000    4.56920E-14
   4516.0000    4.51840E-14
   4518.0000    4.52090E-14
   4520.0000    4.53330E-14
   4522.0000    4.50520E-14
   4524.0000    4.47980E-14
   4526.0000    4.48640E-14
   4528.0000    4.36570E-14
   4530.0000    4.34170E-14
   4532.0000    4.41130E-14
   4534.0000    4.35770E-14
   4536.0000    4.42190E-14
   4538.0000    4.49800E-14
   4540.0000    4.49230E-14
   4542.0000    4.44740E-14
   4544.0000    4.44770E-14
   4546.0000    4.42940E-14
   4548.0000    4.39750E-14
   4550.0000    4.33530E-14
   4552.0000    4.43960E-14
   4554.0000    4.35750E-14
   4556.0000    4.39220E-14
   4558.0000    4.48190E-14
   4560.0000    4.51540E-14
   4562.0000    4.46890E-14
   4564.0000    4.46220E-14
   4566.0000    4.42790E-14
   4568.0000    4.40380E-14
   4570.0000    4.50230E-14
   4572.0000    4.46120E-14
   4574.0000    4.44290E-14
   4576.0000    4.44940E-14
   4578.0000    4.45860E-14
   4580.0000    4.32930E-14
   4582.0000    4.32290E-14
   4584.0000    4.23190E-14
   4586.0000    4.35000E-14
   4588.0000    4.40390E-14
   4590.0000    4.42310E-14
   4592.0000    4.35400E-14
   4594.0000    4.35830E-14
   4596.0000    4.36580E-14
   4598.0000    4.43950E-14
   4600.0000    4.45460E-14
   4602.0000    4.37020E-14
   4604.0000    4.35130E-14
   4606.0000    4.37570E-14
   4608.0000    4.46510E-14
   4610.0000    4.46380E-14
   4612.0000    4.43810E-14
   4614.0000    4.40800E-14
   4616.0000    4.41420E-14
   4618.0000    4.40090E-14
   4620.0000    4.38490E-14
   4622.0000    4.42660E-14
   4624.0000    4.43990E-14
   4626.0000    4.41350E-14
   4628.0000    4.38020E-14
   4630.0000    4.39120E-14
   4632.0000    4.41980E-14
   4634.0000    4.39260E-14
   4636.0000    4.38500E-14
   4638.0000    4.31790E-14
   4640.0000    4.34120E-14
   4642.0000    4.37310E-14
   4644.0000    4.37040E-14
   4646.0000    4.25120E-14
   4648.0000    4.21480E-14
   4650.0000    4.26650E-14
   4652.0000    4.33170E-14
   4654.0000    4.31090E-14
   4656.0000    4.30640E-14
   4658.0000    4.38520E-14
   4660.0000    4.40460E-14
   4662.0000    4.38950E-14
   4664.0000    4.27690E-14
   4666.0000    4.25080E-14
   4668.0000    4.18760E-14
   4670.0000    4.26810E-14
   4672.0000    4.27640E-14
   4674.0000    4.30510E-14
   4676.0000    4.31040E-14
   4678.0000    4.32940E-14
   4680.0000    4.26520E-14
   4682.0000    4.23030E-14
   4684.0000    4.25210E-14
   4686.0000    4.20230E-14
   4688.0000    4.26850E-14
   4690.0000    4.26850E-14
   4692.0000    4.21210E-14
   4694.0000    4.28450E-14
   4696.0000    4.26900E-14
   4698.0000    4.19640E-14
   4700.0000    4.17620E-14
   4702.0000    4.13650E-14
   4704.0000    4.12450E-14
   4706.0000    4.18080E-14
   4708.0000    4.11400E-14
   4710.0000    4.15520E-14
   4712.0000    4.15350E-14
   4714.0000    4.12340E-14
   4716.0000    4.17810E-14
   4718.0000    4.23860E-14
   4720.0000    4.28690E-14
   4722.0000    4.25440E-14
   4724.0000    4.25710E-14
   4726.0000    4.24440E-14
   4728.0000    4.12130E-14
   4730.0000    4.11860E-14
   4732.0000    4.13450E-14
   4734.0000    4.16600E-14
   4736.0000    4.17180E-14
   4738.0000    4.16030E-14
   4740.0000    4.22100E-14
   4742.0000    4.21960E-14
   4744.0000    4.16910E-14
   4746.0000    4.15600E-14
   4748.0000    4.21550E-14
   4750.0000    4.26210E-14
   4752.0000    4.26030E-14
   4754.0000    4.19140E-14
   4756.0000    4.17830E-14
   4758.0000    4.22980E-14
   4760.0000    4.19780E-14
   4762.0000    4.18000E-14
   4764.0000    4.07270E-14
   4766.0000    4.11230E-14
   4768.0000    4.18170E-14
   4770.0000    4.18600E-14
   4772.0000    4.22130E-14
   4774.0000    4.26140E-14
   4776.0000    4.28070E-14
   4778.0000    4.24630E-14
   4780.0000    4.22440E-14
   4782.0000    4.22440E-14
   4784.0000    4.19450E-14
   4786.0000    4.12960E-14
   4788.0000    4.12000E-14
   4790.0000    4.15830E-14
   4792.0000    4.21850E-14
   4794.0000    4.27560E-14
   4796.0000    4.29630E-14
   4798.0000    4.21080E-14
   4800.0000    4.20010E-14
   4802.0000    4.20070E-14
   4804.0000    4.19160E-14
   4806.0000    4.15910E-14
   4808.0000    4.18870E-14
   4810.0000    4.16750E-14
   4812.0000    4.12500E-14
   4814.0000    4.19920E-14
   4816.0000    4.22170E-14
   4818.0000    4.23110E-14
   4820.0000    4.21290E-14
   4822.0000    4.17950E-14
   4824.0000    4.06870E-14
   4826.0000    4.06560E-14
   4828.0000    4.13040E-14
   4830.0000    4.07440E-14
   4832.0000    4.06940E-14
   4834.0000    4.10910E-14
   4836.0000    4.13540E-14
   4838.0000    4.03510E-14
   4840.0000    3.99360E-14
   4842.0000    4.00700E-14
   4844.0000    3.94330E-14
   4846.0000    3.96600E-14
   4848.0000    3.86700E-14
   4850.0000    3.83610E-14
   4852.0000    3.69870E-14
   4854.0000    3.54210E-14
   4856.0000    3.27420E-14
   4858.0000    3.04730E-14
   4860.0000    2.65400E-14
   4862.0000    2.46230E-14
   4864.0000    2.78210E-14
   4866.0000    3.11110E-14
   4868.0000    3.39360E-14
   4870.0000    3.50450E-14
   4872.0000    3.52020E-14
   4874.0000    3.68320E-14
   4876.0000    3.77780E-14
   4878.0000    3.87460E-14
   4880.0000    3.94630E-14
   4882.0000    3.93980E-14
   4884.0000    3.90780E-14
   4886.0000    3.92910E-14
   4888.0000    3.86010E-14
   4890.0000    3.88490E-14
   4892.0000    3.84880E-14
   4894.0000    4.04040E-14
   4896.0000    4.09500E-14
   4898.0000    4.10400E-14
   4900.0000    4.04770E-14
   4902.0000    4.05440E-14
   4904.0000    4.03160E-14
   4906.0000    4.06390E-14
   4908.0000    4.05800E-14
   4910.0000    3.97450E-14
   4912.0000    3.98370E-14
   4914.0000    4.04530E-14
   4916.0000    4.02190E-14
   4918.0000    3.91060E-14
   4920.0000    3.68490E-14
   4922.0000    3.63650E-14
   4924.0000    3.78210E-14
   4926.0000    3.90520E-14
   4928.0000    3.97320E-14
   4930.0000    4.07500E-14
   4932.0000    4.04550E-14
   4934.0000    3.90950E-14
   4936.0000    3.93570E-14
   4938.0000    3.86700E-14
   4940.0000    3.89080E-14
   4942.0000    4.01170E-14
   4944.0000    4.02730E-14
   4946.0000    4.01650E-14
   4948.0000    4.01760E-14
   4950.0000    4.05730E-14
   4952.0000    4.04200E-14
   4954.0000    4.01540E-14
   4956.0000    3.87810E-14
   4958.0000    3.81900E-14
   4960.0000    3.94920E-14
   4962.0000    3.99660E-14
   4964.0000    3.99890E-14
   4966.0000    3.91630E-14
   4968.0000    3.91130E-14
   4970.0000    3.87830E-14
   4972.0000    3.93960E-14
   4974.0000    3.99220E-14
   4976.0000    3.98030E-14
   4978.0000    3.92250E-14
   4980.0000    3.86800E-14
   4982.0000    3.76720E-14
   4984.0000    3.68580E-14
   4986.0000    3.77550E-14
   4988.0000    3.88990E-14
   4990.0000    3.86260E-14
   4992.0000    3.91900E-14
   4994.0000    3.83590E-14
   4996.0000    3.90920E-14
   4998.0000    3.84950E-14
   5000.0000    3.76070E-14
   5002.0000    3.72280E-14
   5004.0000    3.74660E-14
   5006.0000    3.69210E-14
   5008.0000    3.70830E-14
   5010.0000    3.78720E-14
   5012.0000    3.75000E-14
   5014.0000    3.61670E-14
   5016.0000    3.58600E-14
   5018.0000    3.65140E-14
   5020.0000    3.65880E-14
   5022.0000    3.73390E-14
   5024.0000    3.77150E-14
   5026.0000    3.76910E-14
   5028.0000    3.76930E-14
   5030.0000    3.81530E-14
   5032.0000    3.81360E-14
   5034.0000    3.80630E-14
   5036.0000    3.75130E-14
   5038.0000    3.73350E-14
   5040.0000    3.56900E-14
   5042.0000    3.58310E-14
   5044.0000    3.76080E-14
   5046.0000    3.83060E-14
   5048.0000    3.80600E-14
   5050.0000    3.73070E-14
   5052.0000    3.73050E-14
   5054.0000    3.78110E-14
   5056.0000    3.82390E-14
   5058.0000    3.84750E-14
   5060.0000    3.83130E-14
   5062.0000    3.89700E-14
   5064.0000    3.81520E-14
   5066.0000    3.72530E-14
   5068.0000    3.71300E-14
   5070.0000    3.78070E-14
   5072.0000    3.72720E-14
   5074.0000    3.72030E-14
   5076.0000    3.73240E-14
   5078.0000    3.73580E-14
   5080.0000    3.61520E-14
   5082.0000    3.66300E-14
   5084.0000    3.67160E-14
   5086.0000    3.72270E-14
   5088.0000    3.74070E-14
   5090.0000    3.72020E-14
   5092.0000    3.84420E-14
   5094.0000    3.81410E-14
   5096.0000    3.72240E-14
   5098.0000    3.62160E-14
   5100.0000    3.64340E-14
   5102.0000    3.74340E-14
   5104.0000    3.75200E-14
   5106.0000    3.67980E-14
   5108.0000    3.65880E-14
   5110.0000    3.65890E-14
   5112.0000    3.74960E-14
   5114.0000    3.75600E-14
   5116.0000    3.79430E-14
   5118.0000    3.79580E-14
   5120.0000    3.76170E-14
   5122.0000    3.71180E-14
   5124.0000    3.65520E-14
   5126.0000    3.61720E-14
   5128.0000    3.62310E-14
   5130.0000    3.69800E-14
   5132.0000    3.68100E-14
   5134.0000    3.68730E-14
   5136.0000    3.68350E-14
   5138.0000    3.64220E-14
   5140.0000    3.65380E-14
   5142.0000    3.63260E-14
   5144.0000    3.60970E-14
   5146.0000    3.59620E-14
   5148.0000    3.59470E-14
   5150.0000    3.58170E-14
   5152.0000    3.56310E-14
   5154.0000    3.60680E-14
   5156.0000    3.62290E-14
   5158.0000    3.66920E-14
   5160.0000    3.69590E-14
   5162.0000    3.69560E-14
   5164.0000    3.60500E-14
   5166.0000    3.40580E-14
   5168.0000    3.22630E-14
   5170.0000    3.30580E-14
   5172.0000    3.28820E-14
   5174.0000    3.38030E-14
   5176.0000    3.55550E-14
   5178.0000    3.62370E-14
   5180.0000    3.57950E-14
   5182.0000    3.41610E-14
   5184.0000    3.29570E-14
   5186.0000    3.43050E-14
   5188.0000    3.52800E-14
   5190.0000    3.55480E-14
   5192.0000    3.51190E-14
   5194.0000    3.45610E-14
   5196.0000    3.49730E-14
   5198.0000    3.50200E-14
   5200.0000    3.59450E-14
   5202.0000    3.56530E-14
   5204.0000    3.48080E-14
   5206.0000    3.40800E-14
   5208.0000    3.40390E-14
   5210.0000    3.44380E-14
   5212.0000    3.56800E-14
   5214.0000    3.60610E-14
   5216.0000    3.55710E-14
   5218.0000    3.54900E-14
   5220.0000    3.62320E-14
   5222.0000    3.63140E-14
   5224.0000    3.51780E-14
   5226.0000    3.43380E-14
   5228.0000    3.39670E-14
   5230.0000    3.51740E-14
   5232.0000    3.51710E-14
   5234.0000    3.46070E-14
   5236.0000    3.49800E-14
   5238.0000    3.62000E-14
   5240.0000    3.59380E-14
   5242.0000    3.65550E-14
   5244.0000    3.66210E-14
   5246.0000    3.54010E-14
   5248.0000    3.53180E-14
   5250.0000    3.50880E-14
   5252.0000    3.49610E-14
   5254.0000    3.53120E-14
   5256.0000    3.55230E-14
   5258.0000    3.63350E-14
   5260.0000    3.58370E-14
   5262.0000    3.42210E-14
   5264.0000    3.34970E-14
   5266.0000    3.28560E-14
   5268.0000    3.32920E-14
   5270.0000    3.22410E-14
   5272.0000    3.37330E-14
   5274.0000    3.42720E-14
   5276.0000    3.47080E-14
   5278.0000    3.56020E-14
   5280.0000    3.53890E-14
   5282.0000    3.47330E-14
   5284.0000    3.43570E-14
   5286.0000    3.54980E-14
   5288.0000    3.57950E-14
   5290.0000    3.63200E-14
   5292.0000    3.62480E-14
   5294.0000    3.59260E-14
   5296.0000    3.51420E-14
   5298.0000    3.40270E-14
   5300.0000    3.45290E-14
   5302.0000    3.52340E-14
   5304.0000    3.60310E-14
   5306.0000    3.58090E-14
   5308.0000    3.56660E-14
   5310.0000    3.62530E-14
   5312.0000    3.59940E-14
   5314.0000    3.54200E-14
   5316.0000    3.50510E-14
   5318.0000    3.52570E-14
   5320.0000    3.55150E-14
   5322.0000    3.49350E-14
   5324.0000    3.48460E-14
   5326.0000    3.39550E-14
   5328.0000    3.29830E-14
   5330.0000    3.33140E-14
   5332.0000    3.44060E-14
   5334.0000    3.47900E-14
   5336.0000    3.56220E-14
   5338.0000    3.48630E-14
   5340.0000    3.42820E-14
   5342.0000    3.41620E-14
   5344.0000    3.47680E-14
   5346.0000    3.48050E-14
   5348.0000    3.43310E-14
   5350.0000    3.47990E-14
   5352.0000    3.56990E-14
   5354.0000    3.55730E-14
   5356.0000    3.58100E-14
   5358.0000    3.56690E-14
   5360.0000    3.55090E-14
   5362.0000    3.48910E-14
   5364.0000    3.45430E-14
   5366.0000    3.43450E-14
   5368.0000    3.44670E-14
   5370.0000    3.39660E-14
   5372.0000    3.38200E-14
   5374.0000    3.45420E-14
   5376.0000    3.52570E-14
   5378.0000    3.51550E-14
   5380.0000    3.49660E-14
   5382.0000    3.47740E-14
   5384.0000    3.47250E-14
   5386.0000    3.46500E-14
   5388.0000    3.50710E-14
   5390.0000    3.41760E-14
   5392.0000    3.38480E-14
   5394.0000    3.40830E-14
   5396.0000    3.32980E-14
   5398.0000    3.31970E-14
   5400.0000    3.36630E-14
   5402.0000    3.41890E-14
   5404.0000    3.31080E-14
   5406.0000    3.29000E-14
   5408.0000    3.30010E-14
   5410.0000    3.32190E-14
   5412.0000    3.34190E-14
   5414.0000    3.43890E-14
   5416.0000    3.44890E-14
   5418.0000    3.46630E-14
   5420.0000    3.47800E-14
   5422.0000    3.39200E-14
   5424.0000    3.40970E-14
   5426.0000    3.45690E-14
   5428.0000    3.38840E-14
   5430.0000    3.34430E-14
   5432.0000    3.35400E-14
   5434.0000    3.31920E-14
   5436.0000    3.33290E-14
   5438.0000    3.42230E-14
   5440.0000    3.48320E-14
   5442.0000    3.51310E-14
   5444.0000    3.43560E-14
   5446.0000    3.30640E-14
   5448.0000    3.31740E-14
   5450.0000    3.44500E-14
   5452.0000    3.42870E-14
   5454.0000    3.34240E-14
   5456.0000    3.33170E-14
   5458.0000    3.40640E-14
   5460.0000    3.43100E-14
   5462.0000    3.34240E-14
   5464.0000    3.34040E-14
   5466.0000    3.37790E-14
   5468.0000    3.44460E-14
   5470.0000    3.38650E-14
   5472.0000    3.36810E-14
   5474.0000    3.33630E-14
   5476.0000    3.30900E-14
   5478.0000    3.28140E-14
   5480.0000    3.36820E-14
   5482.0000    3.31420E-14
   5484.0000    3.37120E-14
   5486.0000    3.35520E-14
   5488.0000    3.34510E-14
   5490.0000    3.36870E-14
   5492.0000    3.40220E-14
   5494.0000    3.38990E-14
   5496.0000    3.37020E-14
   5498.0000    3.33790E-14
   5500.0000    3.32010E-14
   5502.0000    3.36430E-14
   5504.0000    3.32650E-14
   5506.0000    3.34190E-14
   5508.0000    3.25010E-14
   5510.0000    3.31090E-14
   5512.0000    3.27650E-14
   5514.0000    3.29030E-14
   5516.0000    3.30750E-14
   5518.0000    3.32660E-14
   5520.0000    3.36510E-14
   5522.0000    3.36070E-14
   5524.0000    3.37340E-14
   5526.0000    3.33110E-14
   5528.0000    3.23680E-14
   5530.0000    3.29070E-14
   5532.0000    3.29190E-14
   5534.0000    3.35500E-14
   5536.0000    3.28700E-14
   5538.0000    3.31250E-14
   5540.0000    3.35690E-14
   5542.0000    3.36700E-14
   5544.0000    3.31540E-14
   5546.0000    3.35240E-14
   5548.0000    3.37720E-14
   5550.0000    3.40470E-14
   5552.0000    3.37590E-14
   5554.0000    3.30250E-14
   5556.0000    3.35270E-14
   5558.0000    3.33460E-14
   5560.0000    3.35150E-14
   5562.0000    3.32760E-14
   5564.0000    3.28690E-14
   5566.0000    3.29700E-14
   5568.0000    3.26020E-14
   5570.0000    3.30890E-14
   5572.0000    3.28670E-14
   5574.0000    3.27320E-14
   5576.0000    3.32280E-14
   5578.0000    3.32950E-14
   5580.0000    3.30130E-14
   5582.0000    3.33560E-14
   5584.0000    3.29740E-14
   5586.0000    3.26040E-14
   5588.0000    3.14130E-14
   5590.0000    3.16700E-14
   5592.0000    3.21070E-14
   5594.0000    3.27330E-14
   5596.0000    3.27010E-14
   5598.0000    3.27710E-14
   5600.0000    3.22870E-14
   5602.0000    3.20230E-14
   5604.0000    3.21130E-14
   5606.0000    3.34310E-14
   5608.0000    3.36930E-14
   5610.0000    3.30490E-14
   5612.0000    3.36080E-14
   5614.0000    3.24880E-14
   5616.0000    3.21770E-14
   5618.0000    3.25730E-14
   5620.0000    3.29010E-14
   5622.0000    3.29130E-14
   5624.0000    3.22070E-14
   5626.0000    3.19940E-14
   5628.0000    3.27870E-14
   5630.0000    3.28540E-14
   5632.0000    3.29240E-14
   5634.0000    3.25500E-14
   5636.0000    3.25100E-14
   5638.0000    3.20540E-14
   5640.0000    3.26640E-14
   5642.0000    3.23160E-14
   5644.0000    3.23370E-14
   5646.0000    3.24050E-14
   5648.0000    3.29600E-14
   5650.0000    3.24210E-14
   5652.0000    3.25250E-14
   5654.0000    3.29480E-14
   5656.0000    3.19580E-14
   5658.0000    3.13750E-14
   5660.0000    3.11740E-14
   5662.0000    3.19270E-14
   5664.0000    3.19030E-14
   5666.0000    3.23730E-14
   5668.0000    3.18980E-14
   5670.0000    3.18790E-14
   5672.0000    3.22830E-14
   5674.0000    3.23840E-14
   5676.0000    3.24960E-14
   5678.0000    3.26240E-14
   5680.0000    3.23160E-14
   5682.0000    3.21670E-14
   5684.0000    3.18310E-14
   5686.0000    3.20890E-14
   5688.0000    3.13410E-14
   5690.0000    3.21430E-14
   5692.0000    3.26060E-14
   5694.0000    3.25780E-14
   5696.0000    3.22260E-14
   5698.0000    3.20310E-14
   5700.0000    3.17240E-14
   5702.0000    3.18480E-14
   5704.0000    3.15960E-14
   5706.0000    3.17350E-14
   5708.0000    3.11580E-14
   5710.0000    3.10630E-14
   5712.0000    3.14970E-14
   5714.0000    3.14500E-14
   5716.0000    3.26430E-14
   5718.0000    3.24800E-14
   5720.0000    3.27010E-14
   5722.0000    3.27990E-14
   5724.0000    3.24910E-14
   5726.0000    3.26830E-14
   5728.0000    3.23640E-14
   5730.0000    3.23040E-14
   5732.0000    3.22570E-14
   5734.0000    3.24350E-14
   5736.0000    3.28950E-14
   5738.0000    3.22570E-14
   5740.0000    3.21700E-14
   5742.0000    3.22320E-14
   5744.0000    3.23790E-14
   5746.0000    3.24910E-14
   5748.0000    3.19610E-14
   5750.0000    3.27040E-14
   5752.0000    3.20730E-14
   5754.0000    3.17880E-14
   5756.0000    3.21690E-14
   5758.0000    3.26720E-14
   5760.0000    3.17960E-14
   5762.0000    3.17740E-14
   5764.0000    3.15170E-14
   5766.0000    3.27800E-14
   5768.0000    3.28270E-14
   5770.0000    3.27350E-14
   5772.0000    3.14850E-14
   5774.0000    3.24430E-14
   5776.0000    3.19500E-14
   5778.0000    3.19400E-14
   5780.0000    3.12680E-14
   5782.0000    3.09040E-14
   5784.0000    3.09350E-14
   5786.0000    3.13970E-14
   5788.0000    3.15820E-14
   5790.0000    3.14670E-14
   5792.0000    3.18290E-14
   5794.0000    3.22750E-14
   5796.0000    3.19800E-14
   5798.0000    3.14380E-14
   5800.0000    3.18630E-14
   5802.0000    3.23070E-14
   5804.0000    3.19380E-14
   5806.0000    3.19500E-14
   5808.0000    3.22110E-14
   5810.0000    3.19340E-14
   5812.0000    3.21070E-14
   5814.0000    3.18050E-14
   5816.0000    3.18550E-14
   5818.0000    3.15650E-14
   5820.0000    3.23410E-14
   5822.0000    3.23700E-14
   5824.0000    3.24900E-14
   5826.0000    3.19900E-14
   5828.0000    3.18590E-14
   5830.0000    3.20760E-14
   5832.0000    3.23390E-14
   5834.0000    3.21120E-14
   5836.0000    3.21590E-14
   5838.0000    3.17550E-14
   5840.0000    3.22360E-14
   5842.0000    3.19950E-14
   5844.0000    3.20230E-14
   5846.0000    3.17420E-14
   5848.0000    3.16780E-14
   5850.0000    3.14300E-14
   5852.0000    3.14670E-14
   5854.0000    3.13860E-14
   5856.0000    3.11780E-14
   5858.0000    3.07440E-14
   5860.0000    3.10980E-14
   5862.0000    3.09240E-14
   5864.0000    3.12330E-14
   5866.0000    3.13050E-14
   5868.0000    3.11410E-14
   5870.0000    3.14670E-14
   5872.0000    3.11070E-14
   5874.0000    3.09840E-14
   5876.0000    3.03980E-14
   5878.0000    3.04100E-14
   5880.0000    3.09650E-14
   5882.0000    3.07400E-14
   5884.0000    3.04200E-14
   5886.0000    3.04040E-14
   5888.0000    2.86260E-14
   5890.0000    2.70510E-14
   5892.0000    2.79120E-14
   5894.0000    2.82980E-14
   5896.0000    2.74330E-14
   5898.0000    2.84810E-14
   5900.0000    2.97480E-14
   5902.0000    3.01020E-14
   5904.0000    3.11310E-14
   5906.0000    3.10340E-14
   5908.0000    3.06850E-14
   5910.0000    3.09640E-14
   5912.0000    3.08490E-14
   5914.0000    3.03790E-14
   5916.0000    3.04160E-14
   5918.0000    3.04210E-14
   5920.0000    3.08150E-14
   5922.0000    3.08660E-14
   5924.0000    3.11190E-14
   5926.0000    3.10390E-14
   5928.0000    3.07060E-14
   5930.0000    3.03130E-14
   5932.0000    3.04030E-14
   5934.0000    3.03880E-14
   5936.0000    3.08180E-14
   5938.0000    3.10100E-14
   5940.0000    3.03310E-14
   5942.0000    3.02570E-14
   5944.0000    3.02180E-14
   5946.0000    3.01790E-14
   5948.0000    3.02120E-14
   5950.0000    3.03250E-14
   5952.0000    3.03010E-14
   5954.0000    3.00320E-14
   5956.0000    3.01820E-14
   5958.0000    3.00900E-14
   5960.0000    3.04900E-14
   5962.0000    3.05010E-14
   5964.0000    3.05450E-14
   5966.0000    3.01790E-14
   5968.0000    3.04380E-14
   5970.0000    3.08080E-14
   5972.0000    3.07710E-14
   5974.0000    3.04620E-14
   5976.0000    3.01590E-14
   5978.0000    3.03190E-14
   5980.0000    3.01840E-14
   5982.0000    3.04750E-14
   5984.0000    3.00610E-14
   5986.0000    3.02470E-14
   5988.0000    2.98710E-14
   5990.0000    3.04160E-14
   5992.0000    3.05030E-14
   5994.0000    3.08980E-14
   5996.0000    3.02370E-14
   5998.0000    3.02680E-14
   6000.0000    3.08110E-14
   6002.0000    3.03280E-14
   6004.0000    2.96380E-14
   6006.0000    2.96830E-14
   6008.0000    2.94010E-14
   6010.0000    3.03140E-14
   6012.0000    3.00980E-14
   6014.0000    2.98730E-14
   6016.0000    2.98980E-14
   6018.0000    2.98620E-14
   6020.0000    2.98090E-14
   6022.0000    2.95990E-14
   6024.0000    2.96490E-14
   6026.0000    2.99800E-14
   6028.0000    3.05320E-14
   6030.0000    3.03410E-14
   6032.0000    3.00670E-14
   6034.0000    3.07810E-14
   6036.0000    3.03520E-14
   6038.0000    3.04880E-14
   6040.0000    3.06680E-14
   6042.0000    3.02540E-14
   6044.0000    2.99620E-14
   6046.0000    3.02830E-14
   6048.0000    3.06710E-14
   6050.0000    3.07100E-14
   6052.0000    3.08110E-14
   6054.0000    3.01740E-14
   6056.0000    3.00640E-14
   6058.0000    3.00260E-14
   6060.0000    3.03450E-14
   6062.0000    2.99470E-14
   6064.0000    2.94950E-14
   6066.0000    2.98240E-14
   6068.0000    3.04520E-14
   6070.0000    3.00790E-14
   6072.0000    3.08110E-14
   6074.0000    3.05110E-14
   6076.0000    3.07550E-14
   6078.0000    3.00280E-14
   6080.0000    2.94460E-14
   6082.0000    2.99300E-14
   6084.0000    2.95620E-14
   6086.0000    2.99740E-14
   6088.0000    3.04600E-14
   6090.0000    2.94450E-14
   6092.0000    2.97960E-14
   6094.0000    3.02930E-14
   6096.0000    3.02360E-14
   6098.0000    3.05230E-14
   6100.0000    2.99500E-14
   6102.0000    2.85970E-14
   6104.0000    2.95250E-14
   6106.0000    2.93350E-14
   6108.0000    2.98780E-14
   6110.0000    3.00150E-14
   6112.0000    3.05760E-14
   6114.0000    3.03150E-14
   6116.0000    3.02550E-14
   6118.0000    3.00360E-14
   6120.0000    2.96540E-14
   6122.0000    2.90320E-14
   6124.0000    2.91350E-14
   6126.0000    2.96250E-14
   6128.0000    2.96120E-14
   6130.0000    2.96670E-14
   6132.0000    2.98360E-14
   6134.0000    2.99440E-14
   6136.0000    2.86590E-14
   6138.0000    2.88310E-14
   6140.0000    2.89380E-14
   6142.0000    2.93030E-14
   6144.0000    2.95590E-14
   6146.0000    2.92700E-14
   6148.0000    2.95260E-14
   6150.0000    2.90970E-14
   6152.0000    2.94810E-14
   6154.0000    2.95530E-14
   6156.0000    2.92640E-14
   6158.0000    2.84180E-14
   6160.0000    2.84280E-14
   6162.0000    2.75640E-14
   6164.0000    2.78580E-14
   6166.0000    2.83400E-14
   6168.0000    2.85800E-14
   6170.0000    2.83620E-14
   6172.0000    2.88370E-14
   6174.0000    2.86970E-14
   6176.0000    2.88930E-14
   6178.0000    2.89670E-14
   6180.0000    2.94390E-14
   6182.0000    2.90460E-14
   6184.0000    2.92370E-14
   6186.0000    2.88080E-14
   6188.0000    2.82480E-14
   6190.0000    2.80900E-14
   6192.0000    2.86650E-14
   6194.0000    2.86700E-14
   6196.0000    2.89900E-14
   6198.0000    2.87330E-14
   6200.0000    2.91120E-14
   6202.0000    2.89980E-14
   6204.0000    2.90210E-14
   6206.0000    2.92180E-14
   6208.0000    2.95620E-14
   6210.0000    2.88660E-14
   6212.0000    2.83070E-14
   6214.0000    2.84480E-14
   6216.0000    2.80110E-14
   6218.0000    2.82050E-14
   6220.0000    2.81410E-14
   6222.0000    2.84450E-14
   6224.0000    2.85410E-14
   6226.0000    2.83590E-14
   6228.0000    2.82160E-14
   6230.0000    2.77270E-14
   6232.0000    2.78200E-14
   6234.0000    2.84310E-14
   6236.0000    2.82900E-14
   6238.0000    2.81560E-14
   6240.0000    2.78270E-14
   6242.0000    2.78410E-14
   6244.0000    2.73320E-14
   6246.0000    2.73840E-14
   6248.0000    2.77780E-14
   6250.0000    2.83050E-14
   6252.0000    2.74210E-14
   6254.0000    2.74380E-14
   6256.0000    2.73000E-14
   6258.0000    2.74690E-14
   6260.0000    2.76670E-14
   6262.0000    2.81850E-14
   6264.0000    2.80200E-14
   6266.0000    2.83800E-14
   6268.0000    2.80730E-14
   6270.0000    2.83930E-14
   6272.0000    2.81020E-14
   6274.0000    2.80100E-14
   6276.0000    2.73280E-14
   6278.0000    2.66590E-14
   6280.0000    2.67680E-14
   6282.0000    2.77810E-14
   6284.0000    2.82450E-14
   6286.0000    2.79800E-14
   6288.0000    2.80770E-14
   6290.0000    2.80790E-14
   6292.0000    2.74380E-14
   6294.0000    2.80080E-14
   6296.0000    2.73500E-14
   6298.0000    2.77360E-14
   6300.0000    2.75870E-14
   6302.0000    2.73750E-14
   6304.0000    2.73860E-14
   6306.0000    2.78110E-14
   6308.0000    2.78720E-14
   6310.0000    2.80960E-14
   6312.0000    2.77090E-14
   6314.0000    2.75170E-14
   6316.0000    2.77840E-14
   6318.0000    2.72870E-14
   6320.0000    2.73580E-14
   6322.0000    2.80920E-14
   6324.0000    2.84260E-14
   6326.0000    2.83270E-14
   6328.0000    2.81620E-14
   6330.0000    2.84710E-14
   6332.0000    2.85180E-14
   6334.0000    2.78970E-14
   6336.0000    2.75950E-14
   6338.0000    2.77240E-14
   6340.0000    2.79690E-14
   6342.0000    2.74430E-14
   6344.0000    2.74960E-14
   6346.0000    2.77830E-14
   6348.0000    2.76150E-14
   6350.0000    2.83770E-14
   6352.0000    2.83540E-14
   6354.0000    2.81350E-14
   6356.0000    2.81030E-14
   6358.0000    2.79080E-14
   6360.0000    2.74960E-14
   6362.0000    2.74840E-14
   6364.0000    2.78000E-14
   6366.0000    2.78350E-14
   6368.0000    2.81620E-14
   6370.0000    2.80400E-14
   6372.0000    2.77440E-14
   6374.0000    2.80480E-14
   6376.0000    2.80250E-14
   6378.0000    2.78540E-14
   6380.0000    2.79070E-14
   6382.0000    2.80700E-14
   6384.0000    2.80850E-14
   6386.0000    2.82650E-14
   6388.0000    2.81850E-14
   6390.0000    2.84670E-14
   6392.0000    2.76510E-14
   6394.0000    2.78620E-14
   6396.0000    2.83060E-14
   6398.0000    2.75340E-14
   6400.0000    2.73930E-14
   6402.0000    2.77600E-14
   6404.0000    2.85070E-14
   6406.0000    2.79520E-14
   6408.0000    2.80230E-14
   6410.0000    2.77350E-14
   6412.0000    2.75660E-14
   6414.0000    2.77030E-14
   6416.0000    2.82660E-14
   6418.0000    2.74180E-14
   6420.0000    2.76900E-14
   6422.0000    2.76420E-14
   6424.0000    2.83560E-14
   6426.0000    2.85530E-14
   6428.0000    2.79180E-14
   6430.0000    2.78090E-14
   6432.0000    2.78560E-14
   6434.0000    2.80890E-14
   6436.0000    2.78530E-14
   6438.0000    2.78280E-14
   6440.0000    2.72850E-14
   6442.0000    2.82840E-14
   6444.0000    2.85620E-14
   6446.0000    2.84210E-14
   6448.0000    2.72270E-14
   6450.0000    2.75600E-14
   6452.0000    2.74630E-14
   6454.0000    2.70180E-14
   6456.0000    2.75040E-14
   6458.0000    2.76590E-14
   6460.0000    2.76550E-14
   6462.0000    2.70570E-14
   6464.0000    2.72880E-14
   6466.0000    2.75690E-14
   6468.0000    2.75180E-14
   6470.0000    2.77460E-14
   6472.0000    2.75110E-14
   6474.0000    2.75520E-14
   6476.0000    2.76230E-14
   6478.0000    2.75380E-14
   6480.0000    2.78290E-14
   6482.0000    2.70210E-14
   6484.0000    2.76110E-14
   6486.0000    2.72740E-14
   6488.0000    2.77660E-14
   6490.0000    2.74450E-14
   6492.0000    2.67590E-14
   6494.0000    2.55860E-14
   6496.0000    2.55210E-14
   6498.0000    2.58120E-14
   6500.0000    2.65530E-14
   6502.0000    2.71400E-14
   6504.0000    2.75010E-14
   6506.0000    2.77390E-14
   6508.0000    2.76310E-14
   6510.0000    2.74670E-14
   6512.0000    2.73950E-14
   6514.0000    2.70670E-14
   6516.0000    2.70580E-14
   6518.0000    2.70640E-14
   6520.0000    2.75210E-14
   6522.0000    2.74440E-14
   6524.0000    2.74540E-14
   6526.0000    2.71080E-14
   6528.0000    2.71600E-14
   6530.0000    2.71790E-14
   6532.0000    2.70450E-14
   6534.0000    2.70630E-14
   6536.0000    2.71930E-14
   6538.0000    2.69570E-14
   6540.0000    2.73070E-14
   6542.0000    2.67990E-14
   6544.0000    2.65830E-14
   6546.0000    2.61460E-14
   6548.0000    2.59660E-14
   6550.0000    2.57770E-14
   6552.0000    2.54220E-14
   6554.0000    2.48170E-14
   6556.0000    2.44210E-14
   6558.0000    2.35880E-14
   6560.0000    2.11750E-14
   6562.0000    1.89380E-14
   6564.0000    2.03430E-14
   6566.0000    2.29260E-14
   6568.0000    2.43390E-14
   6570.0000    2.47740E-14
   6572.0000    2.51670E-14
   6574.0000    2.51140E-14
   6576.0000    2.59720E-14
   6578.0000    2.64390E-14
   6580.0000    2.61800E-14
   6582.0000    2.63690E-14
   6584.0000    2.67020E-14
   6586.0000    2.66150E-14
   6588.0000    2.70590E-14
   6590.0000    2.64900E-14
   6592.0000    2.57370E-14
   6594.0000    2.63120E-14
   6596.0000    2.67670E-14
   6598.0000    2.67830E-14
   6600.0000    2.72680E-14
   6602.0000    2.69220E-14
   6604.0000    2.65090E-14
   6606.0000    2.63160E-14
   6608.0000    2.63000E-14
   6610.0000    2.62480E-14
   6612.0000    2.67140E-14
   6614.0000    2.68170E-14
   6616.0000    2.71450E-14
   6618.0000    2.67750E-14
   6620.0000    2.68870E-14
   6622.0000    2.63240E-14
   6624.0000    2.64930E-14
   6626.0000    2.66300E-14
   6628.0000    2.66610E-14
   6630.0000    2.68440E-14
   6632.0000    2.62440E-14
   6634.0000    2.58630E-14
   6636.0000    2.67290E-14
   6638.0000    2.65180E-14
   6640.0000    2.66000E-14
   6642.0000    2.65900E-14
   6644.0000    2.60430E-14
   6646.0000    2.66540E-14
   6648.0000    2.64330E-14
   6650.0000    2.68950E-14
   6652.0000    2.64900E-14
   6654.0000    2.66690E-14
   6656.0000    2.65120E-14
   6658.0000    2.63630E-14
   6660.0000    2.64610E-14
   6662.0000    2.59420E-14
   6664.0000    2.56980E-14
   6666.0000    2.60770E-14
   6668.0000    2.64370E-14
   6670.0000    2.65070E-14
   6672.0000    2.64700E-14
   6674.0000    2.65820E-14
   6676.0000    2.52100E-14
   6678.0000    2.55000E-14
   6680.0000    2.56990E-14
   6682.0000    2.65010E-14
   6684.0000    2.64740E-14
   6686.0000    2.64220E-14
   6688.0000    2.62050E-14
   6690.0000    2.62020E-14
   6692.0000    2.62540E-14
   6694.0000    2.61790E-14
   6696.0000    2.57310E-14
   6698.0000    2.63680E-14
   6700.0000    2.61200E-14
   6702.0000    2.60880E-14
   6704.0000    2.62590E-14
   6706.0000    2.59850E-14
   6708.0000    2.62050E-14
   6710.0000    2.60760E-14
   6712.0000    2.53900E-14
   6714.0000    2.57990E-14
   6716.0000    2.55100E-14
   6718.0000    2.57910E-14
   6720.0000    2.58320E-14
   6722.0000    2.61470E-14
   6724.0000    2.62270E-14
   6726.0000    2.59070E-14
   6728.0000    2.62730E-14
   6730.0000    2.56890E-14
   6732.0000    2.60930E-14
   6734.0000    2.57090E-14
   6736.0000    2.60090E-14
   6738.0000    2.54640E-14
   6740.0000    2.59240E-14
   6742.0000    2.52610E-14
   6744.0000    2.54560E-14
   6746.0000    2.55140E-14
   6748.0000    2.53090E-14
   6750.0000    2.54870E-14
   6752.0000    2.54670E-14
   6754.0000    2.56500E-14
   6756.0000    2.56010E-14
   6758.0000    2.58930E-14
   6760.0000    2.58090E-14
   6762.0000    2.56980E-14
   6764.0000    2.57820E-14
   6766.0000    2.55530E-14
   6768.0000    2.55250E-14
   6770.0000    2.57270E-14
   6772.0000    2.57480E-14
   6774.0000    2.60950E-14
   6776.0000    2.60640E-14
   6778.0000    2.62770E-14
   6780.0000    2.58690E-14
   6782.0000    2.57330E-14
   6784.0000    2.56800E-14
   6786.0000    2.58210E-14
   6788.0000    2.55220E-14
   6790.0000    2.58260E-14
   6792.0000    2.57510E-14
   6794.0000    2.57710E-14
   6796.0000    2.58600E-14
   6798.0000    2.56950E-14
   6800.0000    2.59740E-14
   6802.0000    2.62610E-14
   6804.0000    2.59270E-14
   6806.0000    2.57210E-14
   6808.0000    2.56920E-14
   6810.0000    2.53150E-14
   6812.0000    2.56550E-14
   6814.0000    2.55690E-14
   6816.0000    2.55180E-14
   6818.0000    2.59230E-14
   6820.0000    2.54310E-14
   6822.0000    2.58110E-14
   6824.0000    2.53410E-14
   6826.0000    2.57290E-14
   6828.0000    2.57220E-14
   6830.0000    2.53470E-14
   6832.0000    2.56830E-14
   6834.0000    2.58970E-14
   6836.0000    2.58840E-14
   6838.0000    2.54790E-14
   6840.0000    2.47820E-14
   6842.0000    2.49270E-14
   6844.0000    2.51970E-14
   6846.0000    2.55350E-14
   6848.0000    2.58050E-14
   6850.0000    2.53120E-14
   6852.0000    2.54030E-14
   6854.0000    2.51270E-14
   6856.0000    2.52910E-14
   6858.0000    2.45780E-14
   6860.0000    2.47930E-14
   6862.0000    2.49770E-14
   6864.0000    2.46610E-14
   6866.0000    2.52320E-14
   6868.0000    2.54520E-14
   6870.0000    2.48370E-14
   6872.0000    2.51690E-14
   6874.0000    2.50380E-14
   6876.0000    2.53310E-14
   6878.0000    2.51570E-14
   6880.0000    2.53760E-14
   6882.0000    2.50050E-14
   6884.0000    2.52340E-14
   6886.0000    2.47500E-14
   6888.0000    2.49610E-14
   6890.0000    2.50390E-14
   6892.0000    2.54030E-14
   6894.0000    2.47870E-14
   6896.0000    2.50680E-14
   6898.0000    2.50430E-14
   6900.0000    2.57100E-14
   6902.0000    2.50770E-14
   6904.0000    2.48370E-14
   6906.0000    2.48910E-14
   6908.0000    2.51050E-14
   6910.0000    2.55000E-14
   6912.0000    2.51710E-14
   6914.0000    2.52870E-14
   6916.0000    2.51210E-14
   6918.0000    2.49990E-14
   6920.0000    2.48990E-14
   6922.0000    2.48810E-14
   6924.0000    2.49950E-14
   6926.0000    2.51990E-14
   6928.0000    2.50820E-14
   6930.0000    2.51630E-14
   6932.0000    2.50780E-14
   6934.0000    2.51700E-14
   6936.0000    2.51980E-14
   6938.0000    2.54870E-14
   6940.0000    2.55260E-14
   6942.0000    2.51370E-14
   6944.0000    2.53510E-14
   6946.0000    2.48840E-14
   6948.0000    2.51110E-14
   6950.0000    2.54580E-14
   6952.0000    2.49300E-14
   6954.0000    2.46090E-14
   6956.0000    2.50650E-14
   6958.0000    2.50730E-14
   6960.0000    2.51670E-14
   6962.0000    2.53070E-14
   6964.0000    2.54020E-14
   6966.0000    2.52310E-14
   6968.0000    2.55460E-14
   6970.0000    2.54330E-14
   6972.0000    2.51170E-14
   6974.0000    2.47850E-14
   6976.0000    2.45250E-14
   6978.0000    2.40570E-14
   6980.0000    2.45710E-14
   6982.0000    2.52480E-14
   6984.0000    2.51460E-14
   6986.0000    2.51210E-14
   6988.0000    2.50890E-14
   6990.0000    2.52060E-14
   6992.0000    2.48660E-14
   6994.0000    2.49970E-14
   6996.0000    2.46160E-14
   6998.0000    2.43720E-14
   7000.0000    2.42700E-14
   7002.0000    2.42190E-14
   7004.0000    2.45930E-14
   7006.0000    2.45790E-14
   7008.0000    2.49950E-14
   7010.0000    2.47390E-14
   7012.0000    2.53820E-14
   7014.0000    2.42830E-14
   7016.0000    2.43320E-14
   7018.0000    2.48940E-14
   7020.0000    2.49900E-14
   7022.0000    2.40110E-14
   7024.0000    2.45090E-14
   7026.0000    2.47570E-14
   7028.0000    2.49810E-14
   7030.0000    2.45300E-14
   7032.0000    2.49390E-14
   7034.0000    2.52460E-14
   7036.0000    2.48980E-14
   7038.0000    2.46210E-14
   7040.0000    2.58130E-14
   7042.0000    2.52150E-14
   7044.0000    2.57040E-14
   7046.0000    2.52970E-14
   7048.0000    2.57800E-14
   7050.0000    2.54070E-14
   7052.0000    2.52450E-14
   7054.0000    2.48450E-14
   7056.0000    2.51560E-14
   7058.0000    2.49420E-14
   7060.0000    2.42630E-14
   7062.0000    2.43010E-14
   7064.0000    2.40880E-14
   7066.0000    2.41020E-14
   7068.0000    2.41660E-14
   7070.0000    2.45000E-14
   7072.0000    2.52110E-14
   7074.0000    2.50990E-14
   7076.0000    2.51760E-14
   7078.0000    2.52230E-14
   7080.0000    2.44850E-14
   7082.0000    2.45540E-14
   7084.0000    2.44630E-14
   7086.0000    2.44230E-14
   7088.0000    2.45070E-14
   7090.0000    2.40540E-14
   7092.0000    2.38050E-14
   7094.0000    2.36370E-14
   7096.0000    2.43940E-14
   7098.0000    2.43010E-14
   7100.0000    2.41460E-14
   7102.0000    2.43670E-14
   7104.0000    2.36910E-14
   7106.0000    2.42300E-14
   7108.0000    2.42660E-14
   7110.0000    2.39770E-14
   7112.0000    2.37910E-14
   7114.0000    2.36470E-14
   7116.0000    2.41160E-14
   7118.0000    2.36630E-14
   7120.0000    2.44220E-14
   7122.0000    2.43400E-14
   7124.0000    2.40210E-14
   7126.0000    2.39240E-14
   7128.0000    2.37610E-14
   7130.0000    2.34740E-14
   7132.0000    2.35280E-14
   7134.0000    2.39660E-14
   7136.0000    2.42220E-14
   7138.0000    2.41440E-14
   7140.0000    2.38290E-14
   7142.0000    2.40140E-14
   7144.0000    2.37210E-14
   7146.0000    2.32360E-14
   7148.0000    2.36370E-14
   7150.0000    2.39530E-14
   7152.0000    2.36620E-14
   7154.0000    2.39690E-14
   7156.0000    2.40890E-14
   7158.0000    2.36080E-14
   7160.0000    2.38780E-14
   7162.0000    2.34210E-14
   7164.0000    2.31410E-14
   7166.0000    2.34130E-14
   7168.0000    2.34090E-14
   7170.0000    2.36130E-14
   7172.0000    2.37450E-14
   7174.0000    2.30590E-14
   7176.0000    2.34750E-14
   7178.0000    2.31040E-14
   7180.0000    2.27890E-14
   7182.0000    2.26110E-14
   7184.0000    2.27800E-14
   7186.0000    2.21950E-14
   7188.0000    2.25120E-14
   7190.0000    2.29450E-14
   7192.0000    2.28150E-14
   7194.0000    2.30640E-14
   7196.0000    2.31880E-14
   7198.0000    2.30880E-14
   7200.0000    2.31050E-14
   7202.0000    2.28520E-14
   7204.0000    2.31220E-14
   7206.0000    2.27820E-14
   7208.0000    2.32200E-14
   7210.0000    2.36450E-14
   7212.0000    2.35440E-14
   7214.0000    2.33030E-14
   7216.0000    2.36230E-14
   7218.0000    2.41240E-14
   7220.0000    2.37710E-14
   7222.0000    2.37960E-14
   7224.0000    2.36250E-14
   7226.0000    2.39410E-14
   7228.0000    2.39910E-14
   7230.0000    2.37730E-14
   7232.0000    2.34200E-14
   7234.0000    2.30670E-14
   7236.0000    2.32420E-14
   7238.0000    2.38510E-14
   7240.0000    2.30550E-14
   7242.0000    2.35940E-14
   7244.0000    2.35570E-14
   7246.0000    2.40860E-14
   7248.0000    2.37160E-14
   7250.0000    2.34030E-14
   7252.0000    2.33520E-14
   7254.0000    2.36340E-14
   7256.0000    2.41470E-14
   7258.0000    2.36960E-14
   7260.0000    2.35150E-14
   7262.0000    2.31510E-14
   7264.0000    2.31810E-14
   7266.0000    2.42010E-14
   7268.0000    2.36340E-14
   7270.0000    2.36030E-14
   7272.0000    2.31160E-14
   7274.0000    2.36360E-14
   7276.0000    2.29070E-14
   7278.0000    2.33780E-14
   7280.0000    2.37320E-14
   7282.0000    2.36410E-14
   7284.0000    2.39760E-14
   7286.0000    2.30890E-14
   7288.0000    2.30040E-14
   7290.0000    2.29220E-14
   7292.0000    2.32650E-14
   7294.0000    2.36240E-14
   7296.0000    2.41410E-14
   7298.0000    2.34830E-14
   7300.0000    2.36960E-14
   7302.0000    2.36030E-14
   7304.0000    2.41450E-14
   7306.0000    2.34940E-14
   7308.0000    2.37670E-14
   7310.0000    2.35960E-14
   7312.0000    2.38230E-14
   7314.0000    2.40900E-14
   7316.0000    2.35180E-14
   7318.0000    2.41560E-14
   7320.0000    2.42140E-14
   7322.0000    2.40200E-14
   7324.0000    2.40470E-14
   7326.0000    2.39580E-14
   7328.0000    2.35600E-14
   7330.0000    2.39820E-14
   7332.0000    2.42530E-14
   7334.0000    2.40850E-14
   7336.0000    2.40150E-14
   7338.0000    2.44110E-14
   7340.0000    2.41330E-14
   7342.0000    2.42140E-14
   7344.0000    2.36140E-14
   7346.0000    2.38300E-14
   7348.0000    2.41170E-14
   7350.0000    2.37660E-14
   7352.0000    2.36850E-14
   7354.0000    2.30200E-14
   7356.0000    2.36490E-14
   7358.0000    2.38850E-14
   7360.0000    2.37730E-14
   7362.0000    2.34140E-14
   7364.0000    2.37950E-14
   7366.0000    2.36680E-14
   7368.0000    2.43340E-14
   7370.0000    2.41780E-14
   7372.0000    2.39530E-14
   7374.0000    2.39100E-14
   7376.0000    2.43430E-14
   7378.0000    2.44580E-14
   7380.0000    2.42630E-14
   7382.0000    2.37930E-14
   7384.0000    2.37670E-14
   7386.0000    2.34580E-14
   7388.0000    2.33480E-14
   7390.0000    2.31580E-14
   7392.0000    2.34540E-14
   7394.0000    2.39500E-14
   7396.0000    2.41830E-14
   7398.0000    2.38390E-14
   7400.0000    2.36020E-14
   7402.0000    2.39350E-14
   7404.0000    2.36540E-14
   7406.0000    2.38150E-14
   7408.0000    2.35420E-14
   7410.0000    2.38090E-14
   7412.0000    2.32750E-14
   7414.0000    2.32250E-14
   7416.0000    2.34110E-14
   7418.0000    2.36410E-14
   7420.0000    2.38830E-14
   7422.0000    2.33140E-14
   7424.0000    2.41840E-14
   7426.0000    2.36850E-14
   7428.0000    2.40750E-14
   7430.0000    2.36200E-14
   7432.0000    2.39120E-14
   7434.0000    2.40240E-14
   7436.0000    2.40520E-14
   7438.0000    2.36610E-14
   7440.0000    2.35320E-14
   7442.0000    2.32800E-14
   7444.0000    2.32380E-14
   7446.0000    2.32810E-14
   7448.0000    2.37160E-14
   7450.0000    2.38580E-14
   7452.0000    2.40710E-14
   7454.0000    2.41810E-14
   7456.0000    2.37810E-14
   7458.0000    2.35550E-14
   7460.0000    2.36180E-14
   7462.0000    2.34780E-14
   7464.0000    2.36490E-14
   7466.0000    2.36490E-14
   7468.0000    2.39860E-14
   7470.0000    2.32540E-14
   7472.0000    2.38260E-14
   7474.0000    2.38380E-14
   7476.0000    2.37320E-14
   7478.0000    2.37470E-14
   7480.0000    2.35720E-14
   7482.0000    2.37090E-14
   7484.0000    2.39100E-14
   7486.0000    2.38720E-14
   7488.0000    2.37990E-14
   7490.0000    2.33140E-14
   7492.0000    2.31400E-14
   7494.0000    2.30930E-14
   7496.0000    2.38050E-14
   7498.0000    2.38510E-14
   7500.0000    2.35120E-14
   7502.0000    2.40440E-14
   7504.0000    2.37420E-14
   7506.0000    2.41510E-14
   7508.0000    2.39400E-14
   7510.0000    2.37610E-14
   7512.0000    2.35030E-14
   7514.0000    2.38160E-14
   7516.0000    2.39320E-14
   7518.0000    2.40090E-14
   7520.0000    2.38260E-14
   7522.0000    2.33550E-14
   7524.0000    2.38680E-14
   7526.0000    2.41030E-14
   7528.0000    2.34310E-14
   7530.0000    2.36610E-14
   7532.0000    2.40270E-14
   7534.0000    2.40140E-14
   7536.0000    2.38210E-14
   7538.0000    2.40200E-14
   7540.0000    2.39960E-14
   7542.0000    2.42840E-14
   7544.0000    2.36860E-14
   7546.0000    2.36340E-14
   7548.0000    2.37390E-14
   7550.0000    2.36140E-14
   7552.0000    2.38620E-14
   7554.0000    2.34660E-14
   7556.0000    2.39230E-14
   7558.0000    2.33070E-14
   7560.0000    2.36200E-14
   7562.0000    2.33620E-14
   7564.0000    2.35520E-14
   7566.0000    2.37040E-14
   7568.0000    2.35490E-14
   7570.0000    2.35040E-14
   7572.0000    2.32840E-14
   7574.0000    2.29600E-14
   7576.0000    2.33030E-14
   7578.0000    2.37730E-14
   7580.0000    2.34810E-14
   7582.0000    2.32630E-14
   7584.0000    2.31140E-14
   7586.0000    2.32190E-14
   7588.0000    2.32960E-14
   7590.0000    2.28640E-14
   7592.0000    2.31960E-14
   7594.0000    2.33160E-14
   7596.0000    2.32880E-14
   7598.0000    2.30120E-14
   7600.0000    2.33630E-14
   7602.0000    2.29090E-14
   7604.0000    2.29660E-14
   7606.0000    2.29880E-14
   7608.0000    2.29860E-14
   7610.0000    2.30300E-14
   7612.0000    2.34150E-14
   7614.0000    2.29570E-14
   7616.0000    2.33520E-14
   7618.0000    2.24650E-14
   7620.0000    2.27530E-14
   7622.0000    2.25710E-14
   7624.0000    2.31860E-14
   7626.0000    2.29850E-14
   7628.0000    2.29500E-14
   7630.0000    2.28970E-14
   7632.0000    2.31060E-14
   7634.0000    2.27290E-14
   7636.0000    2.33940E-14
   7638.0000    2.27990E-14
   7640.0000    2.27480E-14
   7642.0000    2.27770E-14
   7644.0000    2.26910E-14
   7646.0000    2.29000E-14
   7648.0000    2.28930E-14
   7650.0000    2.30890E-14
   7652.0000    2.28950E-14
   7654.0000    2.26140E-14
   7656.0000    2.21970E-14
   7658.0000    2.25160E-14
   7660.0000    2.25850E-14
   7662.0000    2.17830E-14
   7664.0000    2.16050E-14
   7666.0000    2.11940E-14
   7668.0000    2.11060E-14
   7670.0000    2.22060E-14
   7672.0000    2.26830E-14
   7674.0000    2.21710E-14
   7676.0000    2.26930E-14
   7678.0000    2.22680E-14
   7680.0000    2.26550E-14
   7682.0000    2.27470E-14
   7684.0000    2.26050E-14
   7686.0000    2.23280E-14
   7688.0000    2.27750E-14
   7690.0000    2.23070E-14
   7692.0000    2.24080E-14
   7694.0000    2.21260E-14
   7696.0000    2.22600E-14
   7698.0000    2.17330E-14
   7700.0000    2.16970E-14
   7702.0000    2.13370E-14
   7704.0000    2.19570E-14
   7706.0000    2.21510E-14
   7708.0000    2.27260E-14
   7710.0000    2.24850E-14
   7712.0000    2.18960E-14
   7714.0000    2.20240E-14
   7716.0000    2.20230E-14
   7718.0000    2.17090E-14
   7720.0000    2.21890E-14
   7722.0000    2.23210E-14
   7724.0000    2.20700E-14
   7726.0000    2.16500E-14
   7728.0000    2.23180E-14
   7730.0000    2.22740E-14
   7732.0000    2.20650E-14
   7734.0000    2.22630E-14
   7736.0000    2.23300E-14
   7738.0000    2.19590E-14
   7740.0000    2.25410E-14
   7742.0000    2.22040E-14
   7744.0000    2.18070E-14
   7746.0000    2.19540E-14
   7748.0000    2.14720E-14
   7750.0000    2.15430E-14
   7752.0000    2.18640E-14
   7754.0000    2.20180E-14
   7756.0000    2.19640E-14
   7758.0000    2.18490E-14
   7760.0000    2.22510E-14
   7762.0000    2.23270E-14
   7764.0000    2.19280E-14
   7766.0000    2.23970E-14
   7768.0000    2.22030E-14
   7770.0000    2.16060E-14
   7772.0000    2.15230E-14
   7774.0000    2.08230E-14
   7776.0000    2.19860E-14
   7778.0000    2.18050E-14
   7780.0000    2.19730E-14
   7782.0000    2.23320E-14
   7784.0000    2.21090E-14
   7786.0000    2.18510E-14
   7788.0000    2.20500E-14
   7790.0000    2.19750E-14
   7792.0000    2.20120E-14
   7794.0000    2.22450E-14
   7796.0000    2.17040E-14
   7798.0000    2.20320E-14
   7800.0000    2.22350E-14
   7802.0000    2.19940E-14
   7804.0000    2.18960E-14
   7806.0000    2.18020E-14
   7808.0000    2.19700E-14
   7810.0000    2.23310E-14
   7812.0000    2.20960E-14
   7814.0000    2.20360E-14
   7816.0000    2.22480E-14
   7818.0000    2.23230E-14
   7820.0000    2.26760E-14
   7822.0000    2.25680E-14
   7824.0000    2.21400E-14
   7826.0000    2.18760E-14
   7828.0000    2.20860E-14
   7830.0000    2.18450E-14
   7832.0000    2.16180E-14
   7834.0000    2.18400E-14
   7836.0000    2.16970E-14
   7838.0000    2.21380E-14
   7840.0000    2.24580E-14
   7842.0000    2.21910E-14
   7844.0000    2.22620E-14
   7846.0000    2.22540E-14
   7848.0000    2.20220E-14
   7850.0000    2.22060E-14
   7852.0000    2.24130E-14
   7854.0000    2.27670E-14
   7856.0000    2.23640E-14
   7858.0000    2.26970E-14
   7860.0000    2.21470E-14
   7862.0000    2.22140E-14
   7864.0000    2.23790E-14
   7866.0000    2.21570E-14
   7868.0000    2.23790E-14
   7870.0000    2.18880E-14
   7872.0000    2.18020E-14
   7874.0000    2.19950E-14
   7876.0000    2.20150E-14
   7878.0000    2.15510E-14
   7880.0000    2.19900E-14
   7882.0000    2.17720E-14
   7884.0000    2.19280E-14
   7886.0000    2.22780E-14
   7888.0000    2.15270E-14
   7890.0000    2.21910E-14
   7892.0000    2.14120E-14
   7894.0000    2.11530E-14
   7896.0000    2.13150E-14
   7898.0000    2.15090E-14
   7900.0000    2.13610E-14
   7902.0000    2.15760E-14
   7904.0000    2.20120E-14
   7906.0000    2.20700E-14
   7908.0000    2.12740E-14
   7910.0000    2.19340E-14
   7912.0000    2.13180E-14
   7914.0000    2.13000E-14
   7916.0000    2.10390E-14
   7918.0000    2.09830E-14
   7920.0000    2.13460E-14
   7922.0000    2.12820E-14
   7924.0000    2.11150E-14
   7926.0000    2.13810E-14
   7928.0000    2.11130E-14
   7930.0000    2.12120E-14
   7932.0000    2.10160E-14
   7934.0000    2.08810E-14
   7936.0000    2.13480E-14
   7938.0000    2.10650E-14
   7940.0000    2.10530E-14
   7942.0000    2.12350E-14
   7944.0000    2.08530E-14
   7946.0000    2.08930E-14
   7948.0000    2.09260E-14
   7950.0000    2.14500E-14
   7952.0000    2.14030E-14
   7954.0000    2.15160E-14
   7956.0000    2.12230E-14
   7958.0000    2.10570E-14
   7960.0000    2.09760E-14
   7962.0000    2.13220E-14
   7964.0000    2.10360E-14
   7966.0000    2.12850E-14
   7968.0000    2.11860E-14
   7970.0000    2.11090E-14
   7972.0000    2.12500E-14
   7974.0000    2.11490E-14
   7976.0000    2.10520E-14
   7978.0000    2.13310E-14
   7980.0000    2.13700E-14
   7982.0000    2.16310E-14
   7984.0000    2.12240E-14
   7986.0000    2.09490E-14
   7988.0000    2.12880E-14
   7990.0000    2.15730E-14
   7992.0000    2.16100E-14
   7994.0000    2.12370E-14
   7996.0000    2.11960E-14
   7998.0000    2.12330E-14
   8000.0000    2.11280E-14
   8002.0000    2.18130E-14
   8004.0000    2.14000E-14
   8006.0000    2.16150E-14
   8008.0000    2.14290E-14
   8010.0000    2.11260E-14
   8012.0000    2.16150E-14
   8014.0000    2.13900E-14
   8016.0000    2.14850E-14
   8018.0000    2.16980E-14
   8020.0000    2.17680E-14
   8022.0000    2.13920E-14
   8024.0000    2.09480E-14
   8026.0000    2.08810E-14
   8028.0000    2.15910E-14
   8030.0000    2.15770E-14
   8032.0000    2.16670E-14
   8034.0000    2.17920E-14
   8036.0000    2.19130E-14
   8038.0000    2.15940E-14
   8040.0000    2.18400E-14
   8042.0000    2.19140E-14
   8044.0000    2.13540E-14
   8046.0000    2.11230E-14
   8048.0000    2.14220E-14
   8050.0000    2.17820E-14
   8052.0000    2.11730E-14
   8054.0000    2.14460E-14
   8056.0000    2.18060E-14
   8058.0000    2.14740E-14
   8060.0000    2.14560E-14
   8062.0000    2.18440E-14
   8064.0000    2.13160E-14
   8066.0000    2.12050E-14
   8068.0000    2.11580E-14
   8070.0000    2.10830E-14
   8072.0000    2.10500E-14
   8074.0000    2.14220E-14
   8076.0000    2.10670E-14
   8078.0000    2.14520E-14
   8080.0000    2.09420E-14
   8082.0000    2.09700E-14
   8084.0000    2.14500E-14
   8086.0000    2.12520E-14
   8088.0000    2.11430E-14
   8090.0000    2.08670E-14
   8092.0000    2.07420E-14
   8094.0000    2.05250E-14
   8096.0000    2.08020E-14
   8098.0000    2.09610E-14
   8100.0000    2.13240E-14
   8102.0000    2.14200E-14
   8104.0000    2.12040E-14
   8106.0000    2.10940E-14
   8108.0000    2.13630E-14
   8110.0000    2.15060E-14
   8112.0000    2.09060E-14
   8114.0000    2.08410E-14
   8116.0000    2.11790E-14
   8118.0000    2.14680E-14
   8120.0000    2.14110E-14
   8122.0000    2.08930E-14
   8124.0000    2.06420E-14
   8126.0000    2.11980E-14
   8128.0000    2.12650E-14
   8130.0000    2.11360E-14
   8132.0000    2.08390E-14
   8134.0000    2.13820E-14
   8136.0000    2.11960E-14
   8138.0000    2.13550E-14
   8140.0000    2.10570E-14
   8142.0000    2.11220E-14
   8144.0000    2.12550E-14
   8146.0000    2.11850E-14
   8148.0000    2.10760E-14
   8150.0000    2.05060E-14
   8152.0000    2.06260E-14
   8154.0000    2.06290E-14
   8156.0000    2.10060E-14
   8158.0000    2.07880E-14
   8160.0000    2.04690E-14
   8162.0000    1.98930E-14
   8164.0000    1.98790E-14
   8166.0000    2.06740E-14
   8168.0000    2.02620E-14
   8170.0000    2.08300E-14
   8172.0000    2.15980E-14
   8174.0000    2.11340E-14
   8176.0000    2.01420E-14
   8178.0000    1.98000E-14
   8180.0000    2.05580E-14
   8182.0000    2.05850E-14
   8184.0000    2.00600E-14
   8186.0000    1.99500E-14
   8188.0000    2.02300E-14
   8190.0000    2.04840E-14
   8192.0000    2.03650E-14
   8194.0000    1.96430E-14
   8196.0000    1.93450E-14
   8198.0000    1.96220E-14
   8200.0000    1.97680E-14
