  1400.00000    2.63850E-14
  1403.00000    2.55240E-14
  1406.00000    2.46080E-14
  1409.00000    2.77670E-14
  1412.00000    3.29420E-14
  1415.00000    3.20250E-14
  1418.00000    3.21250E-14
  1421.00000    3.38500E-14
  1424.00000    3.37680E-14
  1427.00000    3.41670E-14
  1430.00000    3.52720E-14
  1433.00000    3.69950E-14
  1436.00000    3.49110E-14
  1439.00000    3.63880E-14
  1442.00000    3.72300E-14
  1445.00000    3.74110E-14
  1448.00000    3.76240E-14
  1451.00000    3.57350E-14
  1454.00000    3.74670E-14
  1457.00000    3.53510E-14
  1460.00000    3.58820E-14
  1463.00000    3.28730E-14
  1466.00000    3.27930E-14
  1469.00000    3.26120E-14
  1472.00000    3.52710E-14
  1475.00000    3.39090E-14
  1478.00000    3.38060E-14
  1481.00000    3.39740E-14
  1484.00000    3.45030E-14
  1487.00000    3.36420E-14
  1490.00000    3.58620E-14
  1493.00000    3.55080E-14
  1496.00000    3.50750E-14
  1499.00000    3.58450E-14
  1502.00000    3.40650E-14
  1505.00000    3.40150E-14
  1508.00000    3.25520E-14
  1511.00000    2.98980E-14
  1514.00000    2.97880E-14
  1517.00000    3.17910E-14
  1520.00000    3.07440E-14
  1523.00000    3.02570E-14
  1526.00000    3.15930E-14
  1529.00000    3.10900E-14
  1532.00000    2.66190E-14
  1535.00000    2.65020E-14
  1538.00000    2.53210E-14
  1541.00000    2.67770E-14
  1544.00000    2.62640E-14
  1547.00000    2.52330E-14
  1550.00000    2.40620E-14
  1553.00000    2.45180E-14
  1556.00000    2.61200E-14
  1559.00000    2.37860E-14
  1562.00000    2.67900E-14
  1565.00000    2.85040E-14
  1568.00000    2.76310E-14
  1571.00000    2.98200E-14
  1574.00000    2.96640E-14
  1577.00000    3.04320E-14
  1580.00000    3.15600E-14
  1583.00000    3.10060E-14
  1586.00000    3.11100E-14
  1589.00000    3.26240E-14
  1592.00000    3.26120E-14
  1595.00000    3.13850E-14
  1598.00000    3.16950E-14
  1601.00000    3.18580E-14
  1604.00000    3.14860E-14
  1607.00000    3.21020E-14
  1610.00000    3.16430E-14
  1613.00000    3.22190E-14
  1616.00000    3.34390E-14
  1619.00000    3.23900E-14
  1622.00000    3.17350E-14
  1625.00000    3.00190E-14
  1628.00000    3.10060E-14
  1631.00000    3.43460E-14
  1634.00000    3.28740E-14
  1637.00000    3.48240E-14
  1640.00000    3.50300E-14
  1643.00000    3.55930E-14
  1646.00000    3.50880E-14
  1649.00000    3.51220E-14
  1652.00000    3.31120E-14
  1655.00000    3.33850E-14
  1658.00000    3.36530E-14
  1661.00000    3.39780E-14
  1664.00000    3.43220E-14
  1667.00000    3.50720E-14
  1670.00000    3.24870E-14
  1673.00000    3.40180E-14
  1676.00000    3.55640E-14
  1679.00000    3.87550E-14
  1682.00000    3.78530E-14
  1685.00000    3.79410E-14
  1688.00000    3.67880E-14
  1691.00000    3.63180E-14
  1694.00000    3.55830E-14
  1697.00000    3.68610E-14
  1700.00000    3.48790E-14
  1703.00000    3.36730E-14
  1706.00000    3.39360E-14
  1709.00000    3.43300E-14
  1712.00000    3.25370E-14
  1715.00000    3.24210E-14
  1718.00000    3.27160E-14
  1721.00000    3.22830E-14
  1724.00000    3.13500E-14
  1727.00000    3.03880E-14
  1730.00000    3.33250E-14
  1733.00000    3.49100E-14
  1736.00000    3.54630E-14
  1739.00000    3.38850E-14
  1742.00000    3.49000E-14
  1745.00000    3.36020E-14
  1748.00000    3.56390E-14
  1751.00000    3.51400E-14
  1754.00000    3.70790E-14
  1757.00000    3.56010E-14
  1760.00000    3.59240E-14
  1763.00000    3.47520E-14
  1766.00000    3.41170E-14
  1769.00000    3.51360E-14
  1772.00000    3.17650E-14
  1775.00000    3.46870E-14
  1778.00000    3.37420E-14
  1781.00000    3.51570E-14
  1784.00000    3.53970E-14
  1787.00000    3.54730E-14
  1790.00000    3.60830E-14
  1793.00000    3.70100E-14
  1796.00000    3.82170E-14
  1799.00000    3.79140E-14
  1802.00000    3.82080E-14
  1805.00000    3.70450E-14
  1808.00000    3.93850E-14
  1811.00000    3.71540E-14
  1814.00000    3.47480E-14
  1817.00000    3.38880E-14
  1820.00000    3.49350E-14
  1823.00000    3.39790E-14
  1826.00000    3.62270E-14
  1829.00000    3.45370E-14
  1832.00000    3.35450E-14
  1835.00000    3.36900E-14
  1838.00000    3.44920E-14
  1841.00000    3.27190E-14
  1844.00000    3.18120E-14
  1847.00000    3.22010E-14
  1850.00000    3.26130E-14
  1853.00000    2.88580E-14
  1856.00000    3.05580E-14
  1859.00000    3.06820E-14
  1862.00000    3.18670E-14
  1865.00000    3.35720E-14
  1868.00000    3.19560E-14
  1871.00000    3.47160E-14
  1874.00000    3.55120E-14
  1877.00000    3.59240E-14
  1880.00000    3.51380E-14
  1883.00000    3.28740E-14
  1886.00000    3.28280E-14
  1889.00000    3.09710E-14
  1892.00000    3.18030E-14
  1895.00000    2.98040E-14
  1898.00000    3.31170E-14
  1901.00000    3.33430E-14
  1904.00000    3.49670E-14
  1907.00000    3.47770E-14
  1910.00000    3.33270E-14
  1913.00000    3.00500E-14
  1916.00000    3.20600E-14
  1919.00000    3.08900E-14
  1922.00000    3.13510E-14
  1925.00000    3.08140E-14
  1928.00000    3.16940E-14
  1931.00000    3.21290E-14
  1934.00000    3.41210E-14
  1937.00000    3.44920E-14
  1940.00000    3.32760E-14
  1943.00000    3.36240E-14
  1946.00000    3.53070E-14
  1949.00000    3.47140E-14
  1952.00000    3.24470E-14
  1955.00000    2.96350E-14
  1958.00000    3.14680E-14
  1961.00000    3.33360E-14
  1964.00000    3.55010E-14
  1967.00000    3.53460E-14
  1970.00000    3.43780E-14
  1973.00000    3.71700E-14
  1976.00000    3.73490E-14
  1979.00000    3.57980E-14
  1982.00000    3.44500E-14
  1985.00000    3.41640E-14
  1988.00000    3.48800E-14
  1991.00000    3.30060E-14
  1994.00000    3.34960E-14
  1997.00000    3.53540E-14
  2000.00000    3.40800E-14
  2003.00000    3.50630E-14
  2006.00000    3.62440E-14
  2009.00000    3.54970E-14
  2012.00000    3.50310E-14
  2015.00000    3.49140E-14
  2018.00000    3.44710E-14
  2021.00000    3.66000E-14
  2024.00000    3.67120E-14
  2027.00000    3.70870E-14
  2030.00000    3.65700E-14
  2033.00000    3.43790E-14
  2036.00000    3.34540E-14
  2039.00000    3.54960E-14
  2042.00000    3.52560E-14
  2045.00000    3.53750E-14
  2048.00000    3.61850E-14
  2051.00000    3.36060E-14
  2054.00000    3.14150E-14
  2057.00000    3.09270E-14
  2060.00000    3.20750E-14
  2063.00000    3.27980E-14
  2066.00000    3.22770E-14
  2069.00000    3.54100E-14
  2072.00000    3.80740E-14
  2075.00000    3.76070E-14
  2078.00000    3.52190E-14
  2081.00000    3.36640E-14
  2084.00000    3.42450E-14
  2087.00000    3.60400E-14
  2090.00000    3.55600E-14
  2093.00000    3.28680E-14
  2096.00000    3.48570E-14
  2099.00000    3.43060E-14
  2102.00000    3.60640E-14
  2105.00000    3.51530E-14
  2108.00000    3.45570E-14
  2111.00000    3.57500E-14
  2114.00000    3.52740E-14
  2117.00000    3.53360E-14
  2120.00000    3.72030E-14
  2123.00000    3.61130E-14
  2126.00000    3.60430E-14
  2129.00000    3.46760E-14
  2132.00000    3.45320E-14
  2135.00000    3.39770E-14
  2138.00000    3.33970E-14
  2141.00000    3.34360E-14
  2144.00000    3.43900E-14
  2147.00000    3.34290E-14
  2150.00000    3.49300E-14
  2153.00000    3.56480E-14
  2156.00000    3.59890E-14
  2159.00000    3.58050E-14
  2162.00000    3.49100E-14
  2165.00000    3.59790E-14
  2168.00000    3.48600E-14
  2171.00000    3.41350E-14
  2174.00000    3.45880E-14
  2177.00000    3.35530E-14
  2180.00000    3.45610E-14
  2183.00000    3.20460E-14
  2186.00000    3.43920E-14
  2189.00000    3.39340E-14
  2192.00000    3.53310E-14
  2195.00000    3.77010E-14
  2198.00000    3.59230E-14
  2201.00000    3.45650E-14
  2204.00000    3.58590E-14
  2207.00000    3.48670E-14
  2210.00000    3.52010E-14
  2213.00000    3.43220E-14
  2216.00000    3.30770E-14
  2219.00000    3.38850E-14
  2222.00000    3.34950E-14
  2225.00000    3.30300E-14
  2228.00000    3.34460E-14
  2231.00000    3.23110E-14
  2234.00000    3.48610E-14
  2237.00000    3.39670E-14
  2240.00000    3.46140E-14
  2243.00000    3.36590E-14
  2246.00000    3.45470E-14
  2249.00000    3.26870E-14
  2252.00000    3.04530E-14
  2255.00000    3.19360E-14
  2258.00000    3.18010E-14
  2261.00000    3.26920E-14
  2264.00000    3.26890E-14
  2267.00000    3.29860E-14
  2270.00000    3.39220E-14
  2273.00000    3.23670E-14
  2276.00000    3.36070E-14
  2279.00000    3.49390E-14
  2282.00000    3.36850E-14
  2285.00000    3.34060E-14
  2288.00000    3.52200E-14
  2291.00000    3.26830E-14
  2294.00000    3.16610E-14
  2297.00000    3.25900E-14
  2300.00000    3.21520E-14
  2303.00000    3.23120E-14
  2306.00000    3.27460E-14
  2309.00000    3.31760E-14
  2312.00000    3.00700E-14
  2315.00000    3.13890E-14
  2318.00000    3.06310E-14
  2321.00000    2.62210E-14
  2324.00000    2.41650E-14
  2327.00000    2.49450E-14
  2330.00000    2.68830E-14
  2333.00000    2.88270E-14
  2336.00000    2.92510E-14
  2339.00000    2.92120E-14
  2342.00000    2.99360E-14
  2345.00000    2.84530E-14
  2348.00000    2.88810E-14
  2351.00000    3.07270E-14
  2354.00000    3.15720E-14
  2357.00000    3.14260E-14
  2360.00000    3.22790E-14
  2363.00000    2.84390E-14
  2366.00000    2.94150E-14
  2369.00000    3.05700E-14
  2372.00000    2.99890E-14
  2375.00000    2.95310E-14
  2378.00000    3.03270E-14
  2381.00000    2.90890E-14
  2384.00000    2.66360E-14
  2387.00000    2.87740E-14
  2390.00000    2.92570E-14
  2393.00000    2.77860E-14
  2396.00000    3.04170E-14
  2399.00000    3.04170E-14
  2402.00000    2.88220E-14
  2405.00000    2.86960E-14
  2408.00000    2.91590E-14
  2411.00000    2.85390E-14
  2414.00000    2.79880E-14
  2417.00000    3.00700E-14
  2420.00000    2.83310E-14
  2423.00000    3.00530E-14
  2426.00000    3.02930E-14
  2429.00000    3.01570E-14
  2432.00000    3.04570E-14
  2435.00000    2.97000E-14
  2438.00000    2.87000E-14
  2441.00000    3.03910E-14
  2444.00000    2.97110E-14
  2447.00000    3.31090E-14
  2450.00000    3.13470E-14
  2453.00000    3.00730E-14
  2456.00000    3.00600E-14
  2459.00000    3.10130E-14
  2462.00000    2.88330E-14
  2465.00000    3.00060E-14
  2468.00000    3.02560E-14
  2471.00000    3.01240E-14
  2474.00000    2.94210E-14
  2477.00000    2.88830E-14
  2480.00000    3.02730E-14
  2483.00000    3.10560E-14
  2486.00000    3.00030E-14
  2489.00000    2.96570E-14
  2492.00000    2.69010E-14
  2495.00000    2.56590E-14
  2498.00000    2.73730E-14
  2501.00000    2.86180E-14
  2504.00000    3.13660E-14
  2507.00000    2.90400E-14
  2510.00000    2.90800E-14
  2513.00000    2.86900E-14
  2516.00000    2.89600E-14
  2519.00000    3.01820E-14
  2522.00000    2.98850E-14
  2525.00000    3.02120E-14
  2528.00000    2.78510E-14
  2531.00000    2.97260E-14
  2534.00000    2.99430E-14
  2537.00000    3.06010E-14
  2540.00000    2.98790E-14
  2543.00000    2.81120E-14
  2546.00000    2.84960E-14
  2549.00000    2.81900E-14
  2552.00000    2.77120E-14
  2555.00000    2.92190E-14
  2558.00000    3.01920E-14
  2561.00000    3.10520E-14
  2564.00000    2.89580E-14
  2567.00000    2.86270E-14
  2570.00000    3.00980E-14
  2573.00000    3.06640E-14
  2576.00000    3.09060E-14
  2579.00000    3.07900E-14
  2582.00000    2.95890E-14
  2585.00000    2.94230E-14
  2588.00000    2.91920E-14
  2591.00000    3.07730E-14
  2594.00000    2.93190E-14
  2597.00000    3.02790E-14
  2600.00000    3.15350E-14
  2603.00000    2.99400E-14
  2606.00000    2.89730E-14
  2609.00000    2.77990E-14
  2612.00000    2.91180E-14
  2615.00000    3.05750E-14
  2618.00000    2.88320E-14
  2621.00000    3.03540E-14
  2624.00000    2.94110E-14
  2627.00000    2.95850E-14
  2630.00000    3.03330E-14
  2633.00000    2.93590E-14
  2636.00000    3.05510E-14
  2639.00000    3.12440E-14
  2642.00000    3.26700E-14
  2645.00000    3.14810E-14
  2648.00000    3.10520E-14
  2651.00000    3.17640E-14
  2654.00000    3.26170E-14
  2657.00000    3.28660E-14
  2660.00000    3.13240E-14
  2663.00000    2.98170E-14
  2666.00000    2.97040E-14
  2669.00000    3.16020E-14
  2672.00000    3.02650E-14
  2675.00000    3.05280E-14
  2678.00000    3.06840E-14
  2681.00000    3.03920E-14
  2684.00000    3.12650E-14
  2687.00000    3.12020E-14
  2690.00000    3.15990E-14
  2693.00000    2.96810E-14
  2696.00000    2.99280E-14
  2699.00000    2.99740E-14
  2702.00000    3.01150E-14
  2705.00000    2.92190E-14
  2708.00000    3.03860E-14
  2711.00000    2.91270E-14
  2714.00000    3.09430E-14
  2717.00000    2.93130E-14
  2720.00000    3.00420E-14
  2723.00000    3.02220E-14
  2726.00000    2.93730E-14
  2729.00000    2.89710E-14
  2732.00000    3.10710E-14
  2735.00000    3.14550E-14
  2738.00000    2.92210E-14
  2741.00000    2.94210E-14
  2744.00000    2.78560E-14
  2747.00000    2.75850E-14
  2750.00000    2.74510E-14
  2753.00000    2.73760E-14
  2756.00000    2.76760E-14
  2759.00000    2.83420E-14
  2762.00000    2.90230E-14
  2765.00000    2.81600E-14
  2768.00000    3.07580E-14
  2771.00000    3.01160E-14
  2774.00000    3.02920E-14
  2777.00000    3.00880E-14
  2780.00000    2.93560E-14
  2783.00000    2.90110E-14
  2786.00000    3.01600E-14
  2789.00000    2.89050E-14
  2792.00000    2.66220E-14
  2795.00000    2.68560E-14
  2798.00000    2.56870E-14
  2801.00000    2.65280E-14
  2804.00000    2.63320E-14
  2807.00000    2.64320E-14
  2810.00000    2.89590E-14
  2813.00000    3.03920E-14
  2816.00000    3.00240E-14
  2819.00000    2.94010E-14
  2822.00000    2.95770E-14
  2825.00000    3.02560E-14
  2828.00000    3.06930E-14
  2831.00000    3.01630E-14
  2834.00000    2.81670E-14
  2837.00000    2.89150E-14
  2840.00000    2.98740E-14
  2843.00000    2.91980E-14
  2846.00000    2.92310E-14
  2849.00000    2.83430E-14
  2852.00000    2.86300E-14
  2855.00000    2.84630E-14
  2858.00000    3.02760E-14
  2861.00000    2.86730E-14
  2864.00000    2.97270E-14
  2867.00000    2.98410E-14
  2870.00000    2.83830E-14
  2873.00000    3.05410E-14
  2876.00000    2.94520E-14
  2879.00000    3.05100E-14
  2882.00000    2.91240E-14
  2885.00000    2.86820E-14
  2888.00000    2.95520E-14
  2891.00000    2.98340E-14
  2894.00000    2.92770E-14
  2897.00000    2.98170E-14
  2900.00000    2.92350E-14
  2903.00000    3.11380E-14
  2906.00000    2.98090E-14
  2909.00000    3.02390E-14
  2912.00000    3.14580E-14
  2915.00000    3.01650E-14
  2918.00000    3.05440E-14
  2921.00000    3.03750E-14
  2924.00000    2.98640E-14
  2927.00000    2.99490E-14
  2930.00000    2.92660E-14
  2933.00000    2.89190E-14
  2936.00000    2.97820E-14
  2939.00000    3.14090E-14
  2942.00000    3.10250E-14
  2945.00000    2.91230E-14
  2948.00000    2.85580E-14
  2951.00000    2.79120E-14
  2954.00000    2.83320E-14
  2957.00000    2.91970E-14
  2960.00000    3.01450E-14
  2963.00000    2.93000E-14
  2966.00000    2.84540E-14
  2969.00000    2.95880E-14
  2972.00000    3.08040E-14
  2975.00000    3.01310E-14
  2978.00000    2.87930E-14
  2981.00000    3.03840E-14
  2984.00000    2.99340E-14
  2987.00000    2.84940E-14
  2990.00000    2.96740E-14
  2993.00000    2.82220E-14
  2996.00000    3.09440E-14
  2999.00000    3.06040E-14
  3002.00000    3.04790E-14
  3005.00000    2.86250E-14
  3008.00000    2.93200E-14
  3011.00000    2.87830E-14
  3014.00000    2.99620E-14
  3017.00000    2.97950E-14
  3020.00000    2.90480E-14
  3023.00000    2.95560E-14
  3026.00000    2.97920E-14
  3029.00000    2.99410E-14
  3032.00000    3.01280E-14
  3035.00000    3.14650E-14
  3038.00000    2.99210E-14
  3041.00000    3.03390E-14
  3044.00000    2.97760E-14
  3047.00000    2.92980E-14
  3050.00000    2.94250E-14
  3053.00000    2.97840E-14
  3056.00000    3.05530E-14
  3059.00000    3.06570E-14
  3062.00000    2.92850E-14
  3065.00000    2.91630E-14
  3068.00000    2.99870E-14
  3071.00000    2.93830E-14
  3074.00000    2.94310E-14
  3077.00000    3.05840E-14
  3080.00000    2.99710E-14
  3083.00000    2.99720E-14
  3086.00000    2.95490E-14
  3089.00000    2.94980E-14
  3092.00000    3.01970E-14
  3095.00000    2.89020E-14
  3098.00000    2.92390E-14
  3101.00000    2.99090E-14
  3104.00000    2.96710E-14
  3107.00000    2.80790E-14
  3110.00000    2.94000E-14
  3113.00000    2.93680E-14
  3116.00000    3.04270E-14
  3119.00000    2.93200E-14
  3122.00000    3.04370E-14
  3125.00000    2.91570E-14
  3128.00000    2.90810E-14
  3131.00000    2.92990E-14
  3134.00000    2.91280E-14
  3137.00000    2.90950E-14
  3140.00000    2.94240E-14
  3143.00000    3.05360E-14
  3146.00000    2.85760E-14
  3149.00000    2.95250E-14
  3152.00000    3.07640E-14
  3155.00000    3.01720E-14
  3158.00000    3.12120E-14
  3161.00000    2.90600E-14
  3164.00000    2.89190E-14
  3167.00000    2.93330E-14
  3170.00000    2.88390E-14
  3173.00000    2.79150E-14
  3176.00000    2.77260E-14
  3179.00000    2.81500E-14
  3182.00000    2.90310E-14
  3185.00000    2.74120E-14
  3188.00000    2.79830E-14
  3191.00000    2.72170E-14
  3194.00000    2.89570E-14
  3197.00000    2.78970E-14
  3200.00000    2.75280E-14
  3203.00000    3.02840E-14
  3206.00000    2.80870E-14
  3209.00000    2.88450E-14
  3212.00000    2.74390E-14
  3215.00000    3.02970E-14
  3218.00000    2.86110E-14
  3221.00000    2.93860E-14
  3224.00000    2.86760E-14
  3227.00000    2.93130E-14
  3230.00000    2.87100E-14
  3233.00000    2.86260E-14
  3236.00000    2.77620E-14
  3239.00000    2.88770E-14
  3242.00000    2.83780E-14
  3245.00000    2.90170E-14
  3248.00000    2.88610E-14
  3251.00000    2.97810E-14
  3254.00000    2.87460E-14
  3257.00000    2.83940E-14
  3260.00000    2.94430E-14
  3263.00000    2.82250E-14
  3266.00000    2.90280E-14
  3269.00000    2.82540E-14
  3272.00000    2.84810E-14
  3275.00000    2.89900E-14
  3278.00000    2.83750E-14
  3281.00000    2.74750E-14
  3284.00000    2.97650E-14
  3287.00000    2.90650E-14
  3290.00000    2.75890E-14
  3293.00000    2.94720E-14
  3296.00000    2.78110E-14
  3299.00000    2.84440E-14
  3302.00000    2.86280E-14
  3305.00000    2.78970E-14
  3308.00000    2.87870E-14
  3311.00000    2.86760E-14
  3314.00000    2.93490E-14
  3317.00000    2.97770E-14
  3320.00000    3.11770E-14
  3323.00000    3.04110E-14
  3326.00000    2.93210E-14
  3329.00000    2.98940E-14
  3332.00000    3.09390E-14
  3335.00000    3.08550E-14
  3338.00000    2.91140E-14
  3341.00000    2.96340E-14
  3344.00000    3.01060E-14
  3347.00000    3.12880E-14
  3350.00000    2.90480E-14
  3353.00000    2.94070E-14
  3356.00000    2.79800E-14
  3359.00000    2.81880E-14
  3362.00000    2.85940E-14
  3365.00000    3.00210E-14
  3368.00000    2.82880E-14
  3371.00000    2.84680E-14
  3374.00000    2.85830E-14
  3377.00000    2.83120E-14
  3380.00000    2.91540E-14
  3383.00000    2.95920E-14
  3386.00000    3.01410E-14
  3389.00000    2.91020E-14
  3392.00000    3.18840E-14
  3395.00000    3.00710E-14
  3398.00000    2.90890E-14
  3401.00000    2.83400E-14
  3404.00000    2.83960E-14
  3407.00000    2.99490E-14
  3410.00000    2.87650E-14
  3413.00000    2.97460E-14
  3416.00000    2.93490E-14
  3419.00000    3.13340E-14
  3422.00000    2.89550E-14
  3425.00000    2.93300E-14
  3428.00000    3.10190E-14
  3431.00000    3.08350E-14
  3434.00000    2.83780E-14
  3437.00000    3.00070E-14
  3440.00000    2.99210E-14
  3443.00000    2.90840E-14
  3446.00000    2.98710E-14
  3449.00000    3.14420E-14
  3452.00000    2.92480E-14
  3455.00000    2.89420E-14
  3458.00000    2.83340E-14
  3461.00000    2.77870E-14
  3464.00000    2.82390E-14
  3467.00000    2.82060E-14
  3470.00000    2.98340E-14
  3473.00000    2.84160E-14
  3476.00000    2.85610E-14
  3479.00000    2.89440E-14
  3482.00000    3.10510E-14
  3485.00000    2.83930E-14
  3488.00000    3.03480E-14
  3491.00000    2.93370E-14
  3494.00000    2.91950E-14
  3497.00000    2.82260E-14
  3500.00000    3.04500E-14
  3503.00000    2.89550E-14
  3506.00000    2.85260E-14
  3509.00000    2.87400E-14
  3512.00000    2.78340E-14
  3515.00000    2.87740E-14
  3518.00000    2.99910E-14
  3521.00000    3.03060E-14
  3524.00000    2.83500E-14
  3527.00000    2.78990E-14
  3530.00000    2.96880E-14
  3533.00000    3.02940E-14
  3536.00000    2.99280E-14
  3539.00000    2.94880E-14
  3542.00000    2.94110E-14
  3545.00000    3.01180E-14
  3548.00000    2.97220E-14
  3551.00000    2.96570E-14
  3554.00000    2.85590E-14
  3557.00000    2.95870E-14
  3560.00000    2.93980E-14
  3563.00000    2.85020E-14
  3566.00000    2.91590E-14
  3569.00000    2.90250E-14
  3572.00000    2.82210E-14
  3575.00000    2.94290E-14
  3578.00000    2.88460E-14
  3581.00000    2.98670E-14
  3584.00000    2.69730E-14
  3587.00000    2.72380E-14
  3590.00000    2.84310E-14
  3593.00000    2.87700E-14
  3596.00000    2.69880E-14
  3599.00000    2.86150E-14
  3602.00000    2.82660E-14
  3605.00000    2.88500E-14
  3608.00000    2.81090E-14
  3611.00000    2.99910E-14
  3614.00000    2.77980E-14
  3617.00000    2.81310E-14
  3620.00000    2.88210E-14
  3623.00000    2.95470E-14
  3626.00000    3.01550E-14
  3629.00000    2.93430E-14
  3632.00000    2.99480E-14
  3635.00000    3.03170E-14
  3638.00000    2.89820E-14
  3641.00000    3.01100E-14
  3644.00000    2.92600E-14
  3647.00000    2.87290E-14
  3650.00000    2.96180E-14
  3653.00000    2.98260E-14
  3656.00000    2.97770E-14
  3659.00000    3.01870E-14
  3662.00000    3.06660E-14
  3665.00000    2.97660E-14
  3668.00000    2.91840E-14
  3671.00000    2.96710E-14
  3674.00000    2.97310E-14
  3677.00000    2.95110E-14
  3680.00000    3.01600E-14
  3683.00000    2.84340E-14
  3686.00000    2.81740E-14
  3689.00000    2.74760E-14
  3692.00000    2.87040E-14
  3695.00000    2.80810E-14
  3698.00000    3.00490E-14
  3701.00000    3.00200E-14
  3704.00000    2.88750E-14
  3707.00000    2.66120E-14
  3710.00000    2.70510E-14
  3713.00000    2.77560E-14
  3716.00000    2.99550E-14
  3719.00000    2.94730E-14
  3722.00000    2.73030E-14
  3725.00000    2.91460E-14
  3728.00000    3.13350E-14
  3731.00000    3.03480E-14
  3734.00000    2.69600E-14
  3737.00000    2.85430E-14
  3740.00000    3.20240E-14
  3743.00000    3.38940E-14
  3746.00000    3.11730E-14
  3749.00000    2.73830E-14
  3752.00000    2.66820E-14
  3755.00000    3.08150E-14
  3758.00000    3.29520E-14
  3761.00000    3.47490E-14
  3764.00000    3.43690E-14
  3767.00000    3.26860E-14
  3770.00000    2.50740E-14
  3773.00000    2.64020E-14
  3776.00000    2.98700E-14
  3779.00000    3.29920E-14
  3782.00000    3.97100E-14
  3785.00000    3.90040E-14
  3788.00000    3.75080E-14
  3791.00000    3.49980E-14
  3794.00000    3.01450E-14
  3797.00000    2.64860E-14
  3800.00000    2.77140E-14
  3803.00000    3.12950E-14
  3806.00000    3.45650E-14
  3809.00000    3.81510E-14
  3812.00000    3.90940E-14
  3815.00000    3.86530E-14
  3818.00000    3.84570E-14
  3821.00000    3.84910E-14
  3824.00000    3.74180E-14
  3827.00000    3.49420E-14
  3830.00000    3.35250E-14
  3833.00000    2.79120E-14
  3836.00000    2.37120E-14
  3839.00000    2.64690E-14
  3842.00000    3.19990E-14
  3845.00000    3.61130E-14
  3848.00000    3.88760E-14
  3851.00000    4.12680E-14
  3854.00000    4.10070E-14
  3857.00000    3.97980E-14
  3860.00000    4.07780E-14
  3863.00000    4.09530E-14
  3866.00000    4.02550E-14
  3869.00000    4.10950E-14
  3872.00000    3.96070E-14
  3875.00000    3.94880E-14
  3878.00000    3.89660E-14
  3881.00000    3.55040E-14
  3884.00000    3.15360E-14
  3887.00000    2.78550E-14
  3890.00000    2.55810E-14
  3893.00000    2.80720E-14
  3896.00000    3.36650E-14
  3899.00000    3.71760E-14
  3902.00000    3.92240E-14
  3905.00000    4.07040E-14
  3908.00000    4.09250E-14
  3911.00000    4.10130E-14
  3914.00000    4.19280E-14
  3917.00000    4.29460E-14
  3920.00000    4.20670E-14
  3923.00000    4.31930E-14
  3926.00000    4.15770E-14
  3929.00000    3.95970E-14
  3932.00000    3.97370E-14
  3935.00000    3.84040E-14
  3938.00000    3.87650E-14
  3941.00000    4.17150E-14
  3944.00000    4.17200E-14
  3947.00000    4.07960E-14
  3950.00000    4.07660E-14
  3953.00000    4.24260E-14
  3956.00000    4.22820E-14
  3959.00000    3.99360E-14
  3962.00000    3.68350E-14
  3965.00000    3.13450E-14
  3968.00000    2.73110E-14
  3971.00000    2.37680E-14
  3974.00000    2.67570E-14
  3977.00000    3.41760E-14
  3980.00000    3.64530E-14
  3983.00000    3.87230E-14
  3986.00000    4.15540E-14
  3989.00000    4.34180E-14
  3992.00000    4.38990E-14
  3995.00000    4.33820E-14
  3998.00000    4.29520E-14
  4001.00000    4.23970E-14
  4004.00000    4.31160E-14
  4007.00000    4.26750E-14
  4010.00000    4.32770E-14
  4013.00000    4.48370E-14
  4016.00000    4.53840E-14
  4019.00000    4.57920E-14
  4022.00000    4.54720E-14
  4025.00000    4.45990E-14
  4028.00000    4.35450E-14
  4031.00000    4.22940E-14
  4034.00000    4.55420E-14
  4037.00000    4.57040E-14
  4040.00000    4.58550E-14
  4043.00000    4.54260E-14
  4046.00000    4.56800E-14
  4049.00000    4.32950E-14
  4052.00000    4.54370E-14
  4055.00000    4.50080E-14
  4058.00000    4.39600E-14
  4061.00000    4.48640E-14
  4064.00000    4.41910E-14
  4067.00000    4.43220E-14
  4070.00000    4.28080E-14
  4073.00000    4.36270E-14
  4076.00000    4.24920E-14
  4079.00000    4.31700E-14
  4082.00000    4.10530E-14
  4085.00000    4.18280E-14
  4088.00000    4.02830E-14
  4091.00000    3.87700E-14
  4094.00000    3.76780E-14
  4097.00000    3.47040E-14
  4100.00000    2.82640E-14
  4103.00000    2.66940E-14
  4106.00000    2.93920E-14
  4109.00000    3.47480E-14
  4112.00000    3.87900E-14
  4115.00000    3.85840E-14
  4118.00000    4.04390E-14
  4121.00000    4.00250E-14
  4124.00000    4.12860E-14
  4127.00000    4.12640E-14
  4130.00000    4.22010E-14
  4133.00000    4.23250E-14
  4136.00000    4.14980E-14
  4139.00000    4.38840E-14
  4142.00000    4.27300E-14
  4145.00000    4.27860E-14
  4148.00000    4.33110E-14
  4151.00000    4.40890E-14
  4154.00000    4.33470E-14
  4157.00000    4.35490E-14
  4160.00000    4.49020E-14
  4163.00000    4.35180E-14
  4166.00000    4.27860E-14
  4169.00000    4.25610E-14
  4172.00000    4.24260E-14
  4175.00000    4.32640E-14
  4178.00000    4.38430E-14
  4181.00000    4.29950E-14
  4184.00000    4.32670E-14
  4187.00000    4.42620E-14
  4190.00000    4.35370E-14
  4193.00000    4.34450E-14
  4196.00000    4.29510E-14
  4199.00000    4.33340E-14
  4202.00000    4.18250E-14
  4205.00000    4.30220E-14
  4208.00000    4.39020E-14
  4211.00000    4.27740E-14
  4214.00000    4.29820E-14
  4217.00000    4.30160E-14
  4220.00000    4.49560E-14
  4223.00000    4.39800E-14
  4226.00000    4.35790E-14
  4229.00000    4.34470E-14
  4232.00000    4.23850E-14
  4235.00000    4.27690E-14
  4238.00000    4.28160E-14
  4241.00000    4.36360E-14
  4244.00000    4.26650E-14
  4247.00000    4.34630E-14
  4250.00000    4.24320E-14
  4253.00000    4.20000E-14
  4256.00000    4.29010E-14
  4259.00000    4.38190E-14
  4262.00000    4.16550E-14
  4265.00000    4.31930E-14
  4268.00000    4.37020E-14
  4271.00000    4.20710E-14
  4274.00000    4.34810E-14
  4277.00000    4.37690E-14
  4280.00000    4.35010E-14
  4283.00000    4.36030E-14
  4286.00000    4.19330E-14
  4289.00000    4.24240E-14
  4292.00000    4.21930E-14
  4295.00000    4.14230E-14
  4298.00000    4.08860E-14
  4301.00000    3.91750E-14
  4304.00000    4.06200E-14
  4307.00000    3.94240E-14
  4310.00000    4.00740E-14
  4313.00000    4.07380E-14
  4316.00000    4.11170E-14
  4319.00000    4.00570E-14
  4322.00000    4.09330E-14
  4325.00000    4.04290E-14
  4328.00000    3.99170E-14
  4331.00000    3.70380E-14
  4334.00000    3.57810E-14
  4337.00000    3.15390E-14
  4340.00000    2.82060E-14
  4343.00000    2.80080E-14
  4346.00000    3.17540E-14
  4349.00000    3.52360E-14
  4352.00000    3.75390E-14
  4355.00000    4.00150E-14
  4358.00000    4.14860E-14
  4361.00000    4.12620E-14
  4364.00000    4.23040E-14
  4367.00000    4.14520E-14
  4370.00000    4.25570E-14
  4373.00000    4.09060E-14
  4376.00000    4.00440E-14
  4379.00000    4.23590E-14
  4382.00000    3.97420E-14
  4385.00000    3.94550E-14
  4388.00000    4.01240E-14
  4391.00000    3.88400E-14
  4394.00000    4.00010E-14
  4397.00000    4.12970E-14
  4400.00000    4.18510E-14
  4403.00000    4.05530E-14
  4406.00000    4.15800E-14
  4409.00000    3.92420E-14
  4412.00000    4.17390E-14
  4415.00000    4.07210E-14
  4418.00000    3.89280E-14
  4421.00000    4.05770E-14
  4424.00000    4.13980E-14
  4427.00000    3.97290E-14
  4430.00000    4.06210E-14
  4433.00000    4.10790E-14
  4436.00000    4.01830E-14
  4439.00000    4.11790E-14
  4442.00000    4.06660E-14
  4445.00000    3.99010E-14
  4448.00000    4.23210E-14
  4451.00000    4.09660E-14
  4454.00000    4.05720E-14
  4457.00000    4.09220E-14
  4460.00000    4.11940E-14
  4463.00000    4.09960E-14
  4466.00000    4.02480E-14
  4469.00000    3.92300E-14
  4472.00000    3.90270E-14
  4475.00000    4.06840E-14
  4478.00000    4.20820E-14
  4481.00000    4.10270E-14
  4484.00000    4.17300E-14
  4487.00000    4.18810E-14
  4490.00000    4.26350E-14
  4493.00000    4.10560E-14
  4496.00000    4.22390E-14
  4499.00000    4.18000E-14
  4502.00000    4.20540E-14
  4505.00000    4.23030E-14
  4508.00000    4.22970E-14
  4511.00000    4.18560E-14
  4514.00000    4.06710E-14
  4517.00000    4.14590E-14
  4520.00000    4.28680E-14
  4523.00000    4.05530E-14
  4526.00000    4.14010E-14
  4529.00000    4.10110E-14
  4532.00000    3.99680E-14
  4535.00000    3.91330E-14
  4538.00000    4.15420E-14
  4541.00000    4.14360E-14
  4544.00000    4.06050E-14
  4547.00000    4.05970E-14
  4550.00000    3.95420E-14
  4553.00000    4.10270E-14
  4556.00000    4.13470E-14
  4559.00000    4.10440E-14
  4562.00000    4.10040E-14
  4565.00000    4.11650E-14
  4568.00000    4.15460E-14
  4571.00000    4.09160E-14
  4574.00000    3.94040E-14
  4577.00000    4.06200E-14
  4580.00000    3.93940E-14
  4583.00000    3.92120E-14
  4586.00000    3.92290E-14
  4589.00000    4.05820E-14
  4592.00000    4.06770E-14
  4595.00000    3.97060E-14
  4598.00000    3.99810E-14
  4601.00000    4.15090E-14
  4604.00000    4.08230E-14
  4607.00000    3.86950E-14
  4610.00000    4.05900E-14
  4613.00000    4.04550E-14
  4616.00000    4.06370E-14
  4619.00000    4.04630E-14
  4622.00000    4.17860E-14
  4625.00000    4.11280E-14
  4628.00000    4.06760E-14
  4631.00000    3.96760E-14
  4634.00000    3.98280E-14
  4637.00000    3.89820E-14
  4640.00000    4.12740E-14
  4643.00000    3.90010E-14
  4646.00000    4.20780E-14
  4649.00000    3.98530E-14
  4652.00000    3.88710E-14
  4655.00000    4.13620E-14
  4658.00000    4.18190E-14
  4661.00000    4.04740E-14
  4664.00000    4.15330E-14
  4667.00000    4.17250E-14
  4670.00000    4.02170E-14
  4673.00000    4.08310E-14
  4676.00000    4.10680E-14
  4679.00000    3.93550E-14
  4682.00000    4.06270E-14
  4685.00000    3.92720E-14
  4688.00000    4.16590E-14
  4691.00000    3.80850E-14
  4694.00000    3.92210E-14
  4697.00000    3.96040E-14
  4700.00000    3.86180E-14
  4703.00000    3.82880E-14
  4706.00000    3.91020E-14
  4709.00000    3.88130E-14
  4712.00000    3.83330E-14
  4715.00000    4.06640E-14
  4718.00000    4.01370E-14
  4721.00000    3.93980E-14
  4724.00000    4.07040E-14
  4727.00000    4.02140E-14
  4730.00000    3.85610E-14
  4733.00000    3.85930E-14
  4736.00000    4.03540E-14
  4739.00000    3.88450E-14
  4742.00000    3.94930E-14
  4745.00000    3.95550E-14
  4748.00000    4.06600E-14
  4751.00000    4.11090E-14
  4754.00000    4.09900E-14
  4757.00000    4.02550E-14
  4760.00000    4.08370E-14
  4763.00000    4.08870E-14
  4766.00000    3.98150E-14
  4769.00000    3.98540E-14
  4772.00000    3.92790E-14
  4775.00000    4.03460E-14
  4778.00000    4.03260E-14
  4781.00000    3.99350E-14
  4784.00000    4.12030E-14
  4787.00000    3.90420E-14
  4790.00000    3.96950E-14
  4793.00000    4.04620E-14
  4796.00000    3.98970E-14
  4799.00000    4.08920E-14
  4802.00000    4.09770E-14
  4805.00000    3.99710E-14
  4808.00000    4.07940E-14
  4811.00000    3.97730E-14
  4814.00000    3.97310E-14
  4817.00000    4.04740E-14
  4820.00000    4.09390E-14
  4823.00000    3.93650E-14
  4826.00000    3.98180E-14
  4829.00000    4.04590E-14
  4832.00000    3.87000E-14
  4835.00000    3.88780E-14
  4838.00000    3.87400E-14
  4841.00000    3.82480E-14
  4844.00000    3.82260E-14
  4847.00000    3.76100E-14
  4850.00000    3.72940E-14
  4853.00000    3.57790E-14
  4856.00000    3.24920E-14
  4859.00000    3.04970E-14
  4862.00000    2.63610E-14
  4865.00000    2.69030E-14
  4868.00000    3.07910E-14
  4871.00000    3.21900E-14
  4874.00000    3.46620E-14
  4877.00000    3.54490E-14
  4880.00000    3.82430E-14
  4883.00000    3.89740E-14
  4886.00000    3.80270E-14
  4889.00000    3.63060E-14
  4892.00000    3.78160E-14
  4895.00000    3.80270E-14
  4898.00000    3.93590E-14
  4901.00000    3.97900E-14
  4904.00000    4.03940E-14
  4907.00000    3.87020E-14
  4910.00000    3.96580E-14
  4913.00000    3.91830E-14
  4916.00000    3.88810E-14
  4919.00000    3.85380E-14
  4922.00000    3.74550E-14
  4925.00000    3.67920E-14
  4928.00000    3.93750E-14
  4931.00000    3.97850E-14
  4934.00000    3.90970E-14
  4937.00000    3.78660E-14
  4940.00000    3.90230E-14
  4943.00000    3.84730E-14
  4946.00000    3.80470E-14
  4949.00000    4.00400E-14
  4952.00000    4.07860E-14
  4955.00000    3.85190E-14
  4958.00000    3.88840E-14
  4961.00000    3.87650E-14
  4964.00000    4.03000E-14
  4967.00000    3.93490E-14
  4970.00000    3.84190E-14
  4973.00000    3.83920E-14
  4976.00000    3.95750E-14
  4979.00000    3.96370E-14
  4982.00000    3.82480E-14
  4985.00000    3.75210E-14
  4988.00000    3.84970E-14
  4991.00000    3.76440E-14
  4994.00000    3.85360E-14
  4997.00000    3.84330E-14
  5000.00000    3.81590E-14
  5003.00000    3.75080E-14
  5006.00000    3.52970E-14
  5009.00000    3.79360E-14
  5012.00000    3.69320E-14
  5015.00000    3.67430E-14
  5018.00000    3.71230E-14
  5021.00000    3.58800E-14
  5024.00000    3.71320E-14
  5027.00000    3.73080E-14
  5030.00000    3.85590E-14
  5033.00000    3.70220E-14
  5036.00000    3.73560E-14
  5039.00000    3.76930E-14
  5042.00000    3.76740E-14
  5045.00000    3.81370E-14
  5048.00000    3.85780E-14
  5051.00000    3.70380E-14
  5054.00000    3.84060E-14
  5057.00000    3.82070E-14
  5060.00000    3.86020E-14
  5063.00000    3.87360E-14
  5066.00000    3.75010E-14
  5069.00000    3.77570E-14
  5072.00000    3.70360E-14
  5075.00000    3.81310E-14
  5078.00000    3.64210E-14
  5081.00000    3.81910E-14
  5084.00000    3.75550E-14
  5087.00000    3.78250E-14
  5090.00000    3.86660E-14
  5093.00000    3.94880E-14
  5096.00000    3.82060E-14
  5099.00000    3.82240E-14
  5102.00000    3.74050E-14
  5105.00000    3.66550E-14
  5108.00000    3.84570E-14
  5111.00000    3.75100E-14
  5114.00000    3.70850E-14
  5117.00000    3.86550E-14
  5120.00000    3.60440E-14
  5123.00000    3.78990E-14
  5126.00000    3.65190E-14
  5129.00000    3.75880E-14
  5132.00000    3.48320E-14
  5135.00000    3.70520E-14
  5138.00000    3.66160E-14
  5141.00000    3.77710E-14
  5144.00000    3.80750E-14
  5147.00000    3.67500E-14
  5150.00000    3.80500E-14
  5153.00000    3.63760E-14
  5156.00000    3.66920E-14
  5159.00000    3.78800E-14
  5162.00000    3.74000E-14
  5165.00000    3.63150E-14
  5168.00000    3.62240E-14
  5171.00000    3.46230E-14
  5174.00000    3.41590E-14
  5177.00000    3.56730E-14
  5180.00000    3.77280E-14
  5183.00000    3.48480E-14
  5186.00000    3.53460E-14
  5189.00000    3.52380E-14
  5192.00000    3.65600E-14
  5195.00000    3.58570E-14
  5198.00000    3.49230E-14
  5201.00000    3.68520E-14
  5204.00000    3.61420E-14
  5207.00000    3.52690E-14
  5210.00000    3.50640E-14
  5213.00000    3.84010E-14
  5216.00000    3.59800E-14
  5219.00000    3.68250E-14
  5222.00000    3.61890E-14
  5225.00000    3.73620E-14
  5228.00000    3.56530E-14
  5231.00000    3.69370E-14
  5234.00000    3.51430E-14
  5237.00000    3.73580E-14
  5240.00000    3.72070E-14
  5243.00000    3.67650E-14
  5246.00000    3.59490E-14
  5249.00000    3.64040E-14
  5252.00000    3.71830E-14
  5255.00000    3.67030E-14
  5258.00000    3.76800E-14
  5261.00000    3.60640E-14
  5264.00000    3.65180E-14
  5267.00000    3.51340E-14
  5270.00000    3.60040E-14
  5273.00000    3.64610E-14
  5276.00000    3.49240E-14
  5279.00000    3.59910E-14
  5282.00000    3.57130E-14
  5285.00000    3.68980E-14
  5288.00000    3.78270E-14
  5291.00000    3.67210E-14
  5294.00000    3.76750E-14
  5297.00000    3.68660E-14
  5300.00000    3.81010E-14
  5303.00000    3.73150E-14
  5306.00000    3.77970E-14
  5309.00000    3.78790E-14
  5312.00000    3.73860E-14
  5315.00000    3.89020E-14
  5318.00000    3.74010E-14
  5321.00000    3.63030E-14
  5324.00000    3.58320E-14
  5327.00000    3.74390E-14
  5330.00000    3.68880E-14
  5333.00000    3.70590E-14
  5336.00000    3.60330E-14
  5339.00000    3.55620E-14
  5342.00000    3.78660E-14
  5345.00000    3.67630E-14
  5348.00000    3.69250E-14
  5351.00000    3.75440E-14
  5354.00000    3.69360E-14
  5357.00000    3.65660E-14
  5360.00000    3.60090E-14
  5363.00000    3.64830E-14
  5366.00000    3.65260E-14
  5369.00000    3.63040E-14
  5372.00000    3.59780E-14
  5375.00000    3.62650E-14
  5378.00000    3.63660E-14
  5381.00000    3.63010E-14
  5384.00000    3.71340E-14
  5387.00000    3.69600E-14
  5390.00000    3.74950E-14
  5393.00000    3.75890E-14
  5396.00000    3.60900E-14
  5399.00000    3.55420E-14
  5402.00000    3.59410E-14
  5405.00000    3.51470E-14
  5408.00000    3.63790E-14
  5411.00000    3.62650E-14
  5414.00000    3.60570E-14
  5417.00000    3.64840E-14
  5420.00000    3.64210E-14
  5423.00000    3.67880E-14
  5426.00000    3.77020E-14
  5429.00000    3.58780E-14
  5432.00000    3.50460E-14
  5435.00000    3.78760E-14
  5438.00000    3.71470E-14
  5441.00000    3.62450E-14
  5444.00000    3.75270E-14
  5447.00000    3.79550E-14
  5450.00000    3.68690E-14
  5453.00000    3.78100E-14
  5456.00000    3.58870E-14
  5459.00000    3.50990E-14
  5462.00000    3.48850E-14
  5465.00000    3.72430E-14
  5468.00000    3.53200E-14
  5471.00000    3.66760E-14
  5474.00000    3.57930E-14
  5477.00000    3.62350E-14
  5480.00000    3.49510E-14
  5483.00000    3.42840E-14
  5486.00000    3.62870E-14
  5489.00000    3.56210E-14
  5492.00000    3.59980E-14
  5495.00000    3.67350E-14
  5498.00000    3.61790E-14
  5501.00000    3.57810E-14
  5504.00000    3.62900E-14
  5507.00000    3.61640E-14
  5510.00000    3.59190E-14
  5513.00000    3.56860E-14
  5516.00000    3.60080E-14
  5519.00000    3.53340E-14
  5522.00000    3.67660E-14
  5525.00000    3.70700E-14
  5528.00000    3.69430E-14
  5531.00000    3.44410E-14
  5534.00000    3.62750E-14
  5537.00000    3.65680E-14
  5540.00000    3.69450E-14
  5543.00000    3.60090E-14
  5546.00000    3.63810E-14
  5549.00000    3.55910E-14
  5552.00000    3.66690E-14
  5555.00000    3.64810E-14
  5558.00000    3.54470E-14
  5561.00000    3.68000E-14
  5564.00000    3.63150E-14
  5567.00000    3.70720E-14
  5570.00000    3.64580E-14
  5573.00000    3.74870E-14
  5576.00000    3.54740E-14
  5579.00000    3.55310E-14
  5582.00000    3.55260E-14
  5585.00000    3.52230E-14
  5588.00000    3.53100E-14
  5591.00000    3.60050E-14
  5594.00000    3.55450E-14
  5597.00000    3.65760E-14
  5600.00000    3.58360E-14
  5603.00000    3.60520E-14
  5606.00000    3.55890E-14
  5609.00000    3.66200E-14
  5612.00000    3.78690E-14
  5615.00000    3.48040E-14
  5618.00000    3.57120E-14
  5621.00000    3.54700E-14
  5624.00000    3.43340E-14
  5627.00000    3.52560E-14
  5630.00000    3.58660E-14
  5633.00000    3.50840E-14
  5636.00000    3.74550E-14
  5639.00000    3.51570E-14
  5642.00000    3.53680E-14
  5645.00000    3.61840E-14
  5648.00000    3.71620E-14
  5651.00000    3.63500E-14
  5654.00000    3.57020E-14
  5657.00000    3.40040E-14
  5660.00000    3.59090E-14
  5663.00000    3.64280E-14
  5666.00000    3.49520E-14
  5669.00000    3.67160E-14
  5672.00000    3.52820E-14
  5675.00000    3.56940E-14
  5678.00000    3.62270E-14
  5681.00000    3.75790E-14
  5684.00000    3.51300E-14
  5687.00000    3.64690E-14
  5690.00000    3.59720E-14
  5693.00000    3.67740E-14
  5696.00000    3.58430E-14
  5699.00000    3.66030E-14
  5702.00000    3.52230E-14
  5705.00000    3.58810E-14
  5708.00000    3.54600E-14
  5711.00000    3.30640E-14
  5714.00000    3.68290E-14
  5717.00000    3.47680E-14
  5720.00000    3.59440E-14
  5723.00000    3.68590E-14
  5726.00000    3.70780E-14
  5729.00000    3.61290E-14
  5732.00000    3.64240E-14
  5735.00000    3.49770E-14
  5738.00000    3.69110E-14
  5741.00000    3.60630E-14
  5744.00000    3.56650E-14
  5747.00000    3.63010E-14
  5750.00000    3.60410E-14
  5753.00000    3.70550E-14
  5756.00000    3.51380E-14
  5759.00000    3.61720E-14
  5762.00000    3.61860E-14
  5765.00000    3.72770E-14
  5768.00000    3.70190E-14
  5771.00000    3.67220E-14
  5774.00000    3.68870E-14
  5777.00000    3.74180E-14
  5780.00000    3.66760E-14
  5783.00000    3.61010E-14
  5786.00000    3.41980E-14
  5789.00000    3.61540E-14
  5792.00000    3.63300E-14
  5795.00000    3.55100E-14
  5798.00000    3.64470E-14
  5801.00000    3.61520E-14
  5804.00000    3.55440E-14
  5807.00000    3.65200E-14
  5810.00000    3.60740E-14
  5813.00000    3.54930E-14
  5816.00000    3.62790E-14
  5819.00000    3.60420E-14
  5822.00000    3.59270E-14
  5825.00000    3.74120E-14
  5828.00000    3.53320E-14
  5831.00000    3.67300E-14
  5834.00000    3.73990E-14
  5837.00000    3.73550E-14
  5840.00000    3.63870E-14
  5843.00000    3.65920E-14
  5846.00000    3.63150E-14
  5849.00000    3.61940E-14
  5852.00000    3.57310E-14
  5855.00000    3.56430E-14
  5858.00000    3.44890E-14
  5861.00000    3.58150E-14
  5864.00000    3.48340E-14
  5867.00000    3.51700E-14
  5870.00000    3.53670E-14
  5873.00000    3.54350E-14
  5876.00000    3.46340E-14
  5879.00000    3.47330E-14
  5882.00000    3.50160E-14
  5885.00000    3.41280E-14
  5888.00000    3.48170E-14
  5891.00000    3.33960E-14
  5894.00000    3.28530E-14
  5897.00000    3.25300E-14
  5900.00000    3.36720E-14
  5903.00000    3.44280E-14
  5906.00000    3.42670E-14
  5909.00000    3.39440E-14
  5912.00000    3.47500E-14
  5915.00000    3.53620E-14
  5918.00000    3.51720E-14
  5921.00000    3.37380E-14
  5924.00000    3.45890E-14
  5927.00000    3.47310E-14
  5930.00000    3.76530E-14
  5933.00000    3.39150E-14
  5936.00000    3.48920E-14
  5939.00000    3.50470E-14
  5942.00000    3.44910E-14
  5945.00000    3.47650E-14
  5948.00000    3.53540E-14
  5951.00000    3.42310E-14
  5954.00000    3.40160E-14
  5957.00000    3.58470E-14
  5960.00000    3.38540E-14
  5963.00000    3.57750E-14
  5966.00000    3.55450E-14
  5969.00000    3.49980E-14
  5972.00000    3.56770E-14
  5975.00000    3.68100E-14
  5978.00000    3.57680E-14
  5981.00000    3.54150E-14
  5984.00000    3.42690E-14
  5987.00000    3.42110E-14
  5990.00000    3.60150E-14
  5993.00000    3.56890E-14
  5996.00000    3.44880E-14
  5999.00000    3.70080E-14
  6002.00000    3.65060E-14
  6005.00000    3.49760E-14
  6008.00000    3.50050E-14
  6011.00000    3.51820E-14
  6014.00000    3.49060E-14
  6017.00000    3.42960E-14
  6020.00000    3.42460E-14
  6023.00000    3.42050E-14
  6026.00000    3.47150E-14
  6029.00000    3.47670E-14
  6032.00000    3.75230E-14
  6035.00000    3.54760E-14
  6038.00000    3.45210E-14
  6041.00000    3.53710E-14
  6044.00000    3.57930E-14
  6047.00000    3.52070E-14
  6050.00000    3.51530E-14
  6053.00000    3.50950E-14
  6056.00000    3.69620E-14
  6059.00000    3.48150E-14
  6062.00000    3.55390E-14
  6065.00000    3.61290E-14
  6068.00000    3.44600E-14
  6071.00000    3.64570E-14
  6074.00000    3.56380E-14
  6077.00000    3.61850E-14
  6080.00000    3.62820E-14
  6083.00000    3.42460E-14
  6086.00000    3.59140E-14
  6089.00000    3.36140E-14
  6092.00000    3.48210E-14
  6095.00000    3.55310E-14
  6098.00000    3.56810E-14
  6101.00000    3.48040E-14
  6104.00000    3.53590E-14
  6107.00000    3.52140E-14
  6110.00000    3.64870E-14
  6113.00000    3.52240E-14
  6116.00000    3.49550E-14
  6119.00000    3.31360E-14
  6122.00000    3.42000E-14
  6125.00000    3.38000E-14
  6128.00000    3.50430E-14
  6131.00000    3.55550E-14
  6134.00000    3.56360E-14
  6137.00000    3.47590E-14
  6140.00000    3.50990E-14
  6143.00000    3.57280E-14
  6146.00000    3.53440E-14
  6149.00000    3.58150E-14
  6152.00000    3.46680E-14
  6155.00000    3.37170E-14
  6158.00000    3.46690E-14
  6161.00000    3.35170E-14
  6164.00000    3.31660E-14
  6167.00000    3.40650E-14
  6170.00000    3.44360E-14
  6173.00000    3.39950E-14
  6176.00000    3.34990E-14
  6179.00000    3.38970E-14
  6182.00000    3.42580E-14
  6185.00000    3.40220E-14
  6188.00000    3.38620E-14
  6191.00000    3.37630E-14
  6194.00000    3.35430E-14
  6197.00000    3.44940E-14
  6200.00000    3.41950E-14
  6203.00000    3.44310E-14
  6206.00000    3.48660E-14
  6209.00000    3.50720E-14
  6212.00000    3.35500E-14
  6215.00000    3.31550E-14
  6218.00000    3.39380E-14
  6221.00000    3.23770E-14
  6224.00000    3.31390E-14
  6227.00000    3.39750E-14
  6230.00000    3.38050E-14
  6233.00000    3.41360E-14
  6236.00000    3.33130E-14
  6239.00000    3.27160E-14
  6242.00000    3.28860E-14
  6245.00000    3.33490E-14
  6248.00000    3.27700E-14
  6251.00000    3.24240E-14
  6254.00000    3.43770E-14
  6257.00000    3.35790E-14
  6260.00000    3.31880E-14
  6263.00000    3.30330E-14
  6266.00000    3.49090E-14
  6269.00000    3.53510E-14
  6272.00000    3.37670E-14
  6275.00000    3.32180E-14
  6278.00000    3.28310E-14
  6281.00000    3.23750E-14
  6284.00000    3.24940E-14
  6287.00000    3.30910E-14
  6290.00000    3.38720E-14
  6293.00000    3.33380E-14
  6296.00000    3.34940E-14
  6299.00000    3.47910E-14
  6302.00000    3.30250E-14
  6305.00000    3.38610E-14
  6308.00000    3.42480E-14
  6311.00000    3.39840E-14
  6314.00000    3.25940E-14
  6317.00000    3.42630E-14
  6320.00000    3.32400E-14
  6323.00000    3.34440E-14
  6326.00000    3.40840E-14
  6329.00000    3.36230E-14
  6332.00000    3.24320E-14
  6335.00000    3.43600E-14
  6338.00000    3.31600E-14
  6341.00000    3.45690E-14
  6344.00000    3.45870E-14
  6347.00000    3.37050E-14
  6350.00000    3.40320E-14
  6353.00000    3.47880E-14
  6356.00000    3.43080E-14
  6359.00000    3.51730E-14
  6362.00000    3.39720E-14
  6365.00000    3.38460E-14
  6368.00000    3.55230E-14
  6371.00000    3.41420E-14
  6374.00000    3.51830E-14
  6377.00000    3.45220E-14
  6380.00000    3.56480E-14
  6383.00000    3.49350E-14
  6386.00000    3.59290E-14
  6389.00000    3.49470E-14
  6392.00000    3.28420E-14
  6395.00000    3.47420E-14
  6398.00000    3.30840E-14
  6401.00000    3.47760E-14
  6404.00000    3.32920E-14
  6407.00000    3.42250E-14
  6410.00000    3.50180E-14
  6413.00000    3.49160E-14
  6416.00000    3.42990E-14
  6419.00000    3.50600E-14
  6422.00000    3.39780E-14
  6425.00000    3.48600E-14
  6428.00000    3.39780E-14
  6431.00000    3.43080E-14
  6434.00000    3.46580E-14
  6437.00000    3.39730E-14
  6440.00000    3.29630E-14
  6443.00000    3.45990E-14
  6446.00000    3.56840E-14
  6449.00000    3.43590E-14
  6452.00000    3.36940E-14
  6455.00000    3.46630E-14
  6458.00000    3.39580E-14
  6461.00000    3.44130E-14
  6464.00000    3.46870E-14
  6467.00000    3.48800E-14
  6470.00000    3.50150E-14
  6473.00000    3.43840E-14
  6476.00000    3.55940E-14
  6479.00000    3.43780E-14
  6482.00000    3.39730E-14
  6485.00000    3.43230E-14
  6488.00000    3.43040E-14
  6491.00000    3.31430E-14
  6494.00000    3.22350E-14
  6497.00000    3.28500E-14
  6500.00000    3.37030E-14
  6503.00000    3.30480E-14
  6506.00000    3.29070E-14
  6509.00000    3.38510E-14
  6512.00000    3.46330E-14
  6515.00000    3.31430E-14
  6518.00000    3.47630E-14
  6521.00000    3.41130E-14
  6524.00000    3.34310E-14
  6527.00000    3.49670E-14
  6530.00000    3.41050E-14
  6533.00000    3.56380E-14
  6536.00000    3.59320E-14
  6539.00000    3.36900E-14
  6542.00000    3.22370E-14
  6545.00000    3.36740E-14
  6548.00000    3.35200E-14
  6551.00000    3.29620E-14
  6554.00000    3.22560E-14
  6557.00000    3.06950E-14
  6560.00000    2.78310E-14
  6563.00000    2.77700E-14
  6566.00000    2.71930E-14
  6569.00000    2.81960E-14
  6572.00000    2.98980E-14
  6575.00000    3.01180E-14
  6578.00000    3.30690E-14
  6581.00000    3.25780E-14
  6584.00000    3.20300E-14
  6587.00000    3.29770E-14
  6590.00000    3.46750E-14
  6593.00000    3.35340E-14
  6596.00000    3.37460E-14
  6599.00000    3.37420E-14
  6602.00000    3.29900E-14
  6605.00000    3.28960E-14
  6608.00000    3.29300E-14
  6611.00000    3.36760E-14
  6614.00000    3.47690E-14
  6617.00000    3.34190E-14
  6620.00000    3.38960E-14
  6623.00000    3.43570E-14
  6626.00000    3.33110E-14
  6629.00000    3.33690E-14
  6632.00000    3.41580E-14
  6635.00000    3.44850E-14
  6638.00000    3.22350E-14
  6641.00000    3.36840E-14
  6644.00000    3.27850E-14
  6647.00000    3.29240E-14
  6650.00000    3.38770E-14
  6653.00000    3.31470E-14
  6656.00000    3.34960E-14
  6659.00000    3.51440E-14
  6662.00000    3.37480E-14
  6665.00000    3.41470E-14
  6668.00000    3.31620E-14
  6671.00000    3.35290E-14
  6674.00000    3.15760E-14
  6677.00000    3.27970E-14
  6680.00000    3.16310E-14
  6683.00000    3.21920E-14
  6686.00000    3.24740E-14
  6689.00000    3.28970E-14
  6692.00000    3.28560E-14
  6695.00000    3.22020E-14
  6698.00000    3.42720E-14
  6701.00000    3.21380E-14
  6704.00000    3.35570E-14
  6707.00000    3.24550E-14
  6710.00000    3.32030E-14
  6713.00000    3.29320E-14
  6716.00000    3.23110E-14
  6719.00000    3.15170E-14
  6722.00000    3.30530E-14
  6725.00000    3.09560E-14
  6728.00000    3.34250E-14
  6731.00000    3.40110E-14
  6734.00000    3.40490E-14
  6737.00000    3.39320E-14
  6740.00000    3.35190E-14
  6743.00000    3.29080E-14
  6746.00000    3.20180E-14
  6749.00000    3.27230E-14
  6752.00000    3.29130E-14
  6755.00000    3.24770E-14
  6758.00000    3.29940E-14
  6761.00000    3.28550E-14
  6764.00000    3.15900E-14
  6767.00000    3.36900E-14
  6770.00000    3.44100E-14
  6773.00000    3.20490E-14
  6776.00000    3.37090E-14
  6779.00000    3.24740E-14
  6782.00000    3.28070E-14
  6785.00000    3.29320E-14
  6788.00000    3.15880E-14
  6791.00000    3.38020E-14
  6794.00000    3.31460E-14
  6797.00000    3.29770E-14
  6800.00000    3.34410E-14
  6803.00000    3.30340E-14
  6806.00000    3.41010E-14
  6809.00000    3.23880E-14
  6812.00000    3.21300E-14
  6815.00000    3.28940E-14
  6818.00000    3.21940E-14
  6821.00000    3.36470E-14
  6824.00000    3.42550E-14
  6827.00000    3.37950E-14
  6830.00000    3.19740E-14
  6833.00000    3.22260E-14
  6836.00000    3.21970E-14
  6839.00000    3.29670E-14
  6842.00000    3.38700E-14
  6845.00000    3.26340E-14
  6848.00000    3.53650E-14
  6851.00000    3.15110E-14
  6854.00000    3.25640E-14
  6857.00000    3.22810E-14
  6860.00000    3.25800E-14
  6863.00000    3.30170E-14
  6866.00000    3.16870E-14
  6869.00000    3.25410E-14
  6872.00000    3.29440E-14
  6875.00000    3.32000E-14
  6878.00000    3.30330E-14
  6881.00000    3.34790E-14
  6884.00000    3.24230E-14
  6887.00000    3.19380E-14
  6890.00000    3.34780E-14
  6893.00000    3.25300E-14
  6896.00000    3.18040E-14
  6899.00000    3.20120E-14
  6902.00000    3.32710E-14
  6905.00000    3.20330E-14
  6908.00000    3.23730E-14
  6911.00000    3.27330E-14
  6914.00000    3.40290E-14
  6917.00000    3.28530E-14
  6920.00000    3.39160E-14
  6923.00000    3.25400E-14
  6926.00000    3.24570E-14
  6929.00000    3.29880E-14
  6932.00000    3.47040E-14
  6935.00000    3.35030E-14
  6938.00000    3.41510E-14
  6941.00000    3.28840E-14
  6944.00000    3.31350E-14
  6947.00000    3.38720E-14
  6950.00000    3.32520E-14
  6953.00000    3.27950E-14
  6956.00000    3.37910E-14
  6959.00000    3.22830E-14
  6962.00000    3.31270E-14
  6965.00000    3.30820E-14
  6968.00000    3.40200E-14
  6971.00000    3.25240E-14
  6974.00000    3.39720E-14
  6977.00000    3.41810E-14
  6980.00000    3.34300E-14
  6983.00000    3.30610E-14
  6986.00000    3.19560E-14
  6989.00000    3.40620E-14
  6992.00000    3.21760E-14
  6995.00000    3.41510E-14
  6998.00000    3.38050E-14
  7001.00000    3.41740E-14
  7004.00000    3.36670E-14
  7007.00000    3.37170E-14
  7010.00000    3.32750E-14
  7013.00000    3.33080E-14
  7016.00000    3.28460E-14
  7019.00000    3.30090E-14
  7022.00000    3.32270E-14
  7025.00000    3.40830E-14
  7028.00000    3.41360E-14
  7031.00000    3.36290E-14
  7034.00000    3.48040E-14
  7037.00000    3.43100E-14
  7040.00000    3.43950E-14
  7043.00000    3.47320E-14
  7046.00000    3.48840E-14
  7049.00000    3.50210E-14
  7052.00000    3.29470E-14
  7055.00000    3.49630E-14
  7058.00000    3.36560E-14
  7061.00000    3.25060E-14
  7064.00000    3.26030E-14
  7067.00000    3.29770E-14
  7070.00000    3.26270E-14
  7073.00000    3.34050E-14
  7076.00000    3.25010E-14
  7079.00000    3.29310E-14
  7082.00000    3.27820E-14
  7085.00000    3.31820E-14
  7088.00000    3.18290E-14
  7091.00000    3.24120E-14
  7094.00000    3.18600E-14
  7097.00000    3.17980E-14
  7100.00000    3.45610E-14
  7103.00000    3.12960E-14
  7106.00000    3.36610E-14
  7109.00000    3.31540E-14
  7112.00000    3.25650E-14
  7115.00000    3.13780E-14
  7118.00000    3.31900E-14
  7121.00000    3.32260E-14
  7124.00000    3.25590E-14
  7127.00000    3.16910E-14
  7130.00000    3.17020E-14
  7133.00000    3.24740E-14
  7136.00000    3.08750E-14
  7139.00000    3.18280E-14
  7142.00000    3.13180E-14
  7145.00000    3.13720E-14
  7148.00000    3.10010E-14
  7151.00000    3.30800E-14
  7154.00000    3.14250E-14
  7157.00000    3.18450E-14
  7160.00000    3.30500E-14
  7163.00000    3.23370E-14
  7166.00000    3.14910E-14
  7169.00000    3.03750E-14
  7172.00000    3.13510E-14
  7175.00000    3.40450E-14
  7178.00000    3.02540E-14
  7181.00000    3.07330E-14
  7184.00000    3.08230E-14
  7187.00000    3.02460E-14
  7190.00000    2.98850E-14
  7193.00000    2.99870E-14
  7196.00000    3.07120E-14
  7199.00000    3.04190E-14
  7202.00000    3.20560E-14
  7205.00000    3.18120E-14
  7208.00000    3.16190E-14
  7211.00000    3.17760E-14
  7214.00000    3.21830E-14
  7217.00000    3.24850E-14
  7220.00000    3.26470E-14
  7223.00000    3.20820E-14
  7226.00000    3.12180E-14
  7229.00000    3.45900E-14
  7232.00000    3.28740E-14
  7235.00000    3.28530E-14
  7238.00000    3.29500E-14
  7241.00000    3.35040E-14
  7244.00000    3.31900E-14
  7247.00000    3.27360E-14
  7250.00000    3.14030E-14
  7253.00000    3.40560E-14
  7256.00000    3.23450E-14
  7259.00000    3.35630E-14
  7262.00000    3.20020E-14
  7265.00000    3.25390E-14
  7268.00000    3.34480E-14
  7271.00000    3.31310E-14
  7274.00000    3.21740E-14
  7277.00000    3.28770E-14
  7280.00000    3.26900E-14
  7283.00000    3.25870E-14
  7286.00000    3.39240E-14
  7289.00000    3.29640E-14
  7292.00000    3.13400E-14
  7295.00000    3.29640E-14
  7298.00000    3.29180E-14
  7301.00000    3.41410E-14
  7304.00000    3.32210E-14
  7307.00000    3.27360E-14
  7310.00000    3.35980E-14
  7313.00000    3.39450E-14
  7316.00000    3.43820E-14
  7319.00000    3.35810E-14
  7322.00000    3.32900E-14
  7325.00000    3.42930E-14
  7328.00000    3.44530E-14
  7331.00000    3.39600E-14
  7334.00000    3.42950E-14
  7337.00000    3.46870E-14
  7340.00000    3.38970E-14
  7343.00000    3.37310E-14
  7346.00000    3.58560E-14
  7349.00000    3.39000E-14
  7352.00000    3.38320E-14
  7355.00000    3.47780E-14
  7358.00000    3.34490E-14
  7361.00000    3.43370E-14
  7364.00000    3.36920E-14
  7367.00000    3.45020E-14
  7370.00000    3.42020E-14
  7373.00000    3.58380E-14
  7376.00000    3.45470E-14
  7379.00000    3.41280E-14
  7382.00000    3.42680E-14
  7385.00000    3.54440E-14
  7388.00000    3.42120E-14
  7391.00000    3.38490E-14
  7394.00000    3.35790E-14
  7397.00000    3.53510E-14
  7400.00000    3.42620E-14
  7403.00000    3.44140E-14
  7406.00000    3.34450E-14
  7409.00000    3.56670E-14
  7412.00000    3.55910E-14
  7415.00000    3.26120E-14
  7418.00000    3.48340E-14
  7421.00000    3.48440E-14
  7424.00000    3.45810E-14
  7427.00000    3.36420E-14
  7430.00000    3.46940E-14
  7433.00000    3.52380E-14
  7436.00000    3.54750E-14
  7439.00000    3.48360E-14
  7442.00000    3.54270E-14
  7445.00000    3.37680E-14
  7448.00000    3.28900E-14
  7451.00000    3.39000E-14
  7454.00000    3.40150E-14
  7457.00000    3.53840E-14
  7460.00000    3.49370E-14
  7463.00000    3.48080E-14
  7466.00000    3.37780E-14
  7469.00000    3.31120E-14
  7472.00000    3.41680E-14
  7475.00000    3.41800E-14
  7478.00000    3.46770E-14
  7481.00000    3.48870E-14
  7484.00000    3.53680E-14
  7487.00000    3.55290E-14
  7490.00000    3.45030E-14
  7493.00000    3.46110E-14
  7496.00000    3.27130E-14
  7499.00000    3.53850E-14
  7502.00000    3.35800E-14
  7505.00000    3.60460E-14
  7508.00000    3.47530E-14
  7511.00000    3.36530E-14
  7514.00000    3.66250E-14
  7517.00000    3.63360E-14
  7520.00000    3.43740E-14
  7523.00000    3.56260E-14
  7526.00000    3.51390E-14
  7529.00000    3.52390E-14
  7532.00000    3.39970E-14
  7535.00000    3.51070E-14
  7538.00000    3.51020E-14
  7541.00000    3.50500E-14
  7544.00000    3.68670E-14
  7547.00000    3.58130E-14
  7550.00000    3.51030E-14
  7553.00000    3.55820E-14
  7556.00000    3.60030E-14
  7559.00000    3.26940E-14
  7562.00000    3.47480E-14
  7565.00000    3.49060E-14
  7568.00000    3.50260E-14
  7571.00000    3.53350E-14
  7574.00000    3.45350E-14
  7577.00000    3.42380E-14
  7580.00000    3.46480E-14
  7583.00000    3.57440E-14
  7586.00000    3.56810E-14
  7589.00000    3.31830E-14
  7592.00000    3.60550E-14
  7595.00000    3.38680E-14
  7598.00000    3.44750E-14
  7601.00000    3.43590E-14
  7604.00000    3.29080E-14
  7607.00000    3.44150E-14
  7610.00000    3.38400E-14
  7613.00000    3.34030E-14
  7616.00000    3.30390E-14
  7619.00000    3.44570E-14
  7622.00000    3.24820E-14
  7625.00000    3.31010E-14
  7628.00000    3.38340E-14
  7631.00000    3.40180E-14
  7634.00000    3.23910E-14
  7637.00000    3.38020E-14
  7640.00000    3.56520E-14
  7643.00000    3.38690E-14
  7646.00000    3.41580E-14
  7649.00000    3.27350E-14
  7652.00000    3.22260E-14
  7655.00000    3.29130E-14
  7658.00000    3.29140E-14
  7661.00000    3.15370E-14
  7664.00000    3.21070E-14
  7667.00000    3.08030E-14
  7670.00000    3.30390E-14
  7673.00000    3.27050E-14
  7676.00000    3.30830E-14
  7679.00000    3.21220E-14
  7682.00000    3.30640E-14
  7685.00000    3.34930E-14
  7688.00000    3.30540E-14
  7691.00000    3.17930E-14
  7694.00000    3.30510E-14
  7697.00000    3.40800E-14
  7700.00000    3.31080E-14
  7703.00000    3.27940E-14
  7706.00000    3.30320E-14
  7709.00000    3.20720E-14
  7712.00000    3.19540E-14
  7715.00000    3.24240E-14
  7718.00000    3.24170E-14
  7721.00000    3.26610E-14
  7724.00000    3.25330E-14
  7727.00000    3.33230E-14
  7730.00000    3.34500E-14
  7733.00000    3.20580E-14
  7736.00000    3.42680E-14
  7739.00000    3.36400E-14
  7742.00000    3.22580E-14
  7745.00000    3.23570E-14
  7748.00000    3.21250E-14
  7751.00000    3.12470E-14
  7754.00000    3.26780E-14
  7757.00000    3.25560E-14
  7760.00000    3.21230E-14
  7763.00000    3.22410E-14
  7766.00000    3.23570E-14
  7769.00000    3.15660E-14
  7772.00000    3.15190E-14
  7775.00000    3.20010E-14
  7778.00000    3.14340E-14
  7781.00000    3.15120E-14
  7784.00000    3.25820E-14
  7787.00000    3.26450E-14
  7790.00000    3.06450E-14
  7793.00000    3.10310E-14
  7796.00000    3.29730E-14
  7799.00000    3.27030E-14
  7802.00000    3.15990E-14
  7805.00000    3.26420E-14
  7808.00000    3.31590E-14
  7811.00000    3.26430E-14
  7814.00000    3.28580E-14
  7817.00000    3.27180E-14
  7820.00000    3.36860E-14
  7823.00000    3.33060E-14
  7826.00000    3.29040E-14
  7829.00000    3.42400E-14
  7832.00000    3.37400E-14
  7835.00000    3.23980E-14
  7838.00000    3.28100E-14
  7841.00000    3.27690E-14
  7844.00000    3.35130E-14
  7847.00000    3.51970E-14
  7850.00000    3.33330E-14
  7853.00000    3.31390E-14
  7856.00000    3.34560E-14
  7859.00000    3.28670E-14
  7862.00000    3.28680E-14
  7865.00000    3.25180E-14
  7868.00000    3.27850E-14
  7871.00000    3.45190E-14
  7874.00000    3.43970E-14
  7877.00000    3.22480E-14
  7880.00000    3.38160E-14
  7883.00000    3.32580E-14
  7886.00000    3.37590E-14
  7889.00000    3.28780E-14
  7892.00000    3.47570E-14
  7895.00000    3.44500E-14
  7898.00000    3.37470E-14
  7901.00000    3.27800E-14
  7904.00000    3.26890E-14
  7907.00000    3.30310E-14
  7910.00000    3.34270E-14
  7913.00000    3.16510E-14
  7916.00000    3.31090E-14
  7919.00000    3.17530E-14
  7922.00000    3.24850E-14
  7925.00000    3.18910E-14
  7928.00000    3.21810E-14
  7931.00000    3.31170E-14
  7934.00000    3.30340E-14
  7937.00000    3.31850E-14
  7940.00000    3.30280E-14
  7943.00000    3.31200E-14
  7946.00000    3.27020E-14
  7949.00000    3.21950E-14
  7952.00000    3.16520E-14
  7955.00000    3.27040E-14
  7958.00000    3.29200E-14
  7961.00000    3.31170E-14
  7964.00000    3.16520E-14
  7967.00000    3.30290E-14
  7970.00000    3.29730E-14
  7973.00000    3.22820E-14
  7976.00000    3.30240E-14
  7979.00000    3.54690E-14
  7982.00000    3.27280E-14
  7985.00000    3.29990E-14
  7988.00000    3.14360E-14
  7991.00000    3.40980E-14
  7994.00000    3.27210E-14
  7997.00000    3.42330E-14
  8000.00000    3.32640E-14
  8003.00000    3.25840E-14
  8006.00000    3.26100E-14
  8009.00000    3.47820E-14
  8012.00000    3.28030E-14
  8015.00000    3.33080E-14
  8018.00000    3.30200E-14
  8021.00000    3.37840E-14
  8024.00000    3.31370E-14
  8027.00000    3.34320E-14
  8030.00000    3.26200E-14
  8033.00000    3.41590E-14
  8036.00000    3.37410E-14
  8039.00000    3.33550E-14
  8042.00000    3.36400E-14
  8045.00000    3.49350E-14
  8048.00000    3.40210E-14
  8051.00000    3.47030E-14
  8054.00000    3.38880E-14
  8057.00000    3.34730E-14
  8060.00000    3.50530E-14
  8063.00000    3.37620E-14
  8066.00000    3.38070E-14
  8069.00000    3.44690E-14
  8072.00000    3.27960E-14
  8075.00000    3.17430E-14
  8078.00000    3.22460E-14
  8081.00000    3.39850E-14
  8084.00000    3.28780E-14
  8087.00000    3.31270E-14
  8090.00000    3.49520E-14
  8093.00000    3.32640E-14
  8096.00000    3.30550E-14
  8099.00000    3.40850E-14
  8102.00000    3.40900E-14
  8105.00000    3.31490E-14
  8108.00000    3.34270E-14
  8111.00000    3.37630E-14
  8114.00000    3.29000E-14
  8117.00000    3.35650E-14
  8120.00000    3.33410E-14
  8123.00000    3.51540E-14
  8126.00000    3.36070E-14
  8129.00000    3.47120E-14
  8132.00000    3.41030E-14
  8135.00000    3.30220E-14
  8138.00000    3.31540E-14
  8141.00000    3.35460E-14
  8144.00000    3.41390E-14
  8147.00000    3.26470E-14
  8150.00000    3.52060E-14
  8153.00000    3.26900E-14
  8156.00000    3.30600E-14
  8159.00000    3.18250E-14
  8162.00000    3.49240E-14
  8165.00000    3.28850E-14
  8168.00000    3.24560E-14
  8171.00000    3.26210E-14
  8174.00000    3.32530E-14
  8177.00000    3.24880E-14
  8180.00000    3.43650E-14
  8183.00000    3.21800E-14
  8186.00000    3.40730E-14
  8189.00000    3.15670E-14
  8192.00000    3.28910E-14
  8195.00000    3.11940E-14
  8198.00000    3.30370E-14
  8201.00000    3.34770E-14
  8204.00000    3.30760E-14
  8207.00000    3.29550E-14
  8210.00000    3.36250E-14
  8213.00000    3.41060E-14
  8216.00000    3.39180E-14
  8219.00000    3.39530E-14
  8222.00000    3.35700E-14
  8225.00000    3.39580E-14
  8228.00000    3.17510E-14
  8231.00000    3.24890E-14
  8234.00000    3.26860E-14
  8237.00000    3.35660E-14
  8240.00000    3.31410E-14
  8243.00000    3.32960E-14
  8246.00000    3.42800E-14
  8249.00000    3.46100E-14
  8252.00000    3.43600E-14
  8255.00000    3.47450E-14
  8258.00000    3.48720E-14
  8261.00000    3.45500E-14
  8264.00000    3.33450E-14
  8267.00000    3.36020E-14
  8270.00000    3.48970E-14
  8273.00000    3.52300E-14
  8276.00000    3.42970E-14
  8279.00000    3.33230E-14
  8282.00000    3.49350E-14
  8285.00000    3.31660E-14
  8288.00000    3.31370E-14
  8291.00000    3.34860E-14
  8294.00000    3.20300E-14
  8297.00000    3.36370E-14
  8300.00000    3.39960E-14
  8303.00000    3.27410E-14
  8306.00000    3.29460E-14
  8309.00000    3.24670E-14
  8312.00000    3.27690E-14
  8315.00000    3.32090E-14
  8318.00000    3.37650E-14
  8321.00000    3.37190E-14
  8324.00000    3.21090E-14
  8327.00000    3.29100E-14
  8330.00000    3.30870E-14
  8333.00000    3.34510E-14
  8336.00000    3.37610E-14
  8339.00000    3.37300E-14
  8342.00000    3.32270E-14
  8345.00000    3.30990E-14
  8348.00000    3.16520E-14
  8351.00000    3.35820E-14
  8354.00000    3.34900E-14
  8357.00000    3.35560E-14
  8360.00000    3.50950E-14
  8363.00000    3.46240E-14
  8366.00000    3.16570E-14
  8369.00000    3.26630E-14
  8372.00000    3.44020E-14
  8375.00000    3.40740E-14
  8378.00000    3.27540E-14
  8381.00000    3.36510E-14
  8384.00000    3.16090E-14
  8387.00000    3.24100E-14
  8390.00000    3.25750E-14
  8393.00000    3.18970E-14
  8396.00000    3.11360E-14
  8399.00000    3.28400E-14
  8402.00000    3.28960E-14
  8405.00000    3.39960E-14
  8408.00000    3.26660E-14
  8411.00000    3.29160E-14
  8414.00000    3.29720E-14
  8417.00000    3.39440E-14
  8420.00000    3.42530E-14
  8423.00000    3.41680E-14
  8426.00000    3.37420E-14
  8429.00000    3.22390E-14
  8432.00000    3.24170E-14
  8435.00000    3.32540E-14
  8438.00000    3.32440E-14
  8441.00000    3.29770E-14
  8444.00000    3.08370E-14
  8447.00000    3.47770E-14
  8450.00000    3.21010E-14
  8453.00000    3.13640E-14
  8456.00000    3.20430E-14
  8459.00000    3.32020E-14
  8462.00000    3.19220E-14
  8465.00000    3.17730E-14
  8468.00000    3.38060E-14
  8471.00000    3.14210E-14
  8474.00000    3.19010E-14
  8477.00000    3.19090E-14
  8480.00000    3.46470E-14
  8483.00000    3.29500E-14
  8486.00000    3.14360E-14
  8489.00000    3.38840E-14
  8492.00000    3.25550E-14
  8495.00000    3.08510E-14
  8498.00000    3.08700E-14
  8501.00000    3.14700E-14
  8504.00000    3.11380E-14
  8507.00000    3.21460E-14
  8510.00000    3.16820E-14
  8513.00000    3.28880E-14
  8516.00000    3.17040E-14
  8519.00000    3.24340E-14
  8522.00000    3.24520E-14
  8525.00000    3.38820E-14
  8528.00000    3.23540E-14
  8531.00000    3.19430E-14
  8534.00000    3.18600E-14
  8537.00000    2.96740E-14
  8540.00000    3.01720E-14
  8543.00000    2.86410E-14
  8546.00000    2.83040E-14
  8549.00000    2.94250E-14
  8552.00000    3.03690E-14
  8555.00000    3.02600E-14
  8558.00000    3.23730E-14
  8561.00000    3.26660E-14
  8564.00000    3.37380E-14
  8567.00000    3.28230E-14
  8570.00000    3.39920E-14
  8573.00000    3.44680E-14
  8576.00000    3.41080E-14
  8579.00000    3.43000E-14
  8582.00000    3.27830E-14
  8585.00000    3.37630E-14
  8588.00000    3.30480E-14
  8591.00000    3.21170E-14
  8594.00000    3.12420E-14
  8597.00000    3.27020E-14
  8600.00000    3.01500E-14
  8603.00000    3.20800E-14
  8606.00000    3.20560E-14
  8609.00000    3.07160E-14
  8612.00000    3.20820E-14
  8615.00000    3.20840E-14
  8618.00000    3.30050E-14
  8621.00000    3.32430E-14
  8624.00000    3.37710E-14
  8627.00000    3.28100E-14
  8630.00000    3.30200E-14
  8633.00000    3.18780E-14
  8636.00000    3.37170E-14
  8639.00000    3.39690E-14
  8642.00000    3.40770E-14
  8645.00000    3.38210E-14
  8648.00000    3.31690E-14
  8651.00000    3.20840E-14
  8654.00000    3.21410E-14
  8657.00000    3.01440E-14
  8660.00000    2.87740E-14
  8663.00000    2.81500E-14
  8666.00000    2.80150E-14
  8669.00000    2.90920E-14
  8672.00000    3.02410E-14
  8675.00000    2.92190E-14
  8678.00000    3.03510E-14
  8681.00000    3.18580E-14
  8684.00000    3.16810E-14
  8687.00000    3.18780E-14
  8690.00000    3.25710E-14
  8693.00000    3.17700E-14
  8696.00000    3.26510E-14
  8699.00000    3.18500E-14
  8702.00000    3.26390E-14
  8705.00000    3.27820E-14
  8708.00000    3.40090E-14
  8711.00000    3.32920E-14
  8714.00000    3.32770E-14
  8717.00000    3.32900E-14
  8720.00000    3.28430E-14
  8723.00000    3.42470E-14
  8726.00000    3.29930E-14
  8729.00000    3.35720E-14
  8732.00000    3.30650E-14
  8735.00000    3.38140E-14
  8738.00000    3.20930E-14
  8741.00000    3.21920E-14
  8744.00000    3.07820E-14
  8747.00000    3.20180E-14
  8750.00000    3.01690E-14
  8753.00000    3.06580E-14
  8756.00000    3.12830E-14
  8759.00000    3.11590E-14
  8762.00000    3.26560E-14
  8765.00000    3.30220E-14
  8768.00000    3.11510E-14
  8771.00000    3.30360E-14
  8774.00000    3.28370E-14
  8777.00000    3.26860E-14
  8780.00000    3.39420E-14
  8783.00000    3.39390E-14
  8786.00000    3.37850E-14
  8789.00000    3.47410E-14
  8792.00000    3.35480E-14
  8795.00000    3.38740E-14
  8798.00000    3.41840E-14
  8801.00000    3.43030E-14
  8804.00000    3.38670E-14
  8807.00000    3.22920E-14
  8810.00000    3.13410E-14
  8813.00000    3.22080E-14
  8816.00000    3.27250E-14
  8819.00000    3.34800E-14
  8822.00000    3.31770E-14
  8825.00000    3.41460E-14
  8828.00000    3.39510E-14
  8831.00000    3.33360E-14
  8834.00000    3.32920E-14
  8837.00000    3.40070E-14
  8840.00000    3.33010E-14
  8843.00000    3.33150E-14
  8846.00000    3.44660E-14
  8849.00000    3.27270E-14
  8852.00000    3.24880E-14
  8855.00000    3.10560E-14
  8858.00000    3.14350E-14
  8861.00000    3.09630E-14
  8864.00000    2.93390E-14
  8867.00000    3.18300E-14
  8870.00000    3.08840E-14
  8873.00000    3.07260E-14
  8876.00000    3.08310E-14
  8879.00000    3.23190E-14
  8882.00000    3.02200E-14
  8885.00000    3.06410E-14
  8888.00000    3.13060E-14
  8891.00000    3.25500E-14
  8894.00000    3.29040E-14
  8897.00000    3.13530E-14
  8900.00000    3.23980E-14
  8903.00000    3.33820E-14
  8906.00000    3.23170E-14
  8909.00000    3.24980E-14
  8912.00000    3.31180E-14
  8915.00000    3.29420E-14
  8918.00000    3.31330E-14
  8921.00000    3.25180E-14
  8924.00000    3.19690E-14
  8927.00000    3.32750E-14
  8930.00000    3.22860E-14
  8933.00000    3.28000E-14
  8936.00000    3.31090E-14
  8939.00000    3.26650E-14
  8942.00000    3.20800E-14
  8945.00000    3.32880E-14
  8948.00000    3.36850E-14
  8951.00000    3.18250E-14
  8954.00000    3.23420E-14
  8957.00000    3.18870E-14
  8960.00000    3.13950E-14
  8963.00000    3.27680E-14
  8966.00000    3.14170E-14
  8969.00000    3.14940E-14
  8972.00000    3.20710E-14
  8975.00000    3.32480E-14
  8978.00000    3.25520E-14
  8981.00000    3.09560E-14
  8984.00000    3.27520E-14
  8987.00000    3.01210E-14
  8990.00000    3.30770E-14
  8993.00000    2.93380E-14
  8996.00000    3.03750E-14
  8999.00000    3.09660E-14
  9002.00000    2.99650E-14
  9005.00000    3.08690E-14
  9008.00000    3.07470E-14
  9011.00000    2.97440E-14
  9014.00000    2.82960E-14
  9017.00000    3.03420E-14
  9020.00000    2.79460E-14
  9023.00000    2.93970E-14
  9026.00000    2.88200E-14
  9029.00000    2.95220E-14
  9032.00000    3.12150E-14
  9035.00000    3.31640E-14
  9038.00000    3.21830E-14
  9041.00000    3.46890E-14
  9044.00000    3.35040E-14
  9047.00000    3.46330E-14
  9050.00000    3.35160E-14
  9053.00000    3.38250E-14
  9056.00000    3.41780E-14
  9059.00000    3.36980E-14
  9062.00000    3.47560E-14
  9065.00000    3.24920E-14
  9068.00000    3.28900E-14
  9071.00000    3.22880E-14
  9074.00000    3.17650E-14
  9077.00000    3.07070E-14
  9080.00000    3.35790E-14
  9083.00000    3.12360E-14
  9086.00000    3.13170E-14
  9089.00000    3.30910E-14
  9092.00000    3.23330E-14
  9095.00000    3.34780E-14
  9098.00000    3.18930E-14
  9101.00000    3.33880E-14
  9104.00000    3.26510E-14
  9107.00000    3.23310E-14
  9110.00000    3.22590E-14
  9113.00000    3.28030E-14
  9116.00000    3.34480E-14
  9119.00000    3.24000E-14
  9122.00000    3.24480E-14
  9125.00000    3.20450E-14
  9128.00000    3.16570E-14
  9131.00000    3.09680E-14
  9134.00000    3.19780E-14
  9137.00000    3.15900E-14
  9140.00000    3.04460E-14
  9143.00000    3.12750E-14
  9146.00000    3.08450E-14
  9149.00000    3.17750E-14
  9152.00000    3.18170E-14
  9155.00000    3.23280E-14
  9158.00000    3.20860E-14
  9161.00000    3.06240E-14
  9164.00000    3.22810E-14
  9167.00000    3.19570E-14
  9170.00000    3.05460E-14
  9173.00000    2.89980E-14
  9176.00000    3.06780E-14
  9179.00000    3.12170E-14
  9182.00000    3.10370E-14
  9185.00000    3.17040E-14
  9188.00000    3.38690E-14
  9191.00000    3.19510E-14
  9194.00000    3.20000E-14
  9197.00000    3.11700E-14
  9200.00000    3.10820E-14
  9203.00000    3.17270E-14
  9206.00000    3.17180E-14
  9209.00000    3.04090E-14
  9212.00000    3.09330E-14
  9215.00000    3.03560E-14
  9218.00000    3.03690E-14
  9221.00000    3.02860E-14
  9224.00000    2.84260E-14
  9227.00000    3.10050E-14
  9230.00000    2.97590E-14
  9233.00000    2.93240E-14
  9236.00000    2.85550E-14
  9239.00000    2.84510E-14
  9242.00000    2.94190E-14
  9245.00000    3.00980E-14
  9248.00000    3.04630E-14
  9251.00000    3.03420E-14
  9254.00000    3.19360E-14
  9257.00000    3.20760E-14
  9260.00000    3.30030E-14
  9263.00000    3.43610E-14
  9266.00000    3.28290E-14
  9269.00000    3.32430E-14
  9272.00000    3.37520E-14
  9275.00000    3.19360E-14
  9278.00000    3.24310E-14
  9281.00000    3.12340E-14
  9284.00000    3.27530E-14
  9287.00000    3.22630E-14
  9290.00000    3.27560E-14
  9293.00000    3.21550E-14
  9296.00000    3.15220E-14
  9299.00000    3.18660E-14
  9302.00000    3.19520E-14
  9305.00000    3.02300E-14
  9308.00000    3.11630E-14
  9311.00000    3.17770E-14
  9314.00000    3.00470E-14
  9317.00000    3.15450E-14
  9320.00000    3.23520E-14
  9323.00000    3.22750E-14
  9326.00000    3.32780E-14
  9329.00000    3.15270E-14
  9332.00000    3.17500E-14
  9335.00000    3.22910E-14
  9338.00000    3.11740E-14
  9341.00000    3.22590E-14
  9344.00000    3.26870E-14
  9347.00000    3.12490E-14
  9350.00000    3.24070E-14
  9353.00000    3.21470E-14
  9356.00000    3.11920E-14
  9359.00000    3.20740E-14
  9362.00000    3.13410E-14
  9365.00000    3.17350E-14
  9368.00000    3.24450E-14
  9371.00000    3.10340E-14
  9374.00000    3.23300E-14
  9377.00000    3.01210E-14
  9380.00000    3.15270E-14
  9383.00000    3.19890E-14
  9386.00000    3.14880E-14
  9389.00000    3.23210E-14
  9392.00000    3.16630E-14
  9395.00000    3.27990E-14
  9398.00000    3.20520E-14
  9401.00000    3.09710E-14
  9404.00000    3.13760E-14
  9407.00000    3.18910E-14
  9410.00000    3.21850E-14
  9413.00000    3.16060E-14
  9416.00000    3.15270E-14
  9419.00000    3.05390E-14
  9422.00000    3.20190E-14
  9425.00000    3.04620E-14
  9428.00000    3.25900E-14
  9431.00000    3.07940E-14
  9434.00000    3.05600E-14
  9437.00000    3.07860E-14
  9440.00000    3.14500E-14
  9443.00000    3.17760E-14
  9446.00000    3.06920E-14
  9449.00000    3.11120E-14
  9452.00000    3.05330E-14
  9455.00000    3.10450E-14
  9458.00000    3.02750E-14
  9461.00000    3.14700E-14
  9464.00000    3.18610E-14
  9467.00000    3.14310E-14
  9470.00000    3.24690E-14
  9473.00000    3.15080E-14
  9476.00000    3.18200E-14
  9479.00000    3.21130E-14
  9482.00000    3.13450E-14
  9485.00000    3.21060E-14
  9488.00000    3.22570E-14
  9491.00000    3.17860E-14
  9494.00000    3.19890E-14
  9497.00000    3.18820E-14
  9500.00000    3.07450E-14
  9503.00000    3.13090E-14
  9506.00000    3.43610E-14
  9509.00000    3.11330E-14
  9512.00000    3.19700E-14
  9515.00000    3.17120E-14
  9518.00000    3.04070E-14
  9521.00000    3.10380E-14
  9524.00000    3.13870E-14
  9527.00000    3.22860E-14
  9530.00000    3.08130E-14
  9533.00000    3.17320E-14
  9536.00000    3.14660E-14
  9539.00000    3.17880E-14
  9542.00000    3.19390E-14
  9545.00000    2.97320E-14
  9548.00000    3.02120E-14
  9551.00000    2.94480E-14
  9554.00000    3.08240E-14
  9557.00000    2.95570E-14
  9560.00000    2.89150E-14
  9563.00000    3.03060E-14
  9566.00000    3.18510E-14
  9569.00000    3.08340E-14
  9572.00000    3.17490E-14
  9575.00000    3.06380E-14
  9578.00000    3.19800E-14
  9581.00000    3.04160E-14
  9584.00000    3.09020E-14
  9587.00000    3.16470E-14
  9590.00000    3.21970E-14
  9593.00000    3.12420E-14
  9596.00000    3.18840E-14
  9599.00000    3.30820E-14
  9602.00000    3.16540E-14
  9605.00000    3.20360E-14
  9608.00000    3.19910E-14
  9611.00000    3.13830E-14
  9614.00000    3.07330E-14
  9617.00000    3.14950E-14
  9620.00000    3.24960E-14
  9623.00000    3.25410E-14
  9626.00000    3.09190E-14
  9629.00000    3.21910E-14
  9632.00000    3.11300E-14
  9635.00000    3.22300E-14
  9638.00000    3.08620E-14
  9641.00000    3.23250E-14
  9644.00000    3.23120E-14
  9647.00000    3.25750E-14
  9650.00000    3.19000E-14
  9653.00000    3.12740E-14
  9656.00000    3.23990E-14
  9659.00000    3.23490E-14
  9662.00000    3.05630E-14
  9665.00000    3.13350E-14
  9668.00000    3.19250E-14
  9671.00000    3.16750E-14
  9674.00000    3.22710E-14
  9677.00000    3.36190E-14
  9680.00000    3.23870E-14
  9683.00000    3.09090E-14
  9686.00000    3.18480E-14
  9689.00000    3.19760E-14
  9692.00000    3.20550E-14
  9695.00000    3.18610E-14
  9698.00000    3.22540E-14
  9701.00000    3.11740E-14
  9704.00000    3.25850E-14
  9707.00000    3.21710E-14
  9710.00000    3.05200E-14
  9713.00000    3.07740E-14
  9716.00000    3.24090E-14
  9719.00000    3.12370E-14
  9722.00000    3.27980E-14
  9725.00000    3.07540E-14
  9728.00000    3.19840E-14
  9731.00000    3.08950E-14
  9734.00000    3.11240E-14
  9737.00000    3.09770E-14
  9740.00000    3.17820E-14
  9743.00000    3.04040E-14
  9746.00000    2.94150E-14
  9749.00000    3.11070E-14
  9752.00000    3.10130E-14
  9755.00000    3.10040E-14
  9758.00000    3.11550E-14
  9761.00000    3.09780E-14
  9764.00000    3.19030E-14
  9767.00000    3.10730E-14
  9770.00000    3.22980E-14
  9773.00000    3.03230E-14
  9776.00000    3.24740E-14
  9779.00000    3.01740E-14
  9782.00000    3.15540E-14
  9785.00000    3.14790E-14
  9788.00000    3.14050E-14
  9791.00000    3.14370E-14
  9794.00000    3.21840E-14
  9797.00000    3.07320E-14
  9800.00000    3.16110E-14
