   3600.0000    4.20590E-14
   3602.0000    4.17180E-14
   3604.0000    4.16710E-14
   3606.0000    4.12130E-14
   3608.0000    4.15130E-14
   3610.0000    4.18530E-14
   3612.0000    4.20610E-14
   3614.0000    4.21760E-14
   3616.0000    4.23180E-14
   3618.0000    4.22180E-14
   3620.0000    4.24440E-14
   3622.0000    4.35540E-14
   3624.0000    4.35960E-14
   3626.0000    4.42100E-14
   3628.0000    4.35050E-14
   3630.0000    4.32160E-14
   3632.0000    4.25900E-14
   3634.0000    4.18510E-14
   3636.0000    4.20960E-14
   3638.0000    4.30410E-14
   3640.0000    4.28320E-14
   3642.0000    4.30620E-14
   3644.0000    4.23560E-14
   3646.0000    4.22920E-14
   3648.0000    4.22970E-14
   3650.0000    4.25660E-14
   3652.0000    4.26650E-14
   3654.0000    4.37290E-14
   3656.0000    4.40900E-14
   3658.0000    4.32410E-14
   3660.0000    4.36410E-14
   3662.0000    4.29410E-14
   3664.0000    4.24940E-14
   3666.0000    4.26270E-14
   3668.0000    4.25020E-14
   3670.0000    4.22200E-14
   3672.0000    4.22350E-14
   3674.0000    4.18770E-14
   3676.0000    4.15200E-14
   3678.0000    4.08170E-14
   3680.0000    4.08860E-14
   3682.0000    4.05570E-14
   3684.0000    4.12230E-14
   3686.0000    4.07740E-14
   3688.0000    4.10230E-14
   3690.0000    4.07090E-14
   3692.0000    4.11660E-14
   3694.0000    4.06370E-14
   3696.0000    4.07350E-14
   3698.0000    4.07430E-14
   3700.0000    4.09190E-14
   3702.0000    3.88090E-14
   3704.0000    3.76610E-14
   3706.0000    3.77000E-14
   3708.0000    3.84390E-14
   3710.0000    3.87220E-14
   3712.0000    3.88740E-14
   3714.0000    4.04740E-14
   3716.0000    4.03120E-14
   3718.0000    3.90900E-14
   3720.0000    3.77160E-14
   3722.0000    3.77240E-14
   3724.0000    3.94850E-14
   3726.0000    4.10240E-14
   3728.0000    4.10750E-14
   3730.0000    3.96610E-14
   3732.0000    3.71270E-14
   3734.0000    3.66790E-14
   3736.0000    3.77550E-14
   3738.0000    4.10070E-14
   3740.0000    4.35290E-14
   3742.0000    4.36810E-14
   3744.0000    4.19350E-14
   3746.0000    3.89730E-14
   3748.0000    3.61350E-14
   3750.0000    3.58040E-14
   3752.0000    3.88290E-14
   3754.0000    4.23800E-14
   3756.0000    4.48050E-14
   3758.0000    4.55280E-14
   3760.0000    4.53180E-14
   3762.0000    4.41600E-14
   3764.0000    4.23640E-14
   3766.0000    3.91900E-14
   3768.0000    3.57550E-14
   3770.0000    3.43520E-14
   3772.0000    3.70980E-14
   3774.0000    4.08200E-14
   3776.0000    4.45750E-14
   3778.0000    4.80750E-14
   3780.0000    4.92970E-14
   3782.0000    4.98760E-14
   3784.0000    5.01120E-14
   3786.0000    4.91420E-14
   3788.0000    4.70600E-14
   3790.0000    4.45810E-14
   3792.0000    4.09750E-14
   3794.0000    3.72220E-14
   3796.0000    3.42540E-14
   3798.0000    3.37860E-14
   3800.0000    3.74830E-14
   3802.0000    4.14000E-14
   3804.0000    4.45820E-14
   3806.0000    4.74960E-14
   3808.0000    4.95540E-14
   3810.0000    4.96260E-14
   3812.0000    5.04410E-14
   3814.0000    4.96930E-14
   3816.0000    4.84380E-14
   3818.0000    4.71620E-14
   3820.0000    4.72570E-14
   3822.0000    4.61510E-14
   3824.0000    4.60960E-14
   3826.0000    4.47380E-14
   3828.0000    4.19040E-14
   3830.0000    3.80210E-14
   3832.0000    3.41660E-14
   3834.0000    3.11610E-14
   3836.0000    3.20850E-14
   3838.0000    3.61590E-14
   3840.0000    4.00170E-14
   3842.0000    4.45050E-14
   3844.0000    4.68990E-14
   3846.0000    4.88640E-14
   3848.0000    5.08210E-14
   3850.0000    5.11830E-14
   3852.0000    5.12550E-14
   3854.0000    5.15020E-14
   3856.0000    5.13200E-14
   3858.0000    5.12980E-14
   3860.0000    5.11910E-14
   3862.0000    5.09910E-14
   3864.0000    5.06490E-14
   3866.0000    4.99900E-14
   3868.0000    5.02180E-14
   3870.0000    4.90460E-14
   3872.0000    4.92550E-14
   3874.0000    4.87650E-14
   3876.0000    4.74960E-14
   3878.0000    4.68390E-14
   3880.0000    4.43150E-14
   3882.0000    4.17840E-14
   3884.0000    3.72100E-14
   3886.0000    3.34420E-14
   3888.0000    3.22710E-14
   3890.0000    3.30980E-14
   3892.0000    3.78840E-14
   3894.0000    4.19430E-14
   3896.0000    4.51260E-14
   3898.0000    4.75150E-14
   3900.0000    4.89810E-14
   3902.0000    5.00980E-14
   3904.0000    5.05170E-14
   3906.0000    5.14130E-14
   3908.0000    5.21390E-14
   3910.0000    5.25050E-14
   3912.0000    5.30080E-14
   3914.0000    5.27490E-14
   3916.0000    5.28570E-14
   3918.0000    5.21400E-14
   3920.0000    5.18560E-14
   3922.0000    5.13750E-14
   3924.0000    5.05940E-14
   3926.0000    4.99750E-14
   3928.0000    4.86780E-14
   3930.0000    4.72720E-14
   3932.0000    4.61270E-14
   3934.0000    4.63100E-14
   3936.0000    4.78420E-14
   3938.0000    4.98400E-14
   3940.0000    5.06380E-14
   3942.0000    5.13690E-14
   3944.0000    5.12030E-14
   3946.0000    5.07900E-14
   3948.0000    5.09440E-14
   3950.0000    5.07530E-14
   3952.0000    4.98900E-14
   3954.0000    4.89000E-14
   3956.0000    4.83460E-14
   3958.0000    4.71080E-14
   3960.0000    4.46880E-14
   3962.0000    4.12170E-14
   3964.0000    3.71600E-14
   3966.0000    3.18140E-14
   3968.0000    2.94870E-14
   3970.0000    3.01440E-14
   3972.0000    3.37890E-14
   3974.0000    3.81520E-14
   3976.0000    4.25560E-14
   3978.0000    4.56950E-14
   3980.0000    4.74310E-14
   3982.0000    4.88080E-14
   3984.0000    4.97980E-14
   3986.0000    5.10770E-14
   3988.0000    5.17390E-14
   3990.0000    5.19870E-14
   3992.0000    5.23330E-14
   3994.0000    5.28880E-14
   3996.0000    5.26720E-14
   3998.0000    5.23060E-14
   4000.0000    5.26610E-14
   4002.0000    5.25210E-14
   4004.0000    5.17080E-14
   4006.0000    5.14690E-14
   4008.0000    5.18640E-14
   4010.0000    5.32590E-14
   4012.0000    5.32940E-14
   4014.0000    5.33910E-14
   4016.0000    5.32960E-14
   4018.0000    5.39370E-14
   4020.0000    5.31870E-14
   4022.0000    5.22290E-14
   4024.0000    5.15620E-14
   4026.0000    5.09690E-14
   4028.0000    5.18510E-14
   4030.0000    5.22310E-14
   4032.0000    5.27230E-14
   4034.0000    5.36730E-14
   4036.0000    5.32830E-14
   4038.0000    5.37130E-14
   4040.0000    5.33960E-14
   4042.0000    5.31330E-14
   4044.0000    5.29090E-14
   4046.0000    5.29060E-14
   4048.0000    5.39090E-14
   4050.0000    5.33980E-14
   4052.0000    5.33460E-14
   4054.0000    5.31420E-14
   4056.0000    5.28880E-14
   4058.0000    5.33020E-14
   4060.0000    5.24870E-14
   4062.0000    5.16360E-14
   4064.0000    5.06780E-14
   4066.0000    5.05760E-14
   4068.0000    5.00930E-14
   4070.0000    4.94990E-14
   4072.0000    4.93300E-14
   4074.0000    4.92510E-14
   4076.0000    4.87330E-14
   4078.0000    4.97950E-14
   4080.0000    4.94990E-14
   4082.0000    4.93400E-14
   4084.0000    4.92430E-14
   4086.0000    4.83390E-14
   4088.0000    4.71640E-14
   4090.0000    4.62580E-14
   4092.0000    4.43570E-14
   4094.0000    4.20590E-14
   4096.0000    3.81810E-14
   4098.0000    3.42180E-14
   4100.0000    3.19180E-14
   4102.0000    3.22790E-14
   4104.0000    3.53280E-14
   4106.0000    3.94610E-14
   4108.0000    4.23050E-14
   4110.0000    4.44900E-14
   4112.0000    4.59700E-14
   4114.0000    4.68880E-14
   4116.0000    4.73410E-14
   4118.0000    4.75830E-14
   4120.0000    4.85070E-14
   4122.0000    4.84670E-14
   4124.0000    4.87750E-14
   4126.0000    4.92550E-14
   4128.0000    4.88010E-14
   4130.0000    4.93970E-14
   4132.0000    4.88610E-14
   4134.0000    4.92180E-14
   4136.0000    4.96370E-14
   4138.0000    5.02270E-14
   4140.0000    4.97650E-14
   4142.0000    4.94120E-14
   4144.0000    4.90420E-14
   4146.0000    4.96910E-14
   4148.0000    4.94810E-14
   4150.0000    4.96700E-14
   4152.0000    4.98680E-14
   4154.0000    5.03140E-14
   4156.0000    5.03020E-14
   4158.0000    5.07540E-14
   4160.0000    5.03680E-14
   4162.0000    5.07650E-14
   4164.0000    5.11590E-14
   4166.0000    5.02150E-14
   4168.0000    5.01730E-14
   4170.0000    4.93290E-14
   4172.0000    4.87520E-14
   4174.0000    4.95120E-14
   4176.0000    4.97510E-14
   4178.0000    4.95340E-14
   4180.0000    5.02970E-14
   4182.0000    4.96730E-14
   4184.0000    5.03720E-14
   4186.0000    4.98700E-14
   4188.0000    4.97650E-14
   4190.0000    4.92080E-14
   4192.0000    4.93830E-14
   4194.0000    4.84920E-14
   4196.0000    4.78020E-14
   4198.0000    4.78530E-14
   4200.0000    4.76750E-14
   4202.0000    4.80180E-14
   4204.0000    4.83080E-14
   4206.0000    4.92400E-14
   4208.0000    4.93140E-14
   4210.0000    4.88500E-14
   4212.0000    4.89590E-14
   4214.0000    4.88870E-14
   4216.0000    4.94110E-14
   4218.0000    4.89970E-14
   4220.0000    4.86270E-14
   4222.0000    4.85030E-14
   4224.0000    4.72950E-14
   4226.0000    4.75970E-14
   4228.0000    4.78180E-14
   4230.0000    4.84840E-14
   4232.0000    4.77260E-14
   4234.0000    4.78590E-14
   4236.0000    4.80260E-14
   4238.0000    4.81200E-14
   4240.0000    4.81460E-14
   4242.0000    4.86560E-14
   4244.0000    4.85000E-14
   4246.0000    4.81990E-14
   4248.0000    4.77010E-14
   4250.0000    4.75740E-14
   4252.0000    4.70830E-14
   4254.0000    4.79710E-14
   4256.0000    4.76970E-14
   4258.0000    4.77100E-14
   4260.0000    4.79380E-14
   4262.0000    4.81270E-14
   4264.0000    4.82010E-14
   4266.0000    4.76160E-14
   4268.0000    4.75810E-14
   4270.0000    4.68880E-14
   4272.0000    4.66880E-14
   4274.0000    4.71820E-14
   4276.0000    4.70720E-14
   4278.0000    4.76980E-14
   4280.0000    4.74250E-14
   4282.0000    4.72620E-14
   4284.0000    4.63300E-14
   4286.0000    4.56430E-14
   4288.0000    4.60160E-14
   4290.0000    4.56000E-14
   4292.0000    4.53840E-14
   4294.0000    4.52090E-14
   4296.0000    4.49310E-14
   4298.0000    4.40490E-14
   4300.0000    4.32360E-14
   4302.0000    4.33940E-14
   4304.0000    4.32200E-14
   4306.0000    4.35610E-14
   4308.0000    4.33040E-14
   4310.0000    4.40310E-14
   4312.0000    4.50840E-14
   4314.0000    4.50150E-14
   4316.0000    4.61540E-14
   4318.0000    4.61970E-14
   4320.0000    4.56230E-14
   4322.0000    4.50000E-14
   4324.0000    4.39320E-14
   4326.0000    4.32870E-14
   4328.0000    4.35380E-14
   4330.0000    4.19000E-14
   4332.0000    4.05590E-14
   4334.0000    3.73160E-14
   4336.0000    3.39090E-14
   4338.0000    3.10930E-14
   4340.0000    3.05650E-14
   4342.0000    3.30060E-14
   4344.0000    3.58760E-14
   4346.0000    3.87630E-14
   4348.0000    4.12760E-14
   4350.0000    4.18030E-14
   4352.0000    4.30700E-14
   4354.0000    4.43910E-14
   4356.0000    4.44120E-14
   4358.0000    4.55900E-14
   4360.0000    4.55420E-14
   4362.0000    4.61560E-14
   4364.0000    4.59550E-14
   4366.0000    4.58070E-14
   4368.0000    4.47980E-14
   4370.0000    4.48440E-14
   4372.0000    4.40310E-14
   4374.0000    4.47610E-14
   4376.0000    4.42300E-14
   4378.0000    4.42300E-14
   4380.0000    4.40590E-14
   4382.0000    4.21930E-14
   4384.0000    4.22160E-14
   4386.0000    4.24190E-14
   4388.0000    4.28560E-14
   4390.0000    4.33580E-14
   4392.0000    4.37750E-14
   4394.0000    4.43860E-14
   4396.0000    4.45250E-14
   4398.0000    4.41930E-14
   4400.0000    4.42160E-14
   4402.0000    4.43950E-14
   4404.0000    4.39080E-14
   4406.0000    4.40290E-14
   4408.0000    4.41610E-14
   4410.0000    4.45560E-14
   4412.0000    4.48210E-14
   4414.0000    4.42980E-14
   4416.0000    4.45680E-14
   4418.0000    4.34220E-14
   4420.0000    4.45130E-14
   4422.0000    4.47900E-14
   4424.0000    4.45300E-14
   4426.0000    4.48760E-14
   4428.0000    4.46560E-14
   4430.0000    4.43910E-14
   4432.0000    4.38490E-14
   4434.0000    4.42020E-14
   4436.0000    4.47130E-14
   4438.0000    4.50660E-14
   4440.0000    4.49500E-14
   4442.0000    4.50180E-14
   4444.0000    4.50480E-14
   4446.0000    4.50310E-14
   4448.0000    4.52830E-14
   4450.0000    4.49660E-14
   4452.0000    4.39290E-14
   4454.0000    4.41810E-14
   4456.0000    4.41930E-14
   4458.0000    4.37700E-14
   4460.0000    4.39390E-14
   4462.0000    4.43340E-14
   4464.0000    4.37690E-14
   4466.0000    4.34260E-14
   4468.0000    4.32310E-14
   4470.0000    4.31870E-14
   4472.0000    4.33520E-14
   4474.0000    4.39090E-14
   4476.0000    4.45690E-14
   4478.0000    4.43050E-14
   4480.0000    4.39840E-14
   4482.0000    4.38260E-14
   4484.0000    4.42350E-14
   4486.0000    4.51760E-14
   4488.0000    4.43370E-14
   4490.0000    4.47460E-14
   4492.0000    4.49740E-14
   4494.0000    4.44990E-14
   4496.0000    4.42730E-14
   4498.0000    4.39850E-14
   4500.0000    4.46190E-14
   4502.0000    4.47580E-14
   4504.0000    4.45250E-14
   4506.0000    4.47190E-14
   4508.0000    4.44980E-14
   4510.0000    4.43440E-14
   4512.0000    4.41520E-14
   4514.0000    4.38000E-14
   4516.0000    4.40720E-14
   4518.0000    4.39980E-14
   4520.0000    4.36260E-14
   4522.0000    4.32140E-14
   4524.0000    4.34540E-14
   4526.0000    4.28210E-14
   4528.0000    4.21470E-14
   4530.0000    4.28070E-14
   4532.0000    4.21020E-14
   4534.0000    4.22860E-14
   4536.0000    4.28340E-14
   4538.0000    4.33320E-14
   4540.0000    4.31810E-14
   4542.0000    4.40240E-14
   4544.0000    4.24660E-14
   4546.0000    4.26670E-14
   4548.0000    4.29270E-14
   4550.0000    4.21210E-14
   4552.0000    4.22840E-14
   4554.0000    4.24860E-14
   4556.0000    4.24260E-14
   4558.0000    4.33490E-14
   4560.0000    4.32260E-14
   4562.0000    4.30850E-14
   4564.0000    4.28020E-14
   4566.0000    4.35130E-14
   4568.0000    4.32510E-14
   4570.0000    4.32810E-14
   4572.0000    4.33010E-14
   4574.0000    4.30990E-14
   4576.0000    4.30600E-14
   4578.0000    4.28870E-14
   4580.0000    4.23890E-14
   4582.0000    4.27230E-14
   4584.0000    4.19910E-14
   4586.0000    4.19940E-14
   4588.0000    4.27620E-14
   4590.0000    4.24870E-14
   4592.0000    4.26160E-14
   4594.0000    4.24970E-14
   4596.0000    4.29130E-14
   4598.0000    4.22670E-14
   4600.0000    4.29790E-14
   4602.0000    4.24930E-14
   4604.0000    4.19990E-14
   4606.0000    4.25190E-14
   4608.0000    4.30890E-14
   4610.0000    4.26990E-14
   4612.0000    4.28830E-14
   4614.0000    4.23920E-14
   4616.0000    4.22210E-14
   4618.0000    4.26640E-14
   4620.0000    4.26840E-14
   4622.0000    4.29310E-14
   4624.0000    4.26040E-14
   4626.0000    4.23980E-14
   4628.0000    4.22640E-14
   4630.0000    4.20470E-14
   4632.0000    4.27000E-14
   4634.0000    4.21960E-14
   4636.0000    4.19440E-14
   4638.0000    4.22380E-14
   4640.0000    4.22590E-14
   4642.0000    4.22310E-14
   4644.0000    4.17030E-14
   4646.0000    4.14610E-14
   4648.0000    4.16200E-14
   4650.0000    4.18550E-14
   4652.0000    4.22680E-14
   4654.0000    4.17680E-14
   4656.0000    4.21750E-14
   4658.0000    4.22880E-14
   4660.0000    4.17600E-14
   4662.0000    4.22230E-14
   4664.0000    4.15670E-14
   4666.0000    4.07660E-14
   4668.0000    4.08360E-14
   4670.0000    4.12820E-14
   4672.0000    4.15810E-14
   4674.0000    4.12410E-14
   4676.0000    4.15530E-14
   4678.0000    4.12760E-14
   4680.0000    4.13030E-14
   4682.0000    4.14200E-14
   4684.0000    4.09300E-14
   4686.0000    4.11640E-14
   4688.0000    4.11780E-14
   4690.0000    4.10650E-14
   4692.0000    4.10850E-14
   4694.0000    4.13390E-14
   4696.0000    4.10030E-14
   4698.0000    4.09770E-14
   4700.0000    4.07980E-14
   4702.0000    4.04660E-14
   4704.0000    4.05970E-14
   4706.0000    4.02760E-14
   4708.0000    3.99050E-14
   4710.0000    3.98590E-14
   4712.0000    4.00050E-14
   4714.0000    4.03900E-14
   4716.0000    3.99110E-14
   4718.0000    4.08280E-14
   4720.0000    4.12600E-14
   4722.0000    4.05670E-14
   4724.0000    4.11950E-14
   4726.0000    4.09530E-14
   4728.0000    4.01390E-14
   4730.0000    4.06810E-14
   4732.0000    4.03530E-14
   4734.0000    4.06850E-14
   4736.0000    4.05090E-14
   4738.0000    4.03170E-14
   4740.0000    4.00430E-14
   4742.0000    4.06300E-14
   4744.0000    4.04760E-14
   4746.0000    4.03910E-14
   4748.0000    4.06950E-14
   4750.0000    4.12060E-14
   4752.0000    4.07720E-14
   4754.0000    4.08610E-14
   4756.0000    4.08160E-14
   4758.0000    4.04120E-14
   4760.0000    4.02910E-14
   4762.0000    4.00810E-14
   4764.0000    4.02890E-14
   4766.0000    3.96820E-14
   4768.0000    4.08310E-14
   4770.0000    4.03110E-14
   4772.0000    4.06070E-14
   4774.0000    4.08440E-14
   4776.0000    4.07850E-14
   4778.0000    4.06160E-14
   4780.0000    4.02540E-14
   4782.0000    4.09760E-14
   4784.0000    4.08870E-14
   4786.0000    4.03880E-14
   4788.0000    4.03250E-14
   4790.0000    4.06500E-14
   4792.0000    4.07350E-14
   4794.0000    4.09870E-14
   4796.0000    4.10490E-14
   4798.0000    4.13930E-14
   4800.0000    4.06700E-14
   4802.0000    4.10140E-14
   4804.0000    4.08460E-14
   4806.0000    4.02960E-14
   4808.0000    4.06580E-14
   4810.0000    4.02710E-14
   4812.0000    4.04280E-14
   4814.0000    4.03740E-14
   4816.0000    4.08660E-14
   4818.0000    4.05140E-14
   4820.0000    4.07200E-14
   4822.0000    4.00410E-14
   4824.0000    3.99620E-14
   4826.0000    3.99430E-14
   4828.0000    3.97610E-14
   4830.0000    4.00440E-14
   4832.0000    3.96990E-14
   4834.0000    3.92240E-14
   4836.0000    3.93710E-14
   4838.0000    3.91180E-14
   4840.0000    3.86770E-14
   4842.0000    3.91120E-14
   4844.0000    3.80460E-14
   4846.0000    3.75090E-14
   4848.0000    3.72030E-14
   4850.0000    3.67880E-14
   4852.0000    3.52960E-14
   4854.0000    3.28990E-14
   4856.0000    3.12310E-14
   4858.0000    2.89510E-14
   4860.0000    2.73280E-14
   4862.0000    2.73270E-14
   4864.0000    2.90620E-14
   4866.0000    3.19640E-14
   4868.0000    3.28690E-14
   4870.0000    3.46960E-14
   4872.0000    3.55020E-14
   4874.0000    3.61640E-14
   4876.0000    3.75070E-14
   4878.0000    3.81520E-14
   4880.0000    3.77580E-14
   4882.0000    3.82020E-14
   4884.0000    3.75370E-14
   4886.0000    3.78130E-14
   4888.0000    3.76300E-14
   4890.0000    3.80560E-14
   4892.0000    3.87720E-14
   4894.0000    3.88030E-14
   4896.0000    3.95270E-14
   4898.0000    3.93160E-14
   4900.0000    3.92670E-14
   4902.0000    3.86000E-14
   4904.0000    3.86120E-14
   4906.0000    3.92760E-14
   4908.0000    3.85630E-14
   4910.0000    3.84270E-14
   4912.0000    3.87840E-14
   4914.0000    3.81110E-14
   4916.0000    3.76410E-14
   4918.0000    3.66080E-14
   4920.0000    3.62950E-14
   4922.0000    3.60660E-14
   4924.0000    3.71090E-14
   4926.0000    3.79070E-14
   4928.0000    3.76890E-14
   4930.0000    3.89270E-14
   4932.0000    3.89520E-14
   4934.0000    3.81320E-14
   4936.0000    3.85660E-14
   4938.0000    3.80170E-14
   4940.0000    3.88920E-14
   4942.0000    3.82840E-14
   4944.0000    3.86550E-14
   4946.0000    3.91740E-14
   4948.0000    3.92590E-14
   4950.0000    3.89600E-14
   4952.0000    3.88670E-14
   4954.0000    3.78410E-14
   4956.0000    3.79100E-14
   4958.0000    3.77830E-14
   4960.0000    3.70570E-14
   4962.0000    3.81950E-14
   4964.0000    3.83930E-14
   4966.0000    3.77510E-14
   4968.0000    3.75940E-14
   4970.0000    3.72860E-14
   4972.0000    3.77110E-14
   4974.0000    3.79570E-14
   4976.0000    3.73630E-14
   4978.0000    3.71680E-14
   4980.0000    3.68210E-14
   4982.0000    3.67320E-14
   4984.0000    3.65990E-14
   4986.0000    3.65750E-14
   4988.0000    3.74270E-14
   4990.0000    3.65970E-14
   4992.0000    3.73970E-14
   4994.0000    3.72260E-14
   4996.0000    3.75420E-14
   4998.0000    3.69620E-14
   5000.0000    3.66510E-14
   5002.0000    3.60610E-14
   5004.0000    3.52280E-14
   5006.0000    3.54710E-14
   5008.0000    3.60450E-14
   5010.0000    3.56210E-14
   5012.0000    3.52180E-14
   5014.0000    3.50260E-14
   5016.0000    3.50610E-14
   5018.0000    3.54170E-14
   5020.0000    3.57710E-14
   5022.0000    3.59630E-14
   5024.0000    3.63660E-14
   5026.0000    3.61040E-14
   5028.0000    3.57620E-14
   5030.0000    3.62400E-14
   5032.0000    3.63910E-14
   5034.0000    3.63920E-14
   5036.0000    3.60410E-14
   5038.0000    3.59590E-14
   5040.0000    3.51800E-14
   5042.0000    3.57060E-14
   5044.0000    3.58860E-14
   5046.0000    3.57170E-14
   5048.0000    3.63420E-14
   5050.0000    3.57840E-14
   5052.0000    3.62140E-14
   5054.0000    3.63970E-14
   5056.0000    3.65640E-14
   5058.0000    3.66330E-14
   5060.0000    3.69410E-14
   5062.0000    3.67000E-14
   5064.0000    3.62730E-14
   5066.0000    3.62420E-14
   5068.0000    3.65140E-14
   5070.0000    3.54770E-14
   5072.0000    3.61730E-14
   5074.0000    3.60820E-14
   5076.0000    3.57770E-14
   5078.0000    3.55800E-14
   5080.0000    3.56080E-14
   5082.0000    3.50830E-14
   5084.0000    3.58170E-14
   5086.0000    3.59310E-14
   5088.0000    3.59620E-14
   5090.0000    3.61250E-14
   5092.0000    3.58230E-14
   5094.0000    3.65380E-14
   5096.0000    3.57320E-14
   5098.0000    3.54530E-14
   5100.0000    3.57400E-14
   5102.0000    3.55790E-14
   5104.0000    3.57950E-14
   5106.0000    3.53010E-14
   5108.0000    3.57810E-14
   5110.0000    3.54800E-14
   5112.0000    3.58780E-14
   5114.0000    3.60260E-14
   5116.0000    3.63130E-14
   5118.0000    3.60910E-14
   5120.0000    3.59990E-14
   5122.0000    3.55850E-14
   5124.0000    3.52590E-14
   5126.0000    3.49590E-14
   5128.0000    3.51620E-14
   5130.0000    3.54730E-14
   5132.0000    3.53890E-14
   5134.0000    3.53640E-14
   5136.0000    3.51390E-14
   5138.0000    3.48710E-14
   5140.0000    3.52340E-14
   5142.0000    3.47770E-14
   5144.0000    3.43920E-14
   5146.0000    3.45410E-14
   5148.0000    3.46110E-14
   5150.0000    3.49020E-14
   5152.0000    3.42640E-14
   5154.0000    3.50130E-14
   5156.0000    3.53010E-14
   5158.0000    3.54350E-14
   5160.0000    3.52330E-14
   5162.0000    3.45590E-14
   5164.0000    3.37230E-14
   5166.0000    3.26810E-14
   5168.0000    3.24190E-14
   5170.0000    3.23660E-14
   5172.0000    3.16360E-14
   5174.0000    3.28050E-14
   5176.0000    3.32950E-14
   5178.0000    3.37010E-14
   5180.0000    3.32410E-14
   5182.0000    3.27330E-14
   5184.0000    3.27260E-14
   5186.0000    3.28820E-14
   5188.0000    3.25880E-14
   5190.0000    3.31910E-14
   5192.0000    3.38150E-14
   5194.0000    3.36340E-14
   5196.0000    3.44750E-14
   5198.0000    3.37940E-14
   5200.0000    3.36540E-14
   5202.0000    3.37500E-14
   5204.0000    3.25890E-14
   5206.0000    3.31090E-14
   5208.0000    3.29490E-14
   5210.0000    3.34470E-14
   5212.0000    3.36740E-14
   5214.0000    3.46280E-14
   5216.0000    3.45210E-14
   5218.0000    3.45520E-14
   5220.0000    3.41680E-14
   5222.0000    3.44670E-14
   5224.0000    3.36310E-14
   5226.0000    3.34730E-14
   5228.0000    3.39940E-14
   5230.0000    3.37640E-14
   5232.0000    3.37450E-14
   5234.0000    3.39050E-14
   5236.0000    3.46090E-14
   5238.0000    3.46900E-14
   5240.0000    3.44920E-14
   5242.0000    3.51680E-14
   5244.0000    3.42450E-14
   5246.0000    3.40910E-14
   5248.0000    3.36680E-14
   5250.0000    3.40930E-14
   5252.0000    3.36110E-14
   5254.0000    3.42040E-14
   5256.0000    3.40900E-14
   5258.0000    3.44250E-14
   5260.0000    3.35900E-14
   5262.0000    3.27290E-14
   5264.0000    3.22700E-14
   5266.0000    3.22300E-14
   5268.0000    3.19400E-14
   5270.0000    3.22630E-14
   5272.0000    3.27610E-14
   5274.0000    3.29210E-14
   5276.0000    3.37340E-14
   5278.0000    3.44320E-14
   5280.0000    3.36580E-14
   5282.0000    3.42340E-14
   5284.0000    3.47380E-14
   5286.0000    3.47040E-14
   5288.0000    3.49910E-14
   5290.0000    3.50920E-14
   5292.0000    3.42830E-14
   5294.0000    3.37240E-14
   5296.0000    3.36520E-14
   5298.0000    3.37290E-14
   5300.0000    3.42630E-14
   5302.0000    3.44090E-14
   5304.0000    3.47270E-14
   5306.0000    3.39130E-14
   5308.0000    3.45870E-14
   5310.0000    3.46140E-14
   5312.0000    3.40840E-14
   5314.0000    3.49470E-14
   5316.0000    3.37680E-14
   5318.0000    3.46250E-14
   5320.0000    3.37440E-14
   5322.0000    3.37480E-14
   5324.0000    3.27150E-14
   5326.0000    3.28610E-14
   5328.0000    3.29170E-14
   5330.0000    3.27060E-14
   5332.0000    3.37600E-14
   5334.0000    3.40520E-14
   5336.0000    3.39760E-14
   5338.0000    3.32810E-14
   5340.0000    3.30640E-14
   5342.0000    3.32680E-14
   5344.0000    3.34060E-14
   5346.0000    3.34250E-14
   5348.0000    3.31100E-14
   5350.0000    3.34460E-14
   5352.0000    3.39040E-14
   5354.0000    3.43690E-14
   5356.0000    3.41480E-14
   5358.0000    3.39000E-14
   5360.0000    3.36430E-14
   5362.0000    3.35920E-14
   5364.0000    3.33670E-14
   5366.0000    3.36650E-14
   5368.0000    3.27880E-14
   5370.0000    3.28530E-14
   5372.0000    3.34550E-14
   5374.0000    3.33430E-14
   5376.0000    3.32500E-14
   5378.0000    3.39330E-14
   5380.0000    3.35300E-14
   5382.0000    3.39830E-14
   5384.0000    3.37730E-14
   5386.0000    3.30140E-14
   5388.0000    3.28190E-14
   5390.0000    3.30350E-14
   5392.0000    3.31270E-14
   5394.0000    3.23430E-14
   5396.0000    3.24210E-14
   5398.0000    3.23760E-14
   5400.0000    3.24350E-14
   5402.0000    3.20130E-14
   5404.0000    3.22610E-14
   5406.0000    3.22580E-14
   5408.0000    3.21070E-14
   5410.0000    3.26850E-14
   5412.0000    3.26520E-14
   5414.0000    3.28680E-14
   5416.0000    3.34310E-14
   5418.0000    3.30400E-14
   5420.0000    3.38170E-14
   5422.0000    3.30080E-14
   5424.0000    3.35250E-14
   5426.0000    3.26560E-14
   5428.0000    3.28000E-14
   5430.0000    3.26600E-14
   5432.0000    3.27510E-14
   5434.0000    3.30820E-14
   5436.0000    3.30640E-14
   5438.0000    3.32720E-14
   5440.0000    3.31810E-14
   5442.0000    3.36630E-14
   5444.0000    3.31560E-14
   5446.0000    3.26890E-14
   5448.0000    3.29080E-14
   5450.0000    3.21500E-14
   5452.0000    3.21240E-14
   5454.0000    3.25390E-14
   5456.0000    3.22180E-14
   5458.0000    3.23320E-14
   5460.0000    3.26610E-14
   5462.0000    3.19670E-14
   5464.0000    3.23610E-14
   5466.0000    3.26170E-14
   5468.0000    3.25120E-14
   5470.0000    3.23650E-14
   5472.0000    3.23780E-14
   5474.0000    3.22150E-14
   5476.0000    3.22890E-14
   5478.0000    3.24580E-14
   5480.0000    3.23430E-14
   5482.0000    3.15910E-14
   5484.0000    3.25680E-14
   5486.0000    3.22320E-14
   5488.0000    3.26420E-14
   5490.0000    3.29580E-14
   5492.0000    3.24030E-14
   5494.0000    3.22260E-14
   5496.0000    3.24940E-14
   5498.0000    3.23790E-14
   5500.0000    3.19000E-14
   5502.0000    3.21900E-14
   5504.0000    3.16770E-14
   5506.0000    3.17240E-14
   5508.0000    3.16830E-14
   5510.0000    3.14790E-14
   5512.0000    3.13850E-14
   5514.0000    3.16170E-14
   5516.0000    3.17330E-14
   5518.0000    3.21900E-14
   5520.0000    3.24700E-14
   5522.0000    3.24990E-14
   5524.0000    3.18420E-14
   5526.0000    3.13290E-14
   5528.0000    3.16200E-14
   5530.0000    3.18870E-14
   5532.0000    3.17950E-14
   5534.0000    3.16560E-14
   5536.0000    3.21520E-14
   5538.0000    3.23900E-14
   5540.0000    3.20470E-14
   5542.0000    3.18160E-14
   5544.0000    3.19950E-14
   5546.0000    3.21740E-14
   5548.0000    3.22180E-14
   5550.0000    3.23140E-14
   5552.0000    3.23190E-14
   5554.0000    3.22970E-14
   5556.0000    3.20860E-14
   5558.0000    3.22650E-14
   5560.0000    3.21200E-14
   5562.0000    3.18160E-14
   5564.0000    3.19120E-14
   5566.0000    3.17060E-14
   5568.0000    3.17800E-14
   5570.0000    3.18190E-14
   5572.0000    3.18950E-14
   5574.0000    3.17930E-14
   5576.0000    3.15820E-14
   5578.0000    3.18450E-14
   5580.0000    3.19700E-14
   5582.0000    3.20170E-14
   5584.0000    3.17120E-14
   5586.0000    3.14460E-14
   5588.0000    3.08020E-14
   5590.0000    3.14040E-14
   5592.0000    3.13000E-14
   5594.0000    3.13200E-14
   5596.0000    3.16970E-14
   5598.0000    3.16030E-14
   5600.0000    3.15420E-14
   5602.0000    3.15150E-14
   5604.0000    3.13230E-14
   5606.0000    3.16290E-14
   5608.0000    3.19430E-14
   5610.0000    3.21500E-14
   5612.0000    3.20730E-14
   5614.0000    3.13870E-14
   5616.0000    3.10170E-14
   5618.0000    3.14830E-14
   5620.0000    3.13840E-14
   5622.0000    3.13430E-14
   5624.0000    3.13500E-14
   5626.0000    3.13420E-14
   5628.0000    3.14090E-14
   5630.0000    3.17370E-14
   5632.0000    3.18290E-14
   5634.0000    3.17310E-14
   5636.0000    3.13650E-14
   5638.0000    3.15300E-14
   5640.0000    3.10530E-14
   5642.0000    3.14000E-14
   5644.0000    3.10800E-14
   5646.0000    3.11200E-14
   5648.0000    3.15150E-14
   5650.0000    3.12270E-14
   5652.0000    3.08300E-14
   5654.0000    3.11620E-14
   5656.0000    3.05330E-14
   5658.0000    3.05480E-14
   5660.0000    3.05890E-14
   5662.0000    3.11520E-14
   5664.0000    3.11770E-14
   5666.0000    3.11260E-14
   5668.0000    3.14120E-14
   5670.0000    3.12110E-14
   5672.0000    3.11120E-14
   5674.0000    3.19050E-14
   5676.0000    3.11590E-14
   5678.0000    3.10310E-14
   5680.0000    3.10480E-14
   5682.0000    3.11960E-14
   5684.0000    3.04110E-14
   5686.0000    3.12670E-14
   5688.0000    3.06370E-14
   5690.0000    3.10320E-14
   5692.0000    3.08270E-14
   5694.0000    3.11980E-14
   5696.0000    3.14260E-14
   5698.0000    3.09580E-14
   5700.0000    3.08200E-14
   5702.0000    3.09840E-14
   5704.0000    3.09430E-14
   5706.0000    3.04470E-14
   5708.0000    3.04500E-14
   5710.0000    3.02100E-14
   5712.0000    3.05330E-14
   5714.0000    3.07960E-14
   5716.0000    3.09900E-14
   5718.0000    3.08630E-14
   5720.0000    3.11050E-14
   5722.0000    3.13800E-14
   5724.0000    3.10250E-14
   5726.0000    3.10020E-14
   5728.0000    3.10550E-14
   5730.0000    3.11810E-14
   5732.0000    3.13470E-14
   5734.0000    3.06320E-14
   5736.0000    3.14420E-14
   5738.0000    3.14950E-14
   5740.0000    3.09700E-14
   5742.0000    3.10600E-14
   5744.0000    3.09330E-14
   5746.0000    3.13030E-14
   5748.0000    3.09670E-14
   5750.0000    3.12540E-14
   5752.0000    3.06400E-14
   5754.0000    3.12860E-14
   5756.0000    3.11130E-14
   5758.0000    3.09440E-14
   5760.0000    3.10990E-14
   5762.0000    3.12390E-14
   5764.0000    3.12070E-14
   5766.0000    3.11070E-14
   5768.0000    3.14700E-14
   5770.0000    3.11100E-14
   5772.0000    3.11070E-14
   5774.0000    3.07750E-14
   5776.0000    3.02800E-14
   5778.0000    3.05360E-14
   5780.0000    3.02930E-14
   5782.0000    2.99870E-14
   5784.0000    3.04700E-14
   5786.0000    3.04360E-14
   5788.0000    3.06860E-14
   5790.0000    3.12400E-14
   5792.0000    3.09300E-14
   5794.0000    3.12010E-14
   5796.0000    3.10170E-14
   5798.0000    3.12240E-14
   5800.0000    3.11980E-14
   5802.0000    3.11500E-14
   5804.0000    3.10500E-14
   5806.0000    3.12340E-14
   5808.0000    3.09550E-14
   5810.0000    3.06320E-14
   5812.0000    3.09010E-14
   5814.0000    3.12430E-14
   5816.0000    3.09710E-14
   5818.0000    3.10760E-14
   5820.0000    3.14090E-14
   5822.0000    3.05690E-14
   5824.0000    3.12340E-14
   5826.0000    3.12580E-14
   5828.0000    3.09520E-14
   5830.0000    3.09310E-14
   5832.0000    3.11550E-14
   5834.0000    3.12970E-14
   5836.0000    3.05120E-14
   5838.0000    3.08720E-14
   5840.0000    3.14670E-14
   5842.0000    3.07240E-14
   5844.0000    3.07210E-14
   5846.0000    3.05500E-14
   5848.0000    3.02750E-14
   5850.0000    2.99090E-14
   5852.0000    2.98530E-14
   5854.0000    2.92210E-14
   5856.0000    2.94470E-14
   5858.0000    2.96490E-14
   5860.0000    2.98960E-14
   5862.0000    3.00730E-14
   5864.0000    2.97660E-14
   5866.0000    2.96600E-14
   5868.0000    2.96550E-14
   5870.0000    2.90630E-14
   5872.0000    2.98660E-14
   5874.0000    2.95950E-14
   5876.0000    2.89650E-14
   5878.0000    2.90230E-14
   5880.0000    2.91980E-14
   5882.0000    2.89730E-14
   5884.0000    2.82400E-14
   5886.0000    2.75540E-14
   5888.0000    2.72960E-14
   5890.0000    2.68060E-14
   5892.0000    2.69280E-14
   5894.0000    2.68330E-14
   5896.0000    2.70930E-14
   5898.0000    2.79660E-14
   5900.0000    2.82610E-14
   5902.0000    2.84710E-14
   5904.0000    2.90790E-14
   5906.0000    2.91580E-14
   5908.0000    2.92370E-14
   5910.0000    2.90530E-14
   5912.0000    2.91410E-14
   5914.0000    2.92760E-14
   5916.0000    2.91880E-14
   5918.0000    2.93120E-14
   5920.0000    2.87220E-14
   5922.0000    2.89870E-14
   5924.0000    2.93130E-14
   5926.0000    2.87240E-14
   5928.0000    2.98140E-14
   5930.0000    2.92420E-14
   5932.0000    2.90260E-14
   5934.0000    2.92180E-14
   5936.0000    2.95130E-14
   5938.0000    2.97630E-14
   5940.0000    2.93260E-14
   5942.0000    2.94310E-14
   5944.0000    2.90410E-14
   5946.0000    2.91520E-14
   5948.0000    2.92360E-14
   5950.0000    2.94750E-14
   5952.0000    2.89260E-14
   5954.0000    2.94140E-14
   5956.0000    2.89140E-14
   5958.0000    2.88440E-14
   5960.0000    2.88500E-14
   5962.0000    2.90850E-14
   5964.0000    2.97800E-14
   5966.0000    2.88250E-14
   5968.0000    2.92810E-14
   5970.0000    2.92370E-14
   5972.0000    2.90400E-14
   5974.0000    2.91550E-14
   5976.0000    2.88960E-14
   5978.0000    2.89220E-14
   5980.0000    2.92320E-14
   5982.0000    2.93570E-14
   5984.0000    2.89960E-14
   5986.0000    2.95140E-14
   5988.0000    2.94520E-14
   5990.0000    2.89380E-14
   5992.0000    2.92260E-14
   5994.0000    2.98870E-14
   5996.0000    2.89650E-14
   5998.0000    2.92400E-14
   6000.0000    2.91340E-14
   6002.0000    2.97350E-14
   6004.0000    2.90340E-14
   6006.0000    2.90550E-14
   6008.0000    2.90300E-14
   6010.0000    2.91330E-14
   6012.0000    2.93470E-14
   6014.0000    2.91820E-14
   6016.0000    2.87380E-14
   6018.0000    2.89810E-14
   6020.0000    2.89590E-14
   6022.0000    2.85830E-14
   6024.0000    2.92420E-14
   6026.0000    2.95190E-14
   6028.0000    2.94660E-14
   6030.0000    2.92570E-14
   6032.0000    2.91560E-14
   6034.0000    2.93450E-14
   6036.0000    2.95380E-14
   6038.0000    2.89220E-14
   6040.0000    2.89060E-14
   6042.0000    2.88290E-14
   6044.0000    2.95270E-14
   6046.0000    2.92200E-14
   6048.0000    2.89760E-14
   6050.0000    2.94660E-14
   6052.0000    2.96670E-14
   6054.0000    2.92840E-14
   6056.0000    2.95210E-14
   6058.0000    2.95190E-14
   6060.0000    2.96380E-14
   6062.0000    2.90810E-14
   6064.0000    2.93230E-14
   6066.0000    2.96270E-14
   6068.0000    2.91160E-14
   6070.0000    2.89690E-14
   6072.0000    2.88190E-14
   6074.0000    2.91070E-14
   6076.0000    2.92190E-14
   6078.0000    2.91880E-14
   6080.0000    2.88070E-14
   6082.0000    2.84460E-14
   6084.0000    2.87710E-14
   6086.0000    2.84260E-14
   6088.0000    2.88680E-14
   6090.0000    2.88780E-14
   6092.0000    2.90450E-14
   6094.0000    2.93160E-14
   6096.0000    2.86230E-14
   6098.0000    2.86400E-14
   6100.0000    2.84290E-14
   6102.0000    2.87140E-14
   6104.0000    2.84190E-14
   6106.0000    2.92190E-14
   6108.0000    2.87620E-14
   6110.0000    2.87140E-14
   6112.0000    2.90030E-14
   6114.0000    2.90960E-14
   6116.0000    2.91720E-14
   6118.0000    2.90370E-14
   6120.0000    2.85600E-14
   6122.0000    2.80530E-14
   6124.0000    2.82660E-14
   6126.0000    2.86670E-14
   6128.0000    2.86960E-14
   6130.0000    2.86820E-14
   6132.0000    2.83490E-14
   6134.0000    2.86520E-14
   6136.0000    2.87900E-14
   6138.0000    2.77100E-14
   6140.0000    2.82600E-14
   6142.0000    2.84050E-14
   6144.0000    2.86810E-14
   6146.0000    2.81160E-14
   6148.0000    2.90460E-14
   6150.0000    2.91160E-14
   6152.0000    2.83070E-14
   6154.0000    2.80210E-14
   6156.0000    2.78580E-14
   6158.0000    2.81300E-14
   6160.0000    2.70780E-14
   6162.0000    2.64160E-14
   6164.0000    2.68120E-14
   6166.0000    2.69900E-14
   6168.0000    2.69790E-14
   6170.0000    2.76580E-14
   6172.0000    2.80070E-14
   6174.0000    2.77180E-14
   6176.0000    2.75420E-14
   6178.0000    2.77590E-14
   6180.0000    2.82260E-14
   6182.0000    2.79620E-14
   6184.0000    2.71570E-14
   6186.0000    2.73920E-14
   6188.0000    2.71290E-14
   6190.0000    2.77740E-14
   6192.0000    2.69920E-14
   6194.0000    2.77080E-14
   6196.0000    2.77890E-14
   6198.0000    2.74300E-14
   6200.0000    2.75210E-14
   6202.0000    2.73380E-14
   6204.0000    2.78100E-14
   6206.0000    2.83040E-14
   6208.0000    2.69820E-14
   6210.0000    2.77080E-14
   6212.0000    2.71210E-14
   6214.0000    2.71170E-14
   6216.0000    2.67030E-14
   6218.0000    2.68500E-14
   6220.0000    2.72520E-14
   6222.0000    2.65310E-14
   6224.0000    2.64570E-14
   6226.0000    2.66840E-14
   6228.0000    2.67290E-14
   6230.0000    2.63590E-14
   6232.0000    2.66840E-14
   6234.0000    2.69090E-14
   6236.0000    2.64000E-14
   6238.0000    2.67310E-14
   6240.0000    2.60130E-14
   6242.0000    2.61270E-14
   6244.0000    2.64200E-14
   6246.0000    2.65820E-14
   6248.0000    2.61640E-14
   6250.0000    2.63280E-14
   6252.0000    2.63670E-14
   6254.0000    2.66410E-14
   6256.0000    2.62640E-14
   6258.0000    2.59810E-14
   6260.0000    2.68040E-14
   6262.0000    2.66120E-14
   6264.0000    2.67940E-14
   6266.0000    2.71770E-14
   6268.0000    2.70450E-14
   6270.0000    2.68940E-14
   6272.0000    2.66190E-14
   6274.0000    2.65410E-14
   6276.0000    2.66930E-14
   6278.0000    2.61880E-14
   6280.0000    2.60730E-14
   6282.0000    2.63530E-14
   6284.0000    2.65780E-14
   6286.0000    2.75940E-14
   6288.0000    2.70900E-14
   6290.0000    2.67270E-14
   6292.0000    2.66810E-14
   6294.0000    2.66340E-14
   6296.0000    2.64510E-14
   6298.0000    2.67270E-14
   6300.0000    2.67990E-14
   6302.0000    2.70930E-14
   6304.0000    2.71930E-14
   6306.0000    2.67210E-14
   6308.0000    2.66410E-14
   6310.0000    2.71600E-14
   6312.0000    2.71350E-14
   6314.0000    2.69700E-14
   6316.0000    2.72100E-14
   6318.0000    2.75090E-14
   6320.0000    2.70530E-14
   6322.0000    2.78630E-14
   6324.0000    2.72240E-14
   6326.0000    2.75640E-14
   6328.0000    2.73900E-14
   6330.0000    2.72360E-14
   6332.0000    2.77470E-14
   6334.0000    2.72930E-14
   6336.0000    2.73550E-14
   6338.0000    2.74620E-14
   6340.0000    2.73300E-14
   6342.0000    2.73750E-14
   6344.0000    2.70800E-14
   6346.0000    2.69880E-14
   6348.0000    2.75300E-14
   6350.0000    2.71000E-14
   6352.0000    2.74960E-14
   6354.0000    2.72080E-14
   6356.0000    2.69140E-14
   6358.0000    2.77230E-14
   6360.0000    2.71530E-14
   6362.0000    2.65860E-14
   6364.0000    2.69930E-14
   6366.0000    2.66700E-14
   6368.0000    2.71090E-14
   6370.0000    2.74040E-14
   6372.0000    2.75640E-14
   6374.0000    2.76760E-14
   6376.0000    2.74290E-14
   6378.0000    2.76420E-14
   6380.0000    2.74220E-14
   6382.0000    2.77820E-14
   6384.0000    2.67170E-14
   6386.0000    2.72790E-14
   6388.0000    2.70330E-14
   6390.0000    2.72270E-14
   6392.0000    2.71210E-14
   6394.0000    2.67290E-14
   6396.0000    2.70390E-14
   6398.0000    2.72810E-14
   6400.0000    2.69250E-14
   6402.0000    2.69840E-14
   6404.0000    2.75220E-14
   6406.0000    2.71360E-14
   6408.0000    2.72350E-14
   6410.0000    2.78920E-14
   6412.0000    2.75210E-14
   6414.0000    2.69920E-14
   6416.0000    2.72470E-14
   6418.0000    2.73120E-14
   6420.0000    2.70210E-14
   6422.0000    2.74160E-14
   6424.0000    2.74300E-14
   6426.0000    2.72720E-14
   6428.0000    2.70310E-14
   6430.0000    2.70660E-14
   6432.0000    2.69190E-14
   6434.0000    2.73170E-14
   6436.0000    2.70800E-14
   6438.0000    2.70490E-14
   6440.0000    2.72490E-14
   6442.0000    2.74570E-14
   6444.0000    2.70120E-14
   6446.0000    2.68950E-14
   6448.0000    2.68870E-14
   6450.0000    2.69210E-14
   6452.0000    2.71870E-14
   6454.0000    2.67810E-14
   6456.0000    2.75790E-14
   6458.0000    2.69310E-14
   6460.0000    2.70050E-14
   6462.0000    2.78870E-14
   6464.0000    2.71790E-14
   6466.0000    2.70670E-14
   6468.0000    2.72670E-14
   6470.0000    2.72900E-14
   6472.0000    2.65090E-14
   6474.0000    2.68030E-14
   6476.0000    2.70700E-14
   6478.0000    2.66790E-14
   6480.0000    2.68280E-14
   6482.0000    2.70840E-14
   6484.0000    2.66960E-14
   6486.0000    2.66130E-14
   6488.0000    2.62150E-14
   6490.0000    2.60180E-14
   6492.0000    2.58930E-14
   6494.0000    2.55700E-14
   6496.0000    2.64010E-14
   6498.0000    2.57600E-14
   6500.0000    2.64090E-14
   6502.0000    2.63890E-14
   6504.0000    2.64880E-14
   6506.0000    2.73420E-14
   6508.0000    2.70360E-14
   6510.0000    2.67590E-14
   6512.0000    2.68320E-14
   6514.0000    2.70780E-14
   6516.0000    2.73340E-14
   6518.0000    2.67650E-14
   6520.0000    2.76170E-14
   6522.0000    2.67400E-14
   6524.0000    2.76980E-14
   6526.0000    2.70030E-14
   6528.0000    2.69880E-14
   6530.0000    2.64060E-14
   6532.0000    2.72190E-14
   6534.0000    2.65030E-14
   6536.0000    2.75640E-14
   6538.0000    2.68940E-14
   6540.0000    2.74010E-14
   6542.0000    2.68770E-14
   6544.0000    2.62540E-14
   6546.0000    2.61780E-14
   6548.0000    2.58340E-14
   6550.0000    2.52510E-14
   6552.0000    2.51940E-14
   6554.0000    2.41030E-14
   6556.0000    2.34120E-14
   6558.0000    2.25770E-14
   6560.0000    2.15940E-14
   6562.0000    2.14910E-14
   6564.0000    2.24100E-14
   6566.0000    2.31890E-14
   6568.0000    2.38180E-14
   6570.0000    2.40430E-14
   6572.0000    2.47860E-14
   6574.0000    2.56330E-14
   6576.0000    2.57410E-14
   6578.0000    2.52800E-14
   6580.0000    2.58460E-14
   6582.0000    2.61720E-14
   6584.0000    2.58690E-14
   6586.0000    2.62460E-14
   6588.0000    2.62570E-14
   6590.0000    2.62400E-14
   6592.0000    2.62980E-14
   6594.0000    2.62960E-14
   6596.0000    2.56870E-14
   6598.0000    2.62400E-14
   6600.0000    2.66390E-14
   6602.0000    2.61070E-14
   6604.0000    2.61370E-14
   6606.0000    2.62760E-14
   6608.0000    2.60340E-14
   6610.0000    2.63740E-14
   6612.0000    2.62440E-14
   6614.0000    2.61010E-14
   6616.0000    2.60350E-14
   6618.0000    2.61100E-14
   6620.0000    2.61470E-14
   6622.0000    2.59960E-14
   6624.0000    2.59590E-14
   6626.0000    2.58380E-14
   6628.0000    2.59200E-14
   6630.0000    2.57270E-14
   6632.0000    2.53050E-14
   6634.0000    2.61360E-14
   6636.0000    2.63260E-14
   6638.0000    2.61700E-14
   6640.0000    2.56650E-14
   6642.0000    2.59110E-14
   6644.0000    2.56480E-14
   6646.0000    2.52370E-14
   6648.0000    2.58410E-14
   6650.0000    2.59020E-14
   6652.0000    2.53290E-14
   6654.0000    2.58380E-14
   6656.0000    2.56710E-14
   6658.0000    2.59190E-14
   6660.0000    2.52740E-14
   6662.0000    2.51970E-14
   6664.0000    2.56190E-14
   6666.0000    2.58300E-14
   6668.0000    2.52390E-14
   6670.0000    2.55470E-14
   6672.0000    2.53260E-14
   6674.0000    2.50970E-14
   6676.0000    2.50400E-14
   6678.0000    2.51350E-14
   6680.0000    2.51630E-14
   6682.0000    2.49680E-14
   6684.0000    2.46000E-14
   6686.0000    2.51670E-14
   6688.0000    2.56100E-14
   6690.0000    2.51190E-14
   6692.0000    2.52930E-14
   6694.0000    2.52660E-14
   6696.0000    2.52280E-14
   6698.0000    2.47760E-14
   6700.0000    2.55030E-14
   6702.0000    2.51470E-14
   6704.0000    2.54410E-14
   6706.0000    2.57430E-14
   6708.0000    2.55020E-14
   6710.0000    2.50390E-14
   6712.0000    2.48370E-14
   6714.0000    2.49230E-14
   6716.0000    2.44760E-14
   6718.0000    2.51690E-14
   6720.0000    2.51010E-14
   6722.0000    2.51480E-14
   6724.0000    2.53940E-14
   6726.0000    2.49930E-14
   6728.0000    2.48860E-14
   6730.0000    2.48670E-14
   6732.0000    2.47690E-14
   6734.0000    2.49760E-14
   6736.0000    2.48700E-14
   6738.0000    2.45980E-14
   6740.0000    2.49200E-14
   6742.0000    2.51550E-14
   6744.0000    2.51410E-14
   6746.0000    2.52260E-14
   6748.0000    2.45930E-14
   6750.0000    2.50240E-14
   6752.0000    2.49470E-14
   6754.0000    2.48880E-14
   6756.0000    2.49850E-14
   6758.0000    2.49780E-14
   6760.0000    2.49000E-14
   6762.0000    2.53710E-14
   6764.0000    2.53250E-14
   6766.0000    2.45090E-14
   6768.0000    2.49060E-14
   6770.0000    2.46980E-14
   6772.0000    2.50030E-14
   6774.0000    2.50670E-14
   6776.0000    2.51310E-14
   6778.0000    2.49750E-14
   6780.0000    2.46700E-14
   6782.0000    2.51430E-14
   6784.0000    2.47350E-14
   6786.0000    2.46210E-14
   6788.0000    2.51200E-14
   6790.0000    2.45290E-14
   6792.0000    2.44860E-14
   6794.0000    2.48140E-14
   6796.0000    2.43040E-14
   6798.0000    2.48110E-14
   6800.0000    2.44350E-14
   6802.0000    2.46110E-14
   6804.0000    2.51500E-14
   6806.0000    2.49170E-14
   6808.0000    2.47770E-14
   6810.0000    2.45380E-14
   6812.0000    2.47060E-14
   6814.0000    2.50060E-14
   6816.0000    2.43730E-14
   6818.0000    2.44810E-14
   6820.0000    2.49330E-14
   6822.0000    2.48140E-14
   6824.0000    2.50830E-14
   6826.0000    2.44220E-14
   6828.0000    2.43770E-14
   6830.0000    2.46560E-14
   6832.0000    2.48990E-14
   6834.0000    2.48710E-14
   6836.0000    2.45130E-14
   6838.0000    2.40560E-14
   6840.0000    2.45100E-14
   6842.0000    2.44240E-14
   6844.0000    2.45070E-14
   6846.0000    2.42550E-14
   6848.0000    2.42240E-14
   6850.0000    2.46100E-14
   6852.0000    2.41480E-14
   6854.0000    2.43380E-14
   6856.0000    2.39590E-14
   6858.0000    2.43270E-14
   6860.0000    2.38300E-14
   6862.0000    2.43430E-14
   6864.0000    2.39280E-14
   6866.0000    2.41720E-14
   6868.0000    2.45530E-14
   6870.0000    2.42130E-14
   6872.0000    2.42180E-14
   6874.0000    2.39620E-14
   6876.0000    2.49380E-14
   6878.0000    2.41520E-14
   6880.0000    2.36990E-14
   6882.0000    2.40880E-14
   6884.0000    2.39860E-14
   6886.0000    2.45920E-14
   6888.0000    2.39440E-14
   6890.0000    2.49180E-14
   6892.0000    2.42790E-14
   6894.0000    2.43150E-14
   6896.0000    2.44560E-14
   6898.0000    2.40800E-14
   6900.0000    2.43800E-14
   6902.0000    2.42510E-14
   6904.0000    2.43150E-14
   6906.0000    2.47900E-14
   6908.0000    2.43450E-14
   6910.0000    2.43410E-14
   6912.0000    2.45130E-14
   6914.0000    2.42360E-14
   6916.0000    2.43940E-14
   6918.0000    2.45920E-14
   6920.0000    2.47070E-14
   6922.0000    2.42900E-14
   6924.0000    2.45350E-14
   6926.0000    2.50840E-14
   6928.0000    2.50990E-14
   6930.0000    2.41730E-14
   6932.0000    2.47710E-14
   6934.0000    2.42980E-14
   6936.0000    2.52030E-14
   6938.0000    2.52280E-14
   6940.0000    2.49500E-14
   6942.0000    2.53440E-14
   6944.0000    2.53280E-14
   6946.0000    2.51390E-14
   6948.0000    2.52380E-14
   6950.0000    2.51410E-14
   6952.0000    2.53040E-14
   6954.0000    2.50910E-14
   6956.0000    2.46850E-14
   6958.0000    2.46340E-14
   6960.0000    2.55490E-14
   6962.0000    2.48360E-14
   6964.0000    2.50730E-14
   6966.0000    2.54420E-14
   6968.0000    2.48920E-14
   6970.0000    2.48580E-14
   6972.0000    2.43850E-14
   6974.0000    2.52070E-14
   6976.0000    2.49150E-14
   6978.0000    2.46360E-14
   6980.0000    2.49140E-14
   6982.0000    2.49730E-14
   6984.0000    2.51180E-14
   6986.0000    2.50120E-14
   6988.0000    2.47530E-14
   6990.0000    2.48500E-14
   6992.0000    2.50780E-14
   6994.0000    2.47730E-14
   6996.0000    2.50150E-14
   6998.0000    2.49800E-14
   7000.0000    2.47620E-14
   7002.0000    2.43850E-14
   7004.0000    2.46430E-14
   7006.0000    2.47040E-14
   7008.0000    2.51530E-14
   7010.0000    2.47720E-14
   7012.0000    2.46130E-14
   7014.0000    2.48580E-14
   7016.0000    2.50840E-14
   7018.0000    2.50550E-14
   7020.0000    2.48060E-14
   7022.0000    2.45570E-14
   7024.0000    2.50100E-14
   7026.0000    2.51910E-14
   7028.0000    2.49760E-14
   7030.0000    2.52290E-14
   7032.0000    2.55180E-14
   7034.0000    2.57450E-14
   7036.0000    2.52880E-14
   7038.0000    2.50390E-14
   7040.0000    2.55340E-14
   7042.0000    2.59330E-14
   7044.0000    2.60940E-14
   7046.0000    2.59330E-14
   7048.0000    2.60620E-14
   7050.0000    2.55490E-14
   7052.0000    2.51390E-14
   7054.0000    2.51300E-14
   7056.0000    2.45920E-14
   7058.0000    2.43390E-14
   7060.0000    2.40530E-14
   7062.0000    2.44040E-14
   7064.0000    2.38760E-14
   7066.0000    2.42220E-14
   7068.0000    2.36790E-14
   7070.0000    2.45530E-14
   7072.0000    2.48910E-14
   7074.0000    2.47400E-14
   7076.0000    2.47380E-14
   7078.0000    2.46450E-14
   7080.0000    2.45120E-14
   7082.0000    2.45890E-14
   7084.0000    2.38110E-14
   7086.0000    2.39770E-14
   7088.0000    2.37940E-14
   7090.0000    2.37300E-14
   7092.0000    2.34120E-14
   7094.0000    2.37110E-14
   7096.0000    2.32100E-14
   7098.0000    2.35940E-14
   7100.0000    2.41020E-14
   7102.0000    2.37200E-14
   7104.0000    2.36450E-14
   7106.0000    2.37240E-14
   7108.0000    2.37910E-14
   7110.0000    2.39520E-14
   7112.0000    2.45120E-14
   7114.0000    2.43280E-14
   7116.0000    2.38180E-14
   7118.0000    2.38260E-14
   7120.0000    2.35310E-14
   7122.0000    2.36780E-14
   7124.0000    2.35350E-14
   7126.0000    2.30370E-14
   7128.0000    2.30510E-14
   7130.0000    2.33380E-14
   7132.0000    2.35610E-14
   7134.0000    2.28090E-14
   7136.0000    2.28950E-14
   7138.0000    2.32680E-14
   7140.0000    2.32520E-14
   7142.0000    2.30900E-14
   7144.0000    2.28690E-14
   7146.0000    2.23720E-14
   7148.0000    2.31180E-14
   7150.0000    2.27790E-14
   7152.0000    2.35620E-14
   7154.0000    2.32070E-14
   7156.0000    2.33020E-14
   7158.0000    2.31060E-14
   7160.0000    2.31810E-14
   7162.0000    2.28670E-14
   7164.0000    2.31060E-14
   7166.0000    2.23760E-14
   7168.0000    2.29400E-14
   7170.0000    2.28140E-14
   7172.0000    2.27460E-14
   7174.0000    2.25380E-14
   7176.0000    2.30040E-14
   7178.0000    2.27750E-14
   7180.0000    2.29620E-14
   7182.0000    2.26300E-14
   7184.0000    2.28500E-14
   7186.0000    2.25380E-14
   7188.0000    2.22980E-14
   7190.0000    2.23570E-14
   7192.0000    2.25160E-14
   7194.0000    2.29350E-14
   7196.0000    2.26140E-14
   7198.0000    2.28980E-14
   7200.0000    2.28410E-14
   7202.0000    2.28520E-14
   7204.0000    2.29980E-14
   7206.0000    2.24900E-14
   7208.0000    2.31180E-14
   7210.0000    2.32970E-14
   7212.0000    2.29430E-14
   7214.0000    2.33240E-14
   7216.0000    2.39120E-14
   7218.0000    2.37870E-14
   7220.0000    2.40090E-14
   7222.0000    2.36530E-14
   7224.0000    2.38230E-14
   7226.0000    2.37840E-14
   7228.0000    2.42270E-14
   7230.0000    2.37360E-14
   7232.0000    2.32640E-14
   7234.0000    2.32960E-14
   7236.0000    2.30200E-14
   7238.0000    2.32000E-14
   7240.0000    2.33490E-14
   7242.0000    2.36200E-14
   7244.0000    2.36300E-14
   7246.0000    2.37730E-14
   7248.0000    2.36790E-14
   7250.0000    2.36000E-14
   7252.0000    2.41510E-14
   7254.0000    2.34790E-14
   7256.0000    2.39260E-14
   7258.0000    2.39210E-14
   7260.0000    2.40290E-14
   7262.0000    2.42450E-14
   7264.0000    2.34830E-14
   7266.0000    2.38910E-14
   7268.0000    2.36160E-14
   7270.0000    2.46560E-14
   7272.0000    2.37240E-14
   7274.0000    2.33830E-14
   7276.0000    2.38790E-14
   7278.0000    2.30150E-14
   7280.0000    2.36930E-14
   7282.0000    2.38570E-14
   7284.0000    2.37130E-14
   7286.0000    2.37640E-14
   7288.0000    2.37800E-14
   7290.0000    2.42500E-14
   7292.0000    2.39620E-14
   7294.0000    2.40050E-14
   7296.0000    2.44820E-14
   7298.0000    2.41880E-14
   7300.0000    2.45320E-14
   7302.0000    2.43040E-14
   7304.0000    2.45010E-14
   7306.0000    2.49090E-14
   7308.0000    2.41060E-14
   7310.0000    2.46040E-14
   7312.0000    2.46580E-14
   7314.0000    2.45600E-14
   7316.0000    2.47240E-14
   7318.0000    2.41060E-14
   7320.0000    2.50150E-14
   7322.0000    2.45610E-14
   7324.0000    2.43520E-14
   7326.0000    2.44770E-14
   7328.0000    2.47590E-14
   7330.0000    2.48570E-14
   7332.0000    2.51740E-14
   7334.0000    2.47480E-14
   7336.0000    2.51510E-14
   7338.0000    2.50400E-14
   7340.0000    2.50200E-14
   7342.0000    2.48050E-14
   7344.0000    2.50360E-14
   7346.0000    2.47860E-14
   7348.0000    2.51730E-14
   7350.0000    2.51720E-14
   7352.0000    2.48930E-14
   7354.0000    2.47090E-14
   7356.0000    2.44470E-14
   7358.0000    2.47540E-14
   7360.0000    2.47280E-14
   7362.0000    2.47140E-14
   7364.0000    2.55910E-14
   7366.0000    2.48150E-14
   7368.0000    2.50550E-14
   7370.0000    2.54220E-14
   7372.0000    2.53260E-14
   7374.0000    2.52630E-14
   7376.0000    2.57940E-14
   7378.0000    2.53410E-14
   7380.0000    2.50520E-14
   7382.0000    2.53210E-14
   7384.0000    2.56190E-14
   7386.0000    2.54540E-14
   7388.0000    2.46460E-14
   7390.0000    2.46550E-14
   7392.0000    2.49990E-14
   7394.0000    2.48540E-14
   7396.0000    2.48590E-14
   7398.0000    2.48760E-14
   7400.0000    2.49210E-14
   7402.0000    2.52190E-14
   7404.0000    2.47810E-14
   7406.0000    2.48240E-14
   7408.0000    2.53040E-14
   7410.0000    2.49200E-14
   7412.0000    2.54450E-14
   7414.0000    2.44550E-14
   7416.0000    2.46870E-14
   7418.0000    2.47040E-14
   7420.0000    2.52390E-14
   7422.0000    2.49780E-14
   7424.0000    2.50170E-14
   7426.0000    2.54310E-14
   7428.0000    2.50990E-14
   7430.0000    2.51820E-14
   7432.0000    2.50850E-14
   7434.0000    2.48880E-14
   7436.0000    2.49080E-14
   7438.0000    2.53360E-14
   7440.0000    2.52150E-14
   7442.0000    2.52520E-14
   7444.0000    2.50610E-14
   7446.0000    2.49550E-14
   7448.0000    2.51900E-14
   7450.0000    2.53020E-14
   7452.0000    2.53580E-14
   7454.0000    2.49540E-14
   7456.0000    2.55340E-14
   7458.0000    2.52570E-14
   7460.0000    2.50600E-14
   7462.0000    2.50990E-14
   7464.0000    2.46200E-14
   7466.0000    2.54470E-14
   7468.0000    2.53040E-14
   7470.0000    2.53750E-14
   7472.0000    2.53340E-14
   7474.0000    2.50830E-14
   7476.0000    2.49100E-14
   7478.0000    2.54940E-14
   7480.0000    2.53560E-14
   7482.0000    2.52540E-14
   7484.0000    2.55110E-14
   7486.0000    2.48450E-14
   7488.0000    2.52310E-14
   7490.0000    2.51250E-14
   7492.0000    2.51400E-14
   7494.0000    2.52060E-14
   7496.0000    2.49450E-14
   7498.0000    2.51140E-14
   7500.0000    2.50590E-14
   7502.0000    2.50810E-14
   7504.0000    2.51660E-14
   7506.0000    2.51750E-14
   7508.0000    2.52100E-14
   7510.0000    2.53020E-14
   7512.0000    2.56270E-14
   7514.0000    2.56520E-14
   7516.0000    2.53960E-14
   7518.0000    2.52210E-14
   7520.0000    2.49600E-14
   7522.0000    2.54340E-14
   7524.0000    2.51180E-14
   7526.0000    2.53480E-14
   7528.0000    2.59870E-14
   7530.0000    2.52270E-14
   7532.0000    2.54680E-14
   7534.0000    2.53640E-14
   7536.0000    2.56500E-14
   7538.0000    2.54510E-14
   7540.0000    2.57580E-14
   7542.0000    2.53640E-14
   7544.0000    2.52680E-14
   7546.0000    2.53090E-14
   7548.0000    2.55110E-14
   7550.0000    2.54350E-14
   7552.0000    2.47390E-14
   7554.0000    2.51920E-14
   7556.0000    2.54770E-14
   7558.0000    2.54420E-14
   7560.0000    2.55730E-14
   7562.0000    2.53160E-14
   7564.0000    2.50040E-14
   7566.0000    2.56050E-14
   7568.0000    2.48580E-14
   7570.0000    2.52670E-14
   7572.0000    2.53890E-14
   7574.0000    2.55660E-14
   7576.0000    2.50170E-14
   7578.0000    2.53800E-14
   7580.0000    2.48450E-14
   7582.0000    2.52120E-14
   7584.0000    2.48540E-14
   7586.0000    2.48410E-14
   7588.0000    2.43620E-14
   7590.0000    2.47130E-14
   7592.0000    2.42410E-14
   7594.0000    2.44730E-14
   7596.0000    2.46880E-14
   7598.0000    2.39480E-14
   7600.0000    2.50840E-14
   7602.0000    2.52850E-14
   7604.0000    2.44000E-14
   7606.0000    2.48310E-14
   7608.0000    2.41010E-14
   7610.0000    2.40060E-14
   7612.0000    2.45670E-14
   7614.0000    2.42290E-14
   7616.0000    2.43550E-14
   7618.0000    2.42650E-14
   7620.0000    2.43900E-14
   7622.0000    2.40600E-14
   7624.0000    2.45540E-14
   7626.0000    2.45580E-14
   7628.0000    2.42480E-14
   7630.0000    2.42020E-14
   7632.0000    2.40030E-14
   7634.0000    2.37910E-14
   7636.0000    2.37120E-14
   7638.0000    2.36830E-14
   7640.0000    2.35000E-14
   7642.0000    2.35120E-14
   7644.0000    2.35020E-14
   7646.0000    2.40600E-14
   7648.0000    2.42060E-14
   7650.0000    2.32730E-14
   7652.0000    2.34250E-14
   7654.0000    2.35030E-14
   7656.0000    2.29730E-14
   7658.0000    2.27890E-14
   7660.0000    2.26590E-14
   7662.0000    2.21090E-14
   7664.0000    2.23750E-14
   7666.0000    2.17500E-14
   7668.0000    2.24630E-14
   7670.0000    2.20380E-14
   7672.0000    2.27620E-14
   7674.0000    2.28860E-14
   7676.0000    2.24850E-14
   7678.0000    2.27390E-14
   7680.0000    2.32900E-14
   7682.0000    2.31300E-14
   7684.0000    2.24430E-14
   7686.0000    2.29670E-14
   7688.0000    2.26990E-14
   7690.0000    2.25830E-14
   7692.0000    2.26750E-14
   7694.0000    2.24590E-14
   7696.0000    2.22390E-14
   7698.0000    2.22080E-14
   7700.0000    2.19150E-14
   7702.0000    2.20850E-14
   7704.0000    2.17920E-14
   7706.0000    2.21330E-14
   7708.0000    2.24090E-14
   7710.0000    2.20680E-14
   7712.0000    2.30490E-14
   7714.0000    2.26400E-14
   7716.0000    2.22670E-14
   7718.0000    2.29300E-14
   7720.0000    2.24300E-14
   7722.0000    2.29920E-14
   7724.0000    2.30670E-14
   7726.0000    2.28720E-14
   7728.0000    2.33960E-14
   7730.0000    2.35900E-14
   7732.0000    2.29200E-14
   7734.0000    2.29820E-14
   7736.0000    2.33070E-14
   7738.0000    2.24270E-14
   7740.0000    2.28010E-14
   7742.0000    2.27820E-14
   7744.0000    2.29250E-14
   7746.0000    2.20280E-14
   7748.0000    2.29320E-14
   7750.0000    2.25000E-14
   7752.0000    2.25590E-14
   7754.0000    2.29500E-14
   7756.0000    2.26150E-14
   7758.0000    2.25900E-14
   7760.0000    2.31330E-14
   7762.0000    2.25210E-14
   7764.0000    2.25500E-14
   7766.0000    2.23030E-14
   7768.0000    2.22990E-14
   7770.0000    2.23170E-14
   7772.0000    2.26380E-14
   7774.0000    2.24240E-14
   7776.0000    2.27830E-14
   7778.0000    2.27780E-14
   7780.0000    2.27720E-14
   7782.0000    2.25470E-14
   7784.0000    2.27130E-14
   7786.0000    2.23760E-14
   7788.0000    2.22000E-14
   7790.0000    2.25140E-14
   7792.0000    2.22470E-14
   7794.0000    2.27040E-14
   7796.0000    2.26820E-14
   7798.0000    2.32150E-14
   7800.0000    2.30890E-14
   7802.0000    2.30710E-14
   7804.0000    2.27460E-14
   7806.0000    2.32140E-14
   7808.0000    2.31740E-14
   7810.0000    2.31580E-14
   7812.0000    2.29330E-14
   7814.0000    2.32250E-14
   7816.0000    2.32580E-14
   7818.0000    2.31710E-14
   7820.0000    2.32780E-14
   7822.0000    2.29950E-14
   7824.0000    2.29350E-14
   7826.0000    2.28030E-14
   7828.0000    2.24650E-14
   7830.0000    2.25790E-14
   7832.0000    2.22730E-14
   7834.0000    2.27300E-14
   7836.0000    2.28010E-14
   7838.0000    2.27100E-14
   7840.0000    2.27870E-14
   7842.0000    2.27190E-14
   7844.0000    2.34450E-14
   7846.0000    2.29790E-14
   7848.0000    2.34160E-14
   7850.0000    2.30480E-14
   7852.0000    2.34490E-14
   7854.0000    2.27870E-14
   7856.0000    2.33660E-14
   7858.0000    2.31390E-14
   7860.0000    2.34710E-14
   7862.0000    2.31380E-14
   7864.0000    2.30790E-14
   7866.0000    2.35320E-14
   7868.0000    2.33520E-14
   7870.0000    2.34020E-14
   7872.0000    2.29400E-14
   7874.0000    2.31070E-14
   7876.0000    2.27690E-14
   7878.0000    2.35880E-14
   7880.0000    2.29290E-14
   7882.0000    2.32690E-14
   7884.0000    2.32240E-14
   7886.0000    2.34000E-14
   7888.0000    2.26680E-14
   7890.0000    2.30700E-14
   7892.0000    2.27880E-14
   7894.0000    2.31600E-14
   7896.0000    2.29740E-14
   7898.0000    2.30860E-14
   7900.0000    2.28200E-14
   7902.0000    2.31970E-14
   7904.0000    2.28880E-14
   7906.0000    2.31810E-14
   7908.0000    2.25220E-14
   7910.0000    2.23420E-14
   7912.0000    2.20760E-14
   7914.0000    2.22750E-14
   7916.0000    2.27840E-14
   7918.0000    2.19560E-14
   7920.0000    2.25190E-14
   7922.0000    2.27980E-14
   7924.0000    2.25160E-14
   7926.0000    2.23040E-14
   7928.0000    2.23290E-14
   7930.0000    2.26870E-14
   7932.0000    2.28210E-14
   7934.0000    2.22690E-14
   7936.0000    2.23350E-14
   7938.0000    2.25490E-14
   7940.0000    2.20000E-14
   7942.0000    2.21700E-14
   7944.0000    2.19560E-14
   7946.0000    2.19940E-14
   7948.0000    2.26520E-14
   7950.0000    2.23480E-14
   7952.0000    2.27010E-14
   7954.0000    2.21310E-14
   7956.0000    2.23030E-14
   7958.0000    2.25810E-14
   7960.0000    2.31890E-14
   7962.0000    2.31750E-14
   7964.0000    2.25740E-14
   7966.0000    2.30300E-14
   7968.0000    2.32670E-14
   7970.0000    2.31570E-14
   7972.0000    2.29190E-14
   7974.0000    2.27130E-14
   7976.0000    2.30910E-14
   7978.0000    2.23560E-14
   7980.0000    2.31230E-14
   7982.0000    2.27730E-14
   7984.0000    2.30490E-14
   7986.0000    2.30190E-14
   7988.0000    2.25740E-14
   7990.0000    2.31410E-14
   7992.0000    2.30550E-14
   7994.0000    2.27720E-14
   7996.0000    2.30310E-14
   7998.0000    2.25370E-14
   8000.0000    2.28900E-14
   8002.0000    2.28120E-14
   8004.0000    2.30650E-14
   8006.0000    2.30140E-14
   8008.0000    2.33540E-14
   8010.0000    2.37110E-14
   8012.0000    2.35980E-14
   8014.0000    2.28910E-14
   8016.0000    2.33620E-14
   8018.0000    2.27740E-14
   8020.0000    2.31390E-14
   8022.0000    2.28710E-14
   8024.0000    2.33450E-14
   8026.0000    2.30740E-14
   8028.0000    2.32680E-14
   8030.0000    2.34350E-14
   8032.0000    2.34480E-14
   8034.0000    2.30230E-14
   8036.0000    2.30230E-14
   8038.0000    2.30190E-14
   8040.0000    2.31050E-14
   8042.0000    2.34950E-14
   8044.0000    2.36250E-14
   8046.0000    2.33980E-14
   8048.0000    2.30190E-14
   8050.0000    2.32920E-14
   8052.0000    2.33940E-14
   8054.0000    2.40610E-14
   8056.0000    2.36520E-14
   8058.0000    2.36270E-14
   8060.0000    2.39510E-14
   8062.0000    2.33350E-14
   8064.0000    2.36570E-14
   8066.0000    2.37850E-14
   8068.0000    2.32440E-14
   8070.0000    2.34190E-14
   8072.0000    2.34320E-14
   8074.0000    2.27260E-14
   8076.0000    2.30400E-14
   8078.0000    2.32970E-14
   8080.0000    2.31700E-14
   8082.0000    2.39540E-14
   8084.0000    2.31350E-14
   8086.0000    2.32570E-14
   8088.0000    2.31100E-14
   8090.0000    2.36810E-14
   8092.0000    2.35730E-14
   8094.0000    2.27260E-14
   8096.0000    2.36420E-14
   8098.0000    2.34580E-14
   8100.0000    2.29910E-14
   8102.0000    2.31360E-14
   8104.0000    2.35110E-14
   8106.0000    2.31650E-14
   8108.0000    2.34940E-14
   8110.0000    2.36800E-14
   8112.0000    2.35690E-14
   8114.0000    2.32080E-14
   8116.0000    2.32250E-14
   8118.0000    2.35090E-14
   8120.0000    2.36410E-14
   8122.0000    2.36780E-14
   8124.0000    2.39320E-14
   8126.0000    2.31060E-14
   8128.0000    2.36440E-14
   8130.0000    2.32200E-14
   8132.0000    2.37540E-14
   8134.0000    2.38850E-14
   8136.0000    2.35660E-14
   8138.0000    2.33800E-14
   8140.0000    2.36310E-14
   8142.0000    2.31940E-14
   8144.0000    2.33470E-14
   8146.0000    2.39520E-14
   8148.0000    2.32890E-14
   8150.0000    2.28970E-14
   8152.0000    2.33060E-14
   8154.0000    2.28050E-14
   8156.0000    2.29050E-14
   8158.0000    2.25960E-14
   8160.0000    2.30500E-14
   8162.0000    2.24340E-14
   8164.0000    2.29240E-14
   8166.0000    2.27430E-14
   8168.0000    2.30800E-14
   8170.0000    2.33980E-14
   8172.0000    2.30920E-14
   8174.0000    2.32610E-14
   8176.0000    2.26370E-14
   8178.0000    2.24000E-14
   8180.0000    2.21730E-14
   8182.0000    2.12720E-14
   8184.0000    2.20200E-14
   8186.0000    2.18550E-14
   8188.0000    2.17500E-14
   8190.0000    2.14860E-14
   8192.0000    2.18410E-14
   8194.0000    2.17450E-14
   8196.0000    2.16540E-14
   8198.0000    2.19860E-14
   8200.0000    2.22200E-14
