   1350.0000    2.11980E-13
   1351.0000    2.08650E-13
   1352.0000    2.08300E-13
   1353.0000    2.08120E-13
   1354.0000    2.08570E-13
   1355.0000    2.07860E-13
   1356.0000    2.08810E-13
   1357.0000    2.08250E-13
   1358.0000    2.07090E-13
   1359.0000    2.02410E-13
   1360.0000    1.93550E-13
   1361.0000    1.85610E-13
   1362.0000    1.83650E-13
   1363.0000    1.84280E-13
   1364.0000    1.84060E-13
   1365.0000    1.84270E-13
   1366.0000    1.84350E-13
   1367.0000    1.84340E-13
   1368.0000    1.85570E-13
   1369.0000    1.85940E-13
   1370.0000    1.86620E-13
   1371.0000    1.88410E-13
   1372.0000    1.89370E-13
   1373.0000    1.89460E-13
   1374.0000    1.88630E-13
   1375.0000    1.89840E-13
   1376.0000    1.90130E-13
   1377.0000    1.89130E-13
   1378.0000    1.89960E-13
   1379.0000    1.89290E-13
   1380.0000    1.90240E-13
   1381.0000    1.89250E-13
   1382.0000    1.90240E-13
   1383.0000    1.89920E-13
   1384.0000    1.89840E-13
   1385.0000    1.89360E-13
   1386.0000    1.90210E-13
   1387.0000    1.89370E-13
   1388.0000    1.88460E-13
   1389.0000    1.80180E-13
   1390.0000    1.65270E-13
   1391.0000    1.52970E-13
   1392.0000    1.49420E-13
   1393.0000    1.48510E-13
   1394.0000    1.49200E-13
   1395.0000    1.48840E-13
   1396.0000    1.49480E-13
   1397.0000    1.49450E-13
   1398.0000    1.49450E-13
   1399.0000    1.49440E-13
   1400.0000    1.47660E-13
   1401.0000    1.47570E-13
   1402.0000    1.47190E-13
   1403.0000    1.46870E-13
   1404.0000    1.47310E-13
   1405.0000    1.46470E-13
   1406.0000    1.47190E-13
   1407.0000    1.47550E-13
   1408.0000    1.48510E-13
   1409.0000    1.53830E-13
   1410.0000    1.62200E-13
   1411.0000    1.70450E-13
   1412.0000    1.72750E-13
   1413.0000    1.73070E-13
   1414.0000    1.72280E-13
   1415.0000    1.72770E-13
   1416.0000    1.72500E-13
   1417.0000    1.72360E-13
   1418.0000    1.73120E-13
   1419.0000    1.72040E-13
   1420.0000    1.72920E-13
   1421.0000    1.72500E-13
   1422.0000    1.72530E-13
   1423.0000    1.72730E-13
   1424.0000    1.73110E-13
   1425.0000    1.73550E-13
   1426.0000    1.73200E-13
   1427.0000    1.73890E-13
   1428.0000    1.74060E-13
   1429.0000    1.74430E-13
   1430.0000    1.75960E-13
   1431.0000    1.76770E-13
   1432.0000    1.77200E-13
   1433.0000    1.77660E-13
   1434.0000    1.77940E-13
   1435.0000    1.76590E-13
   1436.0000    1.77290E-13
   1437.0000    1.77940E-13
   1438.0000    1.79960E-13
   1439.0000    1.82160E-13
   1440.0000    1.82220E-13
   1441.0000    1.82960E-13
   1442.0000    1.83610E-13
   1443.0000    1.82570E-13
   1444.0000    1.83540E-13
   1445.0000    1.84390E-13
   1446.0000    1.84360E-13
   1447.0000    1.84370E-13
   1448.0000    1.84670E-13
   1449.0000    1.84700E-13
   1450.0000    1.82120E-13
   1451.0000    1.80340E-13
   1452.0000    1.76900E-13
   1453.0000    1.76800E-13
   1454.0000    1.77220E-13
   1455.0000    1.76690E-13
   1456.0000    1.77160E-13
   1457.0000    1.77110E-13
   1458.0000    1.75940E-13
   1459.0000    1.74170E-13
   1460.0000    1.67650E-13
   1461.0000    1.65230E-13
   1462.0000    1.63870E-13
   1463.0000    1.63880E-13
   1464.0000    1.62760E-13
   1465.0000    1.63260E-13
   1466.0000    1.63550E-13
   1467.0000    1.63060E-13
   1468.0000    1.63680E-13
   1469.0000    1.64110E-13
   1470.0000    1.64680E-13
   1471.0000    1.65480E-13
   1472.0000    1.65040E-13
   1473.0000    1.64950E-13
   1474.0000    1.65680E-13
   1475.0000    1.65750E-13
   1476.0000    1.65990E-13
   1477.0000    1.65030E-13
   1478.0000    1.66370E-13
   1479.0000    1.65930E-13
   1480.0000    1.67240E-13
   1481.0000    1.67560E-13
   1482.0000    1.67700E-13
   1483.0000    1.67400E-13
   1484.0000    1.68810E-13
   1485.0000    1.68150E-13
   1486.0000    1.68350E-13
   1487.0000    1.68100E-13
   1488.0000    1.68940E-13
   1489.0000    1.68340E-13
   1490.0000    1.68430E-13
   1491.0000    1.67190E-13
   1492.0000    1.67400E-13
   1493.0000    1.67510E-13
   1494.0000    1.68140E-13
   1495.0000    1.67280E-13
   1496.0000    1.68280E-13
   1497.0000    1.68300E-13
   1498.0000    1.67030E-13
   1499.0000    1.64570E-13
   1500.0000    1.60950E-13
   1501.0000    1.57590E-13
   1502.0000    1.56130E-13
   1503.0000    1.55810E-13
   1504.0000    1.55960E-13
   1505.0000    1.56470E-13
   1506.0000    1.56740E-13
   1507.0000    1.55350E-13
   1508.0000    1.49810E-13
   1509.0000    1.43380E-13
   1510.0000    1.41550E-13
   1511.0000    1.40890E-13
   1512.0000    1.40590E-13
   1513.0000    1.41330E-13
   1514.0000    1.45090E-13
   1515.0000    1.48240E-13
   1516.0000    1.49700E-13
   1517.0000    1.49320E-13
   1518.0000    1.49760E-13
   1519.0000    1.49100E-13
   1520.0000    1.49680E-13
   1521.0000    1.47320E-13
   1522.0000    1.45640E-13
   1523.0000    1.44980E-13
   1524.0000    1.46160E-13
   1525.0000    1.45710E-13
   1526.0000    1.45490E-13
   1527.0000    1.45900E-13
   1528.0000    1.43950E-13
   1529.0000    1.39290E-13
   1530.0000    1.30990E-13
   1531.0000    1.25350E-13
   1532.0000    1.23040E-13
   1533.0000    1.22990E-13
   1534.0000    1.22610E-13
   1535.0000    1.22760E-13
   1536.0000    1.23170E-13
   1537.0000    1.22880E-13
   1538.0000    1.22310E-13
   1539.0000    1.20910E-13
   1540.0000    1.19800E-13
   1541.0000    1.19280E-13
   1542.0000    1.18590E-13
   1543.0000    1.18400E-13
   1544.0000    1.18890E-13
   1545.0000    1.18640E-13
   1546.0000    1.18640E-13
   1547.0000    1.18430E-13
   1548.0000    1.18380E-13
   1549.0000    1.17450E-13
   1550.0000    1.17000E-13
   1551.0000    1.16650E-13
   1552.0000    1.16330E-13
   1553.0000    1.16360E-13
   1554.0000    1.16420E-13
   1555.0000    1.16250E-13
   1556.0000    1.16410E-13
   1557.0000    1.16520E-13
   1558.0000    1.17430E-13
   1559.0000    1.19610E-13
   1560.0000    1.22480E-13
   1561.0000    1.25600E-13
   1562.0000    1.25720E-13
   1563.0000    1.26990E-13
   1564.0000    1.26460E-13
   1565.0000    1.26820E-13
   1566.0000    1.26400E-13
   1567.0000    1.26760E-13
   1568.0000    1.27730E-13
   1569.0000    1.28940E-13
   1570.0000    1.31190E-13
   1571.0000    1.34210E-13
   1572.0000    1.34650E-13
   1573.0000    1.34390E-13
   1574.0000    1.35160E-13
   1575.0000    1.35580E-13
   1576.0000    1.35200E-13
   1577.0000    1.35160E-13
   1578.0000    1.35210E-13
   1579.0000    1.37010E-13
   1580.0000    1.38920E-13
   1581.0000    1.42150E-13
   1582.0000    1.41300E-13
   1583.0000    1.41360E-13
   1584.0000    1.41630E-13
   1585.0000    1.41390E-13
   1586.0000    1.41510E-13
   1587.0000    1.42080E-13
   1588.0000    1.42520E-13
   1589.0000    1.41760E-13
   1590.0000    1.42280E-13
   1591.0000    1.41550E-13
   1592.0000    1.41990E-13
   1593.0000    1.41930E-13
   1594.0000    1.42800E-13
   1595.0000    1.42350E-13
   1596.0000    1.42670E-13
   1597.0000    1.42220E-13
   1598.0000    1.42760E-13
   1599.0000    1.42380E-13
   1600.0000    1.39580E-13
   1601.0000    1.39330E-13
   1602.0000    1.40280E-13
   1603.0000    1.39680E-13
   1604.0000    1.39110E-13
   1605.0000    1.39520E-13
   1606.0000    1.39550E-13
   1607.0000    1.39240E-13
   1608.0000    1.40150E-13
   1609.0000    1.39340E-13
   1610.0000    1.40140E-13
   1611.0000    1.39760E-13
   1612.0000    1.39280E-13
   1613.0000    1.39320E-13
   1614.0000    1.39980E-13
   1615.0000    1.39300E-13
   1616.0000    1.39910E-13
   1617.0000    1.39720E-13
   1618.0000    1.38610E-13
   1619.0000    1.38450E-13
   1620.0000    1.36560E-13
   1621.0000    1.34720E-13
   1622.0000    1.33660E-13
   1623.0000    1.33730E-13
   1624.0000    1.34390E-13
   1625.0000    1.34400E-13
   1626.0000    1.33620E-13
   1627.0000    1.34020E-13
   1628.0000    1.34800E-13
   1629.0000    1.36430E-13
   1630.0000    1.39240E-13
   1631.0000    1.41240E-13
   1632.0000    1.42500E-13
   1633.0000    1.42400E-13
   1634.0000    1.41950E-13
   1635.0000    1.42020E-13
   1636.0000    1.42530E-13
   1637.0000    1.43040E-13
   1638.0000    1.43460E-13
   1639.0000    1.42340E-13
   1640.0000    1.43100E-13
   1641.0000    1.43210E-13
   1642.0000    1.42210E-13
   1643.0000    1.42900E-13
   1644.0000    1.43340E-13
   1645.0000    1.43060E-13
   1646.0000    1.43270E-13
   1647.0000    1.43210E-13
   1648.0000    1.42510E-13
   1649.0000    1.40890E-13
   1650.0000    1.37800E-13
   1651.0000    1.36390E-13
   1652.0000    1.34430E-13
   1653.0000    1.34690E-13
   1654.0000    1.35190E-13
   1655.0000    1.34310E-13
   1656.0000    1.34120E-13
   1657.0000    1.34670E-13
   1658.0000    1.35680E-13
   1659.0000    1.37850E-13
   1660.0000    1.40110E-13
   1661.0000    1.42470E-13
   1662.0000    1.44290E-13
   1663.0000    1.44780E-13
   1664.0000    1.44020E-13
   1665.0000    1.44940E-13
   1666.0000    1.44340E-13
   1667.0000    1.42370E-13
   1668.0000    1.38590E-13
   1669.0000    1.33360E-13
   1670.0000    1.31750E-13
   1671.0000    1.30740E-13
   1672.0000    1.31060E-13
   1673.0000    1.33350E-13
   1674.0000    1.37870E-13
   1675.0000    1.43560E-13
   1676.0000    1.45540E-13
   1677.0000    1.46000E-13
   1678.0000    1.46260E-13
   1679.0000    1.46480E-13
   1680.0000    1.47420E-13
   1681.0000    1.48540E-13
   1682.0000    1.49670E-13
   1683.0000    1.50280E-13
   1684.0000    1.49880E-13
   1685.0000    1.50100E-13
   1686.0000    1.50490E-13
   1687.0000    1.49960E-13
   1688.0000    1.49330E-13
   1689.0000    1.47150E-13
   1690.0000    1.44950E-13
   1691.0000    1.42380E-13
   1692.0000    1.41640E-13
   1693.0000    1.41030E-13
   1694.0000    1.41020E-13
   1695.0000    1.41650E-13
   1696.0000    1.41240E-13
   1697.0000    1.41670E-13
   1698.0000    1.40930E-13
   1699.0000    1.40430E-13
   1700.0000    1.38520E-13
   1701.0000    1.36770E-13
   1702.0000    1.36310E-13
   1703.0000    1.35840E-13
   1704.0000    1.35690E-13
   1705.0000    1.35730E-13
   1706.0000    1.35690E-13
   1707.0000    1.35770E-13
   1708.0000    1.35760E-13
   1709.0000    1.32310E-13
   1710.0000    1.29530E-13
   1711.0000    1.27360E-13
   1712.0000    1.25750E-13
   1713.0000    1.25720E-13
   1714.0000    1.26360E-13
   1715.0000    1.25890E-13
   1716.0000    1.25960E-13
   1717.0000    1.25340E-13
   1718.0000    1.25380E-13
   1719.0000    1.25120E-13
   1720.0000    1.24670E-13
   1721.0000    1.24150E-13
   1722.0000    1.23890E-13
   1723.0000    1.23370E-13
   1724.0000    1.23540E-13
   1725.0000    1.24270E-13
   1726.0000    1.23730E-13
   1727.0000    1.24450E-13
   1728.0000    1.24760E-13
   1729.0000    1.26300E-13
   1730.0000    1.28530E-13
   1731.0000    1.31940E-13
   1732.0000    1.32240E-13
   1733.0000    1.32430E-13
   1734.0000    1.32780E-13
   1735.0000    1.32940E-13
   1736.0000    1.32800E-13
   1737.0000    1.33170E-13
   1738.0000    1.32220E-13
   1739.0000    1.31520E-13
   1740.0000    1.30060E-13
   1741.0000    1.29500E-13
   1742.0000    1.29190E-13
   1743.0000    1.29290E-13
   1744.0000    1.30120E-13
   1745.0000    1.29450E-13
   1746.0000    1.28860E-13
   1747.0000    1.29760E-13
   1748.0000    1.30010E-13
   1749.0000    1.30880E-13
   1750.0000    1.33200E-13
   1751.0000    1.33980E-13
   1752.0000    1.34900E-13
   1753.0000    1.36000E-13
   1754.0000    1.35540E-13
   1755.0000    1.35550E-13
   1756.0000    1.35190E-13
   1757.0000    1.35420E-13
   1758.0000    1.34860E-13
   1759.0000    1.32510E-13
   1760.0000    1.29390E-13
   1761.0000    1.26670E-13
   1762.0000    1.26560E-13
   1763.0000    1.26750E-13
   1764.0000    1.25280E-13
   1765.0000    1.26840E-13
   1766.0000    1.26150E-13
   1767.0000    1.25380E-13
   1768.0000    1.25950E-13
   1769.0000    1.25040E-13
   1770.0000    1.25210E-13
   1771.0000    1.24970E-13
   1772.0000    1.24910E-13
   1773.0000    1.24200E-13
   1774.0000    1.24620E-13
   1775.0000    1.24650E-13
   1776.0000    1.24500E-13
   1777.0000    1.24260E-13
   1778.0000    1.25770E-13
   1779.0000    1.25630E-13
   1780.0000    1.27640E-13
   1781.0000    1.28050E-13
   1782.0000    1.29120E-13
   1783.0000    1.28870E-13
   1784.0000    1.27930E-13
   1785.0000    1.28880E-13
   1786.0000    1.28770E-13
   1787.0000    1.28480E-13
   1788.0000    1.28860E-13
   1789.0000    1.30050E-13
   1790.0000    1.32050E-13
   1791.0000    1.33480E-13
   1792.0000    1.33220E-13
   1793.0000    1.34530E-13
   1794.0000    1.34340E-13
   1795.0000    1.34470E-13
   1796.0000    1.34640E-13
   1797.0000    1.34370E-13
   1798.0000    1.34630E-13
   1799.0000    1.34940E-13
   1800.0000    1.35770E-13
   1801.0000    1.34750E-13
   1802.0000    1.35090E-13
   1803.0000    1.34720E-13
   1804.0000    1.34990E-13
   1805.0000    1.34940E-13
   1806.0000    1.35110E-13
   1807.0000    1.34980E-13
   1808.0000    1.34180E-13
   1809.0000    1.31440E-13
   1810.0000    1.25640E-13
   1811.0000    1.23070E-13
   1812.0000    1.21240E-13
   1813.0000    1.21390E-13
   1814.0000    1.22280E-13
   1815.0000    1.20970E-13
   1816.0000    1.21290E-13
   1817.0000    1.21360E-13
   1818.0000    1.21660E-13
   1819.0000    1.22790E-13
   1820.0000    1.23680E-13
   1821.0000    1.23980E-13
   1822.0000    1.25000E-13
   1823.0000    1.25150E-13
   1824.0000    1.24290E-13
   1825.0000    1.25910E-13
   1826.0000    1.25050E-13
   1827.0000    1.25150E-13
   1828.0000    1.24580E-13
   1829.0000    1.23540E-13
   1830.0000    1.22430E-13
   1831.0000    1.20300E-13
   1832.0000    1.20100E-13
   1833.0000    1.19930E-13
   1834.0000    1.19930E-13
   1835.0000    1.20230E-13
   1836.0000    1.20020E-13
   1837.0000    1.19640E-13
   1838.0000    1.19440E-13
   1839.0000    1.17330E-13
   1840.0000    1.14690E-13
   1841.0000    1.12310E-13
   1842.0000    1.10740E-13
   1843.0000    1.10300E-13
   1844.0000    1.11570E-13
   1845.0000    1.10560E-13
   1846.0000    1.10510E-13
   1847.0000    1.10860E-13
   1848.0000    1.10100E-13
   1849.0000    1.09740E-13
   1850.0000    1.08930E-13
   1851.0000    1.08090E-13
   1852.0000    1.08260E-13
   1853.0000    1.07920E-13
   1854.0000    1.07640E-13
   1855.0000    1.07790E-13
   1856.0000    1.08050E-13
   1857.0000    1.08220E-13
   1858.0000    1.07920E-13
   1859.0000    1.09530E-13
   1860.0000    1.10070E-13
   1861.0000    1.10660E-13
   1862.0000    1.11670E-13
   1863.0000    1.10860E-13
   1864.0000    1.10780E-13
   1865.0000    1.11650E-13
   1866.0000    1.11060E-13
   1867.0000    1.11790E-13
   1868.0000    1.11480E-13
   1869.0000    1.14290E-13
   1870.0000    1.17540E-13
   1871.0000    1.20820E-13
   1872.0000    1.21470E-13
   1873.0000    1.21320E-13
   1874.0000    1.22070E-13
   1875.0000    1.22940E-13
   1876.0000    1.22660E-13
   1877.0000    1.21800E-13
   1878.0000    1.20280E-13
   1879.0000    1.17440E-13
   1880.0000    1.14330E-13
   1881.0000    1.11330E-13
   1882.0000    1.09980E-13
   1883.0000    1.10530E-13
   1884.0000    1.10370E-13
   1885.0000    1.09560E-13
   1886.0000    1.10770E-13
   1887.0000    1.09980E-13
   1888.0000    1.10000E-13
   1889.0000    1.09010E-13
   1890.0000    1.06720E-13
   1891.0000    1.04930E-13
   1892.0000    1.04120E-13
   1893.0000    1.04280E-13
   1894.0000    1.04580E-13
   1895.0000    1.04490E-13
   1896.0000    1.04650E-13
   1897.0000    1.05590E-13
   1898.0000    1.05310E-13
   1899.0000    1.07800E-13
   1900.0000    1.10310E-13
   1901.0000    1.12830E-13
   1902.0000    1.13710E-13
   1903.0000    1.13750E-13
   1904.0000    1.13810E-13
   1905.0000    1.13220E-13
   1906.0000    1.13520E-13
   1907.0000    1.13470E-13
   1908.0000    1.13320E-13
   1909.0000    1.11130E-13
   1910.0000    1.09020E-13
   1911.0000    1.07280E-13
   1912.0000    1.05620E-13
   1913.0000    1.06140E-13
   1914.0000    1.05910E-13
   1915.0000    1.05540E-13
   1916.0000    1.06150E-13
   1917.0000    1.06580E-13
   1918.0000    1.05230E-13
   1919.0000    1.05250E-13
   1920.0000    1.03790E-13
   1921.0000    1.02940E-13
   1922.0000    1.03170E-13
   1923.0000    1.02650E-13
   1924.0000    1.03540E-13
   1925.0000    1.03320E-13
   1926.0000    1.03020E-13
   1927.0000    1.02570E-13
   1928.0000    1.03490E-13
   1929.0000    1.04570E-13
   1930.0000    1.07300E-13
   1931.0000    1.09320E-13
   1932.0000    1.09610E-13
   1933.0000    1.10300E-13
   1934.0000    1.09900E-13
   1935.0000    1.09530E-13
   1936.0000    1.10000E-13
   1937.0000    1.10120E-13
   1938.0000    1.09920E-13
   1939.0000    1.10700E-13
   1940.0000    1.10420E-13
   1941.0000    1.10700E-13
   1942.0000    1.10950E-13
   1943.0000    1.11210E-13
   1944.0000    1.11630E-13
   1945.0000    1.11940E-13
   1946.0000    1.11600E-13
   1947.0000    1.10960E-13
   1948.0000    1.10030E-13
   1949.0000    1.08620E-13
   1950.0000    1.05630E-13
   1951.0000    1.03010E-13
   1952.0000    1.01580E-13
   1953.0000    1.01970E-13
   1954.0000    1.01620E-13
   1955.0000    1.01580E-13
   1956.0000    1.01740E-13
   1957.0000    1.00310E-13
   1958.0000    1.02040E-13
   1959.0000    1.02910E-13
   1960.0000    1.04850E-13
   1961.0000    1.08540E-13
   1962.0000    1.11390E-13
   1963.0000    1.12820E-13
   1964.0000    1.11950E-13
   1965.0000    1.12700E-13
   1966.0000    1.13110E-13
   1967.0000    1.13720E-13
   1968.0000    1.12650E-13
   1969.0000    1.12650E-13
   1970.0000    1.13330E-13
   1971.0000    1.14300E-13
   1972.0000    1.15410E-13
   1973.0000    1.16020E-13
   1974.0000    1.16350E-13
   1975.0000    1.15780E-13
   1976.0000    1.16300E-13
   1977.0000    1.16450E-13
   1978.0000    1.14790E-13
   1979.0000    1.14410E-13
   1980.0000    1.11910E-13
   1981.0000    1.10550E-13
   1982.0000    1.09370E-13
   1983.0000    1.09790E-13
   1984.0000    1.09870E-13
   1985.0000    1.09170E-13
   1986.0000    1.09050E-13
   1987.0000    1.08860E-13
   1988.0000    1.08870E-13
   1989.0000    1.07110E-13
   1990.0000    1.05930E-13
   1991.0000    1.05540E-13
   1992.0000    1.06080E-13
   1993.0000    1.06030E-13
   1994.0000    1.05640E-13
   1995.0000    1.05530E-13
   1996.0000    1.05630E-13
   1997.0000    1.06170E-13
   1998.0000    1.06870E-13
   1999.0000    1.07700E-13
   2000.0000    1.08900E-13
   2001.0000    1.10530E-13
   2002.0000    1.10520E-13
   2003.0000    1.11310E-13
