   4300.0000    4.03410E-14
   4301.2500    3.79600E-14
   4302.5000    3.73170E-14
   4303.7500    3.96960E-14
   4305.0000    4.06510E-14
   4306.2500    3.90660E-14
   4307.5000    3.92380E-14
   4308.7500    3.86600E-14
   4310.0000    3.98400E-14
   4311.2500    3.98880E-14
   4312.5000    4.10840E-14
   4313.7500    4.31430E-14
   4315.0000    4.30730E-14
   4316.2500    4.24680E-14
   4317.5000    4.31840E-14
   4318.7500    4.41360E-14
   4320.0000    4.26390E-14
   4321.2500    4.39550E-14
   4322.5000    4.20410E-14
   4323.7500    4.17630E-14
   4325.0000    4.12540E-14
   4326.2500    4.22930E-14
   4327.5000    4.12620E-14
   4328.7500    4.01290E-14
   4330.0000    3.96590E-14
   4331.2500    4.05320E-14
   4332.5000    3.94250E-14
   4333.7500    3.70920E-14
   4335.0000    3.56140E-14
   4336.2500    3.42210E-14
   4337.5000    3.18400E-14
   4338.7500    3.24120E-14
   4340.0000    2.98550E-14
   4341.2500    3.11570E-14
   4342.5000    3.02230E-14
   4343.7500    3.16900E-14
   4345.0000    3.36050E-14
   4346.2500    3.62390E-14
   4347.5000    3.89080E-14
   4348.7500    3.86370E-14
   4350.0000    3.85060E-14
   4351.2500    3.85820E-14
   4352.5000    4.23200E-14
   4353.7500    4.30080E-14
   4355.0000    4.30360E-14
   4356.2500    4.17370E-14
   4357.5000    4.28230E-14
   4358.7500    4.45750E-14
   4360.0000    4.38320E-14
   4361.2500    4.37170E-14
   4362.5000    4.50260E-14
   4363.7500    4.64190E-14
   4365.0000    4.40340E-14
   4366.2500    4.54600E-14
   4367.5000    4.57330E-14
   4368.7500    4.41340E-14
   4370.0000    4.45250E-14
   4371.2500    4.44100E-14
   4372.5000    4.36570E-14
   4373.7500    4.22450E-14
   4375.0000    4.27080E-14
   4376.2500    4.48280E-14
   4377.5000    4.21890E-14
   4378.7500    4.20630E-14
   4380.0000    4.35280E-14
   4381.2500    4.18360E-14
   4382.5000    4.28000E-14
   4383.7500    4.20300E-14
   4385.0000    4.02780E-14
   4386.2500    4.05460E-14
   4387.5000    4.00530E-14
   4388.7500    4.30300E-14
   4390.0000    4.13180E-14
   4391.2500    4.08700E-14
   4392.5000    4.24380E-14
   4393.7500    4.38090E-14
   4395.0000    4.44310E-14
   4396.2500    4.04550E-14
   4397.5000    4.22910E-14
   4398.7500    4.26500E-14
   4400.0000    4.25180E-14
   4401.2500    4.19100E-14
   4402.5000    4.23990E-14
   4403.7500    4.17250E-14
   4405.0000    4.18410E-14
   4406.2500    4.29820E-14
   4407.5000    4.39560E-14
   4408.7500    4.31740E-14
   4410.0000    4.34250E-14
   4411.2500    4.28440E-14
   4412.5000    4.19330E-14
   4413.7500    4.25620E-14
   4415.0000    4.21520E-14
   4416.2500    4.28640E-14
   4417.5000    4.25210E-14
   4418.7500    4.19410E-14
   4420.0000    4.41180E-14
   4421.2500    4.30330E-14
   4422.5000    4.24070E-14
   4423.7500    4.52520E-14
   4425.0000    4.38590E-14
   4426.2500    4.53410E-14
   4427.5000    4.43200E-14
   4428.7500    4.45290E-14
   4430.0000    4.27560E-14
   4431.2500    4.29670E-14
   4432.5000    4.29280E-14
   4433.7500    4.18190E-14
   4435.0000    4.32070E-14
   4436.2500    4.24310E-14
   4437.5000    4.30870E-14
   4438.7500    4.28980E-14
   4440.0000    4.45110E-14
   4441.2500    4.24760E-14
   4442.5000    4.29680E-14
   4443.7500    4.24960E-14
   4445.0000    4.47510E-14
   4446.2500    4.33950E-14
   4447.5000    4.34510E-14
   4448.7500    4.51630E-14
   4450.0000    4.41690E-14
   4451.2500    4.32340E-14
   4452.5000    4.53210E-14
   4453.7500    4.23950E-14
   4455.0000    4.35570E-14
   4456.2500    4.49950E-14
   4457.5000    4.17520E-14
   4458.7500    4.36220E-14
   4460.0000    4.21340E-14
   4461.2500    4.23040E-14
   4462.5000    4.39810E-14
   4463.7500    4.33950E-14
   4465.0000    4.30280E-14
   4466.2500    4.33570E-14
   4467.5000    4.37330E-14
   4468.7500    4.31340E-14
   4470.0000    4.34360E-14
   4471.2500    4.35930E-14
   4472.5000    4.56520E-14
   4473.7500    4.49980E-14
   4475.0000    4.54890E-14
   4476.2500    4.38630E-14
   4477.5000    4.41360E-14
   4478.7500    4.33590E-14
   4480.0000    4.34730E-14
   4481.2500    4.24580E-14
   4482.5000    4.33820E-14
   4483.7500    4.38530E-14
   4485.0000    4.37940E-14
   4486.2500    4.53130E-14
   4487.5000    4.58790E-14
   4488.7500    4.31260E-14
   4490.0000    4.49400E-14
   4491.2500    4.44230E-14
   4492.5000    4.36120E-14
   4493.7500    4.47300E-14
   4495.0000    4.29910E-14
   4496.2500    4.41350E-14
   4497.5000    4.47940E-14
   4498.7500    4.47070E-14
   4500.0000    4.52290E-14
   4501.2500    4.56300E-14
   4502.5000    4.29150E-14
   4503.7500    4.42230E-14
   4505.0000    4.57590E-14
   4506.2500    4.46750E-14
   4507.5000    4.43320E-14
   4508.7500    4.48640E-14
   4510.0000    4.58380E-14
   4511.2500    4.55000E-14
   4512.5000    4.32170E-14
   4513.7500    4.55670E-14
   4515.0000    4.41300E-14
   4516.2500    4.54390E-14
   4517.5000    4.42400E-14
   4518.7500    4.43090E-14
   4520.0000    4.29870E-14
   4521.2500    4.53460E-14
   4522.5000    4.24410E-14
   4523.7500    4.28410E-14
   4525.0000    4.35720E-14
   4526.2500    4.31320E-14
   4527.5000    4.33450E-14
   4528.7500    4.34790E-14
   4530.0000    4.23970E-14
   4531.2500    4.24380E-14
   4532.5000    4.14580E-14
   4533.7500    4.35860E-14
   4535.0000    4.37810E-14
   4536.2500    3.99320E-14
   4537.5000    4.26270E-14
   4538.7500    4.31550E-14
   4540.0000    4.35700E-14
   4541.2500    4.32670E-14
   4542.5000    4.31680E-14
   4543.7500    4.32630E-14
   4545.0000    4.33180E-14
   4546.2500    4.34710E-14
   4547.5000    4.28460E-14
   4548.7500    4.34510E-14
   4550.0000    4.27280E-14
   4551.2500    4.31140E-14
   4552.5000    4.07760E-14
   4553.7500    4.36710E-14
   4555.0000    4.30740E-14
   4556.2500    4.29300E-14
   4557.5000    4.30380E-14
   4558.7500    4.36520E-14
   4560.0000    4.44960E-14
   4561.2500    4.44800E-14
   4562.5000    4.18520E-14
   4563.7500    4.38750E-14
   4565.0000    4.34620E-14
   4566.2500    4.36510E-14
   4567.5000    4.47560E-14
   4568.7500    4.38820E-14
   4570.0000    4.50730E-14
   4571.2500    4.46900E-14
   4572.5000    4.48240E-14
   4573.7500    4.32360E-14
   4575.0000    4.26370E-14
   4576.2500    4.41150E-14
   4577.5000    4.26030E-14
   4578.7500    4.30380E-14
   4580.0000    4.25960E-14
   4581.2500    4.22560E-14
   4582.5000    4.11970E-14
   4583.7500    4.23110E-14
   4585.0000    4.22950E-14
   4586.2500    4.18920E-14
   4587.5000    4.28060E-14
   4588.7500    4.10570E-14
   4590.0000    4.35340E-14
   4591.2500    4.33010E-14
   4592.5000    4.16340E-14
   4593.7500    4.11440E-14
   4595.0000    4.24600E-14
   4596.2500    4.32380E-14
   4597.5000    4.20340E-14
   4598.7500    4.42620E-14
   4600.0000    4.30940E-14
   4601.2500    4.24080E-14
   4602.5000    4.47240E-14
   4603.7500    4.13740E-14
   4605.0000    4.38150E-14
   4606.2500    4.40430E-14
   4607.5000    4.37220E-14
   4608.7500    4.54520E-14
   4610.0000    4.47280E-14
   4611.2500    4.32720E-14
   4612.5000    4.46600E-14
   4613.7500    4.43450E-14
   4615.0000    4.32650E-14
   4616.2500    4.35770E-14
   4617.5000    4.36100E-14
   4618.7500    4.13480E-14
   4620.0000    4.25950E-14
   4621.2500    4.27280E-14
   4622.5000    4.41640E-14
   4623.7500    4.31670E-14
   4625.0000    4.32620E-14
   4626.2500    4.37110E-14
   4627.5000    4.34870E-14
   4628.7500    4.23130E-14
   4630.0000    4.44960E-14
   4631.2500    4.37470E-14
   4632.5000    4.25540E-14
   4633.7500    4.23020E-14
   4635.0000    4.32490E-14
   4636.2500    4.36990E-14
   4637.5000    4.29630E-14
   4638.7500    4.26080E-14
   4640.0000    4.54480E-14
   4641.2500    4.22670E-14
   4642.5000    4.37440E-14
   4643.7500    4.27580E-14
   4645.0000    4.48480E-14
   4646.2500    4.36120E-14
   4647.5000    4.31310E-14
   4648.7500    4.18810E-14
   4650.0000    4.26670E-14
   4651.2500    4.37040E-14
   4652.5000    4.29010E-14
   4653.7500    4.16660E-14
   4655.0000    4.21590E-14
   4656.2500    4.43780E-14
   4657.5000    4.24350E-14
   4658.7500    4.23200E-14
   4660.0000    4.15890E-14
   4661.2500    4.37290E-14
   4662.5000    4.29200E-14
   4663.7500    4.27090E-14
   4665.0000    4.19600E-14
   4666.2500    4.36470E-14
   4667.5000    4.06880E-14
   4668.7500    4.19580E-14
   4670.0000    4.10200E-14
   4671.2500    4.25740E-14
   4672.5000    4.31990E-14
   4673.7500    4.30060E-14
   4675.0000    4.26080E-14
   4676.2500    4.20590E-14
   4677.5000    4.29250E-14
   4678.7500    4.24860E-14
   4680.0000    4.25470E-14
   4681.2500    4.27450E-14
   4682.5000    4.14210E-14
   4683.7500    4.40480E-14
   4685.0000    4.30640E-14
   4686.2500    4.28300E-14
   4687.5000    4.31790E-14
   4688.7500    4.27590E-14
   4690.0000    4.11000E-14
   4691.2500    4.10460E-14
   4692.5000    4.24940E-14
   4693.7500    4.27450E-14
   4695.0000    4.16570E-14
   4696.2500    4.15110E-14
   4697.5000    4.19320E-14
   4698.7500    4.06430E-14
   4700.0000    4.24280E-14
   4701.2500    4.24430E-14
   4702.5000    4.19130E-14
   4703.7500    4.08620E-14
   4705.0000    4.02690E-14
   4706.2500    4.00510E-14
   4707.5000    4.18760E-14
   4708.7500    4.06060E-14
   4710.0000    3.96980E-14
   4711.2500    4.08650E-14
   4712.5000    4.21920E-14
   4713.7500    4.01560E-14
   4715.0000    4.15650E-14
   4716.2500    4.01130E-14
   4717.5000    4.30260E-14
   4718.7500    4.24420E-14
   4720.0000    4.11270E-14
   4721.2500    4.24510E-14
   4722.5000    4.26490E-14
   4723.7500    4.15910E-14
   4725.0000    4.10440E-14
   4726.2500    4.26230E-14
   4727.5000    4.14580E-14
   4728.7500    4.41240E-14
   4730.0000    4.00210E-14
   4731.2500    3.92910E-14
   4732.5000    4.19220E-14
   4733.7500    4.15240E-14
   4735.0000    4.07910E-14
   4736.2500    3.92590E-14
   4737.5000    4.09790E-14
   4738.7500    4.10950E-14
   4740.0000    4.24110E-14
   4741.2500    4.10670E-14
   4742.5000    4.23880E-14
   4743.7500    4.18720E-14
   4745.0000    4.07670E-14
   4746.2500    4.25190E-14
   4747.5000    4.20620E-14
   4748.7500    4.22470E-14
   4750.0000    4.22670E-14
   4751.2500    4.34960E-14
   4752.5000    4.24940E-14
   4753.7500    4.07650E-14
   4755.0000    4.34540E-14
   4756.2500    4.20120E-14
   4757.5000    4.22200E-14
   4758.7500    4.22410E-14
   4760.0000    4.17910E-14
   4761.2500    4.20470E-14
   4762.5000    4.17680E-14
   4763.7500    4.08330E-14
   4765.0000    4.23630E-14
   4766.2500    4.11600E-14
   4767.5000    4.24630E-14
   4768.7500    4.08580E-14
   4770.0000    4.01250E-14
   4771.2500    4.21480E-14
   4772.5000    4.24040E-14
   4773.7500    4.25280E-14
   4775.0000    4.34540E-14
   4776.2500    4.36090E-14
   4777.5000    4.18870E-14
   4778.7500    4.31450E-14
   4780.0000    4.22140E-14
   4781.2500    4.05550E-14
   4782.5000    4.20890E-14
   4783.7500    4.08850E-14
   4785.0000    4.12320E-14
   4786.2500    4.33250E-14
   4787.5000    3.98810E-14
   4788.7500    4.24590E-14
   4790.0000    4.05780E-14
   4791.2500    4.47180E-14
   4792.5000    4.11430E-14
   4793.7500    4.12570E-14
   4795.0000    4.33340E-14
   4796.2500    4.31040E-14
   4797.5000    4.15160E-14
   4798.7500    4.39240E-14
   4800.0000    4.23960E-14
   4801.2500    4.31650E-14
   4802.5000    4.13600E-14
   4803.7500    4.26380E-14
   4805.0000    4.30100E-14
   4806.2500    4.43050E-14
   4807.5000    4.31230E-14
   4808.7500    4.38690E-14
   4810.0000    4.19310E-14
   4811.2500    4.13500E-14
   4812.5000    4.16010E-14
   4813.7500    4.31590E-14
   4815.0000    4.29070E-14
   4816.2500    4.18650E-14
   4817.5000    4.29260E-14
   4818.7500    4.12610E-14
   4820.0000    4.22930E-14
   4821.2500    4.29140E-14
   4822.5000    4.28930E-14
   4823.7500    4.29560E-14
   4825.0000    4.18060E-14
   4826.2500    4.09520E-14
   4827.5000    4.24280E-14
   4828.7500    3.96800E-14
   4830.0000    4.16760E-14
   4831.2500    4.29830E-14
   4832.5000    4.16440E-14
   4833.7500    4.19700E-14
   4835.0000    4.10600E-14
   4836.2500    4.19890E-14
   4837.5000    4.03990E-14
   4838.7500    3.91340E-14
   4840.0000    4.02610E-14
   4841.2500    4.19160E-14
   4842.5000    3.93490E-14
   4843.7500    4.03410E-14
   4845.0000    4.04810E-14
   4846.2500    4.04500E-14
   4847.5000    3.94790E-14
   4848.7500    3.87420E-14
   4850.0000    3.98220E-14
   4851.2500    3.69980E-14
   4852.5000    3.80040E-14
   4853.7500    3.57350E-14
   4855.0000    3.54070E-14
   4856.2500    3.43040E-14
   4857.5000    3.33750E-14
   4858.7500    3.02130E-14
   4860.0000    2.90670E-14
   4861.2500    2.95190E-14
   4862.5000    2.96850E-14
   4863.7500    2.86660E-14
   4865.0000    3.11670E-14
   4866.2500    3.02570E-14
   4867.5000    3.37070E-14
   4868.7500    3.29760E-14
   4870.0000    3.49920E-14
   4871.2500    3.46620E-14
   4872.5000    3.55170E-14
   4873.7500    3.67470E-14
   4875.0000    3.75750E-14
   4876.2500    3.72320E-14
   4877.5000    3.95370E-14
   4878.7500    3.89900E-14
   4880.0000    4.20520E-14
   4881.2500    4.00160E-14
   4882.5000    4.03390E-14
   4883.7500    3.87380E-14
   4885.0000    3.82290E-14
   4886.2500    3.96220E-14
   4887.5000    3.99330E-14
   4888.7500    4.08160E-14
   4890.0000    4.03850E-14
   4891.2500    4.03480E-14
   4892.5000    4.04040E-14
   4893.7500    4.14960E-14
   4895.0000    4.06980E-14
   4896.2500    4.12350E-14
   4897.5000    3.99440E-14
   4898.7500    4.10410E-14
   4900.0000    4.15410E-14
   4901.2500    4.12590E-14
   4902.5000    4.21450E-14
   4903.7500    4.08250E-14
   4905.0000    4.20090E-14
   4906.2500    4.02200E-14
   4907.5000    4.16210E-14
   4908.7500    4.13510E-14
   4910.0000    4.13700E-14
   4911.2500    4.03350E-14
   4912.5000    4.03720E-14
   4913.7500    3.96910E-14
   4915.0000    4.01440E-14
   4916.2500    3.95760E-14
   4917.5000    3.98430E-14
   4918.7500    3.83990E-14
   4920.0000    3.87160E-14
   4921.2500    3.98420E-14
   4922.5000    3.76410E-14
   4923.7500    3.86300E-14
   4925.0000    3.80530E-14
   4926.2500    3.83640E-14
   4927.5000    3.86690E-14
   4928.7500    4.14850E-14
   4930.0000    4.06050E-14
   4931.2500    4.11140E-14
   4932.5000    4.02590E-14
   4933.7500    4.08910E-14
   4935.0000    4.03010E-14
   4936.2500    4.04670E-14
   4937.5000    3.99830E-14
   4938.7500    3.96670E-14
   4940.0000    4.05380E-14
   4941.2500    3.79630E-14
   4942.5000    3.98050E-14
   4943.7500    3.96150E-14
   4945.0000    4.03610E-14
   4946.2500    4.21960E-14
   4947.5000    4.13350E-14
   4948.7500    4.31680E-14
   4950.0000    4.11580E-14
   4951.2500    4.22590E-14
   4952.5000    4.18000E-14
   4953.7500    4.03840E-14
   4955.0000    4.09480E-14
   4956.2500    3.89550E-14
   4957.5000    4.27470E-14
   4958.7500    3.97800E-14
   4960.0000    3.80630E-14
   4961.2500    4.08930E-14
   4962.5000    3.89150E-14
   4963.7500    4.15240E-14
   4965.0000    3.99280E-14
   4966.2500    4.08330E-14
   4967.5000    4.01920E-14
   4968.7500    4.01950E-14
   4970.0000    4.00190E-14
   4971.2500    3.88160E-14
   4972.5000    3.96890E-14
   4973.7500    4.18920E-14
   4975.0000    3.99990E-14
   4976.2500    3.99100E-14
   4977.5000    3.97970E-14
   4978.7500    4.06080E-14
   4980.0000    3.84290E-14
   4981.2500    3.93660E-14
   4982.5000    4.00180E-14
   4983.7500    3.88220E-14
   4985.0000    3.82680E-14
   4986.2500    3.91940E-14
   4987.5000    3.76030E-14
   4988.7500    3.76740E-14
   4990.0000    4.01450E-14
   4991.2500    3.93770E-14
   4992.5000    3.84560E-14
   4993.7500    3.75340E-14
   4995.0000    3.90090E-14
   4996.2500    3.82250E-14
   4997.5000    3.96320E-14
   4998.7500    3.80910E-14
   5000.0000    3.82530E-14
   5001.2500    4.10680E-14
   5002.5000    3.76170E-14
   5003.7500    3.89470E-14
   5005.0000    3.89240E-14
   5006.2500    3.81070E-14
   5007.5000    3.83850E-14
   5008.7500    3.93220E-14
   5010.0000    3.68170E-14
   5011.2500    3.75640E-14
   5012.5000    3.66320E-14
   5013.7500    3.87500E-14
   5015.0000    3.67240E-14
   5016.2500    3.64670E-14
   5017.5000    3.77390E-14
   5018.7500    3.73640E-14
   5020.0000    3.69780E-14
   5021.2500    3.85520E-14
   5022.5000    3.75620E-14
   5023.7500    3.68190E-14
   5025.0000    3.75570E-14
   5026.2500    3.61530E-14
   5027.5000    4.01550E-14
   5028.7500    3.81770E-14
   5030.0000    3.93230E-14
   5031.2500    3.91140E-14
   5032.5000    3.92260E-14
   5033.7500    3.89140E-14
   5035.0000    3.84250E-14
   5036.2500    3.72760E-14
   5037.5000    3.69760E-14
   5038.7500    3.76530E-14
   5040.0000    3.74200E-14
   5041.2500    3.83490E-14
   5042.5000    3.74630E-14
   5043.7500    3.77540E-14
   5045.0000    3.73530E-14
   5046.2500    3.87140E-14
   5047.5000    3.68840E-14
   5048.7500    3.83710E-14
   5050.0000    3.95450E-14
   5051.2500    3.83670E-14
   5052.5000    3.91750E-14
   5053.7500    3.94570E-14
   5055.0000    4.06220E-14
   5056.2500    3.87230E-14
   5057.5000    3.88660E-14
   5058.7500    3.84970E-14
   5060.0000    3.79370E-14
   5061.2500    3.80200E-14
   5062.5000    3.87580E-14
   5063.7500    3.88330E-14
   5065.0000    3.92700E-14
   5066.2500    3.89150E-14
   5067.5000    3.68530E-14
   5068.7500    3.74150E-14
   5070.0000    3.88670E-14
   5071.2500    3.83110E-14
   5072.5000    3.82550E-14
   5073.7500    3.77410E-14
   5075.0000    3.83410E-14
   5076.2500    3.76410E-14
   5077.5000    3.56530E-14
   5078.7500    3.86500E-14
   5080.0000    3.79270E-14
   5081.2500    3.72180E-14
   5082.5000    3.80100E-14
   5083.7500    3.69110E-14
   5085.0000    3.71550E-14
   5086.2500    3.80070E-14
   5087.5000    3.95320E-14
   5088.7500    3.84590E-14
   5090.0000    3.97700E-14
   5091.2500    3.91830E-14
   5092.5000    3.84070E-14
   5093.7500    4.01280E-14
   5095.0000    3.81910E-14
   5096.2500    3.79250E-14
   5097.5000    3.84660E-14
   5098.7500    3.69470E-14
   5100.0000    3.84210E-14
   5101.2500    3.73390E-14
   5102.5000    3.87700E-14
   5103.7500    3.78700E-14
   5105.0000    3.81030E-14
   5106.2500    3.71370E-14
   5107.5000    3.99470E-14
   5108.7500    3.79140E-14
   5110.0000    3.89970E-14
   5111.2500    3.96840E-14
   5112.5000    3.76360E-14
   5113.7500    3.98240E-14
   5115.0000    3.93550E-14
   5116.2500    3.88190E-14
   5117.5000    3.90400E-14
   5118.7500    3.93970E-14
   5120.0000    4.09100E-14
   5121.2500    3.89470E-14
   5122.5000    3.81200E-14
   5123.7500    3.81240E-14
   5125.0000    3.80510E-14
   5126.2500    3.70200E-14
   5127.5000    3.71020E-14
   5128.7500    3.82950E-14
   5130.0000    3.64420E-14
   5131.2500    3.75900E-14
   5132.5000    3.81760E-14
   5133.7500    3.73860E-14
   5135.0000    3.83540E-14
   5136.2500    3.69090E-14
   5137.5000    3.64540E-14
   5138.7500    3.65870E-14
   5140.0000    3.74410E-14
   5141.2500    3.89930E-14
   5142.5000    3.86550E-14
   5143.7500    3.85860E-14
   5145.0000    3.74490E-14
   5146.2500    3.71780E-14
   5147.5000    3.73980E-14
   5148.7500    3.67640E-14
   5150.0000    3.53810E-14
   5151.2500    3.70060E-14
   5152.5000    3.88070E-14
   5153.7500    3.47960E-14
   5155.0000    3.61590E-14
   5156.2500    3.90060E-14
   5157.5000    3.82440E-14
   5158.7500    3.83630E-14
   5160.0000    3.62830E-14
   5161.2500    3.83340E-14
   5162.5000    3.77460E-14
   5163.7500    3.65210E-14
   5165.0000    3.48470E-14
   5166.2500    3.42560E-14
   5167.5000    3.44480E-14
   5168.7500    3.53660E-14
   5170.0000    3.25800E-14
   5171.2500    3.39460E-14
   5172.5000    3.23510E-14
   5173.7500    3.45660E-14
   5175.0000    3.42630E-14
   5176.2500    3.49090E-14
   5177.5000    3.54000E-14
   5178.7500    3.69180E-14
   5180.0000    3.48700E-14
   5181.2500    3.47430E-14
   5182.5000    3.54390E-14
   5183.7500    3.53710E-14
   5185.0000    3.43940E-14
   5186.2500    3.46120E-14
   5187.5000    3.36790E-14
   5188.7500    3.65680E-14
   5190.0000    3.50490E-14
   5191.2500    3.58280E-14
   5192.5000    3.69440E-14
   5193.7500    3.56140E-14
   5195.0000    3.61180E-14
   5196.2500    3.66810E-14
   5197.5000    3.48480E-14
   5198.7500    3.76150E-14
   5200.0000    3.82680E-14
   5201.2500    3.62680E-14
   5202.5000    3.80420E-14
   5203.7500    3.69610E-14
   5205.0000    3.63170E-14
   5206.2500    3.65400E-14
   5207.5000    3.64300E-14
   5208.7500    3.61320E-14
   5210.0000    3.58940E-14
   5211.2500    3.60640E-14
   5212.5000    3.75810E-14
   5213.7500    3.52220E-14
   5215.0000    3.48380E-14
   5216.2500    3.66100E-14
   5217.5000    3.65620E-14
   5218.7500    3.78170E-14
   5220.0000    3.58180E-14
   5221.2500    3.74280E-14
   5222.5000    3.68490E-14
   5223.7500    3.64500E-14
   5225.0000    3.64700E-14
   5226.2500    3.63810E-14
   5227.5000    3.58960E-14
   5228.7500    3.76670E-14
   5230.0000    3.68290E-14
   5231.2500    3.49260E-14
   5232.5000    3.54540E-14
   5233.7500    3.84500E-14
   5235.0000    3.72170E-14
   5236.2500    3.79140E-14
   5237.5000    3.75930E-14
   5238.7500    3.80900E-14
   5240.0000    3.71130E-14
   5241.2500    3.75450E-14
   5242.5000    3.81070E-14
   5243.7500    3.85630E-14
   5245.0000    3.85890E-14
   5246.2500    3.78100E-14
   5247.5000    3.71730E-14
   5248.7500    3.81490E-14
   5250.0000    3.77740E-14
   5251.2500    3.45960E-14
   5252.5000    3.73690E-14
   5253.7500    3.76640E-14
   5255.0000    3.58770E-14
   5256.2500    3.73560E-14
   5257.5000    3.65520E-14
   5258.7500    3.62460E-14
   5260.0000    3.74610E-14
   5261.2500    3.60290E-14
   5262.5000    3.63830E-14
   5263.7500    3.59250E-14
   5265.0000    3.33520E-14
   5266.2500    3.30670E-14
   5267.5000    3.38680E-14
   5268.7500    3.50510E-14
   5270.0000    3.42020E-14
   5271.2500    3.56610E-14
   5272.5000    3.61910E-14
   5273.7500    3.38670E-14
   5275.0000    3.55260E-14
   5276.2500    3.63420E-14
   5277.5000    3.96250E-14
   5278.7500    3.73170E-14
   5280.0000    3.63710E-14
   5281.2500    3.68510E-14
   5282.5000    3.64790E-14
   5283.7500    3.82790E-14
   5285.0000    3.71450E-14
   5286.2500    3.78930E-14
   5287.5000    3.66430E-14
   5288.7500    3.73430E-14
   5290.0000    3.71250E-14
   5291.2500    3.79820E-14
   5292.5000    3.99400E-14
   5293.7500    3.82060E-14
   5295.0000    3.67650E-14
   5296.2500    3.80020E-14
   5297.5000    3.84710E-14
   5298.7500    3.50130E-14
   5300.0000    3.81660E-14
   5301.2500    3.53570E-14
   5302.5000    3.69190E-14
   5303.7500    3.60300E-14
   5305.0000    3.75380E-14
   5306.2500    3.71320E-14
   5307.5000    3.66910E-14
   5308.7500    3.90840E-14
   5310.0000    3.77550E-14
   5311.2500    3.85630E-14
   5312.5000    3.87560E-14
   5313.7500    4.01280E-14
   5315.0000    3.83750E-14
   5316.2500    3.80660E-14
   5317.5000    3.85880E-14
   5318.7500    3.70290E-14
   5320.0000    3.57750E-14
   5321.2500    3.83180E-14
   5322.5000    3.86760E-14
   5323.7500    3.81230E-14
   5325.0000    3.66810E-14
   5326.2500    3.72700E-14
   5327.5000    3.60570E-14
   5328.7500    3.52380E-14
   5330.0000    3.50510E-14
   5331.2500    3.53990E-14
   5332.5000    3.56880E-14
   5333.7500    3.63770E-14
   5335.0000    3.64060E-14
   5336.2500    3.69050E-14
   5337.5000    3.62240E-14
   5338.7500    3.65590E-14
   5340.0000    3.64890E-14
   5341.2500    3.58370E-14
   5342.5000    3.70250E-14
   5343.7500    3.61060E-14
   5345.0000    3.68040E-14
   5346.2500    3.62490E-14
   5347.5000    3.87220E-14
   5348.7500    3.56760E-14
   5350.0000    3.73290E-14
   5351.2500    3.77630E-14
   5352.5000    3.74360E-14
   5353.7500    3.74030E-14
   5355.0000    3.75790E-14
   5356.2500    3.89580E-14
   5357.5000    3.69830E-14
   5358.7500    3.96930E-14
   5360.0000    3.87470E-14
   5361.2500    3.84450E-14
   5362.5000    3.78560E-14
   5363.7500    3.86660E-14
   5365.0000    3.69440E-14
   5366.2500    3.66420E-14
   5367.5000    3.61110E-14
   5368.7500    3.66260E-14
   5370.0000    3.90710E-14
   5371.2500    3.48550E-14
   5372.5000    3.64250E-14
   5373.7500    3.86480E-14
   5375.0000    3.67460E-14
   5376.2500    3.69550E-14
   5377.5000    3.57280E-14
   5378.7500    3.86040E-14
   5380.0000    3.78180E-14
   5381.2500    3.65230E-14
   5382.5000    3.69600E-14
   5383.7500    3.95810E-14
   5385.0000    3.73360E-14
   5386.2500    3.80140E-14
   5387.5000    3.58920E-14
   5388.7500    3.80990E-14
   5390.0000    3.65260E-14
   5391.2500    3.66860E-14
   5392.5000    3.68820E-14
   5393.7500    3.69160E-14
   5395.0000    3.54210E-14
   5396.2500    3.54130E-14
   5397.5000    3.54100E-14
   5398.7500    3.62390E-14
   5400.0000    3.52820E-14
   5401.2500    3.66550E-14
   5402.5000    3.61310E-14
   5403.7500    3.55680E-14
   5405.0000    3.66220E-14
   5406.2500    3.57850E-14
   5407.5000    3.61560E-14
   5408.7500    3.48110E-14
   5410.0000    3.54840E-14
   5411.2500    3.61020E-14
   5412.5000    3.56400E-14
   5413.7500    3.54430E-14
   5415.0000    3.54140E-14
   5416.2500    3.59760E-14
   5417.5000    3.61850E-14
   5418.7500    3.74490E-14
   5420.0000    3.78930E-14
   5421.2500    3.53460E-14
   5422.5000    3.70660E-14
   5423.7500    3.75090E-14
   5425.0000    3.81200E-14
   5426.2500    3.79860E-14
   5427.5000    3.61580E-14
   5428.7500    3.62090E-14
   5430.0000    3.64660E-14
   5431.2500    3.72050E-14
   5432.5000    3.55870E-14
   5433.7500    3.52670E-14
   5435.0000    3.70770E-14
   5436.2500    3.67300E-14
   5437.5000    3.74200E-14
   5438.7500    3.71340E-14
   5440.0000    3.78470E-14
   5441.2500    3.55190E-14
   5442.5000    3.55350E-14
   5443.7500    3.64420E-14
   5445.0000    3.63960E-14
   5446.2500    3.65810E-14
   5447.5000    3.72480E-14
   5448.7500    3.84510E-14
   5450.0000    3.67550E-14
   5451.2500    3.73760E-14
   5452.5000    3.52740E-14
   5453.7500    3.62740E-14
   5455.0000    3.68180E-14
   5456.2500    3.64410E-14
   5457.5000    3.59200E-14
   5458.7500    3.66000E-14
   5460.0000    3.71090E-14
   5461.2500    3.58970E-14
   5462.5000    3.73820E-14
   5463.7500    3.62700E-14
   5465.0000    3.60700E-14
   5466.2500    3.63720E-14
   5467.5000    3.61640E-14
   5468.7500    3.80570E-14
   5470.0000    3.67310E-14
   5471.2500    3.66010E-14
   5472.5000    3.55320E-14
   5473.7500    3.64560E-14
   5475.0000    3.62570E-14
   5476.2500    3.52920E-14
   5477.5000    3.51460E-14
   5478.7500    3.54370E-14
   5480.0000    3.54170E-14
   5481.2500    3.60930E-14
   5482.5000    3.64310E-14
   5483.7500    3.67450E-14
   5485.0000    3.70090E-14
   5486.2500    3.43140E-14
   5487.5000    3.63560E-14
   5488.7500    3.70750E-14
   5490.0000    3.79040E-14
   5491.2500    3.61060E-14
   5492.5000    3.54970E-14
   5493.7500    3.58250E-14
   5495.0000    3.76430E-14
   5496.2500    3.54190E-14
   5497.5000    3.54280E-14
   5498.7500    3.59100E-14
   5500.0000    3.57210E-14
   5501.2500    3.62890E-14
   5502.5000    3.53820E-14
   5503.7500    3.57370E-14
   5505.0000    3.61340E-14
   5506.2500    3.61840E-14
   5507.5000    3.54480E-14
   5508.7500    3.54340E-14
   5510.0000    3.43950E-14
   5511.2500    3.48000E-14
   5512.5000    3.71070E-14
   5513.7500    3.55250E-14
   5515.0000    3.65560E-14
   5516.2500    3.75300E-14
   5517.5000    3.64320E-14
   5518.7500    3.59640E-14
   5520.0000    3.78860E-14
   5521.2500    3.63870E-14
   5522.5000    3.63290E-14
   5523.7500    3.53890E-14
   5525.0000    3.75760E-14
   5526.2500    3.48220E-14
   5527.5000    3.67100E-14
   5528.7500    3.56380E-14
   5530.0000    3.61970E-14
   5531.2500    3.44100E-14
   5532.5000    3.57950E-14
   5533.7500    3.62310E-14
   5535.0000    3.69360E-14
   5536.2500    3.72010E-14
   5537.5000    3.57620E-14
   5538.7500    3.64720E-14
   5540.0000    3.61700E-14
   5541.2500    3.60980E-14
   5542.5000    3.66360E-14
   5543.7500    3.62580E-14
   5545.0000    3.61930E-14
   5546.2500    3.59260E-14
   5547.5000    3.58070E-14
   5548.7500    3.55710E-14
   5550.0000    3.65250E-14
   5551.2500    3.79540E-14
   5552.5000    3.69320E-14
   5553.7500    3.77950E-14
   5555.0000    3.68590E-14
   5556.2500    3.69680E-14
   5557.5000    3.63470E-14
   5558.7500    3.62340E-14
   5560.0000    3.66530E-14
   5561.2500    3.61810E-14
   5562.5000    3.61350E-14
   5563.7500    3.57340E-14
   5565.0000    3.72350E-14
   5566.2500    3.53160E-14
   5567.5000    3.57410E-14
   5568.7500    3.61770E-14
   5570.0000    3.49760E-14
   5571.2500    3.38440E-14
   5572.5000    3.60600E-14
   5573.7500    3.64750E-14
   5575.0000    3.63510E-14
   5576.2500    3.65740E-14
   5577.5000    3.67880E-14
   5578.7500    3.58860E-14
   5580.0000    3.74440E-14
   5581.2500    3.61010E-14
   5582.5000    3.56520E-14
   5583.7500    3.82050E-14
   5585.0000    3.43530E-14
   5586.2500    3.36510E-14
   5587.5000    3.51500E-14
   5588.7500    3.41810E-14
   5590.0000    3.41470E-14
   5591.2500    3.57910E-14
   5592.5000    3.55190E-14
   5593.7500    3.52280E-14
   5595.0000    3.37660E-14
   5596.2500    3.54760E-14
   5597.5000    3.55590E-14
   5598.7500    3.57820E-14
   5600.0000    3.45030E-14
   5601.2500    3.55590E-14
   5602.5000    3.65730E-14
   5603.7500    3.53580E-14
   5605.0000    3.72590E-14
   5606.2500    3.48420E-14
   5607.5000    3.51000E-14
   5608.7500    3.66040E-14
   5610.0000    3.58200E-14
   5611.2500    3.49180E-14
   5612.5000    3.58460E-14
   5613.7500    3.43680E-14
   5615.0000    3.53220E-14
   5616.2500    3.42760E-14
   5617.5000    3.59800E-14
   5618.7500    3.52700E-14
   5620.0000    3.58970E-14
   5621.2500    3.53800E-14
   5622.5000    3.71990E-14
   5623.7500    3.52720E-14
   5625.0000    3.52010E-14
   5626.2500    3.61470E-14
   5627.5000    3.63150E-14
   5628.7500    3.54530E-14
   5630.0000    3.68840E-14
   5631.2500    3.65260E-14
   5632.5000    3.66270E-14
   5633.7500    3.45210E-14
   5635.0000    3.47940E-14
   5636.2500    3.63180E-14
   5637.5000    3.64930E-14
   5638.7500    3.62600E-14
   5640.0000    3.48040E-14
   5641.2500    3.52700E-14
   5642.5000    3.44540E-14
   5643.7500    3.48070E-14
   5645.0000    3.57920E-14
   5646.2500    3.52750E-14
   5647.5000    3.50000E-14
   5648.7500    3.43630E-14
   5650.0000    3.55390E-14
   5651.2500    3.51370E-14
   5652.5000    3.54100E-14
   5653.7500    3.44770E-14
   5655.0000    3.45200E-14
   5656.2500    3.47150E-14
   5657.5000    3.31210E-14
   5658.7500    3.49530E-14
   5660.0000    3.52620E-14
   5661.2500    3.48490E-14
   5662.5000    3.50300E-14
   5663.7500    3.42500E-14
   5665.0000    3.43910E-14
   5666.2500    3.60110E-14
   5667.5000    3.54980E-14
   5668.7500    3.63880E-14
   5670.0000    3.54920E-14
   5671.2500    3.42910E-14
   5672.5000    3.54550E-14
   5673.7500    3.55260E-14
   5675.0000    3.49830E-14
   5676.2500    3.53030E-14
   5677.5000    3.61040E-14
   5678.7500    3.66650E-14
   5680.0000    3.49110E-14
   5681.2500    3.49240E-14
   5682.5000    3.66220E-14
   5683.7500    3.70820E-14
   5685.0000    3.63770E-14
   5686.2500    3.47990E-14
   5687.5000    3.55900E-14
   5688.7500    3.52500E-14
   5690.0000    3.40810E-14
   5691.2500    3.50440E-14
   5692.5000    3.33410E-14
   5693.7500    3.62240E-14
   5695.0000    3.58050E-14
   5696.2500    3.50990E-14
   5697.5000    3.37330E-14
   5698.7500    3.63460E-14
   5700.0000    3.38020E-14
   5701.2500    3.62300E-14
   5702.5000    3.44110E-14
   5703.7500    3.46720E-14
   5705.0000    3.41990E-14
   5706.2500    3.61500E-14
   5707.5000    3.37050E-14
   5708.7500    3.27660E-14
   5710.0000    3.52130E-14
   5711.2500    3.50890E-14
   5712.5000    3.41850E-14
   5713.7500    3.51630E-14
   5715.0000    3.48400E-14
   5716.2500    3.51530E-14
   5717.5000    3.51350E-14
   5718.7500    3.48990E-14
   5720.0000    3.64460E-14
   5721.2500    3.56550E-14
   5722.5000    3.63210E-14
   5723.7500    3.62510E-14
   5725.0000    3.57180E-14
   5726.2500    3.59100E-14
   5727.5000    3.57410E-14
   5728.7500    3.54150E-14
   5730.0000    3.56070E-14
   5731.2500    3.53970E-14
   5732.5000    3.57330E-14
   5733.7500    3.49800E-14
   5735.0000    3.49870E-14
   5736.2500    3.68200E-14
   5737.5000    3.66080E-14
   5738.7500    3.50790E-14
   5740.0000    3.77280E-14
   5741.2500    3.69800E-14
   5742.5000    3.60450E-14
   5743.7500    3.51750E-14
   5745.0000    3.51160E-14
   5746.2500    3.49490E-14
   5747.5000    3.64890E-14
   5748.7500    3.49250E-14
   5750.0000    3.60350E-14
   5751.2500    3.55900E-14
   5752.5000    3.51840E-14
   5753.7500    3.46850E-14
   5755.0000    3.63930E-14
   5756.2500    3.41300E-14
   5757.5000    3.48020E-14
   5758.7500    3.49870E-14
   5760.0000    3.44410E-14
   5761.2500    3.74360E-14
   5762.5000    3.48920E-14
   5763.7500    3.51390E-14
   5765.0000    3.72280E-14
   5766.2500    3.50630E-14
   5767.5000    3.30660E-14
   5768.7500    3.57870E-14
   5770.0000    3.72300E-14
   5771.2500    3.49760E-14
   5772.5000    3.66490E-14
   5773.7500    3.73440E-14
   5775.0000    3.49500E-14
   5776.2500    3.59510E-14
   5777.5000    3.56720E-14
   5778.7500    3.57660E-14
   5780.0000    3.40300E-14
   5781.2500    3.40690E-14
   5782.5000    3.43220E-14
   5783.7500    3.50380E-14
   5785.0000    3.45710E-14
   5786.2500    3.50420E-14
   5787.5000    3.41510E-14
   5788.7500    3.63770E-14
   5790.0000    3.60280E-14
   5791.2500    3.50080E-14
   5792.5000    3.39130E-14
   5793.7500    3.60140E-14
   5795.0000    3.38780E-14
   5796.2500    3.46870E-14
   5797.5000    3.53030E-14
   5798.7500    3.57710E-14
   5800.0000    3.69120E-14
