  4300.00000    4.6677E-14
  4301.25000    4.6177E-14
  4302.50000    4.7866E-14
  4303.75000    4.7749E-14
  4305.00000    4.6443E-14
  4306.25000    4.7651E-14
  4307.50000    4.7723E-14
  4308.75000    4.6341E-14
  4310.00000    4.7017E-14
  4311.25000    4.6133E-14
  4312.50000    4.7384E-14
  4313.75000    4.7912E-14
  4315.00000    4.7354E-14
  4316.25000    4.7812E-14
  4317.50000    4.7512E-14
  4318.75000    4.6463E-14
  4320.00000    4.7345E-14
  4321.25000    4.5784E-14
  4322.50000    4.4174E-14
  4323.75000    4.4391E-14
  4325.00000    4.4776E-14
  4326.25000    4.1306E-14
  4327.50000    4.2468E-14
  4328.75000    3.9908E-14
  4330.00000    3.9716E-14
  4331.25000    3.8110E-14
  4332.50000    3.4021E-14
  4333.75000    3.1449E-14
  4335.00000    2.8168E-14
  4336.25000    2.6012E-14
  4337.50000    2.5418E-14
  4338.75000    2.5131E-14
  4340.00000    2.7509E-14
  4341.25000    2.9792E-14
  4342.50000    3.3245E-14
  4343.75000    3.4240E-14
  4345.00000    3.6989E-14
  4346.25000    3.9422E-14
  4347.50000    4.0177E-14
  4348.75000    4.0033E-14
  4350.00000    4.1485E-14
  4351.25000    4.4220E-14
  4352.50000    4.3650E-14
  4353.75000    4.5375E-14
  4355.00000    4.4653E-14
  4356.25000    4.5541E-14
  4357.50000    4.5915E-14
  4358.75000    4.7429E-14
  4360.00000    4.5950E-14
  4361.25000    4.6490E-14
  4362.50000    4.7335E-14
  4363.75000    4.7024E-14
  4365.00000    4.8018E-14
  4366.25000    4.7054E-14
  4367.50000    4.7545E-14
  4368.75000    4.7273E-14
  4370.00000    4.6295E-14
  4371.25000    4.6851E-14
  4372.50000    4.6540E-14
  4373.75000    4.7120E-14
  4375.00000    4.6854E-14
  4376.25000    4.6101E-14
  4377.50000    4.5437E-14
  4378.75000    4.5538E-14
  4380.00000    4.5037E-14
  4381.25000    4.4285E-14
  4382.50000    4.3586E-14
  4383.75000    4.5387E-14
  4385.00000    4.5154E-14
  4386.25000    4.6588E-14
  4387.50000    4.4793E-14
  4388.75000    4.6257E-14
  4390.00000    4.5096E-14
  4391.25000    4.5731E-14
  4392.50000    4.5145E-14
  4393.75000    4.4855E-14
  4395.00000    4.6025E-14
  4396.25000    4.5600E-14
  4397.50000    4.4986E-14
  4398.75000    4.6038E-14
  4400.00000    4.5153E-14
  4401.25000    4.7979E-14
  4402.50000    4.6384E-14
  4403.75000    4.6382E-14
  4405.00000    4.6170E-14
  4406.25000    4.5077E-14
  4407.50000    4.4980E-14
  4408.75000    4.6017E-14
  4410.00000    4.4832E-14
  4411.25000    4.5468E-14
  4412.50000    4.5041E-14
  4413.75000    4.5291E-14
  4415.00000    4.5861E-14
  4416.25000    4.5716E-14
  4417.50000    4.6712E-14
  4418.75000    4.5509E-14
  4420.00000    4.6318E-14
  4421.25000    4.8268E-14
  4422.50000    4.6457E-14
  4423.75000    4.7379E-14
  4425.00000    4.6657E-14
  4426.25000    4.6975E-14
  4427.50000    4.5348E-14
  4428.75000    4.7446E-14
  4430.00000    4.5503E-14
  4431.25000    4.6627E-14
  4432.50000    4.4517E-14
  4433.75000    4.6887E-14
  4435.00000    4.7053E-14
  4436.25000    4.6554E-14
  4437.50000    4.6285E-14
  4438.75000    4.7052E-14
  4440.00000    4.7686E-14
  4441.25000    4.7467E-14
  4442.50000    4.8287E-14
  4443.75000    4.5203E-14
  4445.00000    4.5079E-14
  4446.25000    4.6173E-14
  4447.50000    4.5454E-14
  4448.75000    4.4850E-14
  4450.00000    4.7639E-14
  4451.25000    4.7305E-14
  4452.50000    4.6203E-14
  4453.75000    4.5643E-14
  4455.00000    4.7475E-14
  4456.25000    4.7267E-14
  4457.50000    4.5770E-14
  4458.75000    4.5514E-14
  4460.00000    4.6073E-14
  4461.25000    4.6997E-14
  4462.50000    4.4762E-14
  4463.75000    4.6683E-14
  4465.00000    4.6325E-14
  4466.25000    4.4427E-14
  4467.50000    4.3841E-14
  4468.75000    4.5330E-14
  4470.00000    4.6614E-14
  4471.25000    4.5864E-14
  4472.50000    4.6119E-14
  4473.75000    4.5048E-14
  4475.00000    4.6188E-14
  4476.25000    4.5927E-14
  4477.50000    4.4072E-14
  4478.75000    4.4766E-14
  4480.00000    4.5623E-14
  4481.25000    4.6590E-14
  4482.50000    4.5458E-14
  4483.75000    4.6409E-14
  4485.00000    4.7168E-14
  4486.25000    4.6117E-14
  4487.50000    4.5716E-14
  4488.75000    4.6882E-14
  4490.00000    4.6526E-14
  4491.25000    4.5335E-14
  4492.50000    4.7067E-14
  4493.75000    4.7364E-14
  4495.00000    4.6725E-14
  4496.25000    4.5776E-14
  4497.50000    4.6150E-14
  4498.75000    4.5920E-14
  4500.00000    4.7150E-14
  4501.25000    4.6652E-14
  4502.50000    4.9143E-14
  4503.75000    4.6704E-14
  4505.00000    4.5942E-14
  4506.25000    4.6238E-14
  4507.50000    4.5669E-14
  4508.75000    4.5275E-14
  4510.00000    4.5095E-14
  4511.25000    4.6278E-14
  4512.50000    4.6872E-14
  4513.75000    4.6015E-14
  4515.00000    4.6708E-14
  4516.25000    4.6338E-14
  4517.50000    4.4385E-14
  4518.75000    4.5434E-14
  4520.00000    4.4919E-14
  4521.25000    4.4908E-14
  4522.50000    4.4719E-14
  4523.75000    4.5020E-14
  4525.00000    4.3945E-14
  4526.25000    4.2825E-14
  4527.50000    4.4727E-14
  4528.75000    4.4028E-14
  4530.00000    4.6635E-14
  4531.25000    4.4300E-14
  4532.50000    4.5075E-14
  4533.75000    4.4808E-14
  4535.00000    4.5450E-14
  4536.25000    4.6597E-14
  4537.50000    4.4465E-14
  4538.75000    4.4619E-14
  4540.00000    4.4626E-14
  4541.25000    4.5859E-14
  4542.50000    4.4152E-14
  4543.75000    4.3275E-14
  4545.00000    4.4114E-14
  4546.25000    4.5133E-14
  4547.50000    4.2706E-14
  4548.75000    4.5303E-14
  4550.00000    4.4961E-14
  4551.25000    4.4981E-14
  4552.50000    4.4689E-14
  4553.75000    4.5078E-14
  4555.00000    4.5010E-14
  4556.25000    4.4485E-14
  4557.50000    4.4825E-14
  4558.75000    4.5057E-14
  4560.00000    4.5613E-14
  4561.25000    4.4927E-14
  4562.50000    4.3476E-14
  4563.75000    4.6788E-14
  4565.00000    4.5209E-14
  4566.25000    4.5243E-14
  4567.50000    4.6994E-14
  4568.75000    4.4607E-14
  4570.00000    4.6681E-14
  4571.25000    4.4839E-14
  4572.50000    4.3777E-14
  4573.75000    4.4331E-14
  4575.00000    4.5168E-14
  4576.25000    4.3785E-14
  4577.50000    4.4402E-14
  4578.75000    4.3953E-14
  4580.00000    4.3872E-14
  4581.25000    4.3507E-14
  4582.50000    4.4743E-14
  4583.75000    4.4468E-14
  4585.00000    4.2429E-14
  4586.25000    4.4304E-14
  4587.50000    4.4311E-14
  4588.75000    4.5362E-14
  4590.00000    4.3810E-14
  4591.25000    4.3235E-14
  4592.50000    4.4486E-14
  4593.75000    4.4768E-14
  4595.00000    4.4850E-14
  4596.25000    4.3659E-14
  4597.50000    4.2408E-14
  4598.75000    4.4446E-14
  4600.00000    4.5014E-14
  4601.25000    4.5151E-14
  4602.50000    4.4982E-14
  4603.75000    4.3587E-14
  4605.00000    4.4931E-14
  4606.25000    4.5296E-14
  4607.50000    4.5256E-14
  4608.75000    4.4312E-14
  4610.00000    4.5327E-14
  4611.25000    4.4483E-14
  4612.50000    4.5264E-14
  4613.75000    4.5348E-14
  4615.00000    4.3832E-14
  4616.25000    4.4385E-14
  4617.50000    4.5411E-14
  4618.75000    4.4804E-14
  4620.00000    4.5431E-14
  4621.25000    4.5567E-14
  4622.50000    4.3314E-14
  4623.75000    4.4007E-14
  4625.00000    4.3653E-14
  4626.25000    4.4430E-14
  4627.50000    4.2765E-14
  4628.75000    4.4088E-14
  4630.00000    4.4748E-14
  4631.25000    4.5429E-14
  4632.50000    4.4056E-14
  4633.75000    4.2513E-14
  4635.00000    4.2770E-14
  4636.25000    4.4187E-14
  4637.50000    4.3446E-14
  4638.75000    4.4306E-14
  4640.00000    4.3075E-14
  4641.25000    4.5064E-14
  4642.50000    4.4716E-14
  4643.75000    4.3414E-14
  4645.00000    4.3167E-14
  4646.25000    4.3821E-14
  4647.50000    4.4456E-14
  4648.75000    4.5072E-14
  4650.00000    4.3700E-14
  4651.25000    4.3550E-14
  4652.50000    4.3374E-14
  4653.75000    4.4855E-14
  4655.00000    4.4630E-14
  4656.25000    4.3863E-14
  4657.50000    4.4587E-14
  4658.75000    4.5291E-14
  4660.00000    4.3836E-14
  4661.25000    4.3465E-14
  4662.50000    4.3535E-14
  4663.75000    4.4874E-14
  4665.00000    4.3237E-14
  4666.25000    4.2387E-14
  4667.50000    4.2367E-14
  4668.75000    4.3638E-14
  4670.00000    4.4033E-14
  4671.25000    4.4296E-14
  4672.50000    4.4068E-14
  4673.75000    4.3747E-14
  4675.00000    4.4049E-14
  4676.25000    4.4225E-14
  4677.50000    4.5064E-14
  4678.75000    4.4362E-14
  4680.00000    4.2754E-14
  4681.25000    4.3089E-14
  4682.50000    4.4325E-14
  4683.75000    4.1836E-14
  4685.00000    4.2726E-14
  4686.25000    4.3296E-14
  4687.50000    4.2718E-14
  4688.75000    4.2822E-14
  4690.00000    4.2368E-14
  4691.25000    4.3567E-14
  4692.50000    4.3704E-14
  4693.75000    4.2118E-14
  4695.00000    4.2857E-14
  4696.25000    4.3655E-14
  4697.50000    4.2434E-14
  4698.75000    4.2275E-14
  4700.00000    4.1854E-14
  4701.25000    4.2745E-14
  4702.50000    4.2858E-14
  4703.75000    4.2627E-14
  4705.00000    4.2352E-14
  4706.25000    3.9712E-14
  4707.50000    4.4493E-14
  4708.75000    4.1679E-14
  4710.00000    4.3429E-14
  4711.25000    4.1395E-14
  4712.50000    4.2337E-14
  4713.75000    4.1568E-14
  4715.00000    4.2330E-14
  4716.25000    4.3044E-14
  4717.50000    4.3818E-14
  4718.75000    4.2950E-14
  4720.00000    4.3457E-14
  4721.25000    4.3360E-14
  4722.50000    4.1091E-14
  4723.75000    4.2184E-14
  4725.00000    4.1835E-14
  4726.25000    4.1625E-14
  4727.50000    4.1860E-14
  4728.75000    4.0164E-14
  4730.00000    4.1249E-14
  4731.25000    4.3387E-14
  4732.50000    4.1900E-14
  4733.75000    4.1673E-14
  4735.00000    4.2587E-14
  4736.25000    4.2658E-14
  4737.50000    4.4057E-14
  4738.75000    4.2834E-14
  4740.00000    4.1764E-14
  4741.25000    4.2006E-14
  4742.50000    4.1912E-14
  4743.75000    4.3763E-14
  4745.00000    4.4486E-14
  4746.25000    4.1386E-14
  4747.50000    4.4281E-14
  4748.75000    4.1485E-14
  4750.00000    4.3539E-14
  4751.25000    4.2029E-14
  4752.50000    4.2268E-14
  4753.75000    4.2124E-14
  4755.00000    4.2632E-14
  4756.25000    4.2327E-14
  4757.50000    4.2653E-14
  4758.75000    4.2647E-14
  4760.00000    4.2065E-14
  4761.25000    4.1582E-14
  4762.50000    4.2277E-14
  4763.75000    4.2314E-14
  4765.00000    4.0336E-14
  4766.25000    4.0723E-14
  4767.50000    4.2901E-14
  4768.75000    4.1300E-14
  4770.00000    4.1852E-14
  4771.25000    4.2685E-14
  4772.50000    4.2063E-14
  4773.75000    4.2290E-14
  4775.00000    4.3136E-14
  4776.25000    4.1928E-14
  4777.50000    4.3442E-14
  4778.75000    4.1119E-14
  4780.00000    4.2025E-14
  4781.25000    4.3052E-14
  4782.50000    4.2028E-14
  4783.75000    4.1338E-14
  4785.00000    4.3006E-14
  4786.25000    4.2623E-14
  4787.50000    4.1426E-14
  4788.75000    4.2148E-14
  4790.00000    4.3163E-14
  4791.25000    4.2027E-14
  4792.50000    4.2455E-14
  4793.75000    4.2310E-14
  4795.00000    4.1999E-14
  4796.25000    4.4123E-14
  4797.50000    4.0615E-14
  4798.75000    4.1991E-14
  4800.00000    4.1748E-14
  4801.25000    4.2431E-14
  4802.50000    4.2292E-14
  4803.75000    4.1959E-14
  4805.00000    4.0428E-14
  4806.25000    4.1075E-14
  4807.50000    4.1885E-14
  4808.75000    4.0485E-14
  4810.00000    4.2200E-14
  4811.25000    4.1745E-14
  4812.50000    4.2263E-14
  4813.75000    4.3178E-14
  4815.00000    4.2974E-14
  4816.25000    4.1321E-14
  4817.50000    4.2969E-14
  4818.75000    4.2540E-14
  4820.00000    3.9988E-14
  4821.25000    4.1341E-14
  4822.50000    4.1666E-14
  4823.75000    4.1701E-14
  4825.00000    4.0377E-14
  4826.25000    4.2277E-14
  4827.50000    4.2139E-14
  4828.75000    4.1974E-14
  4830.00000    4.0864E-14
  4831.25000    3.9975E-14
  4832.50000    4.2687E-14
  4833.75000    4.0754E-14
  4835.00000    3.9757E-14
  4836.25000    3.9493E-14
  4837.50000    4.0522E-14
  4838.75000    3.9881E-14
  4840.00000    3.8181E-14
  4841.25000    3.9721E-14
  4842.50000    3.9765E-14
  4843.75000    3.9112E-14
  4845.00000    3.7395E-14
  4846.25000    3.6067E-14
  4847.50000    3.6123E-14
  4848.75000    3.5322E-14
  4850.00000    3.4002E-14
  4851.25000    3.2048E-14
  4852.50000    3.1270E-14
  4853.75000    2.8261E-14
  4855.00000    2.8825E-14
  4856.25000    2.5643E-14
  4857.50000    2.4038E-14
  4858.75000    2.3254E-14
  4860.00000    2.3739E-14
  4861.25000    2.3935E-14
  4862.50000    2.6963E-14
  4863.75000    2.8673E-14
  4865.00000    2.9082E-14
  4866.25000    3.1638E-14
  4867.50000    3.3566E-14
  4868.75000    3.5248E-14
  4870.00000    3.5625E-14
  4871.25000    3.5949E-14
  4872.50000    3.5049E-14
  4873.75000    3.6231E-14
  4875.00000    3.8941E-14
  4876.25000    3.7725E-14
  4877.50000    3.9082E-14
  4878.75000    3.8730E-14
  4880.00000    3.9784E-14
  4881.25000    3.7927E-14
  4882.50000    3.8847E-14
  4883.75000    4.0680E-14
  4885.00000    3.8938E-14
  4886.25000    3.9689E-14
  4887.50000    3.9957E-14
  4888.75000    3.9980E-14
  4890.00000    4.0331E-14
  4891.25000    4.0249E-14
  4892.50000    4.0884E-14
  4893.75000    4.2648E-14
  4895.00000    4.1429E-14
  4896.25000    4.0863E-14
  4897.50000    4.0252E-14
  4898.75000    4.1782E-14
  4900.00000    4.1942E-14
  4901.25000    4.1086E-14
  4902.50000    4.2041E-14
  4903.75000    4.0764E-14
  4905.00000    4.0898E-14
  4906.25000    4.1969E-14
  4907.50000    3.9874E-14
  4908.75000    4.0172E-14
  4910.00000    4.0251E-14
  4911.25000    4.0151E-14
  4912.50000    3.8506E-14
  4913.75000    4.0598E-14
  4915.00000    4.0279E-14
  4916.25000    4.1281E-14
  4917.50000    3.9933E-14
  4918.75000    3.8268E-14
  4920.00000    3.7969E-14
  4921.25000    4.0304E-14
  4922.50000    3.8256E-14
  4923.75000    3.9165E-14
  4925.00000    4.0197E-14
  4926.25000    4.0201E-14
  4927.50000    4.0699E-14
  4928.75000    4.0581E-14
  4930.00000    4.0232E-14
  4931.25000    4.0767E-14
  4932.50000    4.0922E-14
  4933.75000    4.1084E-14
  4935.00000    3.9972E-14
  4936.25000    3.8583E-14
  4937.50000    4.1015E-14
  4938.75000    4.0416E-14
  4940.00000    4.0942E-14
  4941.25000    4.1129E-14
  4942.50000    4.1405E-14
  4943.75000    4.1396E-14
  4945.00000    4.1428E-14
  4946.25000    4.0946E-14
  4947.50000    4.0264E-14
  4948.75000    4.1777E-14
  4950.00000    4.0492E-14
  4951.25000    4.0823E-14
  4952.50000    3.9667E-14
  4953.75000    3.9239E-14
  4955.00000    3.9829E-14
  4956.25000    4.0005E-14
  4957.50000    3.8719E-14
  4958.75000    3.8751E-14
  4960.00000    3.9937E-14
  4961.25000    4.0335E-14
  4962.50000    3.8744E-14
  4963.75000    3.9584E-14
  4965.00000    3.7919E-14
  4966.25000    3.8687E-14
  4967.50000    4.0050E-14
  4968.75000    3.9942E-14
  4970.00000    4.0045E-14
  4971.25000    3.9629E-14
  4972.50000    3.9618E-14
  4973.75000    3.8586E-14
  4975.00000    3.9663E-14
  4976.25000    3.8288E-14
  4977.50000    3.8657E-14
  4978.75000    3.9212E-14
  4980.00000    3.8448E-14
  4981.25000    3.8929E-14
  4982.50000    3.7031E-14
  4983.75000    3.9210E-14
  4985.00000    3.8689E-14
  4986.25000    3.8924E-14
  4987.50000    3.8582E-14
  4988.75000    3.9267E-14
  4990.00000    3.9079E-14
  4991.25000    3.8449E-14
  4992.50000    3.8786E-14
  4993.75000    3.9058E-14
  4995.00000    3.7768E-14
  4996.25000    3.9462E-14
  4997.50000    3.8317E-14
  4998.75000    3.9643E-14
  5000.00000    3.7593E-14
  5001.25000    3.7745E-14
  5002.50000    3.7716E-14
  5003.75000    3.6715E-14
  5005.00000    3.8349E-14
  5006.25000    3.8101E-14
  5007.50000    3.7698E-14
  5008.75000    3.8563E-14
  5010.00000    3.6752E-14
  5011.25000    3.6824E-14
  5012.50000    3.7241E-14
  5013.75000    3.6970E-14
  5015.00000    3.7129E-14
  5016.25000    3.7480E-14
  5017.50000    3.7111E-14
  5018.75000    3.8950E-14
  5020.00000    3.7982E-14
  5021.25000    3.8210E-14
  5022.50000    3.8468E-14
  5023.75000    3.7015E-14
  5025.00000    3.7244E-14
  5026.25000    3.7805E-14
  5027.50000    3.8948E-14
  5028.75000    3.7755E-14
  5030.00000    3.7632E-14
  5031.25000    3.6012E-14
  5032.50000    3.7225E-14
  5033.75000    3.8968E-14
  5035.00000    3.7946E-14
  5036.25000    3.8229E-14
  5037.50000    3.7053E-14
  5038.75000    3.7444E-14
  5040.00000    3.8160E-14
  5041.25000    3.9096E-14
  5042.50000    3.6427E-14
  5043.75000    3.8974E-14
  5045.00000    3.7137E-14
  5046.25000    3.8787E-14
  5047.50000    3.7970E-14
  5048.75000    3.7601E-14
  5050.00000    3.7265E-14
  5051.25000    3.8493E-14
  5052.50000    3.8217E-14
  5053.75000    3.7718E-14
  5055.00000    3.8571E-14
  5056.25000    3.9579E-14
  5057.50000    3.8827E-14
  5058.75000    3.9547E-14
  5060.00000    3.7940E-14
  5061.25000    3.7996E-14
  5062.50000    3.8824E-14
  5063.75000    3.8533E-14
  5065.00000    3.7873E-14
  5066.25000    3.6387E-14
  5067.50000    3.7974E-14
  5068.75000    3.7098E-14
  5070.00000    3.8077E-14
  5071.25000    3.7394E-14
  5072.50000    3.7678E-14
  5073.75000    3.7654E-14
  5075.00000    3.7731E-14
  5076.25000    3.6937E-14
  5077.50000    3.6977E-14
  5078.75000    3.7099E-14
  5080.00000    3.8130E-14
  5081.25000    3.7830E-14
  5082.50000    3.6881E-14
  5083.75000    3.9147E-14
  5085.00000    3.7543E-14
  5086.25000    3.7621E-14
  5087.50000    3.7782E-14
  5088.75000    3.9008E-14
  5090.00000    3.8561E-14
  5091.25000    3.9624E-14
  5092.50000    3.7553E-14
  5093.75000    3.8691E-14
  5095.00000    3.7056E-14
  5096.25000    3.8719E-14
  5097.50000    3.6935E-14
  5098.75000    3.7857E-14
  5100.00000    3.6012E-14
  5101.25000    3.8347E-14
  5102.50000    3.7351E-14
  5103.75000    3.7545E-14
  5105.00000    3.7677E-14
  5106.25000    3.7321E-14
  5107.50000    3.8896E-14
  5108.75000    3.9021E-14
  5110.00000    3.7672E-14
  5111.25000    3.7519E-14
  5112.50000    3.8723E-14
  5113.75000    3.8782E-14
  5115.00000    3.7522E-14
  5116.25000    3.8006E-14
  5117.50000    3.8073E-14
  5118.75000    3.5912E-14
  5120.00000    3.8209E-14
  5121.25000    3.6913E-14
  5122.50000    3.7914E-14
  5123.75000    3.6304E-14
  5125.00000    3.8336E-14
  5126.25000    3.5476E-14
  5127.50000    3.7521E-14
  5128.75000    3.7433E-14
  5130.00000    3.6433E-14
  5131.25000    3.8501E-14
  5132.50000    3.8090E-14
  5133.75000    3.6839E-14
  5135.00000    3.7920E-14
  5136.25000    3.6116E-14
  5137.50000    3.7910E-14
  5138.75000    3.6763E-14
  5140.00000    3.7154E-14
  5141.25000    3.7076E-14
  5142.50000    3.5900E-14
  5143.75000    3.8023E-14
  5145.00000    3.6959E-14
  5146.25000    3.7599E-14
  5147.50000    3.7466E-14
  5148.75000    3.7052E-14
  5150.00000    3.6559E-14
  5151.25000    3.7174E-14
  5152.50000    3.7059E-14
  5153.75000    3.8141E-14
  5155.00000    3.6935E-14
  5156.25000    3.7804E-14
  5157.50000    3.6772E-14
  5158.75000    3.8507E-14
  5160.00000    3.6017E-14
  5161.25000    3.6123E-14
  5162.50000    3.4895E-14
  5163.75000    3.4370E-14
  5165.00000    3.4237E-14
  5166.25000    3.5390E-14
  5167.50000    3.4366E-14
  5168.75000    3.4713E-14
  5170.00000    3.5478E-14
  5171.25000    3.3756E-14
  5172.50000    3.6017E-14
  5173.75000    3.5314E-14
  5175.00000    3.5439E-14
  5176.25000    3.4965E-14
  5177.50000    3.4396E-14
  5178.75000    3.5140E-14
  5180.00000    3.3955E-14
  5181.25000    3.5816E-14
  5182.50000    3.6449E-14
  5183.75000    3.6089E-14
  5185.00000    3.4760E-14
  5186.25000    3.6391E-14
  5187.50000    3.6078E-14
  5188.75000    3.5348E-14
  5190.00000    3.5487E-14
  5191.25000    3.5554E-14
  5192.50000    3.6416E-14
  5193.75000    3.5370E-14
  5195.00000    3.4593E-14
  5196.25000    3.5066E-14
  5197.50000    3.4691E-14
  5198.75000    3.4437E-14
  5200.00000    3.4100E-14
  5201.25000    3.6427E-14
  5202.50000    3.6248E-14
  5203.75000    3.4863E-14
  5205.00000    3.4306E-14
  5206.25000    3.5019E-14
  5207.50000    3.5158E-14
  5208.75000    3.6416E-14
  5210.00000    3.6226E-14
  5211.25000    3.6742E-14
  5212.50000    3.7186E-14
  5213.75000    3.4074E-14
  5215.00000    3.7442E-14
  5216.25000    3.5344E-14
  5217.50000    3.7201E-14
  5218.75000    3.7250E-14
  5220.00000    3.7181E-14
  5221.25000    3.6150E-14
  5222.50000    3.4842E-14
  5223.75000    3.4956E-14
  5225.00000    3.4458E-14
  5226.25000    3.5702E-14
  5227.50000    3.5677E-14
  5228.75000    3.6543E-14
  5230.00000    3.6019E-14
  5231.25000    3.5464E-14
  5232.50000    3.4956E-14
  5233.75000    3.6794E-14
  5235.00000    3.6468E-14
  5236.25000    3.6074E-14
  5237.50000    3.8052E-14
  5238.75000    3.6789E-14
  5240.00000    3.7294E-14
  5241.25000    3.6384E-14
  5242.50000    3.6248E-14
  5243.75000    3.7241E-14
  5245.00000    3.5408E-14
  5246.25000    3.5816E-14
  5247.50000    3.5678E-14
  5248.75000    3.6823E-14
  5250.00000    3.5230E-14
  5251.25000    3.4098E-14
  5252.50000    3.5934E-14
  5253.75000    3.5103E-14
  5255.00000    3.6710E-14
  5256.25000    3.6600E-14
  5257.50000    3.6543E-14
  5258.75000    3.4366E-14
  5260.00000    3.5212E-14
  5261.25000    3.5089E-14
  5262.50000    3.4635E-14
  5263.75000    3.4832E-14
  5265.00000    3.5239E-14
  5266.25000    3.4276E-14
  5267.50000    3.5106E-14
  5268.75000    3.5457E-14
  5270.00000    3.2911E-14
  5271.25000    3.5256E-14
  5272.50000    3.5013E-14
  5273.75000    3.4509E-14
  5275.00000    3.5820E-14
  5276.25000    3.7325E-14
  5277.50000    3.5987E-14
  5278.75000    3.4104E-14
  5280.00000    3.7428E-14
  5281.25000    3.6452E-14
  5282.50000    3.8064E-14
  5283.75000    3.6431E-14
  5285.00000    3.6728E-14
  5286.25000    3.7364E-14
  5287.50000    3.5792E-14
  5288.75000    3.5036E-14
  5290.00000    3.5208E-14
  5291.25000    3.6359E-14
  5292.50000    3.6774E-14
  5293.75000    3.6042E-14
  5295.00000    3.3735E-14
  5296.25000    3.6012E-14
  5297.50000    3.5400E-14
  5298.75000    3.5471E-14
  5300.00000    3.4676E-14
  5301.25000    3.5609E-14
  5302.50000    3.6483E-14
  5303.75000    3.7364E-14
  5305.00000    3.5635E-14
  5306.25000    3.6671E-14
  5307.50000    3.6628E-14
  5308.75000    3.5864E-14
  5310.00000    3.4985E-14
  5311.25000    3.4511E-14
  5312.50000    3.4495E-14
  5313.75000    3.6104E-14
  5315.00000    3.4930E-14
  5316.25000    3.4449E-14
  5317.50000    3.5834E-14
  5318.75000    3.7535E-14
  5320.00000    3.5830E-14
  5321.25000    3.6753E-14
  5322.50000    3.4674E-14
  5323.75000    3.5609E-14
  5325.00000    3.4390E-14
  5326.25000    3.4415E-14
  5327.50000    3.4028E-14
  5328.75000    3.4769E-14
  5330.00000    3.5249E-14
  5331.25000    3.6070E-14
  5332.50000    3.5304E-14
  5333.75000    3.6236E-14
  5335.00000    3.6183E-14
  5336.25000    3.2299E-14
  5337.50000    3.5974E-14
  5338.75000    3.5317E-14
  5340.00000    3.5569E-14
  5341.25000    3.4869E-14
  5342.50000    3.4082E-14
  5343.75000    3.6044E-14
  5345.00000    3.5927E-14
  5346.25000    3.3829E-14
  5347.50000    3.5899E-14
  5348.75000    3.6108E-14
  5350.00000    3.6439E-14
  5351.25000    3.6859E-14
  5352.50000    3.5727E-14
  5353.75000    3.7691E-14
  5355.00000    3.6779E-14
  5356.25000    3.4723E-14
  5357.50000    3.5411E-14
  5358.75000    3.6757E-14
  5360.00000    3.5913E-14
  5361.25000    3.5011E-14
  5362.50000    3.6042E-14
  5363.75000    3.6568E-14
  5365.00000    3.4213E-14
  5366.25000    3.4816E-14
  5367.50000    3.4839E-14
  5368.75000    3.5424E-14
  5370.00000    3.5250E-14
  5371.25000    3.5140E-14
  5372.50000    3.4834E-14
  5373.75000    3.5869E-14
  5375.00000    3.6318E-14
  5376.25000    3.6016E-14
  5377.50000    3.4291E-14
  5378.75000    3.6322E-14
  5380.00000    3.5826E-14
  5381.25000    3.5319E-14
  5382.50000    3.6247E-14
  5383.75000    3.7335E-14
  5385.00000    3.6285E-14
  5386.25000    3.5005E-14
  5387.50000    3.5034E-14
  5388.75000    3.4375E-14
  5390.00000    3.6552E-14
  5391.25000    3.5844E-14
  5392.50000    3.4183E-14
  5393.75000    3.5269E-14
  5395.00000    3.4558E-14
  5396.25000    3.4326E-14
  5397.50000    3.6038E-14
  5398.75000    3.4837E-14
  5400.00000    3.4326E-14
  5401.25000    3.5533E-14
  5402.50000    3.5379E-14
  5403.75000    3.4074E-14
  5405.00000    3.4107E-14
  5406.25000    3.4291E-14
  5407.50000    3.5632E-14
  5408.75000    3.4073E-14
  5410.00000    3.5178E-14
  5411.25000    3.4134E-14
  5412.50000    3.6074E-14
  5413.75000    3.5060E-14
  5415.00000    3.5193E-14
  5416.25000    3.6156E-14
  5417.50000    3.6600E-14
  5418.75000    3.5265E-14
  5420.00000    3.4347E-14
  5421.25000    3.5312E-14
  5422.50000    3.5834E-14
  5423.75000    3.5670E-14
  5425.00000    3.5306E-14
  5426.25000    3.4257E-14
  5427.50000    3.5278E-14
  5428.75000    3.3433E-14
  5430.00000    3.5097E-14
  5431.25000    3.3814E-14
  5432.50000    3.3528E-14
  5433.75000    3.4588E-14
  5435.00000    3.6597E-14
  5436.25000    3.6352E-14
  5437.50000    3.4960E-14
  5438.75000    3.4870E-14
  5440.00000    3.6024E-14
  5441.25000    3.5371E-14
  5442.50000    3.3919E-14
  5443.75000    3.4363E-14
  5445.00000    3.3619E-14
  5446.25000    3.4305E-14
  5447.50000    3.3158E-14
  5448.75000    3.4336E-14
  5450.00000    3.2913E-14
  5451.25000    3.5046E-14
  5452.50000    3.3483E-14
  5453.75000    3.3582E-14
  5455.00000    3.3226E-14
  5456.25000    3.4057E-14
  5457.50000    3.3653E-14
  5458.75000    3.3936E-14
  5460.00000    3.4393E-14
  5461.25000    3.4208E-14
  5462.50000    3.4884E-14
  5463.75000    3.5279E-14
  5465.00000    3.4125E-14
  5466.25000    3.4434E-14
  5467.50000    3.4756E-14
  5468.75000    3.3476E-14
  5470.00000    3.3881E-14
  5471.25000    3.4583E-14
  5472.50000    3.4524E-14
  5473.75000    3.5568E-14
  5475.00000    3.4475E-14
  5476.25000    3.2419E-14
  5477.50000    3.2518E-14
  5478.75000    3.1931E-14
  5480.00000    3.4898E-14
  5481.25000    3.3734E-14
  5482.50000    3.3042E-14
  5483.75000    3.2908E-14
  5485.00000    3.4694E-14
  5486.25000    3.4872E-14
  5487.50000    3.3659E-14
  5488.75000    3.4001E-14
  5490.00000    3.3682E-14
  5491.25000    3.2651E-14
  5492.50000    3.4729E-14
  5493.75000    3.3525E-14
  5495.00000    3.3514E-14
  5496.25000    3.3882E-14
  5497.50000    3.3232E-14
  5498.75000    3.3300E-14
  5500.00000    3.5061E-14
  5501.25000    3.3005E-14
  5502.50000    3.3743E-14
  5503.75000    3.1668E-14
  5505.00000    3.3213E-14
  5506.25000    3.2355E-14
  5507.50000    3.4352E-14
  5508.75000    3.3786E-14
  5510.00000    3.3175E-14
  5511.25000    3.4036E-14
  5512.50000    3.2691E-14
  5513.75000    3.5260E-14
  5515.00000    3.3221E-14
  5516.25000    3.4402E-14
  5517.50000    3.4937E-14
  5518.75000    3.3126E-14
  5520.00000    3.3941E-14
  5521.25000    3.5216E-14
  5522.50000    3.2209E-14
  5523.75000    3.3871E-14
  5525.00000    3.3844E-14
  5526.25000    3.2003E-14
  5527.50000    3.2598E-14
  5528.75000    3.4729E-14
  5530.00000    3.6064E-14
  5531.25000    3.4641E-14
  5532.50000    3.4901E-14
  5533.75000    3.3556E-14
  5535.00000    3.5678E-14
  5536.25000    3.3503E-14
  5537.50000    3.3249E-14
  5538.75000    3.2932E-14
  5540.00000    3.3000E-14
  5541.25000    3.4643E-14
  5542.50000    3.3625E-14
  5543.75000    3.3011E-14
  5545.00000    3.4386E-14
  5546.25000    3.4336E-14
  5547.50000    3.4605E-14
  5548.75000    3.4096E-14
  5550.00000    3.3526E-14
  5551.25000    3.2950E-14
  5552.50000    3.4943E-14
  5553.75000    3.3193E-14
  5555.00000    3.3940E-14
  5556.25000    3.2566E-14
  5557.50000    3.3529E-14
  5558.75000    3.2524E-14
  5560.00000    3.4476E-14
  5561.25000    3.4298E-14
  5562.50000    3.5350E-14
  5563.75000    3.5542E-14
  5565.00000    3.3067E-14
  5566.25000    3.3742E-14
  5567.50000    3.3064E-14
  5568.75000    3.3090E-14
  5570.00000    3.4281E-14
  5571.25000    3.2934E-14
  5572.50000    3.1847E-14
  5573.75000    3.3626E-14
  5575.00000    3.4757E-14
  5576.25000    3.3127E-14
  5577.50000    3.3539E-14
  5578.75000    3.4543E-14
  5580.00000    3.3980E-14
  5581.25000    3.2880E-14
  5582.50000    3.5130E-14
  5583.75000    3.2295E-14
  5585.00000    3.3599E-14
  5586.25000    3.2709E-14
  5587.50000    3.2194E-14
  5588.75000    3.3958E-14
  5590.00000    3.3883E-14
  5591.25000    3.3865E-14
  5592.50000    3.4264E-14
  5593.75000    3.2968E-14
  5595.00000    3.4677E-14
  5596.25000    3.2398E-14
  5597.50000    3.3494E-14
  5598.75000    3.3704E-14
  5600.00000    3.2048E-14
  5601.25000    3.3340E-14
  5602.50000    3.3344E-14
  5603.75000    3.3531E-14
  5605.00000    3.3987E-14
  5606.25000    3.4905E-14
  5607.50000    3.4583E-14
  5608.75000    3.5363E-14
  5610.00000    3.4048E-14
  5611.25000    3.3369E-14
  5612.50000    3.4497E-14
  5613.75000    3.3787E-14
  5615.00000    3.2774E-14
  5616.25000    3.2449E-14
  5617.50000    3.2515E-14
  5618.75000    3.2276E-14
  5620.00000    3.3720E-14
  5621.25000    3.5544E-14
  5622.50000    3.3585E-14
  5623.75000    3.2425E-14
  5625.00000    3.3704E-14
  5626.25000    3.3317E-14
  5627.50000    3.4312E-14
  5628.75000    3.4342E-14
  5630.00000    3.3449E-14
  5631.25000    3.3573E-14
  5632.50000    3.3523E-14
  5633.75000    3.2546E-14
  5635.00000    3.2546E-14
  5636.25000    3.4140E-14
  5637.50000    3.4278E-14
  5638.75000    3.0999E-14
  5640.00000    3.2048E-14
  5641.25000    3.2381E-14
  5642.50000    3.4171E-14
  5643.75000    3.3864E-14
  5645.00000    3.2872E-14
  5646.25000    3.2915E-14
  5647.50000    3.1337E-14
  5648.75000    3.2910E-14
  5650.00000    3.2714E-14
  5651.25000    3.4184E-14
  5652.50000    3.5221E-14
  5653.75000    3.1655E-14
  5655.00000    3.3134E-14
  5656.25000    3.0621E-14
  5657.50000    3.1784E-14
  5658.75000    3.2075E-14
  5660.00000    3.2634E-14
  5661.25000    3.3613E-14
  5662.50000    3.2098E-14
  5663.75000    3.2895E-14
  5665.00000    3.2696E-14
  5666.25000    3.2442E-14
  5667.50000    3.2435E-14
  5668.75000    3.2945E-14
  5670.00000    3.4554E-14
  5671.25000    3.2130E-14
  5672.50000    3.4915E-14
  5673.75000    3.2125E-14
  5675.00000    3.2889E-14
  5676.25000    3.4028E-14
  5677.50000    3.3135E-14
  5678.75000    3.3921E-14
  5680.00000    3.1954E-14
  5681.25000    3.1561E-14
  5682.50000    3.1261E-14
  5683.75000    3.2811E-14
  5685.00000    3.2177E-14
  5686.25000    3.3214E-14
  5687.50000    3.2876E-14
  5688.75000    3.1233E-14
  5690.00000    3.1847E-14
  5691.25000    3.3371E-14
  5692.50000    3.3032E-14
  5693.75000    3.4356E-14
  5695.00000    3.1834E-14
  5696.25000    3.4687E-14
  5697.50000    3.3173E-14
  5698.75000    3.2440E-14
  5700.00000    3.2570E-14
  5701.25000    3.3389E-14
  5702.50000    3.2550E-14
  5703.75000    3.1983E-14
  5705.00000    3.2949E-14
  5706.25000    3.2981E-14
  5707.50000    3.3303E-14
  5708.75000    3.2093E-14
  5710.00000    3.2226E-14
  5711.25000    3.2975E-14
  5712.50000    3.2777E-14
  5713.75000    3.3586E-14
  5715.00000    3.3298E-14
  5716.25000    3.3867E-14
  5717.50000    3.2554E-14
  5718.75000    3.2324E-14
  5720.00000    3.3019E-14
  5721.25000    3.2872E-14
  5722.50000    3.1794E-14
  5723.75000    3.2168E-14
  5725.00000    3.2964E-14
  5726.25000    3.4083E-14
  5727.50000    3.4993E-14
  5728.75000    3.4559E-14
  5730.00000    3.4045E-14
  5731.25000    3.4004E-14
  5732.50000    3.1635E-14
  5733.75000    3.2518E-14
  5735.00000    3.2862E-14
  5736.25000    3.2063E-14
  5737.50000    3.2168E-14
  5738.75000    3.2173E-14
  5740.00000    3.3261E-14
  5741.25000    3.5189E-14
  5742.50000    3.3201E-14
  5743.75000    3.2974E-14
  5745.00000    3.3378E-14
  5746.25000    3.2265E-14
  5747.50000    3.1084E-14
  5748.75000    3.3897E-14
  5750.00000    3.3874E-14
  5751.25000    3.5019E-14
  5752.50000    3.4198E-14
  5753.75000    3.2566E-14
  5755.00000    3.2931E-14
  5756.25000    3.2894E-14
  5757.50000    3.2991E-14
  5758.75000    3.3206E-14
  5760.00000    3.3574E-14
  5761.25000    3.3024E-14
  5762.50000    3.3928E-14
  5763.75000    3.3036E-14
  5765.00000    3.1318E-14
  5766.25000    3.2519E-14
  5767.50000    3.1945E-14
  5768.75000    3.3282E-14
  5770.00000    3.3857E-14
  5771.25000    3.3873E-14
  5772.50000    3.2880E-14
  5773.75000    3.2235E-14
  5775.00000    3.1815E-14
  5776.25000    3.0083E-14
  5777.50000    3.1699E-14
  5778.75000    3.1833E-14
  5780.00000    3.1437E-14
  5781.25000    3.3472E-14
  5782.50000    3.1364E-14
  5783.75000    3.0599E-14
  5785.00000    3.2197E-14
  5786.25000    3.1569E-14
  5787.50000    3.0771E-14
  5788.75000    3.2612E-14
  5790.00000    3.3346E-14
  5791.25000    3.3175E-14
  5792.50000    3.1238E-14
  5793.75000    3.1811E-14
  5795.00000    3.1909E-14
  5796.25000    3.1418E-14
  5797.50000    3.2860E-14
  5798.75000    3.3536E-14
  5800.00000    3.3381E-14
  5801.25000    3.2759E-14
  5802.50000    3.3795E-14
  5803.75000    3.2846E-14
  5805.00000    3.2619E-14
  5806.25000    3.3990E-14
  5807.50000    3.3464E-14
  5808.75000    3.5402E-14
  5810.00000    3.1936E-14
  5811.25000    3.2731E-14
  5812.50000    3.1381E-14
  5813.75000    3.2293E-14
  5815.00000    3.3546E-14
  5816.25000    3.4755E-14
  5817.50000    3.3477E-14
  5818.75000    3.2742E-14
  5820.00000    3.2348E-14
  5821.25000    3.3520E-14
  5822.50000    3.2629E-14
  5823.75000    3.3661E-14
  5825.00000    3.2799E-14
  5826.25000    3.1691E-14
  5827.50000    3.4051E-14
  5828.75000    3.1928E-14
  5830.00000    3.2975E-14
  5831.25000    3.2443E-14
  5832.50000    3.2381E-14
  5833.75000    3.3220E-14
  5835.00000    3.2926E-14
  5836.25000    3.2251E-14
  5837.50000    3.2081E-14
  5838.75000    3.2170E-14
  5840.00000    3.2514E-14
  5841.25000    3.2052E-14
  5842.50000    3.3125E-14
  5843.75000    3.2337E-14
  5845.00000    3.2084E-14
  5846.25000    3.2020E-14
  5847.50000    3.0320E-14
  5848.75000    3.3583E-14
  5850.00000    3.0469E-14
  5851.25000    3.0196E-14
  5852.50000    3.2156E-14
  5853.75000    3.2155E-14
  5855.00000    3.3172E-14
  5856.25000    3.3389E-14
  5857.50000    3.1773E-14
  5858.75000    3.0805E-14
  5860.00000    3.1045E-14
  5861.25000    3.1357E-14
  5862.50000    3.0897E-14
  5863.75000    3.0890E-14
  5865.00000    3.0863E-14
  5866.25000    3.1757E-14
  5867.50000    3.2625E-14
  5868.75000    3.0870E-14
  5870.00000    2.9853E-14
  5871.25000    3.1358E-14
  5872.50000    3.0168E-14
  5873.75000    3.1335E-14
  5875.00000    2.9710E-14
  5876.25000    3.2433E-14
  5877.50000    3.0832E-14
  5878.75000    3.0486E-14
  5880.00000    3.0644E-14
  5881.25000    2.9215E-14
  5882.50000    2.9878E-14
  5883.75000    3.0165E-14
  5885.00000    2.9463E-14
  5886.25000    2.9043E-14
  5887.50000    2.9969E-14
  5888.75000    2.8591E-14
  5890.00000    2.6907E-14
  5891.25000    2.7083E-14
  5892.50000    3.0055E-14
  5893.75000    2.9210E-14
  5895.00000    2.9105E-14
  5896.25000    3.0376E-14
  5897.50000    2.9775E-14
  5898.75000    2.9716E-14
  5900.00000    3.0667E-14
  5901.25000    2.9756E-14
  5902.50000    2.9856E-14
  5903.75000    3.1463E-14
  5905.00000    3.1356E-14
  5906.25000    3.1226E-14
  5907.50000    2.9718E-14
  5908.75000    3.1679E-14
  5910.00000    3.0088E-14
  5911.25000    3.0545E-14
  5912.50000    2.9704E-14
  5913.75000    3.0336E-14
  5915.00000    3.1033E-14
  5916.25000    3.0014E-14
  5917.50000    3.0352E-14
  5918.75000    2.9580E-14
  5920.00000    3.0311E-14
  5921.25000    3.1134E-14
  5922.50000    2.9484E-14
  5923.75000    3.1185E-14
  5925.00000    3.0680E-14
  5926.25000    2.9432E-14
  5927.50000    3.1961E-14
  5928.75000    3.1509E-14
  5930.00000    3.2048E-14
  5931.25000    2.9249E-14
  5932.50000    3.0557E-14
  5933.75000    3.0978E-14
  5935.00000    3.1184E-14
  5936.25000    3.0993E-14
  5937.50000    2.8860E-14
  5938.75000    3.0587E-14
  5940.00000    3.0674E-14
  5941.25000    2.9957E-14
  5942.50000    3.1550E-14
  5943.75000    3.1276E-14
  5945.00000    3.1042E-14
  5946.25000    3.0647E-14
  5947.50000    3.1720E-14
  5948.75000    3.0831E-14
  5950.00000    3.1457E-14
  5951.25000    3.0311E-14
  5952.50000    3.0350E-14
  5953.75000    2.9415E-14
  5955.00000    3.1680E-14
  5956.25000    3.0302E-14
  5957.50000    3.0838E-14
  5958.75000    2.9426E-14
  5960.00000    3.0166E-14
  5961.25000    3.0129E-14
  5962.50000    3.1106E-14
  5963.75000    3.0446E-14
  5965.00000    3.0425E-14
  5966.25000    2.9941E-14
  5967.50000    3.1043E-14
  5968.75000    3.2105E-14
  5970.00000    3.1859E-14
  5971.25000    3.0512E-14
  5972.50000    2.9718E-14
  5973.75000    3.0429E-14
  5975.00000    3.1808E-14
  5976.25000    3.1264E-14
  5977.50000    2.9735E-14
  5978.75000    3.1646E-14
  5980.00000    2.9861E-14
  5981.25000    3.0243E-14
  5982.50000    3.0569E-14
  5983.75000    3.0868E-14
  5985.00000    3.0305E-14
  5986.25000    2.9940E-14
  5987.50000    3.1309E-14
  5988.75000    3.0898E-14
  5990.00000    3.2761E-14
  5991.25000    3.2554E-14
  5992.50000    3.1682E-14
  5993.75000    2.8554E-14
  5995.00000    3.2092E-14
  5996.25000    3.0042E-14
  5997.50000    3.0915E-14
  5998.75000    3.1529E-14
  6000.00000    3.0682E-14
  6001.25000    2.9582E-14
  6002.50000    3.0766E-14
  6003.75000    3.1431E-14
  6005.00000    3.1133E-14
  6006.25000    3.0697E-14
  6007.50000    3.2068E-14
  6008.75000    2.9954E-14
  6010.00000    3.0485E-14
  6011.25000    2.9724E-14
  6012.50000    2.9480E-14
  6013.75000    3.2021E-14
  6015.00000    3.1729E-14
  6016.25000    3.0421E-14
  6017.50000    3.0032E-14
  6018.75000    3.1234E-14
  6020.00000    3.1159E-14
  6021.25000    2.9950E-14
  6022.50000    3.0857E-14
  6023.75000    3.1883E-14
  6025.00000    3.0920E-14
  6026.25000    3.2777E-14
  6027.50000    3.1408E-14
  6028.75000    2.9693E-14
  6030.00000    3.2300E-14
  6031.25000    3.2731E-14
  6032.50000    3.1014E-14
  6033.75000    3.0805E-14
  6035.00000    3.0003E-14
  6036.25000    3.1250E-14
  6037.50000    3.2402E-14
  6038.75000    3.1205E-14
  6040.00000    3.1071E-14
  6041.25000    3.0033E-14
  6042.50000    3.1712E-14
  6043.75000    3.2172E-14
  6045.00000    3.1888E-14
  6046.25000    3.0923E-14
  6047.50000    3.2225E-14
  6048.75000    3.1145E-14
  6050.00000    3.1806E-14
  6051.25000    3.0178E-14
  6052.50000    3.1114E-14
  6053.75000    3.0137E-14
  6055.00000    3.0917E-14
  6056.25000    3.1571E-14
  6057.50000    3.1342E-14
  6058.75000    3.2510E-14
  6060.00000    3.0187E-14
  6061.25000    3.0990E-14
  6062.50000    3.1217E-14
  6063.75000    3.0457E-14
  6065.00000    3.2365E-14
  6066.25000    3.2028E-14
  6067.50000    3.1836E-14
  6068.75000    3.1700E-14
  6070.00000    3.2334E-14
  6071.25000    3.1889E-14
  6072.50000    3.2842E-14
  6073.75000    3.1764E-14
  6075.00000    3.0256E-14
  6076.25000    3.0597E-14
  6077.50000    2.9708E-14
  6078.75000    3.1137E-14
  6080.00000    3.1434E-14
  6081.25000    3.0631E-14
  6082.50000    3.1688E-14
  6083.75000    3.1295E-14
  6085.00000    3.1000E-14
  6086.25000    3.1050E-14
  6087.50000    3.1313E-14
  6088.75000    2.9837E-14
  6090.00000    3.2818E-14
  6091.25000    3.0704E-14
  6092.50000    3.2779E-14
  6093.75000    3.1892E-14
  6095.00000    3.1248E-14
  6096.25000    3.0648E-14
  6097.50000    3.1252E-14
  6098.75000    3.0227E-14
  6100.00000    3.1056E-14
  6101.25000    3.0196E-14
  6102.50000    3.0442E-14
  6103.75000    3.1777E-14
  6105.00000    3.1609E-14
  6106.25000    3.1627E-14
  6107.50000    3.0449E-14
  6108.75000    3.0994E-14
  6110.00000    3.1261E-14
  6111.25000    3.1131E-14
  6112.50000    3.0449E-14
  6113.75000    3.1548E-14
  6115.00000    3.0741E-14
  6116.25000    3.0710E-14
  6117.50000    3.0443E-14
  6118.75000    3.0292E-14
  6120.00000    3.1851E-14
  6121.25000    3.0148E-14
  6122.50000    3.0023E-14
  6123.75000    2.7858E-14
  6125.00000    3.2374E-14
  6126.25000    2.9776E-14
  6127.50000    3.1315E-14
  6128.75000    3.0255E-14
  6130.00000    3.1007E-14
  6131.25000    2.9825E-14
  6132.50000    3.1478E-14
  6133.75000    2.9964E-14
  6135.00000    2.9243E-14
  6136.25000    2.9893E-14
  6137.50000    3.0999E-14
  6138.75000    3.0735E-14
  6140.00000    3.1139E-14
  6141.25000    3.1593E-14
  6142.50000    2.9134E-14
  6143.75000    3.1277E-14
  6145.00000    2.9866E-14
  6146.25000    3.0753E-14
  6147.50000    2.8742E-14
  6148.75000    3.1842E-14
  6150.00000    3.1066E-14
  6151.25000    2.9726E-14
  6152.50000    2.8424E-14
  6153.75000    2.9929E-14
  6155.00000    2.9081E-14
  6156.25000    2.7669E-14
  6157.50000    2.8308E-14
  6158.75000    2.7203E-14
  6160.00000    2.6226E-14
  6161.25000    2.8503E-14
  6162.50000    2.7201E-14
  6163.75000    2.7723E-14
  6165.00000    2.8043E-14
  6166.25000    2.9651E-14
  6167.50000    2.8917E-14
  6168.75000    2.9214E-14
  6170.00000    2.9283E-14
  6171.25000    3.0814E-14
  6172.50000    2.9897E-14
  6173.75000    2.8551E-14
  6175.00000    2.9436E-14
  6176.25000    2.9847E-14
  6177.50000    2.8871E-14
  6178.75000    3.0314E-14
  6180.00000    2.7508E-14
  6181.25000    2.9172E-14
  6182.50000    2.9070E-14
  6183.75000    2.9076E-14
  6185.00000    2.7870E-14
  6186.25000    2.7702E-14
  6187.50000    3.0011E-14
  6188.75000    2.7691E-14
  6190.00000    2.7973E-14
  6191.25000    3.0667E-14
  6192.50000    2.7472E-14
  6193.75000    2.7973E-14
  6195.00000    2.9134E-14
  6196.25000    2.8438E-14
  6197.50000    2.8768E-14
  6198.75000    2.7023E-14
  6200.00000    2.9247E-14
  6201.25000    2.9381E-14
  6202.50000    2.9134E-14
  6203.75000    2.8611E-14
  6205.00000    2.9675E-14
  6206.25000    2.8851E-14
  6207.50000    2.8620E-14
  6208.75000    2.9486E-14
  6210.00000    2.7692E-14
  6211.25000    2.8156E-14
  6212.50000    3.0159E-14
  6213.75000    2.7996E-14
  6215.00000    2.8327E-14
  6216.25000    2.9087E-14
  6217.50000    2.6941E-14
  6218.75000    2.7399E-14
  6220.00000    2.9276E-14
  6221.25000    2.9330E-14
  6222.50000    2.7665E-14
  6223.75000    2.5683E-14
  6225.00000    2.6806E-14
  6226.25000    2.7605E-14
  6227.50000    2.7247E-14
  6228.75000    2.7096E-14
  6230.00000    2.7381E-14
  6231.25000    2.8332E-14
  6232.50000    2.7467E-14
  6233.75000    2.6935E-14
  6235.00000    2.8175E-14
  6236.25000    2.7743E-14
  6237.50000    2.7640E-14
  6238.75000    2.7703E-14
  6240.00000    2.8042E-14
  6241.25000    2.8119E-14
  6242.50000    2.7699E-14
  6243.75000    2.6217E-14
  6245.00000    2.8898E-14
  6246.25000    2.8150E-14
  6247.50000    2.7944E-14
  6248.75000    2.7431E-14
  6250.00000    2.7523E-14
  6251.25000    2.7277E-14
  6252.50000    2.8534E-14
  6253.75000    2.8239E-14
  6255.00000    2.8118E-14
  6256.25000    2.7033E-14
  6257.50000    2.7323E-14
  6258.75000    2.8430E-14
  6260.00000    2.7499E-14
  6261.25000    2.6975E-14
  6262.50000    2.8309E-14
  6263.75000    2.7931E-14
  6265.00000    2.8557E-14
  6266.25000    2.7684E-14
  6267.50000    2.9232E-14
  6268.75000    2.7639E-14
  6270.00000    2.7608E-14
  6271.25000    2.7720E-14
  6272.50000    2.7341E-14
  6273.75000    2.7230E-14
  6275.00000    2.5075E-14
  6276.25000    2.6371E-14
  6277.50000    2.7388E-14
  6278.75000    2.7846E-14
  6280.00000    2.7739E-14
  6281.25000    2.8630E-14
  6282.50000    2.8041E-14
  6283.75000    2.9198E-14
  6285.00000    2.7910E-14
  6286.25000    2.8489E-14
  6287.50000    2.9312E-14
  6288.75000    2.9974E-14
  6290.00000    2.7985E-14
  6291.25000    2.8039E-14
  6292.50000    2.7722E-14
  6293.75000    2.7336E-14
  6295.00000    2.8789E-14
  6296.25000    2.8979E-14
  6297.50000    2.7447E-14
  6298.75000    2.5965E-14
  6300.00000    2.8000E-14
  6301.25000    2.8026E-14
  6302.50000    2.8639E-14
  6303.75000    2.6693E-14
  6305.00000    2.9129E-14
  6306.25000    2.8201E-14
  6307.50000    2.8799E-14
  6308.75000    2.8478E-14
  6310.00000    2.8165E-14
  6311.25000    2.8215E-14
  6312.50000    2.8141E-14
  6313.75000    2.8198E-14
  6315.00000    2.9967E-14
  6316.25000    2.9466E-14
  6317.50000    2.9376E-14
  6318.75000    3.0101E-14
  6320.00000    2.8402E-14
  6321.25000    2.8868E-14
  6322.50000    3.0451E-14
  6323.75000    2.7627E-14
  6325.00000    2.9991E-14
  6326.25000    2.9905E-14
  6327.50000    3.1001E-14
  6328.75000    3.0623E-14
  6330.00000    2.9702E-14
  6331.25000    2.9456E-14
  6332.50000    2.8506E-14
  6333.75000    2.7725E-14
  6335.00000    2.8841E-14
  6336.25000    2.9020E-14
  6337.50000    3.0089E-14
  6338.75000    2.9392E-14
  6340.00000    2.9620E-14
  6341.25000    2.9740E-14
  6342.50000    2.9057E-14
  6343.75000    2.8608E-14
  6345.00000    2.9390E-14
  6346.25000    2.8190E-14
  6347.50000    2.7654E-14
  6348.75000    2.9184E-14
  6350.00000    2.8657E-14
  6351.25000    2.9226E-14
  6352.50000    2.8797E-14
  6353.75000    2.8146E-14
  6355.00000    2.7931E-14
  6356.25000    2.8405E-14
  6357.50000    2.8490E-14
  6358.75000    2.8575E-14
  6360.00000    2.8951E-14
  6361.25000    2.7594E-14
  6362.50000    2.8372E-14
  6363.75000    2.9692E-14
  6365.00000    2.8883E-14
  6366.25000    2.8401E-14
  6367.50000    2.8280E-14
  6368.75000    2.8263E-14
  6370.00000    2.7708E-14
  6371.25000    2.9086E-14
  6372.50000    2.8776E-14
  6373.75000    2.7783E-14
  6375.00000    2.9811E-14
  6376.25000    2.9759E-14
  6377.50000    2.9541E-14
  6378.75000    2.8086E-14
  6380.00000    2.8392E-14
  6381.25000    2.8220E-14
  6382.50000    2.8213E-14
  6383.75000    2.7851E-14
  6385.00000    2.8665E-14
  6386.25000    2.9762E-14
  6387.50000    2.9535E-14
  6388.75000    2.9969E-14
  6390.00000    2.9094E-14
  6391.25000    2.8653E-14
  6392.50000    2.8167E-14
  6393.75000    2.8922E-14
  6395.00000    2.8266E-14
  6396.25000    2.9596E-14
  6397.50000    2.9331E-14
  6398.75000    2.9437E-14
  6400.00000    3.0130E-14
  6401.25000    3.0300E-14
  6402.50000    2.8854E-14
  6403.75000    3.0751E-14
  6405.00000    2.9412E-14
  6406.25000    2.9292E-14
  6407.50000    2.9727E-14
  6408.75000    2.9650E-14
  6410.00000    2.8306E-14
  6411.25000    2.9607E-14
  6412.50000    2.8348E-14
  6413.75000    2.8435E-14
  6415.00000    2.9892E-14
  6416.25000    2.9538E-14
  6417.50000    2.9327E-14
  6418.75000    2.9909E-14
  6420.00000    2.8761E-14
  6421.25000    2.9499E-14
  6422.50000    3.0335E-14
  6423.75000    2.7945E-14
  6425.00000    2.8760E-14
  6426.25000    2.9234E-14
  6427.50000    3.0452E-14
  6428.75000    3.0272E-14
  6430.00000    2.9895E-14
  6431.25000    2.8387E-14
  6432.50000    2.9273E-14
  6433.75000    2.7855E-14
  6435.00000    3.0202E-14
  6436.25000    2.8799E-14
  6437.50000    3.1071E-14
  6438.75000    2.9137E-14
  6440.00000    2.9994E-14
  6441.25000    2.9571E-14
  6442.50000    3.0015E-14
  6443.75000    2.9784E-14
  6445.00000    2.9908E-14
  6446.25000    2.9394E-14
  6447.50000    3.1718E-14
  6448.75000    2.8559E-14
  6450.00000    3.0058E-14
  6451.25000    2.8808E-14
  6452.50000    2.8588E-14
  6453.75000    2.7936E-14
  6455.00000    2.8975E-14
  6456.25000    2.9100E-14
  6457.50000    2.9304E-14
  6458.75000    2.9564E-14
  6460.00000    2.8455E-14
  6461.25000    2.9278E-14
  6462.50000    2.9960E-14
  6463.75000    3.0749E-14
  6465.00000    2.8443E-14
  6466.25000    3.0912E-14
  6467.50000    2.9199E-14
  6468.75000    2.8277E-14
  6470.00000    2.8511E-14
  6471.25000    2.9473E-14
  6472.50000    2.8923E-14
  6473.75000    3.0103E-14
  6475.00000    2.9946E-14
  6476.25000    3.0491E-14
  6477.50000    2.8377E-14
  6478.75000    3.0089E-14
  6480.00000    2.8683E-14
  6481.25000    2.9563E-14
  6482.50000    2.8883E-14
  6483.75000    2.8006E-14
  6485.00000    2.7901E-14
  6486.25000    3.0032E-14
  6487.50000    2.9457E-14
  6488.75000    2.7785E-14
  6490.00000    2.7676E-14
  6491.25000    2.7058E-14
  6492.50000    2.8706E-14
  6493.75000    2.7538E-14
  6495.00000    2.7775E-14
  6496.25000    2.7648E-14
  6497.50000    2.7456E-14
  6498.75000    2.8285E-14
  6500.00000    2.8217E-14
  6501.25000    2.8073E-14
  6502.50000    2.8439E-14
  6503.75000    2.8165E-14
  6505.00000    2.9093E-14
  6506.25000    2.8078E-14
  6507.50000    2.8825E-14
  6508.75000    2.9606E-14
  6510.00000    2.8283E-14
  6511.25000    2.9633E-14
  6512.50000    2.7773E-14
  6513.75000    2.9872E-14
  6515.00000    3.0113E-14
  6516.25000    2.9150E-14
  6517.50000    3.0287E-14
  6518.75000    2.8948E-14
  6520.00000    2.9305E-14
  6521.25000    3.0729E-14
  6522.50000    2.8150E-14
  6523.75000    2.8142E-14
  6525.00000    2.7813E-14
  6526.25000    2.9660E-14
  6527.50000    3.0187E-14
  6528.75000    2.9209E-14
  6530.00000    2.9370E-14
  6531.25000    2.8297E-14
  6532.50000    2.9363E-14
  6533.75000    2.7497E-14
  6535.00000    3.0089E-14
  6536.25000    2.8523E-14
  6537.50000    2.9544E-14
  6538.75000    2.7956E-14
  6540.00000    2.8199E-14
  6541.25000    2.7903E-14
  6542.50000    2.6030E-14
  6543.75000    2.7408E-14
  6545.00000    2.7413E-14
  6546.25000    2.7094E-14
  6547.50000    2.6735E-14
  6548.75000    2.5490E-14
  6550.00000    2.5240E-14
  6551.25000    2.4963E-14
  6552.50000    2.3679E-14
  6553.75000    2.3317E-14
  6555.00000    2.4369E-14
  6556.25000    2.0995E-14
  6557.50000    2.1502E-14
  6558.75000    2.0456E-14
  6560.00000    2.1114E-14
  6561.25000    2.0917E-14
  6562.50000    2.1766E-14
  6563.75000    2.3230E-14
  6565.00000    2.4788E-14
  6566.25000    2.5644E-14
  6567.50000    2.5668E-14
  6568.75000    2.5776E-14
  6570.00000    2.6448E-14
  6571.25000    2.7549E-14
  6572.50000    2.6456E-14
  6573.75000    2.6457E-14
  6575.00000    2.5728E-14
  6576.25000    2.7657E-14
  6577.50000    2.5906E-14
  6578.75000    2.7785E-14
  6580.00000    2.7160E-14
  6581.25000    2.9705E-14
  6582.50000    2.8011E-14
  6583.75000    2.9565E-14
  6585.00000    2.8337E-14
  6586.25000    2.8846E-14
  6587.50000    2.8251E-14
  6588.75000    2.8464E-14
  6590.00000    2.7906E-14
  6591.25000    2.7673E-14
  6592.50000    2.9247E-14
  6593.75000    2.8485E-14
  6595.00000    2.9975E-14
  6596.25000    2.8783E-14
  6597.50000    2.7507E-14
  6598.75000    2.7460E-14
  6600.00000    2.8743E-14
  6601.25000    2.7830E-14
  6602.50000    2.8550E-14
  6603.75000    2.8277E-14
  6605.00000    2.7431E-14
  6606.25000    2.7350E-14
  6607.50000    2.8150E-14
  6608.75000    2.8422E-14
  6610.00000    2.7874E-14
  6611.25000    2.8717E-14
  6612.50000    2.8804E-14
  6613.75000    2.7851E-14
  6615.00000    2.8670E-14
  6616.25000    2.7915E-14
  6617.50000    2.8850E-14
  6618.75000    2.7371E-14
  6620.00000    2.9147E-14
  6621.25000    2.7682E-14
  6622.50000    2.6850E-14
  6623.75000    2.7650E-14
  6625.00000    2.7307E-14
  6626.25000    2.7319E-14
  6627.50000    2.7302E-14
  6628.75000    2.8423E-14
  6630.00000    2.7267E-14
  6631.25000    2.8494E-14
  6632.50000    2.8583E-14
  6633.75000    2.8530E-14
  6635.00000    2.8924E-14
  6636.25000    2.7465E-14
  6637.50000    2.7812E-14
  6638.75000    2.7871E-14
  6640.00000    2.7797E-14
  6641.25000    2.7124E-14
  6642.50000    2.9237E-14
  6643.75000    2.7757E-14
  6645.00000    2.7420E-14
  6646.25000    2.9078E-14
  6647.50000    2.7735E-14
  6648.75000    2.7426E-14
  6650.00000    2.9021E-14
  6651.25000    2.5802E-14
  6652.50000    2.7225E-14
  6653.75000    2.7272E-14
  6655.00000    2.7268E-14
  6656.25000    2.7576E-14
  6657.50000    2.6932E-14
  6658.75000    2.7658E-14
  6660.00000    2.8296E-14
  6661.25000    2.6778E-14
  6662.50000    2.8025E-14
  6663.75000    2.8986E-14
  6665.00000    2.6360E-14
  6666.25000    2.7553E-14
  6667.50000    2.8142E-14
  6668.75000    2.6999E-14
  6670.00000    2.6512E-14
  6671.25000    2.7210E-14
  6672.50000    2.7385E-14
  6673.75000    2.6894E-14
  6675.00000    2.7234E-14
  6676.25000    2.7683E-14
  6677.50000    2.9406E-14
  6678.75000    2.7051E-14
  6680.00000    2.7182E-14
  6681.25000    2.7007E-14
  6682.50000    2.7221E-14
  6683.75000    2.8131E-14
  6685.00000    2.6461E-14
  6686.25000    2.7149E-14
  6687.50000    2.7962E-14
  6688.75000    2.6824E-14
  6690.00000    2.6485E-14
  6691.25000    2.6818E-14
  6692.50000    2.8204E-14
  6693.75000    2.7756E-14
  6695.00000    2.6597E-14
  6696.25000    2.7687E-14
  6697.50000    2.8829E-14
  6698.75000    2.7584E-14
  6700.00000    2.7198E-14
  6701.25000    2.8403E-14
  6702.50000    2.6921E-14
  6703.75000    2.6455E-14
  6705.00000    2.6576E-14
  6706.25000    2.6431E-14
  6707.50000    2.7570E-14
  6708.75000    2.5906E-14
  6710.00000    2.6042E-14
  6711.25000    2.6785E-14
  6712.50000    2.7333E-14
  6713.75000    2.5791E-14
  6715.00000    2.7202E-14
  6716.25000    2.6058E-14
  6717.50000    2.4919E-14
  6718.75000    2.6202E-14
  6720.00000    2.7752E-14
  6721.25000    2.6368E-14
  6722.50000    2.5315E-14
  6723.75000    2.7950E-14
  6725.00000    2.6870E-14
  6726.25000    2.6715E-14
  6727.50000    2.6445E-14
  6728.75000    2.6897E-14
  6730.00000    2.6530E-14
  6731.25000    2.6892E-14
  6732.50000    2.6319E-14
  6733.75000    2.6474E-14
  6735.00000    2.6761E-14
  6736.25000    2.7249E-14
  6737.50000    2.6789E-14
  6738.75000    2.5895E-14
  6740.00000    2.7090E-14
  6741.25000    2.6878E-14
  6742.50000    2.7017E-14
  6743.75000    2.6917E-14
  6745.00000    2.6420E-14
  6746.25000    2.7507E-14
  6747.50000    2.6230E-14
  6748.75000    2.6127E-14
  6750.00000    2.3511E-14
  6751.25000    2.6618E-14
  6752.50000    2.6446E-14
  6753.75000    2.7043E-14
  6755.00000    2.7575E-14
  6756.25000    2.6677E-14
  6757.50000    2.7333E-14
  6758.75000    2.6263E-14
  6760.00000    2.6052E-14
  6761.25000    2.6367E-14
  6762.50000    2.5360E-14
  6763.75000    2.7573E-14
  6765.00000    2.6748E-14
  6766.25000    2.5808E-14
  6767.50000    2.6626E-14
  6768.75000    2.7004E-14
  6770.00000    2.5817E-14
  6771.25000    2.8126E-14
  6772.50000    2.6969E-14
  6773.75000    2.7908E-14
  6775.00000    2.8410E-14
  6776.25000    2.7908E-14
  6777.50000    2.8051E-14
  6778.75000    2.8337E-14
  6780.00000    2.5605E-14
  6781.25000    2.7161E-14
  6782.50000    2.5537E-14
  6783.75000    2.5583E-14
  6785.00000    2.4967E-14
  6786.25000    2.7996E-14
  6787.50000    2.6484E-14
  6788.75000    2.6324E-14
  6790.00000    2.5317E-14
  6791.25000    2.5218E-14
  6792.50000    2.4883E-14
  6793.75000    2.6121E-14
  6795.00000    2.7531E-14
  6796.25000    2.7257E-14
  6797.50000    2.5605E-14
  6798.75000    2.6018E-14
  6800.00000    2.8116E-14
  6801.25000    2.6670E-14
  6802.50000    2.8158E-14
  6803.75000    2.5660E-14
  6805.00000    2.5922E-14
  6806.25000    2.7148E-14
  6807.50000    2.5790E-14
  6808.75000    2.5411E-14
  6810.00000    2.7074E-14
  6811.25000    2.7981E-14
  6812.50000    2.5702E-14
  6813.75000    2.5605E-14
  6815.00000    2.6220E-14
  6816.25000    2.8592E-14
  6817.50000    2.7545E-14
  6818.75000    2.6129E-14
  6820.00000    2.6475E-14
  6821.25000    2.6406E-14
  6822.50000    2.8111E-14
  6823.75000    2.7140E-14
  6825.00000    2.7403E-14
  6826.25000    2.6488E-14
  6827.50000    2.7951E-14
  6828.75000    2.5626E-14
  6830.00000    2.6404E-14
  6831.25000    2.5759E-14
  6832.50000    2.7154E-14
  6833.75000    2.7734E-14
  6835.00000    2.6136E-14
  6836.25000    2.6359E-14
  6837.50000    2.6451E-14
  6838.75000    2.5699E-14
  6840.00000    2.6253E-14
  6841.25000    2.5869E-14
  6842.50000    2.6685E-14
  6843.75000    2.8168E-14
  6845.00000    2.5845E-14
  6846.25000    2.6800E-14
  6847.50000    2.6326E-14
  6848.75000    2.6053E-14
  6850.00000    2.6399E-14
  6851.25000    2.5736E-14
  6852.50000    2.7365E-14
  6853.75000    2.7480E-14
  6855.00000    2.6890E-14
  6856.25000    2.5513E-14
  6857.50000    2.7461E-14
  6858.75000    2.9169E-14
  6860.00000    2.5653E-14
  6861.25000    2.6862E-14
  6862.50000    2.6505E-14
  6863.75000    2.6579E-14
  6865.00000    2.7918E-14
  6866.25000    2.5600E-14
  6867.50000    2.7852E-14
  6868.75000    2.6419E-14
  6870.00000    2.4548E-14
  6871.25000    2.6965E-14
  6872.50000    2.5403E-14
  6873.75000    2.6417E-14
  6875.00000    2.6731E-14
  6876.25000    2.7997E-14
  6877.50000    2.8410E-14
  6878.75000    2.5996E-14
  6880.00000    2.6723E-14
  6881.25000    2.7341E-14
  6882.50000    2.7483E-14
  6883.75000    2.6807E-14
  6885.00000    2.6484E-14
  6886.25000    2.7002E-14
  6887.50000    2.8080E-14
  6888.75000    2.6314E-14
  6890.00000    2.7330E-14
  6891.25000    2.6356E-14
  6892.50000    2.6994E-14
  6893.75000    2.7041E-14
  6895.00000    2.6854E-14
  6896.25000    2.5074E-14
  6897.50000    2.6050E-14
  6898.75000    2.8101E-14
  6900.00000    2.7362E-14
  6901.25000    2.6174E-14
  6902.50000    2.7269E-14
  6903.75000    2.7812E-14
  6905.00000    2.8364E-14
  6906.25000    2.7525E-14
  6907.50000    2.7451E-14
  6908.75000    2.6523E-14
  6910.00000    2.5562E-14
  6911.25000    2.6937E-14
  6912.50000    2.8200E-14
  6913.75000    2.6207E-14
  6915.00000    2.8100E-14
  6916.25000    2.6051E-14
  6917.50000    2.5186E-14
  6918.75000    2.5237E-14
  6920.00000    2.6817E-14
  6921.25000    2.7107E-14
  6922.50000    2.8517E-14
  6923.75000    2.6531E-14
  6925.00000    2.6704E-14
  6926.25000    2.8688E-14
  6927.50000    2.6107E-14
  6928.75000    2.8869E-14
  6930.00000    2.6949E-14
  6931.25000    2.8277E-14
  6932.50000    2.8824E-14
  6933.75000    2.6622E-14
  6935.00000    2.9093E-14
  6936.25000    2.7067E-14
  6937.50000    2.5206E-14
  6938.75000    2.8201E-14
  6940.00000    2.7015E-14
  6941.25000    2.7712E-14
  6942.50000    2.7574E-14
  6943.75000    2.9266E-14
  6945.00000    2.6851E-14
  6946.25000    2.8117E-14
  6947.50000    2.7219E-14
  6948.75000    2.7883E-14
  6950.00000    2.8517E-14
  6951.25000    2.7352E-14
  6952.50000    2.8866E-14
  6953.75000    2.6920E-14
  6955.00000    2.6480E-14
  6956.25000    2.5821E-14
  6957.50000    2.7475E-14
  6958.75000    2.7429E-14
  6960.00000    2.7889E-14
  6961.25000    2.7429E-14
  6962.50000    2.6845E-14
  6963.75000    2.7787E-14
  6965.00000    2.7784E-14
  6966.25000    2.6117E-14
  6967.50000    2.7654E-14
  6968.75000    2.7345E-14
  6970.00000    2.6881E-14
  6971.25000    2.8048E-14
  6972.50000    2.8225E-14
  6973.75000    2.7355E-14
  6975.00000    2.8310E-14
  6976.25000    2.6044E-14
  6977.50000    2.7242E-14
  6978.75000    2.6289E-14
  6980.00000    2.8131E-14
  6981.25000    2.8036E-14
  6982.50000    2.9078E-14
  6983.75000    2.8041E-14
  6985.00000    2.8343E-14
  6986.25000    2.6973E-14
  6987.50000    2.9416E-14
  6988.75000    2.9304E-14
  6990.00000    2.8653E-14
  6991.25000    2.8748E-14
  6992.50000    2.8174E-14
  6993.75000    2.7882E-14
  6995.00000    2.7579E-14
  6996.25000    2.6569E-14
  6997.50000    2.7803E-14
  6998.75000    2.8321E-14
  7000.00000    2.7632E-14
  7001.25000    2.7038E-14
  7002.50000    2.8352E-14
  7003.75000    2.8515E-14
  7005.00000    2.8004E-14
  7006.25000    2.7905E-14
  7007.50000    2.7606E-14
  7008.75000    2.6643E-14
  7010.00000    2.7952E-14
  7011.25000    2.7572E-14
  7012.50000    2.8500E-14
  7013.75000    2.8221E-14
  7015.00000    2.9014E-14
  7016.25000    2.8149E-14
  7017.50000    2.6163E-14
  7018.75000    2.7944E-14
  7020.00000    2.6679E-14
  7021.25000    2.6548E-14
  7022.50000    2.7614E-14
  7023.75000    2.8900E-14
  7025.00000    2.7005E-14
  7026.25000    2.9316E-14
  7027.50000    2.8362E-14
  7028.75000    2.8210E-14
  7030.00000    2.8402E-14
  7031.25000    2.7891E-14
  7032.50000    2.7785E-14
  7033.75000    2.7817E-14
  7035.00000    2.9092E-14
  7036.25000    2.9219E-14
  7037.50000    2.8231E-14
  7038.75000    2.9359E-14
  7040.00000    2.7420E-14
  7041.25000    2.8051E-14
  7042.50000    3.0267E-14
  7043.75000    2.8904E-14
  7045.00000    2.8038E-14
  7046.25000    2.9379E-14
  7047.50000    2.9114E-14
  7048.75000    2.8663E-14
  7050.00000    2.7607E-14
  7051.25000    2.6174E-14
  7052.50000    2.5447E-14
  7053.75000    2.7727E-14
  7055.00000    2.6435E-14
  7056.25000    2.5030E-14
  7057.50000    2.4189E-14
  7058.75000    2.8322E-14
  7060.00000    2.5334E-14
  7061.25000    2.7923E-14
  7062.50000    2.5851E-14
  7063.75000    2.6160E-14
  7065.00000    2.5888E-14
  7066.25000    2.7928E-14
  7067.50000    2.4808E-14
  7068.75000    2.8219E-14
  7070.00000    2.6638E-14
  7071.25000    2.7640E-14
  7072.50000    2.7444E-14
  7073.75000    2.7119E-14
  7075.00000    2.6662E-14
  7076.25000    2.6571E-14
  7077.50000    2.6067E-14
  7078.75000    2.5568E-14
  7080.00000    2.6208E-14
  7081.25000    2.5493E-14
  7082.50000    2.5716E-14
  7083.75000    2.4857E-14
  7085.00000    2.6560E-14
  7086.25000    2.4961E-14
  7087.50000    2.5356E-14
  7088.75000    2.4726E-14
  7090.00000    2.5237E-14
  7091.25000    2.5581E-14
  7092.50000    2.6207E-14
  7093.75000    2.6306E-14
  7095.00000    2.4539E-14
  7096.25000    2.4894E-14
  7097.50000    2.4205E-14
  7098.75000    2.5580E-14
  7100.00000    2.3863E-14
  7101.25000    2.5057E-14
  7102.50000    2.5569E-14
  7103.75000    2.5113E-14
  7105.00000    2.6512E-14
  7106.25000    2.5767E-14
  7107.50000    2.4955E-14
  7108.75000    2.6215E-14
  7110.00000    2.5418E-14
  7111.25000    2.5705E-14
  7112.50000    2.5110E-14
  7113.75000    2.5309E-14
  7115.00000    2.6667E-14
  7116.25000    2.5036E-14
  7117.50000    2.6261E-14
  7118.75000    2.5231E-14
  7120.00000    2.4606E-14
  7121.25000    2.6267E-14
  7122.50000    2.4551E-14
  7123.75000    2.3320E-14
  7125.00000    2.4994E-14
  7126.25000    2.3830E-14
  7127.50000    2.4269E-14
  7128.75000    2.3156E-14
  7130.00000    2.3228E-14
  7131.25000    2.4275E-14
  7132.50000    2.3588E-14
  7133.75000    2.4040E-14
  7135.00000    2.5152E-14
  7136.25000    2.4986E-14
  7137.50000    2.4793E-14
  7138.75000    2.4766E-14
  7140.00000    2.4467E-14
  7141.25000    2.5169E-14
  7142.50000    2.5629E-14
  7143.75000    2.4450E-14
  7145.00000    2.4174E-14
  7146.25000    2.3914E-14
  7147.50000    2.4710E-14
  7148.75000    2.5797E-14
  7150.00000    2.4897E-14
  7151.25000    2.4721E-14
  7152.50000    2.5547E-14
  7153.75000    2.5886E-14
  7155.00000    2.6134E-14
  7156.25000    2.5356E-14
  7157.50000    2.4216E-14
  7158.75000    2.5224E-14
  7160.00000    2.4422E-14
  7161.25000    2.5052E-14
  7162.50000    2.4862E-14
  7163.75000    2.4674E-14
  7165.00000    2.5908E-14
  7166.25000    2.4394E-14
  7167.50000    2.5055E-14
  7168.75000    2.4558E-14
  7170.00000    2.4704E-14
  7171.25000    2.4786E-14
  7172.50000    2.4547E-14
  7173.75000    2.3956E-14
  7175.00000    2.5502E-14
  7176.25000    2.5324E-14
  7177.50000    2.4707E-14
  7178.75000    2.4656E-14
  7180.00000    2.4862E-14
  7181.25000    2.4067E-14
  7182.50000    2.3614E-14
  7183.75000    2.4494E-14
  7185.00000    2.5644E-14
  7186.25000    2.5314E-14
  7187.50000    2.6287E-14
  7188.75000    2.5581E-14
  7190.00000    2.5704E-14
  7191.25000    2.4476E-14
  7192.50000    2.5095E-14
  7193.75000    2.5403E-14
  7195.00000    2.4148E-14
  7196.25000    2.4998E-14
  7197.50000    2.6245E-14
  7198.75000    2.5430E-14
  7200.00000    2.5779E-14
  7201.25000    2.6078E-14
  7202.50000    2.4156E-14
  7203.75000    2.4402E-14
  7205.00000    2.5309E-14
  7206.25000    2.4410E-14
  7207.50000    2.4268E-14
  7208.75000    2.6513E-14
  7210.00000    2.6987E-14
  7211.25000    2.6033E-14
  7212.50000    2.5896E-14
  7213.75000    2.6902E-14
  7215.00000    2.6713E-14
  7216.25000    2.5195E-14
  7217.50000    2.6474E-14
  7218.75000    2.5153E-14
  7220.00000    2.6781E-14
  7221.25000    2.5658E-14
  7222.50000    2.7935E-14
  7223.75000    2.6475E-14
  7225.00000    2.6645E-14
  7226.25000    2.5632E-14
  7227.50000    2.5572E-14
  7228.75000    2.6797E-14
  7230.00000    2.5526E-14
  7231.25000    2.5799E-14
  7232.50000    2.4799E-14
  7233.75000    2.6266E-14
  7235.00000    2.6803E-14
  7236.25000    2.5624E-14
  7237.50000    2.5791E-14
  7238.75000    2.6540E-14
  7240.00000    2.7282E-14
  7241.25000    2.6159E-14
  7242.50000    2.4971E-14
  7243.75000    2.6023E-14
  7245.00000    2.5229E-14
  7246.25000    2.5358E-14
  7247.50000    2.5482E-14
  7248.75000    2.6436E-14
  7250.00000    2.6407E-14
  7251.25000    2.6365E-14
  7252.50000    2.7010E-14
  7253.75000    2.7163E-14
  7255.00000    2.5769E-14
  7256.25000    2.7886E-14
  7257.50000    2.6803E-14
  7258.75000    2.6584E-14
  7260.00000    2.6538E-14
  7261.25000    2.6334E-14
  7262.50000    2.5528E-14
  7263.75000    2.7145E-14
  7265.00000    2.6184E-14
  7266.25000    2.5289E-14
  7267.50000    2.7576E-14
  7268.75000    2.6484E-14
  7270.00000    2.6297E-14
  7271.25000    2.5496E-14
  7272.50000    2.4915E-14
  7273.75000    2.6430E-14
  7275.00000    2.7227E-14
  7276.25000    2.6596E-14
  7277.50000    2.5782E-14
  7278.75000    2.7727E-14
  7280.00000    2.6786E-14
  7281.25000    2.6836E-14
  7282.50000    2.6784E-14
  7283.75000    2.6209E-14
  7285.00000    2.6710E-14
  7286.25000    2.6309E-14
  7287.50000    2.6393E-14
  7288.75000    2.7038E-14
  7290.00000    2.5758E-14
  7291.25000    2.7068E-14
  7292.50000    2.9872E-14
  7293.75000    2.7719E-14
  7295.00000    2.8122E-14
  7296.25000    2.8220E-14
  7297.50000    2.7064E-14
  7298.75000    2.6216E-14
  7300.00000    2.7702E-14
  7301.25000    2.7879E-14
  7302.50000    2.9178E-14
  7303.75000    2.9322E-14
  7305.00000    2.6142E-14
  7306.25000    2.7502E-14
  7307.50000    2.7966E-14
  7308.75000    2.7995E-14
  7310.00000    2.9564E-14
  7311.25000    2.7042E-14
  7312.50000    2.8635E-14
  7313.75000    2.8975E-14
  7315.00000    2.8092E-14
  7316.25000    2.7891E-14
  7317.50000    2.8015E-14
  7318.75000    2.7062E-14
  7320.00000    2.7666E-14
  7321.25000    2.7424E-14
  7322.50000    2.8161E-14
  7323.75000    2.9456E-14
  7325.00000    2.8424E-14
  7326.25000    2.7838E-14
  7327.50000    2.8031E-14
  7328.75000    2.8339E-14
  7330.00000    2.9643E-14
  7331.25000    2.8932E-14
  7332.50000    2.7362E-14
  7333.75000    2.9041E-14
  7335.00000    2.7785E-14
  7336.25000    2.6083E-14
  7337.50000    2.8941E-14
  7338.75000    2.8372E-14
  7340.00000    2.7948E-14
  7341.25000    2.6756E-14
  7342.50000    2.7215E-14
  7343.75000    2.8722E-14
  7345.00000    2.9616E-14
  7346.25000    2.8208E-14
  7347.50000    2.8285E-14
  7348.75000    2.7673E-14
  7350.00000    2.7819E-14
  7351.25000    2.8126E-14
  7352.50000    2.8603E-14
  7353.75000    2.9051E-14
  7355.00000    2.8194E-14
  7356.25000    2.9126E-14
  7357.50000    2.8528E-14
  7358.75000    2.6743E-14
  7360.00000    2.7324E-14
  7361.25000    2.7671E-14
  7362.50000    2.9619E-14
  7363.75000    2.8059E-14
  7365.00000    2.8610E-14
  7366.25000    2.7975E-14
  7367.50000    2.9587E-14
  7368.75000    2.8408E-14
  7370.00000    2.9276E-14
  7371.25000    2.7854E-14
  7372.50000    2.7338E-14
  7373.75000    2.7017E-14
  7375.00000    2.8330E-14
  7376.25000    2.8360E-14
  7377.50000    2.9483E-14
  7378.75000    3.0221E-14
  7380.00000    2.8966E-14
  7381.25000    2.7884E-14
  7382.50000    3.0058E-14
  7383.75000    2.9084E-14
  7385.00000    2.8562E-14
  7386.25000    2.7547E-14
  7387.50000    2.8557E-14
  7388.75000    2.9293E-14
  7390.00000    2.8704E-14
  7391.25000    2.9089E-14
  7392.50000    2.8213E-14
  7393.75000    2.7276E-14
  7395.00000    2.8942E-14
  7396.25000    2.8120E-14
  7397.50000    2.9859E-14
  7398.75000    2.9099E-14
  7400.00000    2.9384E-14
  7401.25000    2.9618E-14
  7402.50000    3.0048E-14
  7403.75000    2.9186E-14
  7405.00000    2.8287E-14
  7406.25000    2.8615E-14
  7407.50000    2.7928E-14
  7408.75000    2.6733E-14
  7410.00000    2.8605E-14
  7411.25000    2.8907E-14
  7412.50000    2.7407E-14
  7413.75000    3.0620E-14
  7415.00000    2.7406E-14
  7416.25000    2.9784E-14
  7417.50000    2.8193E-14
  7418.75000    2.8428E-14
  7420.00000    2.9400E-14
  7421.25000    3.0023E-14
  7422.50000    2.9422E-14
  7423.75000    2.7738E-14
  7425.00000    2.8181E-14
  7426.25000    2.8703E-14
  7427.50000    2.9184E-14
  7428.75000    3.0028E-14
  7430.00000    2.7857E-14
  7431.25000    2.8738E-14
  7432.50000    2.9302E-14
  7433.75000    2.7647E-14
  7435.00000    2.9015E-14
  7436.25000    2.7721E-14
  7437.50000    2.8843E-14
  7438.75000    2.8810E-14
  7440.00000    2.8064E-14
  7441.25000    2.8339E-14
  7442.50000    2.9653E-14
  7443.75000    2.8863E-14
  7445.00000    2.8666E-14
  7446.25000    2.8730E-14
  7447.50000    3.0109E-14
  7448.75000    2.9914E-14
  7450.00000    2.8857E-14
  7451.25000    2.8577E-14
  7452.50000    2.9634E-14
  7453.75000    2.7249E-14
  7455.00000    3.0181E-14
  7456.25000    2.9427E-14
  7457.50000    2.8374E-14
  7458.75000    2.9360E-14
  7460.00000    2.6623E-14
  7461.25000    2.8653E-14
  7462.50000    3.0163E-14
  7463.75000    2.9024E-14
  7465.00000    2.8461E-14
  7466.25000    2.8269E-14
  7467.50000    2.8984E-14
  7468.75000    2.9898E-14
  7470.00000    2.9315E-14
  7471.25000    2.7895E-14
  7472.50000    2.8933E-14
  7473.75000    3.0738E-14
  7475.00000    3.0177E-14
  7476.25000    2.8855E-14
  7477.50000    2.9824E-14
  7478.75000    2.7749E-14
  7480.00000    2.9396E-14
  7481.25000    3.0393E-14
  7482.50000    2.7739E-14
  7483.75000    2.8757E-14
  7485.00000    3.0447E-14
  7486.25000    2.8574E-14
  7487.50000    2.8250E-14
  7488.75000    2.8799E-14
  7490.00000    2.7366E-14
  7491.25000    2.7385E-14
  7492.50000    3.0321E-14
  7493.75000    2.7291E-14
  7495.00000    2.8413E-14
  7496.25000    2.8283E-14
  7497.50000    2.9219E-14
  7498.75000    2.9040E-14
  7500.00000    2.8115E-14
