  1400.00    2.6385E-14
  1403.00    2.5524E-14
  1406.00    2.4608E-14
  1409.00    2.7767E-14
  1412.00    3.2942E-14
  1415.00    3.2025E-14
  1418.00    3.2125E-14
  1421.00    3.3850E-14
  1424.00    3.3768E-14
  1427.00    3.4167E-14
  1430.00    3.5272E-14
  1433.00    3.6995E-14
  1436.00    3.4911E-14
  1439.00    3.6388E-14
  1442.00    3.7230E-14
  1445.00    3.7411E-14
  1448.00    3.7624E-14
  1451.00    3.5735E-14
  1454.00    3.7467E-14
  1457.00    3.5351E-14
  1460.00    3.5882E-14
  1463.00    3.2873E-14
  1466.00    3.2793E-14
  1469.00    3.2612E-14
  1472.00    3.5271E-14
  1475.00    3.3909E-14
  1478.00    3.3806E-14
  1481.00    3.3974E-14
  1484.00    3.4503E-14
  1487.00    3.3642E-14
  1490.00    3.5862E-14
  1493.00    3.5508E-14
  1496.00    3.5075E-14
  1499.00    3.5845E-14
  1502.00    3.4065E-14
  1505.00    3.4015E-14
  1508.00    3.2552E-14
  1511.00    2.9898E-14
  1514.00    2.9788E-14
  1517.00    3.1791E-14
  1520.00    3.0744E-14
  1523.00    3.0257E-14
  1526.00    3.1593E-14
  1529.00    3.1090E-14
  1532.00    2.6619E-14
  1535.00    2.6502E-14
  1538.00    2.5321E-14
  1541.00    2.6777E-14
  1544.00    2.6264E-14
  1547.00    2.5233E-14
  1550.00    2.4062E-14
  1553.00    2.4518E-14
  1556.00    2.6120E-14
  1559.00    2.3786E-14
  1562.00    2.6790E-14
  1565.00    2.8504E-14
  1568.00    2.7631E-14
  1571.00    2.9820E-14
  1574.00    2.9664E-14
  1577.00    3.0432E-14
  1580.00    3.1560E-14
  1583.00    3.1006E-14
  1586.00    3.1110E-14
  1589.00    3.2624E-14
  1592.00    3.2612E-14
  1595.00    3.1385E-14
  1598.00    3.1695E-14
  1601.00    3.1858E-14
  1604.00    3.1486E-14
  1607.00    3.2102E-14
  1610.00    3.1643E-14
  1613.00    3.2219E-14
  1616.00    3.3439E-14
  1619.00    3.2390E-14
  1622.00    3.1735E-14
  1625.00    3.0019E-14
  1628.00    3.1006E-14
  1631.00    3.4346E-14
  1634.00    3.2874E-14
  1637.00    3.4824E-14
  1640.00    3.5030E-14
  1643.00    3.5593E-14
  1646.00    3.5088E-14
  1649.00    3.5122E-14
  1652.00    3.3112E-14
  1655.00    3.3385E-14
  1658.00    3.3653E-14
  1661.00    3.3978E-14
  1664.00    3.4322E-14
  1667.00    3.5072E-14
  1670.00    3.2487E-14
  1673.00    3.4018E-14
  1676.00    3.5564E-14
  1679.00    3.8755E-14
  1682.00    3.7853E-14
  1685.00    3.7941E-14
  1688.00    3.6788E-14
  1691.00    3.6318E-14
  1694.00    3.5583E-14
  1697.00    3.6861E-14
  1700.00    3.4879E-14
  1703.00    3.3673E-14
  1706.00    3.3936E-14
  1709.00    3.4330E-14
  1712.00    3.2537E-14
  1715.00    3.2421E-14
  1718.00    3.2716E-14
  1721.00    3.2283E-14
  1724.00    3.1350E-14
  1727.00    3.0388E-14
  1730.00    3.3325E-14
  1733.00    3.4910E-14
  1736.00    3.5463E-14
  1739.00    3.3885E-14
  1742.00    3.4900E-14
  1745.00    3.3602E-14
  1748.00    3.5639E-14
  1751.00    3.5140E-14
  1754.00    3.7079E-14
  1757.00    3.5601E-14
  1760.00    3.5924E-14
  1763.00    3.4752E-14
  1766.00    3.4117E-14
  1769.00    3.5136E-14
  1772.00    3.1765E-14
  1775.00    3.4687E-14
  1778.00    3.3742E-14
  1781.00    3.5157E-14
  1784.00    3.5397E-14
  1787.00    3.5473E-14
  1790.00    3.6083E-14
  1793.00    3.7010E-14
  1796.00    3.8217E-14
  1799.00    3.7914E-14
  1802.00    3.8208E-14
  1805.00    3.7045E-14
  1808.00    3.9385E-14
  1811.00    3.7154E-14
  1814.00    3.4748E-14
  1817.00    3.3888E-14
  1820.00    3.4935E-14
  1823.00    3.3979E-14
  1826.00    3.6227E-14
  1829.00    3.4537E-14
  1832.00    3.3545E-14
  1835.00    3.3690E-14
  1838.00    3.4492E-14
  1841.00    3.2719E-14
  1844.00    3.1812E-14
  1847.00    3.2201E-14
  1850.00    3.2613E-14
  1853.00    2.8858E-14
  1856.00    3.0558E-14
  1859.00    3.0682E-14
  1862.00    3.1867E-14
  1865.00    3.3572E-14
  1868.00    3.1956E-14
  1871.00    3.4716E-14
  1874.00    3.5512E-14
  1877.00    3.5924E-14
  1880.00    3.5138E-14
  1883.00    3.2874E-14
  1886.00    3.2828E-14
  1889.00    3.0971E-14
  1892.00    3.1803E-14
  1895.00    2.9804E-14
  1898.00    3.3117E-14
  1901.00    3.3343E-14
  1904.00    3.4967E-14
  1907.00    3.4777E-14
  1910.00    3.3327E-14
  1913.00    3.0050E-14
  1916.00    3.2060E-14
  1919.00    3.0890E-14
  1922.00    3.1351E-14
  1925.00    3.0814E-14
  1928.00    3.1694E-14
  1931.00    3.2129E-14
  1934.00    3.4121E-14
  1937.00    3.4492E-14
  1940.00    3.3276E-14
  1943.00    3.3624E-14
  1946.00    3.5307E-14
  1949.00    3.4714E-14
  1952.00    3.2447E-14
  1955.00    2.9635E-14
  1958.00    3.1468E-14
  1961.00    3.3336E-14
  1964.00    3.5501E-14
  1967.00    3.5346E-14
  1970.00    3.4378E-14
  1973.00    3.7170E-14
  1976.00    3.7349E-14
  1979.00    3.5798E-14
  1982.00    3.4450E-14
  1985.00    3.4164E-14
  1988.00    3.4880E-14
  1991.00    3.3006E-14
  1994.00    3.3496E-14
  1997.00    3.5354E-14
  2000.00    3.4080E-14
  2003.00    3.5063E-14
  2006.00    3.6244E-14
  2009.00    3.5497E-14
  2012.00    3.5031E-14
  2015.00    3.4914E-14
  2018.00    3.4471E-14
  2021.00    3.6600E-14
  2024.00    3.6712E-14
  2027.00    3.7087E-14
  2030.00    3.6570E-14
  2033.00    3.4379E-14
  2036.00    3.3454E-14
  2039.00    3.5496E-14
  2042.00    3.5256E-14
  2045.00    3.5375E-14
  2048.00    3.6185E-14
  2051.00    3.3606E-14
  2054.00    3.1415E-14
  2057.00    3.0927E-14
  2060.00    3.2075E-14
  2063.00    3.2798E-14
  2066.00    3.2277E-14
  2069.00    3.5410E-14
  2072.00    3.8074E-14
  2075.00    3.7607E-14
  2078.00    3.5219E-14
  2081.00    3.3664E-14
  2084.00    3.4245E-14
  2087.00    3.6040E-14
  2090.00    3.5560E-14
  2093.00    3.2868E-14
  2096.00    3.4857E-14
  2099.00    3.4306E-14
  2102.00    3.6064E-14
  2105.00    3.5153E-14
  2108.00    3.4557E-14
  2111.00    3.5750E-14
  2114.00    3.5274E-14
  2117.00    3.5336E-14
  2120.00    3.7203E-14
  2123.00    3.6113E-14
  2126.00    3.6043E-14
  2129.00    3.4676E-14
  2132.00    3.4532E-14
  2135.00    3.3977E-14
  2138.00    3.3397E-14
  2141.00    3.3436E-14
  2144.00    3.4390E-14
  2147.00    3.3429E-14
  2150.00    3.4930E-14
  2153.00    3.5648E-14
  2156.00    3.5989E-14
  2159.00    3.5805E-14
  2162.00    3.4910E-14
  2165.00    3.5979E-14
  2168.00    3.4860E-14
  2171.00    3.4135E-14
  2174.00    3.4588E-14
  2177.00    3.3553E-14
  2180.00    3.4561E-14
  2183.00    3.2046E-14
  2186.00    3.4392E-14
  2189.00    3.3934E-14
  2192.00    3.5331E-14
  2195.00    3.7701E-14
  2198.00    3.5923E-14
  2201.00    3.4565E-14
  2204.00    3.5859E-14
  2207.00    3.4867E-14
  2210.00    3.5201E-14
  2213.00    3.4322E-14
  2216.00    3.3077E-14
  2219.00    3.3885E-14
  2222.00    3.3495E-14
  2225.00    3.3030E-14
  2228.00    3.3446E-14
  2231.00    3.2311E-14
  2234.00    3.4861E-14
  2237.00    3.3967E-14
  2240.00    3.4614E-14
  2243.00    3.3659E-14
  2246.00    3.4547E-14
  2249.00    3.2687E-14
  2252.00    3.0453E-14
  2255.00    3.1936E-14
  2258.00    3.1801E-14
  2261.00    3.2692E-14
  2264.00    3.2689E-14
  2267.00    3.2986E-14
  2270.00    3.3922E-14
  2273.00    3.2367E-14
  2276.00    3.3607E-14
  2279.00    3.4939E-14
  2282.00    3.3685E-14
  2285.00    3.3406E-14
  2288.00    3.5220E-14
  2291.00    3.2683E-14
  2294.00    3.1661E-14
  2297.00    3.2590E-14
  2300.00    3.2152E-14
  2303.00    3.2312E-14
  2306.00    3.2746E-14
  2309.00    3.3176E-14
  2312.00    3.0070E-14
  2315.00    3.1389E-14
  2318.00    3.0631E-14
  2321.00    2.6221E-14
  2324.00    2.4165E-14
  2327.00    2.4945E-14
  2330.00    2.6883E-14
  2333.00    2.8827E-14
  2336.00    2.9251E-14
  2339.00    2.9212E-14
  2342.00    2.9936E-14
  2345.00    2.8453E-14
  2348.00    2.8881E-14
  2351.00    3.0727E-14
  2354.00    3.1572E-14
  2357.00    3.1426E-14
  2360.00    3.2279E-14
  2363.00    2.8439E-14
  2366.00    2.9415E-14
  2369.00    3.0570E-14
  2372.00    2.9989E-14
  2375.00    2.9531E-14
  2378.00    3.0327E-14
  2381.00    2.9089E-14
  2384.00    2.6636E-14
  2387.00    2.8774E-14
  2390.00    2.9257E-14
  2393.00    2.7786E-14
  2396.00    3.0417E-14
  2399.00    3.0417E-14
  2402.00    2.8822E-14
  2405.00    2.8696E-14
  2408.00    2.9159E-14
  2411.00    2.8539E-14
  2414.00    2.7988E-14
  2417.00    3.0070E-14
  2420.00    2.8331E-14
  2423.00    3.0053E-14
  2426.00    3.0293E-14
  2429.00    3.0157E-14
  2432.00    3.0457E-14
  2435.00    2.9700E-14
  2438.00    2.8700E-14
  2441.00    3.0391E-14
  2444.00    2.9711E-14
  2447.00    3.3109E-14
  2450.00    3.1347E-14
  2453.00    3.0073E-14
  2456.00    3.0060E-14
  2459.00    3.1013E-14
  2462.00    2.8833E-14
  2465.00    3.0006E-14
  2468.00    3.0256E-14
  2471.00    3.0124E-14
  2474.00    2.9421E-14
  2477.00    2.8883E-14
  2480.00    3.0273E-14
  2483.00    3.1056E-14
  2486.00    3.0003E-14
  2489.00    2.9657E-14
  2492.00    2.6901E-14
  2495.00    2.5659E-14
  2498.00    2.7373E-14
  2501.00    2.8618E-14
  2504.00    3.1366E-14
  2507.00    2.9040E-14
  2510.00    2.9080E-14
  2513.00    2.8690E-14
  2516.00    2.8960E-14
  2519.00    3.0182E-14
  2522.00    2.9885E-14
  2525.00    3.0212E-14
  2528.00    2.7851E-14
  2531.00    2.9726E-14
  2534.00    2.9943E-14
  2537.00    3.0601E-14
  2540.00    2.9879E-14
  2543.00    2.8112E-14
  2546.00    2.8496E-14
  2549.00    2.8190E-14
  2552.00    2.7712E-14
  2555.00    2.9219E-14
  2558.00    3.0192E-14
  2561.00    3.1052E-14
  2564.00    2.8958E-14
  2567.00    2.8627E-14
  2570.00    3.0098E-14
  2573.00    3.0664E-14
  2576.00    3.0906E-14
  2579.00    3.0790E-14
  2582.00    2.9589E-14
  2585.00    2.9423E-14
  2588.00    2.9192E-14
  2591.00    3.0773E-14
  2594.00    2.9319E-14
  2597.00    3.0279E-14
  2600.00    3.1535E-14
  2603.00    2.9940E-14
  2606.00    2.8973E-14
  2609.00    2.7799E-14
  2612.00    2.9118E-14
  2615.00    3.0575E-14
  2618.00    2.8832E-14
  2621.00    3.0354E-14
  2624.00    2.9411E-14
  2627.00    2.9585E-14
  2630.00    3.0333E-14
  2633.00    2.9359E-14
  2636.00    3.0551E-14
  2639.00    3.1244E-14
  2642.00    3.2670E-14
  2645.00    3.1481E-14
  2648.00    3.1052E-14
  2651.00    3.1764E-14
  2654.00    3.2617E-14
  2657.00    3.2866E-14
  2660.00    3.1324E-14
  2663.00    2.9817E-14
  2666.00    2.9704E-14
  2669.00    3.1602E-14
  2672.00    3.0265E-14
  2675.00    3.0528E-14
  2678.00    3.0684E-14
  2681.00    3.0392E-14
  2684.00    3.1265E-14
  2687.00    3.1202E-14
  2690.00    3.1599E-14
  2693.00    2.9681E-14
  2696.00    2.9928E-14
  2699.00    2.9974E-14
  2702.00    3.0115E-14
  2705.00    2.9219E-14
  2708.00    3.0386E-14
  2711.00    2.9127E-14
  2714.00    3.0943E-14
  2717.00    2.9313E-14
  2720.00    3.0042E-14
  2723.00    3.0222E-14
  2726.00    2.9373E-14
  2729.00    2.8971E-14
  2732.00    3.1071E-14
  2735.00    3.1455E-14
  2738.00    2.9221E-14
  2741.00    2.9421E-14
  2744.00    2.7856E-14
  2747.00    2.7585E-14
  2750.00    2.7451E-14
  2753.00    2.7376E-14
  2756.00    2.7676E-14
  2759.00    2.8342E-14
  2762.00    2.9023E-14
  2765.00    2.8160E-14
  2768.00    3.0758E-14
  2771.00    3.0116E-14
  2774.00    3.0292E-14
  2777.00    3.0088E-14
  2780.00    2.9356E-14
  2783.00    2.9011E-14
  2786.00    3.0160E-14
  2789.00    2.8905E-14
  2792.00    2.6622E-14
  2795.00    2.6856E-14
  2798.00    2.5687E-14
  2801.00    2.6528E-14
  2804.00    2.6332E-14
  2807.00    2.6432E-14
  2810.00    2.8959E-14
  2813.00    3.0392E-14
  2816.00    3.0024E-14
  2819.00    2.9401E-14
  2822.00    2.9577E-14
  2825.00    3.0256E-14
  2828.00    3.0693E-14
  2831.00    3.0163E-14
  2834.00    2.8167E-14
  2837.00    2.8915E-14
  2840.00    2.9874E-14
  2843.00    2.9198E-14
  2846.00    2.9231E-14
  2849.00    2.8343E-14
  2852.00    2.8630E-14
  2855.00    2.8463E-14
  2858.00    3.0276E-14
  2861.00    2.8673E-14
  2864.00    2.9727E-14
  2867.00    2.9841E-14
  2870.00    2.8383E-14
  2873.00    3.0541E-14
  2876.00    2.9452E-14
  2879.00    3.0510E-14
  2882.00    2.9124E-14
  2885.00    2.8682E-14
  2888.00    2.9552E-14
  2891.00    2.9834E-14
  2894.00    2.9277E-14
  2897.00    2.9817E-14
  2900.00    2.9235E-14
  2903.00    3.1138E-14
  2906.00    2.9809E-14
  2909.00    3.0239E-14
  2912.00    3.1458E-14
  2915.00    3.0165E-14
  2918.00    3.0544E-14
  2921.00    3.0375E-14
  2924.00    2.9864E-14
  2927.00    2.9949E-14
  2930.00    2.9266E-14
  2933.00    2.8919E-14
  2936.00    2.9782E-14
  2939.00    3.1409E-14
  2942.00    3.1025E-14
  2945.00    2.9123E-14
  2948.00    2.8558E-14
  2951.00    2.7912E-14
  2954.00    2.8332E-14
  2957.00    2.9197E-14
  2960.00    3.0145E-14
  2963.00    2.9300E-14
  2966.00    2.8454E-14
  2969.00    2.9588E-14
  2972.00    3.0804E-14
  2975.00    3.0131E-14
  2978.00    2.8793E-14
  2981.00    3.0384E-14
  2984.00    2.9934E-14
  2987.00    2.8494E-14
  2990.00    2.9674E-14
  2993.00    2.8222E-14
  2996.00    3.0944E-14
  2999.00    3.0604E-14
  3002.00    3.0479E-14
  3005.00    2.8625E-14
  3008.00    2.9320E-14
  3011.00    2.8783E-14
  3014.00    2.9962E-14
  3017.00    2.9795E-14
  3020.00    2.9048E-14
  3023.00    2.9556E-14
  3026.00    2.9792E-14
  3029.00    2.9941E-14
  3032.00    3.0128E-14
  3035.00    3.1465E-14
  3038.00    2.9921E-14
  3041.00    3.0339E-14
  3044.00    2.9776E-14
  3047.00    2.9298E-14
  3050.00    2.9425E-14
  3053.00    2.9784E-14
  3056.00    3.0553E-14
  3059.00    3.0657E-14
  3062.00    2.9285E-14
  3065.00    2.9163E-14
  3068.00    2.9987E-14
  3071.00    2.9383E-14
  3074.00    2.9431E-14
  3077.00    3.0584E-14
  3080.00    2.9971E-14
  3083.00    2.9972E-14
  3086.00    2.9549E-14
  3089.00    2.9498E-14
  3092.00    3.0197E-14
  3095.00    2.8902E-14
  3098.00    2.9239E-14
  3101.00    2.9909E-14
  3104.00    2.9671E-14
  3107.00    2.8079E-14
  3110.00    2.9400E-14
  3113.00    2.9368E-14
  3116.00    3.0427E-14
  3119.00    2.9320E-14
  3122.00    3.0437E-14
  3125.00    2.9157E-14
  3128.00    2.9081E-14
  3131.00    2.9299E-14
  3134.00    2.9128E-14
  3137.00    2.9095E-14
  3140.00    2.9424E-14
  3143.00    3.0536E-14
  3146.00    2.8576E-14
  3149.00    2.9525E-14
  3152.00    3.0764E-14
  3155.00    3.0172E-14
  3158.00    3.1212E-14
  3161.00    2.9060E-14
  3164.00    2.8919E-14
  3167.00    2.9333E-14
  3170.00    2.8839E-14
  3173.00    2.7915E-14
  3176.00    2.7726E-14
  3179.00    2.8150E-14
  3182.00    2.9031E-14
  3185.00    2.7412E-14
  3188.00    2.7983E-14
  3191.00    2.7217E-14
  3194.00    2.8957E-14
  3197.00    2.7897E-14
  3200.00    2.7528E-14
  3203.00    3.0284E-14
  3206.00    2.8087E-14
  3209.00    2.8845E-14
  3212.00    2.7439E-14
  3215.00    3.0297E-14
  3218.00    2.8611E-14
  3221.00    2.9386E-14
  3224.00    2.8676E-14
  3227.00    2.9313E-14
  3230.00    2.8710E-14
  3233.00    2.8626E-14
  3236.00    2.7762E-14
  3239.00    2.8877E-14
  3242.00    2.8378E-14
  3245.00    2.9017E-14
  3248.00    2.8861E-14
  3251.00    2.9781E-14
  3254.00    2.8746E-14
  3257.00    2.8394E-14
  3260.00    2.9443E-14
  3263.00    2.8225E-14
  3266.00    2.9028E-14
  3269.00    2.8254E-14
  3272.00    2.8481E-14
  3275.00    2.8990E-14
  3278.00    2.8375E-14
  3281.00    2.7475E-14
  3284.00    2.9765E-14
  3287.00    2.9065E-14
  3290.00    2.7589E-14
  3293.00    2.9472E-14
  3296.00    2.7811E-14
  3299.00    2.8444E-14
  3302.00    2.8628E-14
  3305.00    2.7897E-14
  3308.00    2.8787E-14
  3311.00    2.8676E-14
  3314.00    2.9349E-14
  3317.00    2.9777E-14
  3320.00    3.1177E-14
  3323.00    3.0411E-14
  3326.00    2.9321E-14
  3329.00    2.9894E-14
  3332.00    3.0939E-14
  3335.00    3.0855E-14
  3338.00    2.9114E-14
  3341.00    2.9634E-14
  3344.00    3.0106E-14
  3347.00    3.1288E-14
  3350.00    2.9048E-14
  3353.00    2.9407E-14
  3356.00    2.7980E-14
  3359.00    2.8188E-14
  3362.00    2.8594E-14
  3365.00    3.0021E-14
  3368.00    2.8288E-14
  3371.00    2.8468E-14
  3374.00    2.8583E-14
  3377.00    2.8312E-14
  3380.00    2.9154E-14
  3383.00    2.9592E-14
  3386.00    3.0141E-14
  3389.00    2.9102E-14
  3392.00    3.1884E-14
  3395.00    3.0071E-14
  3398.00    2.9089E-14
  3401.00    2.8340E-14
  3404.00    2.8396E-14
  3407.00    2.9949E-14
  3410.00    2.8765E-14
  3413.00    2.9746E-14
  3416.00    2.9349E-14
  3419.00    3.1334E-14
  3422.00    2.8955E-14
  3425.00    2.9330E-14
  3428.00    3.1019E-14
  3431.00    3.0835E-14
  3434.00    2.8378E-14
  3437.00    3.0007E-14
  3440.00    2.9921E-14
  3443.00    2.9084E-14
  3446.00    2.9871E-14
  3449.00    3.1442E-14
  3452.00    2.9248E-14
  3455.00    2.8942E-14
  3458.00    2.8334E-14
  3461.00    2.7787E-14
  3464.00    2.8239E-14
  3467.00    2.8206E-14
  3470.00    2.9834E-14
  3473.00    2.8416E-14
  3476.00    2.8561E-14
  3479.00    2.8944E-14
  3482.00    3.1051E-14
  3485.00    2.8393E-14
  3488.00    3.0348E-14
  3491.00    2.9337E-14
  3494.00    2.9195E-14
  3497.00    2.8226E-14
  3500.00    3.0450E-14
  3503.00    2.8955E-14
  3506.00    2.8526E-14
  3509.00    2.8740E-14
  3512.00    2.7834E-14
  3515.00    2.8774E-14
  3518.00    2.9991E-14
  3521.00    3.0306E-14
  3524.00    2.8350E-14
  3527.00    2.7899E-14
  3530.00    2.9688E-14
  3533.00    3.0294E-14
  3536.00    2.9928E-14
  3539.00    2.9488E-14
  3542.00    2.9411E-14
  3545.00    3.0118E-14
  3548.00    2.9722E-14
  3551.00    2.9657E-14
  3554.00    2.8559E-14
  3557.00    2.9587E-14
  3560.00    2.9398E-14
  3563.00    2.8502E-14
  3566.00    2.9159E-14
  3569.00    2.9025E-14
  3572.00    2.8221E-14
  3575.00    2.9429E-14
  3578.00    2.8846E-14
  3581.00    2.9867E-14
  3584.00    2.6973E-14
  3587.00    2.7238E-14
  3590.00    2.8431E-14
  3593.00    2.8770E-14
  3596.00    2.6988E-14
  3599.00    2.8615E-14
  3602.00    2.8266E-14
  3605.00    2.8850E-14
  3608.00    2.8109E-14
  3611.00    2.9991E-14
  3614.00    2.7798E-14
  3617.00    2.8131E-14
  3620.00    2.8821E-14
  3623.00    2.9547E-14
  3626.00    3.0155E-14
  3629.00    2.9343E-14
  3632.00    2.9948E-14
  3635.00    3.0317E-14
  3638.00    2.8982E-14
  3641.00    3.0110E-14
  3644.00    2.9260E-14
  3647.00    2.8729E-14
  3650.00    2.9618E-14
  3653.00    2.9826E-14
  3656.00    2.9777E-14
  3659.00    3.0187E-14
  3662.00    3.0666E-14
  3665.00    2.9766E-14
  3668.00    2.9184E-14
  3671.00    2.9671E-14
  3674.00    2.9731E-14
  3677.00    2.9511E-14
  3680.00    3.0160E-14
  3683.00    2.8434E-14
  3686.00    2.8174E-14
  3689.00    2.7476E-14
  3692.00    2.8704E-14
  3695.00    2.8081E-14
  3698.00    3.0049E-14
  3701.00    3.0020E-14
  3704.00    2.8875E-14
  3707.00    2.6612E-14
  3710.00    2.7051E-14
  3713.00    2.7756E-14
  3716.00    2.9955E-14
  3719.00    2.9473E-14
  3722.00    2.7303E-14
  3725.00    2.9146E-14
  3728.00    3.1335E-14
  3731.00    3.0348E-14
  3734.00    2.6960E-14
  3737.00    2.8543E-14
  3740.00    3.2024E-14
  3743.00    3.3894E-14
  3746.00    3.1173E-14
  3749.00    2.7383E-14
  3752.00    2.6682E-14
  3755.00    3.0815E-14
  3758.00    3.2952E-14
  3761.00    3.4749E-14
  3764.00    3.4369E-14
  3767.00    3.2686E-14
  3770.00    2.5074E-14
  3773.00    2.6402E-14
  3776.00    2.9870E-14
  3779.00    3.2992E-14
  3782.00    3.9710E-14
  3785.00    3.9004E-14
  3788.00    3.7508E-14
  3791.00    3.4998E-14
  3794.00    3.0145E-14
  3797.00    2.6486E-14
  3800.00    2.7714E-14
  3803.00    3.1295E-14
  3806.00    3.4565E-14
  3809.00    3.8151E-14
  3812.00    3.9094E-14
  3815.00    3.8653E-14
  3818.00    3.8457E-14
  3821.00    3.8491E-14
  3824.00    3.7418E-14
  3827.00    3.4942E-14
  3830.00    3.3525E-14
  3833.00    2.7912E-14
  3836.00    2.3712E-14
  3839.00    2.6469E-14
  3842.00    3.1999E-14
  3845.00    3.6113E-14
  3848.00    3.8876E-14
  3851.00    4.1268E-14
  3854.00    4.1007E-14
  3857.00    3.9798E-14
  3860.00    4.0778E-14
  3863.00    4.0953E-14
  3866.00    4.0255E-14
  3869.00    4.1095E-14
  3872.00    3.9607E-14
  3875.00    3.9488E-14
  3878.00    3.8966E-14
  3881.00    3.5504E-14
  3884.00    3.1536E-14
  3887.00    2.7855E-14
  3890.00    2.5581E-14
  3893.00    2.8072E-14
  3896.00    3.3665E-14
  3899.00    3.7176E-14
  3902.00    3.9224E-14
  3905.00    4.0704E-14
  3908.00    4.0925E-14
  3911.00    4.1013E-14
  3914.00    4.1928E-14
  3917.00    4.2946E-14
  3920.00    4.2067E-14
  3923.00    4.3193E-14
  3926.00    4.1577E-14
  3929.00    3.9597E-14
  3932.00    3.9737E-14
  3935.00    3.8404E-14
  3938.00    3.8765E-14
  3941.00    4.1715E-14
  3944.00    4.1720E-14
  3947.00    4.0796E-14
  3950.00    4.0766E-14
  3953.00    4.2426E-14
  3956.00    4.2282E-14
  3959.00    3.9936E-14
  3962.00    3.6835E-14
  3965.00    3.1345E-14
  3968.00    2.7311E-14
  3971.00    2.3768E-14
  3974.00    2.6757E-14
  3977.00    3.4176E-14
  3980.00    3.6453E-14
  3983.00    3.8723E-14
  3986.00    4.1554E-14
  3989.00    4.3418E-14
  3992.00    4.3899E-14
  3995.00    4.3382E-14
  3998.00    4.2952E-14
  4001.00    4.2397E-14
  4004.00    4.3116E-14
  4007.00    4.2675E-14
  4010.00    4.3277E-14
  4013.00    4.4837E-14
  4016.00    4.5384E-14
  4019.00    4.5792E-14
  4022.00    4.5472E-14
  4025.00    4.4599E-14
  4028.00    4.3545E-14
  4031.00    4.2294E-14
  4034.00    4.5542E-14
  4037.00    4.5704E-14
  4040.00    4.5855E-14
  4043.00    4.5426E-14
  4046.00    4.5680E-14
  4049.00    4.3295E-14
  4052.00    4.5437E-14
  4055.00    4.5008E-14
  4058.00    4.3960E-14
  4061.00    4.4864E-14
  4064.00    4.4191E-14
  4067.00    4.4322E-14
  4070.00    4.2808E-14
  4073.00    4.3627E-14
  4076.00    4.2492E-14
  4079.00    4.3170E-14
  4082.00    4.1053E-14
  4085.00    4.1828E-14
  4088.00    4.0283E-14
  4091.00    3.8770E-14
  4094.00    3.7678E-14
  4097.00    3.4704E-14
  4100.00    2.8264E-14
  4103.00    2.6694E-14
  4106.00    2.9392E-14
  4109.00    3.4748E-14
  4112.00    3.8790E-14
  4115.00    3.8584E-14
  4118.00    4.0439E-14
  4121.00    4.0025E-14
  4124.00    4.1286E-14
  4127.00    4.1264E-14
  4130.00    4.2201E-14
  4133.00    4.2325E-14
  4136.00    4.1498E-14
  4139.00    4.3884E-14
  4142.00    4.2730E-14
  4145.00    4.2786E-14
  4148.00    4.3311E-14
  4151.00    4.4089E-14
  4154.00    4.3347E-14
  4157.00    4.3549E-14
  4160.00    4.4902E-14
  4163.00    4.3518E-14
  4166.00    4.2786E-14
  4169.00    4.2561E-14
  4172.00    4.2426E-14
  4175.00    4.3264E-14
  4178.00    4.3843E-14
  4181.00    4.2995E-14
  4184.00    4.3267E-14
  4187.00    4.4262E-14
  4190.00    4.3537E-14
  4193.00    4.3445E-14
  4196.00    4.2951E-14
  4199.00    4.3334E-14
  4202.00    4.1825E-14
  4205.00    4.3022E-14
  4208.00    4.3902E-14
  4211.00    4.2774E-14
  4214.00    4.2982E-14
  4217.00    4.3016E-14
  4220.00    4.4956E-14
  4223.00    4.3980E-14
  4226.00    4.3579E-14
  4229.00    4.3447E-14
  4232.00    4.2385E-14
  4235.00    4.2769E-14
  4238.00    4.2816E-14
  4241.00    4.3636E-14
  4244.00    4.2665E-14
  4247.00    4.3463E-14
  4250.00    4.2432E-14
  4253.00    4.2000E-14
  4256.00    4.2901E-14
  4259.00    4.3819E-14
  4262.00    4.1655E-14
  4265.00    4.3193E-14
  4268.00    4.3702E-14
  4271.00    4.2071E-14
  4274.00    4.3481E-14
  4277.00    4.3769E-14
  4280.00    4.3501E-14
  4283.00    4.3603E-14
  4286.00    4.1933E-14
  4289.00    4.2424E-14
  4292.00    4.2193E-14
  4295.00    4.1423E-14
  4298.00    4.0886E-14
  4301.00    3.9175E-14
  4304.00    4.0620E-14
  4307.00    3.9424E-14
  4310.00    4.0074E-14
  4313.00    4.0738E-14
  4316.00    4.1117E-14
  4319.00    4.0057E-14
  4322.00    4.0933E-14
  4325.00    4.0429E-14
  4328.00    3.9917E-14
  4331.00    3.7038E-14
  4334.00    3.5781E-14
  4337.00    3.1539E-14
  4340.00    2.8206E-14
  4343.00    2.8008E-14
  4346.00    3.1754E-14
  4349.00    3.5236E-14
  4352.00    3.7539E-14
  4355.00    4.0015E-14
  4358.00    4.1486E-14
  4361.00    4.1262E-14
  4364.00    4.2304E-14
  4367.00    4.1452E-14
  4370.00    4.2557E-14
  4373.00    4.0906E-14
  4376.00    4.0044E-14
  4379.00    4.2359E-14
  4382.00    3.9742E-14
  4385.00    3.9455E-14
  4388.00    4.0124E-14
  4391.00    3.8840E-14
  4394.00    4.0001E-14
  4397.00    4.1297E-14
  4400.00    4.1851E-14
  4403.00    4.0553E-14
  4406.00    4.1580E-14
  4409.00    3.9242E-14
  4412.00    4.1739E-14
  4415.00    4.0721E-14
  4418.00    3.8928E-14
  4421.00    4.0577E-14
  4424.00    4.1398E-14
  4427.00    3.9729E-14
  4430.00    4.0621E-14
  4433.00    4.1079E-14
  4436.00    4.0183E-14
  4439.00    4.1179E-14
  4442.00    4.0666E-14
  4445.00    3.9901E-14
  4448.00    4.2321E-14
  4451.00    4.0966E-14
  4454.00    4.0572E-14
  4457.00    4.0922E-14
  4460.00    4.1194E-14
  4463.00    4.0996E-14
  4466.00    4.0248E-14
  4469.00    3.9230E-14
  4472.00    3.9027E-14
  4475.00    4.0684E-14
  4478.00    4.2082E-14
  4481.00    4.1027E-14
  4484.00    4.1730E-14
  4487.00    4.1881E-14
  4490.00    4.2635E-14
  4493.00    4.1056E-14
  4496.00    4.2239E-14
  4499.00    4.1800E-14
  4502.00    4.2054E-14
  4505.00    4.2303E-14
  4508.00    4.2297E-14
  4511.00    4.1856E-14
  4514.00    4.0671E-14
  4517.00    4.1459E-14
  4520.00    4.2868E-14
  4523.00    4.0553E-14
  4526.00    4.1401E-14
  4529.00    4.1011E-14
  4532.00    3.9968E-14
  4535.00    3.9133E-14
  4538.00    4.1542E-14
  4541.00    4.1436E-14
  4544.00    4.0605E-14
  4547.00    4.0597E-14
  4550.00    3.9542E-14
  4553.00    4.1027E-14
  4556.00    4.1347E-14
  4559.00    4.1044E-14
  4562.00    4.1004E-14
  4565.00    4.1165E-14
  4568.00    4.1546E-14
  4571.00    4.0916E-14
  4574.00    3.9404E-14
  4577.00    4.0620E-14
  4580.00    3.9394E-14
  4583.00    3.9212E-14
  4586.00    3.9229E-14
  4589.00    4.0582E-14
  4592.00    4.0677E-14
  4595.00    3.9706E-14
  4598.00    3.9981E-14
  4601.00    4.1509E-14
  4604.00    4.0823E-14
  4607.00    3.8695E-14
  4610.00    4.0590E-14
  4613.00    4.0455E-14
  4616.00    4.0637E-14
  4619.00    4.0463E-14
  4622.00    4.1786E-14
  4625.00    4.1128E-14
  4628.00    4.0676E-14
  4631.00    3.9676E-14
  4634.00    3.9828E-14
  4637.00    3.8982E-14
  4640.00    4.1274E-14
  4643.00    3.9001E-14
  4646.00    4.2078E-14
  4649.00    3.9853E-14
  4652.00    3.8871E-14
  4655.00    4.1362E-14
  4658.00    4.1819E-14
  4661.00    4.0474E-14
  4664.00    4.1533E-14
  4667.00    4.1725E-14
  4670.00    4.0217E-14
  4673.00    4.0831E-14
  4676.00    4.1068E-14
  4679.00    3.9355E-14
  4682.00    4.0627E-14
  4685.00    3.9272E-14
  4688.00    4.1659E-14
  4691.00    3.8085E-14
  4694.00    3.9221E-14
  4697.00    3.9604E-14
  4700.00    3.8618E-14
  4703.00    3.8288E-14
  4706.00    3.9102E-14
  4709.00    3.8813E-14
  4712.00    3.8333E-14
  4715.00    4.0664E-14
  4718.00    4.0137E-14
  4721.00    3.9398E-14
  4724.00    4.0704E-14
  4727.00    4.0214E-14
  4730.00    3.8561E-14
  4733.00    3.8593E-14
  4736.00    4.0354E-14
  4739.00    3.8845E-14
  4742.00    3.9493E-14
  4745.00    3.9555E-14
  4748.00    4.0660E-14
  4751.00    4.1109E-14
  4754.00    4.0990E-14
  4757.00    4.0255E-14
  4760.00    4.0837E-14
  4763.00    4.0887E-14
  4766.00    3.9815E-14
  4769.00    3.9854E-14
  4772.00    3.9279E-14
  4775.00    4.0346E-14
  4778.00    4.0326E-14
  4781.00    3.9935E-14
  4784.00    4.1203E-14
  4787.00    3.9042E-14
  4790.00    3.9695E-14
  4793.00    4.0462E-14
  4796.00    3.9897E-14
  4799.00    4.0892E-14
  4802.00    4.0977E-14
  4805.00    3.9971E-14
  4808.00    4.0794E-14
  4811.00    3.9773E-14
  4814.00    3.9731E-14
  4817.00    4.0474E-14
  4820.00    4.0939E-14
  4823.00    3.9365E-14
  4826.00    3.9818E-14
  4829.00    4.0459E-14
  4832.00    3.8700E-14
  4835.00    3.8878E-14
  4838.00    3.8740E-14
  4841.00    3.8248E-14
  4844.00    3.8226E-14
  4847.00    3.7610E-14
  4850.00    3.7294E-14
  4853.00    3.5779E-14
  4856.00    3.2492E-14
  4859.00    3.0497E-14
  4862.00    2.6361E-14
  4865.00    2.6903E-14
  4868.00    3.0791E-14
  4871.00    3.2190E-14
  4874.00    3.4662E-14
  4877.00    3.5449E-14
  4880.00    3.8243E-14
  4883.00    3.8974E-14
  4886.00    3.8027E-14
  4889.00    3.6306E-14
  4892.00    3.7816E-14
  4895.00    3.8027E-14
  4898.00    3.9359E-14
  4901.00    3.9790E-14
  4904.00    4.0394E-14
  4907.00    3.8702E-14
  4910.00    3.9658E-14
  4913.00    3.9183E-14
  4916.00    3.8881E-14
  4919.00    3.8538E-14
  4922.00    3.7455E-14
  4925.00    3.6792E-14
  4928.00    3.9375E-14
  4931.00    3.9785E-14
  4934.00    3.9097E-14
  4937.00    3.7866E-14
  4940.00    3.9023E-14
  4943.00    3.8473E-14
  4946.00    3.8047E-14
  4949.00    4.0040E-14
  4952.00    4.0786E-14
  4955.00    3.8519E-14
  4958.00    3.8884E-14
  4961.00    3.8765E-14
  4964.00    4.0300E-14
  4967.00    3.9349E-14
  4970.00    3.8419E-14
  4973.00    3.8392E-14
  4976.00    3.9575E-14
  4979.00    3.9637E-14
  4982.00    3.8248E-14
  4985.00    3.7521E-14
  4988.00    3.8497E-14
  4991.00    3.7644E-14
  4994.00    3.8536E-14
  4997.00    3.8433E-14
  5000.00    3.8159E-14
  5003.00    3.7508E-14
  5006.00    3.5297E-14
  5009.00    3.7936E-14
  5012.00    3.6932E-14
  5015.00    3.6743E-14
  5018.00    3.7123E-14
  5021.00    3.5880E-14
  5024.00    3.7132E-14
  5027.00    3.7308E-14
  5030.00    3.8559E-14
  5033.00    3.7022E-14
  5036.00    3.7356E-14
  5039.00    3.7693E-14
  5042.00    3.7674E-14
  5045.00    3.8137E-14
  5048.00    3.8578E-14
  5051.00    3.7038E-14
  5054.00    3.8406E-14
  5057.00    3.8207E-14
  5060.00    3.8602E-14
  5063.00    3.8736E-14
  5066.00    3.7501E-14
  5069.00    3.7757E-14
  5072.00    3.7036E-14
  5075.00    3.8131E-14
  5078.00    3.6421E-14
  5081.00    3.8191E-14
  5084.00    3.7555E-14
  5087.00    3.7825E-14
  5090.00    3.8666E-14
  5093.00    3.9488E-14
  5096.00    3.8206E-14
  5099.00    3.8224E-14
  5102.00    3.7405E-14
  5105.00    3.6655E-14
  5108.00    3.8457E-14
  5111.00    3.7510E-14
  5114.00    3.7085E-14
  5117.00    3.8655E-14
  5120.00    3.6044E-14
  5123.00    3.7899E-14
  5126.00    3.6519E-14
  5129.00    3.7588E-14
  5132.00    3.4832E-14
  5135.00    3.7052E-14
  5138.00    3.6616E-14
  5141.00    3.7771E-14
  5144.00    3.8075E-14
  5147.00    3.6750E-14
  5150.00    3.8050E-14
  5153.00    3.6376E-14
  5156.00    3.6692E-14
  5159.00    3.7880E-14
  5162.00    3.7400E-14
  5165.00    3.6315E-14
  5168.00    3.6224E-14
  5171.00    3.4623E-14
  5174.00    3.4159E-14
  5177.00    3.5673E-14
  5180.00    3.7728E-14
  5183.00    3.4848E-14
  5186.00    3.5346E-14
  5189.00    3.5238E-14
  5192.00    3.6560E-14
  5195.00    3.5857E-14
  5198.00    3.4923E-14
  5201.00    3.6852E-14
  5204.00    3.6142E-14
  5207.00    3.5269E-14
  5210.00    3.5064E-14
  5213.00    3.8401E-14
  5216.00    3.5980E-14
  5219.00    3.6825E-14
  5222.00    3.6189E-14
  5225.00    3.7362E-14
  5228.00    3.5653E-14
  5231.00    3.6937E-14
  5234.00    3.5143E-14
  5237.00    3.7358E-14
  5240.00    3.7207E-14
  5243.00    3.6765E-14
  5246.00    3.5949E-14
  5249.00    3.6404E-14
  5252.00    3.7183E-14
  5255.00    3.6703E-14
  5258.00    3.7680E-14
  5261.00    3.6064E-14
  5264.00    3.6518E-14
  5267.00    3.5134E-14
  5270.00    3.6004E-14
  5273.00    3.6461E-14
  5276.00    3.4924E-14
  5279.00    3.5991E-14
  5282.00    3.5713E-14
  5285.00    3.6898E-14
  5288.00    3.7827E-14
  5291.00    3.6721E-14
  5294.00    3.7675E-14
  5297.00    3.6866E-14
  5300.00    3.8101E-14
  5303.00    3.7315E-14
  5306.00    3.7797E-14
  5309.00    3.7879E-14
  5312.00    3.7386E-14
  5315.00    3.8902E-14
  5318.00    3.7401E-14
  5321.00    3.6303E-14
  5324.00    3.5832E-14
  5327.00    3.7439E-14
  5330.00    3.6888E-14
  5333.00    3.7059E-14
  5336.00    3.6033E-14
  5339.00    3.5562E-14
  5342.00    3.7866E-14
  5345.00    3.6763E-14
  5348.00    3.6925E-14
  5351.00    3.7544E-14
  5354.00    3.6936E-14
  5357.00    3.6566E-14
  5360.00    3.6009E-14
  5363.00    3.6483E-14
  5366.00    3.6526E-14
  5369.00    3.6304E-14
  5372.00    3.5978E-14
  5375.00    3.6265E-14
  5378.00    3.6366E-14
  5381.00    3.6301E-14
  5384.00    3.7134E-14
  5387.00    3.6960E-14
  5390.00    3.7495E-14
  5393.00    3.7589E-14
  5396.00    3.6090E-14
  5399.00    3.5542E-14
  5402.00    3.5941E-14
  5405.00    3.5147E-14
  5408.00    3.6379E-14
  5411.00    3.6265E-14
  5414.00    3.6057E-14
  5417.00    3.6484E-14
  5420.00    3.6421E-14
  5423.00    3.6788E-14
  5426.00    3.7702E-14
  5429.00    3.5878E-14
  5432.00    3.5046E-14
  5435.00    3.7876E-14
  5438.00    3.7147E-14
  5441.00    3.6245E-14
  5444.00    3.7527E-14
  5447.00    3.7955E-14
  5450.00    3.6869E-14
  5453.00    3.7810E-14
  5456.00    3.5887E-14
  5459.00    3.5099E-14
  5462.00    3.4885E-14
  5465.00    3.7243E-14
  5468.00    3.5320E-14
  5471.00    3.6676E-14
  5474.00    3.5793E-14
  5477.00    3.6235E-14
  5480.00    3.4951E-14
  5483.00    3.4284E-14
  5486.00    3.6287E-14
  5489.00    3.5621E-14
  5492.00    3.5998E-14
  5495.00    3.6735E-14
  5498.00    3.6179E-14
  5501.00    3.5781E-14
  5504.00    3.6290E-14
  5507.00    3.6164E-14
  5510.00    3.5919E-14
  5513.00    3.5686E-14
  5516.00    3.6008E-14
  5519.00    3.5334E-14
  5522.00    3.6766E-14
  5525.00    3.7070E-14
  5528.00    3.6943E-14
  5531.00    3.4441E-14
  5534.00    3.6275E-14
  5537.00    3.6568E-14
  5540.00    3.6945E-14
  5543.00    3.6009E-14
  5546.00    3.6381E-14
  5549.00    3.5591E-14
  5552.00    3.6669E-14
  5555.00    3.6481E-14
  5558.00    3.5447E-14
  5561.00    3.6800E-14
  5564.00    3.6315E-14
  5567.00    3.7072E-14
  5570.00    3.6458E-14
  5573.00    3.7487E-14
  5576.00    3.5474E-14
  5579.00    3.5531E-14
  5582.00    3.5526E-14
  5585.00    3.5223E-14
  5588.00    3.5310E-14
  5591.00    3.6005E-14
  5594.00    3.5545E-14
  5597.00    3.6576E-14
  5600.00    3.5836E-14
  5603.00    3.6052E-14
  5606.00    3.5589E-14
  5609.00    3.6620E-14
  5612.00    3.7869E-14
  5615.00    3.4804E-14
  5618.00    3.5712E-14
  5621.00    3.5470E-14
  5624.00    3.4334E-14
  5627.00    3.5256E-14
  5630.00    3.5866E-14
  5633.00    3.5084E-14
  5636.00    3.7455E-14
  5639.00    3.5157E-14
  5642.00    3.5368E-14
  5645.00    3.6184E-14
  5648.00    3.7162E-14
  5651.00    3.6350E-14
  5654.00    3.5702E-14
  5657.00    3.4004E-14
  5660.00    3.5909E-14
  5663.00    3.6428E-14
  5666.00    3.4952E-14
  5669.00    3.6716E-14
  5672.00    3.5282E-14
  5675.00    3.5694E-14
  5678.00    3.6227E-14
  5681.00    3.7579E-14
  5684.00    3.5130E-14
  5687.00    3.6469E-14
  5690.00    3.5972E-14
  5693.00    3.6774E-14
  5696.00    3.5843E-14
  5699.00    3.6603E-14
  5702.00    3.5223E-14
  5705.00    3.5881E-14
  5708.00    3.5460E-14
  5711.00    3.3064E-14
  5714.00    3.6829E-14
  5717.00    3.4768E-14
  5720.00    3.5944E-14
  5723.00    3.6859E-14
  5726.00    3.7078E-14
  5729.00    3.6129E-14
  5732.00    3.6424E-14
  5735.00    3.4977E-14
  5738.00    3.6911E-14
  5741.00    3.6063E-14
  5744.00    3.5665E-14
  5747.00    3.6301E-14
  5750.00    3.6041E-14
  5753.00    3.7055E-14
  5756.00    3.5138E-14
  5759.00    3.6172E-14
  5762.00    3.6186E-14
  5765.00    3.7277E-14
  5768.00    3.7019E-14
  5771.00    3.6722E-14
  5774.00    3.6887E-14
  5777.00    3.7418E-14
  5780.00    3.6676E-14
  5783.00    3.6101E-14
  5786.00    3.4198E-14
  5789.00    3.6154E-14
  5792.00    3.6330E-14
  5795.00    3.5510E-14
  5798.00    3.6447E-14
  5801.00    3.6152E-14
  5804.00    3.5544E-14
  5807.00    3.6520E-14
  5810.00    3.6074E-14
  5813.00    3.5493E-14
  5816.00    3.6279E-14
  5819.00    3.6042E-14
  5822.00    3.5927E-14
  5825.00    3.7412E-14
  5828.00    3.5332E-14
  5831.00    3.6730E-14
  5834.00    3.7399E-14
  5837.00    3.7355E-14
  5840.00    3.6387E-14
  5843.00    3.6592E-14
  5846.00    3.6315E-14
  5849.00    3.6194E-14
  5852.00    3.5731E-14
  5855.00    3.5643E-14
  5858.00    3.4489E-14
  5861.00    3.5815E-14
  5864.00    3.4834E-14
  5867.00    3.5170E-14
  5870.00    3.5367E-14
  5873.00    3.5435E-14
  5876.00    3.4634E-14
  5879.00    3.4733E-14
  5882.00    3.5016E-14
  5885.00    3.4128E-14
  5888.00    3.4817E-14
  5891.00    3.3396E-14
  5894.00    3.2853E-14
  5897.00    3.2530E-14
  5900.00    3.3672E-14
  5903.00    3.4428E-14
  5906.00    3.4267E-14
  5909.00    3.3944E-14
  5912.00    3.4750E-14
  5915.00    3.5362E-14
  5918.00    3.5172E-14
  5921.00    3.3738E-14
  5924.00    3.4589E-14
  5927.00    3.4731E-14
  5930.00    3.7653E-14
  5933.00    3.3915E-14
  5936.00    3.4892E-14
  5939.00    3.5047E-14
  5942.00    3.4491E-14
  5945.00    3.4765E-14
  5948.00    3.5354E-14
  5951.00    3.4231E-14
  5954.00    3.4016E-14
  5957.00    3.5847E-14
  5960.00    3.3854E-14
  5963.00    3.5775E-14
  5966.00    3.5545E-14
  5969.00    3.4998E-14
  5972.00    3.5677E-14
  5975.00    3.6810E-14
  5978.00    3.5768E-14
  5981.00    3.5415E-14
  5984.00    3.4269E-14
  5987.00    3.4211E-14
  5990.00    3.6015E-14
  5993.00    3.5689E-14
  5996.00    3.4488E-14
  5999.00    3.7008E-14
  6002.00    3.6506E-14
  6005.00    3.4976E-14
  6008.00    3.5005E-14
  6011.00    3.5182E-14
  6014.00    3.4906E-14
  6017.00    3.4296E-14
  6020.00    3.4246E-14
  6023.00    3.4205E-14
  6026.00    3.4715E-14
  6029.00    3.4767E-14
  6032.00    3.7523E-14
  6035.00    3.5476E-14
  6038.00    3.4521E-14
  6041.00    3.5371E-14
  6044.00    3.5793E-14
  6047.00    3.5207E-14
  6050.00    3.5153E-14
  6053.00    3.5095E-14
  6056.00    3.6962E-14
  6059.00    3.4815E-14
  6062.00    3.5539E-14
  6065.00    3.6129E-14
  6068.00    3.4460E-14
  6071.00    3.6457E-14
  6074.00    3.5638E-14
  6077.00    3.6185E-14
  6080.00    3.6282E-14
  6083.00    3.4246E-14
  6086.00    3.5914E-14
  6089.00    3.3614E-14
  6092.00    3.4821E-14
  6095.00    3.5531E-14
  6098.00    3.5681E-14
  6101.00    3.4804E-14
  6104.00    3.5359E-14
  6107.00    3.5214E-14
  6110.00    3.6487E-14
  6113.00    3.5224E-14
  6116.00    3.4955E-14
  6119.00    3.3136E-14
  6122.00    3.4200E-14
  6125.00    3.3800E-14
  6128.00    3.5043E-14
  6131.00    3.5555E-14
  6134.00    3.5636E-14
  6137.00    3.4759E-14
  6140.00    3.5099E-14
  6143.00    3.5728E-14
  6146.00    3.5344E-14
  6149.00    3.5815E-14
  6152.00    3.4668E-14
  6155.00    3.3717E-14
  6158.00    3.4669E-14
  6161.00    3.3517E-14
  6164.00    3.3166E-14
  6167.00    3.4065E-14
  6170.00    3.4436E-14
  6173.00    3.3995E-14
  6176.00    3.3499E-14
  6179.00    3.3897E-14
  6182.00    3.4258E-14
  6185.00    3.4022E-14
  6188.00    3.3862E-14
  6191.00    3.3763E-14
  6194.00    3.3543E-14
  6197.00    3.4494E-14
  6200.00    3.4195E-14
  6203.00    3.4431E-14
  6206.00    3.4866E-14
  6209.00    3.5072E-14
  6212.00    3.3550E-14
  6215.00    3.3155E-14
  6218.00    3.3938E-14
  6221.00    3.2377E-14
  6224.00    3.3139E-14
  6227.00    3.3975E-14
  6230.00    3.3805E-14
  6233.00    3.4136E-14
  6236.00    3.3313E-14
  6239.00    3.2716E-14
  6242.00    3.2886E-14
  6245.00    3.3349E-14
  6248.00    3.2770E-14
  6251.00    3.2424E-14
  6254.00    3.4377E-14
  6257.00    3.3579E-14
  6260.00    3.3188E-14
  6263.00    3.3033E-14
  6266.00    3.4909E-14
  6269.00    3.5351E-14
  6272.00    3.3767E-14
  6275.00    3.3218E-14
  6278.00    3.2831E-14
  6281.00    3.2375E-14
  6284.00    3.2494E-14
  6287.00    3.3091E-14
  6290.00    3.3872E-14
  6293.00    3.3338E-14
  6296.00    3.3494E-14
  6299.00    3.4791E-14
  6302.00    3.3025E-14
  6305.00    3.3861E-14
  6308.00    3.4248E-14
  6311.00    3.3984E-14
  6314.00    3.2594E-14
  6317.00    3.4263E-14
  6320.00    3.3240E-14
  6323.00    3.3444E-14
  6326.00    3.4084E-14
  6329.00    3.3623E-14
  6332.00    3.2432E-14
  6335.00    3.4360E-14
  6338.00    3.3160E-14
  6341.00    3.4569E-14
  6344.00    3.4587E-14
  6347.00    3.3705E-14
  6350.00    3.4032E-14
  6353.00    3.4788E-14
  6356.00    3.4308E-14
  6359.00    3.5173E-14
  6362.00    3.3972E-14
  6365.00    3.3846E-14
  6368.00    3.5523E-14
  6371.00    3.4142E-14
  6374.00    3.5183E-14
  6377.00    3.4522E-14
  6380.00    3.5648E-14
  6383.00    3.4935E-14
  6386.00    3.5929E-14
  6389.00    3.4947E-14
  6392.00    3.2842E-14
  6395.00    3.4742E-14
  6398.00    3.3084E-14
  6401.00    3.4776E-14
  6404.00    3.3292E-14
  6407.00    3.4225E-14
  6410.00    3.5018E-14
  6413.00    3.4916E-14
  6416.00    3.4299E-14
  6419.00    3.5060E-14
  6422.00    3.3978E-14
  6425.00    3.4860E-14
  6428.00    3.3978E-14
  6431.00    3.4308E-14
  6434.00    3.4658E-14
  6437.00    3.3973E-14
  6440.00    3.2963E-14
  6443.00    3.4599E-14
  6446.00    3.5684E-14
  6449.00    3.4359E-14
  6452.00    3.3694E-14
  6455.00    3.4663E-14
  6458.00    3.3958E-14
  6461.00    3.4413E-14
  6464.00    3.4687E-14
  6467.00    3.4880E-14
  6470.00    3.5015E-14
  6473.00    3.4384E-14
  6476.00    3.5594E-14
  6479.00    3.4378E-14
  6482.00    3.3973E-14
  6485.00    3.4323E-14
  6488.00    3.4304E-14
  6491.00    3.3143E-14
  6494.00    3.2235E-14
  6497.00    3.2850E-14
  6500.00    3.3703E-14
  6503.00    3.3048E-14
  6506.00    3.2907E-14
  6509.00    3.3851E-14
  6512.00    3.4633E-14
  6515.00    3.3143E-14
  6518.00    3.4763E-14
  6521.00    3.4113E-14
  6524.00    3.3431E-14
  6527.00    3.4967E-14
  6530.00    3.4105E-14
  6533.00    3.5638E-14
  6536.00    3.5932E-14
  6539.00    3.3690E-14
  6542.00    3.2237E-14
  6545.00    3.3674E-14
  6548.00    3.3520E-14
  6551.00    3.2962E-14
  6554.00    3.2256E-14
  6557.00    3.0695E-14
  6560.00    2.7831E-14
  6563.00    2.7770E-14
  6566.00    2.7193E-14
  6569.00    2.8196E-14
  6572.00    2.9898E-14
  6575.00    3.0118E-14
  6578.00    3.3069E-14
  6581.00    3.2578E-14
  6584.00    3.2030E-14
  6587.00    3.2977E-14
  6590.00    3.4675E-14
  6593.00    3.3534E-14
  6596.00    3.3746E-14
  6599.00    3.3742E-14
  6602.00    3.2990E-14
  6605.00    3.2896E-14
  6608.00    3.2930E-14
  6611.00    3.3676E-14
  6614.00    3.4769E-14
  6617.00    3.3419E-14
  6620.00    3.3896E-14
  6623.00    3.4357E-14
  6626.00    3.3311E-14
  6629.00    3.3369E-14
  6632.00    3.4158E-14
  6635.00    3.4485E-14
  6638.00    3.2235E-14
  6641.00    3.3684E-14
  6644.00    3.2785E-14
  6647.00    3.2924E-14
  6650.00    3.3877E-14
  6653.00    3.3147E-14
  6656.00    3.3496E-14
  6659.00    3.5144E-14
  6662.00    3.3748E-14
  6665.00    3.4147E-14
  6668.00    3.3162E-14
  6671.00    3.3529E-14
  6674.00    3.1576E-14
  6677.00    3.2797E-14
  6680.00    3.1631E-14
  6683.00    3.2192E-14
  6686.00    3.2474E-14
  6689.00    3.2897E-14
  6692.00    3.2856E-14
  6695.00    3.2202E-14
  6698.00    3.4272E-14
  6701.00    3.2138E-14
  6704.00    3.3557E-14
  6707.00    3.2455E-14
  6710.00    3.3203E-14
  6713.00    3.2932E-14
  6716.00    3.2311E-14
  6719.00    3.1517E-14
  6722.00    3.3053E-14
  6725.00    3.0956E-14
  6728.00    3.3425E-14
  6731.00    3.4011E-14
  6734.00    3.4049E-14
  6737.00    3.3932E-14
  6740.00    3.3519E-14
  6743.00    3.2908E-14
  6746.00    3.2018E-14
  6749.00    3.2723E-14
  6752.00    3.2913E-14
  6755.00    3.2477E-14
  6758.00    3.2994E-14
  6761.00    3.2855E-14
  6764.00    3.1590E-14
  6767.00    3.3690E-14
  6770.00    3.4410E-14
  6773.00    3.2049E-14
  6776.00    3.3709E-14
  6779.00    3.2474E-14
  6782.00    3.2807E-14
  6785.00    3.2932E-14
  6788.00    3.1588E-14
  6791.00    3.3802E-14
  6794.00    3.3146E-14
  6797.00    3.2977E-14
  6800.00    3.3441E-14
  6803.00    3.3034E-14
  6806.00    3.4101E-14
  6809.00    3.2388E-14
  6812.00    3.2130E-14
  6815.00    3.2894E-14
  6818.00    3.2194E-14
  6821.00    3.3647E-14
  6824.00    3.4255E-14
  6827.00    3.3795E-14
  6830.00    3.1974E-14
  6833.00    3.2226E-14
  6836.00    3.2197E-14
  6839.00    3.2967E-14
  6842.00    3.3870E-14
  6845.00    3.2634E-14
  6848.00    3.5365E-14
  6851.00    3.1511E-14
  6854.00    3.2564E-14
  6857.00    3.2281E-14
  6860.00    3.2580E-14
  6863.00    3.3017E-14
  6866.00    3.1687E-14
  6869.00    3.2541E-14
  6872.00    3.2944E-14
  6875.00    3.3200E-14
  6878.00    3.3033E-14
  6881.00    3.3479E-14
  6884.00    3.2423E-14
  6887.00    3.1938E-14
  6890.00    3.3478E-14
  6893.00    3.2530E-14
  6896.00    3.1804E-14
  6899.00    3.2012E-14
  6902.00    3.3271E-14
  6905.00    3.2033E-14
  6908.00    3.2373E-14
  6911.00    3.2733E-14
  6914.00    3.4029E-14
  6917.00    3.2853E-14
  6920.00    3.3916E-14
  6923.00    3.2540E-14
  6926.00    3.2457E-14
  6929.00    3.2988E-14
  6932.00    3.4704E-14
  6935.00    3.3503E-14
  6938.00    3.4151E-14
  6941.00    3.2884E-14
  6944.00    3.3135E-14
  6947.00    3.3872E-14
  6950.00    3.3252E-14
  6953.00    3.2795E-14
  6956.00    3.3791E-14
  6959.00    3.2283E-14
  6962.00    3.3127E-14
  6965.00    3.3082E-14
  6968.00    3.4020E-14
  6971.00    3.2524E-14
  6974.00    3.3972E-14
  6977.00    3.4181E-14
  6980.00    3.3430E-14
  6983.00    3.3061E-14
  6986.00    3.1956E-14
  6989.00    3.4062E-14
  6992.00    3.2176E-14
  6995.00    3.4151E-14
  6998.00    3.3805E-14
  7001.00    3.4174E-14
  7004.00    3.3667E-14
  7007.00    3.3717E-14
  7010.00    3.3275E-14
  7013.00    3.3308E-14
  7016.00    3.2846E-14
  7019.00    3.3009E-14
  7022.00    3.3227E-14
  7025.00    3.4083E-14
  7028.00    3.4136E-14
  7031.00    3.3629E-14
  7034.00    3.4804E-14
  7037.00    3.4310E-14
  7040.00    3.4395E-14
  7043.00    3.4732E-14
  7046.00    3.4884E-14
  7049.00    3.5021E-14
  7052.00    3.2947E-14
  7055.00    3.4963E-14
  7058.00    3.3656E-14
  7061.00    3.2506E-14
  7064.00    3.2603E-14
  7067.00    3.2977E-14
  7070.00    3.2627E-14
  7073.00    3.3405E-14
  7076.00    3.2501E-14
  7079.00    3.2931E-14
  7082.00    3.2782E-14
  7085.00    3.3182E-14
  7088.00    3.1829E-14
  7091.00    3.2412E-14
  7094.00    3.1860E-14
  7097.00    3.1798E-14
  7100.00    3.4561E-14
  7103.00    3.1296E-14
  7106.00    3.3661E-14
  7109.00    3.3154E-14
  7112.00    3.2565E-14
  7115.00    3.1378E-14
  7118.00    3.3190E-14
  7121.00    3.3226E-14
  7124.00    3.2559E-14
  7127.00    3.1691E-14
  7130.00    3.1702E-14
  7133.00    3.2474E-14
  7136.00    3.0875E-14
  7139.00    3.1828E-14
  7142.00    3.1318E-14
  7145.00    3.1372E-14
  7148.00    3.1001E-14
  7151.00    3.3080E-14
  7154.00    3.1425E-14
  7157.00    3.1845E-14
  7160.00    3.3050E-14
  7163.00    3.2337E-14
  7166.00    3.1491E-14
  7169.00    3.0375E-14
  7172.00    3.1351E-14
  7175.00    3.4045E-14
  7178.00    3.0254E-14
  7181.00    3.0733E-14
  7184.00    3.0823E-14
  7187.00    3.0246E-14
  7190.00    2.9885E-14
  7193.00    2.9987E-14
  7196.00    3.0712E-14
  7199.00    3.0419E-14
  7202.00    3.2056E-14
  7205.00    3.1812E-14
  7208.00    3.1619E-14
  7211.00    3.1776E-14
  7214.00    3.2183E-14
  7217.00    3.2485E-14
  7220.00    3.2647E-14
  7223.00    3.2082E-14
  7226.00    3.1218E-14
  7229.00    3.4590E-14
  7232.00    3.2874E-14
  7235.00    3.2853E-14
  7238.00    3.2950E-14
  7241.00    3.3504E-14
  7244.00    3.3190E-14
  7247.00    3.2736E-14
  7250.00    3.1403E-14
  7253.00    3.4056E-14
  7256.00    3.2345E-14
  7259.00    3.3563E-14
  7262.00    3.2002E-14
  7265.00    3.2539E-14
  7268.00    3.3448E-14
  7271.00    3.3131E-14
  7274.00    3.2174E-14
  7277.00    3.2877E-14
  7280.00    3.2690E-14
  7283.00    3.2587E-14
  7286.00    3.3924E-14
  7289.00    3.2964E-14
  7292.00    3.1340E-14
  7295.00    3.2964E-14
  7298.00    3.2918E-14
  7301.00    3.4141E-14
  7304.00    3.3221E-14
  7307.00    3.2736E-14
  7310.00    3.3598E-14
  7313.00    3.3945E-14
  7316.00    3.4382E-14
  7319.00    3.3581E-14
  7322.00    3.3290E-14
  7325.00    3.4293E-14
  7328.00    3.4453E-14
  7331.00    3.3960E-14
  7334.00    3.4295E-14
  7337.00    3.4687E-14
  7340.00    3.3897E-14
  7343.00    3.3731E-14
  7346.00    3.5856E-14
  7349.00    3.3900E-14
  7352.00    3.3832E-14
  7355.00    3.4778E-14
  7358.00    3.3449E-14
  7361.00    3.4337E-14
  7364.00    3.3692E-14
  7367.00    3.4502E-14
  7370.00    3.4202E-14
  7373.00    3.5838E-14
  7376.00    3.4547E-14
  7379.00    3.4128E-14
  7382.00    3.4268E-14
  7385.00    3.5444E-14
  7388.00    3.4212E-14
  7391.00    3.3849E-14
  7394.00    3.3579E-14
  7397.00    3.5351E-14
  7400.00    3.4262E-14
  7403.00    3.4414E-14
  7406.00    3.3445E-14
  7409.00    3.5667E-14
  7412.00    3.5591E-14
  7415.00    3.2612E-14
  7418.00    3.4834E-14
  7421.00    3.4844E-14
  7424.00    3.4581E-14
  7427.00    3.3642E-14
  7430.00    3.4694E-14
  7433.00    3.5238E-14
  7436.00    3.5475E-14
  7439.00    3.4836E-14
  7442.00    3.5427E-14
  7445.00    3.3768E-14
  7448.00    3.2890E-14
  7451.00    3.3900E-14
  7454.00    3.4015E-14
  7457.00    3.5384E-14
  7460.00    3.4937E-14
  7463.00    3.4808E-14
  7466.00    3.3778E-14
  7469.00    3.3112E-14
  7472.00    3.4168E-14
  7475.00    3.4180E-14
  7478.00    3.4677E-14
  7481.00    3.4887E-14
  7484.00    3.5368E-14
  7487.00    3.5529E-14
  7490.00    3.4503E-14
  7493.00    3.4611E-14
  7496.00    3.2713E-14
  7499.00    3.5385E-14
  7502.00    3.3580E-14
  7505.00    3.6046E-14
  7508.00    3.4753E-14
  7511.00    3.3653E-14
  7514.00    3.6625E-14
  7517.00    3.6336E-14
  7520.00    3.4374E-14
  7523.00    3.5626E-14
  7526.00    3.5139E-14
  7529.00    3.5239E-14
  7532.00    3.3997E-14
  7535.00    3.5107E-14
  7538.00    3.5102E-14
  7541.00    3.5050E-14
  7544.00    3.6867E-14
  7547.00    3.5813E-14
  7550.00    3.5103E-14
  7553.00    3.5582E-14
  7556.00    3.6003E-14
  7559.00    3.2694E-14
  7562.00    3.4748E-14
  7565.00    3.4906E-14
  7568.00    3.5026E-14
  7571.00    3.5335E-14
  7574.00    3.4535E-14
  7577.00    3.4238E-14
  7580.00    3.4648E-14
  7583.00    3.5744E-14
  7586.00    3.5681E-14
  7589.00    3.3183E-14
  7592.00    3.6055E-14
  7595.00    3.3868E-14
  7598.00    3.4475E-14
  7601.00    3.4359E-14
  7604.00    3.2908E-14
  7607.00    3.4415E-14
  7610.00    3.3840E-14
  7613.00    3.3403E-14
  7616.00    3.3039E-14
  7619.00    3.4457E-14
  7622.00    3.2482E-14
  7625.00    3.3101E-14
  7628.00    3.3834E-14
  7631.00    3.4018E-14
  7634.00    3.2391E-14
  7637.00    3.3802E-14
  7640.00    3.5652E-14
  7643.00    3.3869E-14
  7646.00    3.4158E-14
  7649.00    3.2735E-14
  7652.00    3.2226E-14
  7655.00    3.2913E-14
  7658.00    3.2914E-14
  7661.00    3.1537E-14
  7664.00    3.2107E-14
  7667.00    3.0803E-14
  7670.00    3.3039E-14
  7673.00    3.2705E-14
  7676.00    3.3083E-14
  7679.00    3.2122E-14
  7682.00    3.3064E-14
  7685.00    3.3493E-14
  7688.00    3.3054E-14
  7691.00    3.1793E-14
  7694.00    3.3051E-14
  7697.00    3.4080E-14
  7700.00    3.3108E-14
  7703.00    3.2794E-14
  7706.00    3.3032E-14
  7709.00    3.2072E-14
  7712.00    3.1954E-14
  7715.00    3.2424E-14
  7718.00    3.2417E-14
  7721.00    3.2661E-14
  7724.00    3.2533E-14
  7727.00    3.3323E-14
  7730.00    3.3450E-14
  7733.00    3.2058E-14
  7736.00    3.4268E-14
  7739.00    3.3640E-14
  7742.00    3.2258E-14
  7745.00    3.2357E-14
  7748.00    3.2125E-14
  7751.00    3.1247E-14
  7754.00    3.2678E-14
  7757.00    3.2556E-14
  7760.00    3.2123E-14
  7763.00    3.2241E-14
  7766.00    3.2357E-14
  7769.00    3.1566E-14
  7772.00    3.1519E-14
  7775.00    3.2001E-14
  7778.00    3.1434E-14
  7781.00    3.1512E-14
  7784.00    3.2582E-14
  7787.00    3.2645E-14
  7790.00    3.0645E-14
  7793.00    3.1031E-14
  7796.00    3.2973E-14
  7799.00    3.2703E-14
  7802.00    3.1599E-14
  7805.00    3.2642E-14
  7808.00    3.3159E-14
  7811.00    3.2643E-14
  7814.00    3.2858E-14
  7817.00    3.2718E-14
  7820.00    3.3686E-14
  7823.00    3.3306E-14
  7826.00    3.2904E-14
  7829.00    3.4240E-14
  7832.00    3.3740E-14
  7835.00    3.2398E-14
  7838.00    3.2810E-14
  7841.00    3.2769E-14
  7844.00    3.3513E-14
  7847.00    3.5197E-14
  7850.00    3.3333E-14
  7853.00    3.3139E-14
  7856.00    3.3456E-14
  7859.00    3.2867E-14
  7862.00    3.2868E-14
  7865.00    3.2518E-14
  7868.00    3.2785E-14
  7871.00    3.4519E-14
  7874.00    3.4397E-14
  7877.00    3.2248E-14
  7880.00    3.3816E-14
  7883.00    3.3258E-14
  7886.00    3.3759E-14
  7889.00    3.2878E-14
  7892.00    3.4757E-14
  7895.00    3.4450E-14
  7898.00    3.3747E-14
  7901.00    3.2780E-14
  7904.00    3.2689E-14
  7907.00    3.3031E-14
  7910.00    3.3427E-14
  7913.00    3.1651E-14
  7916.00    3.3109E-14
  7919.00    3.1753E-14
  7922.00    3.2485E-14
  7925.00    3.1891E-14
  7928.00    3.2181E-14
  7931.00    3.3117E-14
  7934.00    3.3034E-14
  7937.00    3.3185E-14
  7940.00    3.3028E-14
  7943.00    3.3120E-14
  7946.00    3.2702E-14
  7949.00    3.2195E-14
  7952.00    3.1652E-14
  7955.00    3.2704E-14
  7958.00    3.2920E-14
  7961.00    3.3117E-14
  7964.00    3.1652E-14
  7967.00    3.3029E-14
  7970.00    3.2973E-14
  7973.00    3.2282E-14
  7976.00    3.3024E-14
  7979.00    3.5469E-14
  7982.00    3.2728E-14
  7985.00    3.2999E-14
  7988.00    3.1436E-14
  7991.00    3.4098E-14
  7994.00    3.2721E-14
  7997.00    3.4233E-14
  8000.00    3.3264E-14
  8003.00    3.2584E-14
  8006.00    3.2610E-14
  8009.00    3.4782E-14
  8012.00    3.2803E-14
  8015.00    3.3308E-14
  8018.00    3.3020E-14
  8021.00    3.3784E-14
  8024.00    3.3137E-14
  8027.00    3.3432E-14
  8030.00    3.2620E-14
  8033.00    3.4159E-14
  8036.00    3.3741E-14
  8039.00    3.3355E-14
  8042.00    3.3640E-14
  8045.00    3.4935E-14
  8048.00    3.4021E-14
  8051.00    3.4703E-14
  8054.00    3.3888E-14
  8057.00    3.3473E-14
  8060.00    3.5053E-14
  8063.00    3.3762E-14
  8066.00    3.3807E-14
  8069.00    3.4469E-14
  8072.00    3.2796E-14
  8075.00    3.1743E-14
  8078.00    3.2246E-14
  8081.00    3.3985E-14
  8084.00    3.2878E-14
  8087.00    3.3127E-14
  8090.00    3.4952E-14
  8093.00    3.3264E-14
  8096.00    3.3055E-14
  8099.00    3.4085E-14
  8102.00    3.4090E-14
  8105.00    3.3149E-14
  8108.00    3.3427E-14
  8111.00    3.3763E-14
  8114.00    3.2900E-14
  8117.00    3.3565E-14
  8120.00    3.3341E-14
  8123.00    3.5154E-14
  8126.00    3.3607E-14
  8129.00    3.4712E-14
  8132.00    3.4103E-14
  8135.00    3.3022E-14
  8138.00    3.3154E-14
  8141.00    3.3546E-14
  8144.00    3.4139E-14
  8147.00    3.2647E-14
  8150.00    3.5206E-14
  8153.00    3.2690E-14
  8156.00    3.3060E-14
  8159.00    3.1825E-14
  8162.00    3.4924E-14
  8165.00    3.2885E-14
  8168.00    3.2456E-14
  8171.00    3.2621E-14
  8174.00    3.3253E-14
  8177.00    3.2488E-14
  8180.00    3.4365E-14
  8183.00    3.2180E-14
  8186.00    3.4073E-14
  8189.00    3.1567E-14
  8192.00    3.2891E-14
  8195.00    3.1194E-14
  8198.00    3.3037E-14
  8201.00    3.3477E-14
  8204.00    3.3076E-14
  8207.00    3.2955E-14
  8210.00    3.3625E-14
  8213.00    3.4106E-14
  8216.00    3.3918E-14
  8219.00    3.3953E-14
  8222.00    3.3570E-14
  8225.00    3.3958E-14
  8228.00    3.1751E-14
  8231.00    3.2489E-14
  8234.00    3.2686E-14
  8237.00    3.3566E-14
  8240.00    3.3141E-14
  8243.00    3.3296E-14
  8246.00    3.4280E-14
  8249.00    3.4610E-14
  8252.00    3.4360E-14
  8255.00    3.4745E-14
  8258.00    3.4872E-14
  8261.00    3.4550E-14
  8264.00    3.3345E-14
  8267.00    3.3602E-14
  8270.00    3.4897E-14
  8273.00    3.5230E-14
  8276.00    3.4297E-14
  8279.00    3.3323E-14
  8282.00    3.4935E-14
  8285.00    3.3166E-14
  8288.00    3.3137E-14
  8291.00    3.3486E-14
  8294.00    3.2030E-14
  8297.00    3.3637E-14
  8300.00    3.3996E-14
  8303.00    3.2741E-14
  8306.00    3.2946E-14
  8309.00    3.2467E-14
  8312.00    3.2769E-14
  8315.00    3.3209E-14
  8318.00    3.3765E-14
  8321.00    3.3719E-14
  8324.00    3.2109E-14
  8327.00    3.2910E-14
  8330.00    3.3087E-14
  8333.00    3.3451E-14
  8336.00    3.3761E-14
  8339.00    3.3730E-14
  8342.00    3.3227E-14
  8345.00    3.3099E-14
  8348.00    3.1652E-14
  8351.00    3.3582E-14
  8354.00    3.3490E-14
  8357.00    3.3556E-14
  8360.00    3.5095E-14
  8363.00    3.4624E-14
  8366.00    3.1657E-14
  8369.00    3.2663E-14
  8372.00    3.4402E-14
  8375.00    3.4074E-14
  8378.00    3.2754E-14
  8381.00    3.3651E-14
  8384.00    3.1609E-14
  8387.00    3.2410E-14
  8390.00    3.2575E-14
  8393.00    3.1897E-14
  8396.00    3.1136E-14
  8399.00    3.2840E-14
  8402.00    3.2896E-14
  8405.00    3.3996E-14
  8408.00    3.2666E-14
  8411.00    3.2916E-14
  8414.00    3.2972E-14
  8417.00    3.3944E-14
  8420.00    3.4253E-14
  8423.00    3.4168E-14
  8426.00    3.3742E-14
  8429.00    3.2239E-14
  8432.00    3.2417E-14
  8435.00    3.3254E-14
  8438.00    3.3244E-14
  8441.00    3.2977E-14
  8444.00    3.0837E-14
  8447.00    3.4777E-14
  8450.00    3.2101E-14
  8453.00    3.1364E-14
  8456.00    3.2043E-14
  8459.00    3.3202E-14
  8462.00    3.1922E-14
  8465.00    3.1773E-14
  8468.00    3.3806E-14
  8471.00    3.1421E-14
  8474.00    3.1901E-14
  8477.00    3.1909E-14
  8480.00    3.4647E-14
  8483.00    3.2950E-14
  8486.00    3.1436E-14
  8489.00    3.3884E-14
  8492.00    3.2555E-14
  8495.00    3.0851E-14
  8498.00    3.0870E-14
  8501.00    3.1470E-14
  8504.00    3.1138E-14
  8507.00    3.2146E-14
  8510.00    3.1682E-14
  8513.00    3.2888E-14
  8516.00    3.1704E-14
  8519.00    3.2434E-14
  8522.00    3.2452E-14
  8525.00    3.3882E-14
  8528.00    3.2354E-14
  8531.00    3.1943E-14
  8534.00    3.1860E-14
  8537.00    2.9674E-14
  8540.00    3.0172E-14
  8543.00    2.8641E-14
  8546.00    2.8304E-14
  8549.00    2.9425E-14
  8552.00    3.0369E-14
  8555.00    3.0260E-14
  8558.00    3.2373E-14
  8561.00    3.2666E-14
  8564.00    3.3738E-14
  8567.00    3.2823E-14
  8570.00    3.3992E-14
  8573.00    3.4468E-14
  8576.00    3.4108E-14
  8579.00    3.4300E-14
  8582.00    3.2783E-14
  8585.00    3.3763E-14
  8588.00    3.3048E-14
  8591.00    3.2117E-14
  8594.00    3.1242E-14
  8597.00    3.2702E-14
  8600.00    3.0150E-14
  8603.00    3.2080E-14
  8606.00    3.2056E-14
  8609.00    3.0716E-14
  8612.00    3.2082E-14
  8615.00    3.2084E-14
  8618.00    3.3005E-14
  8621.00    3.3243E-14
  8624.00    3.3771E-14
  8627.00    3.2810E-14
  8630.00    3.3020E-14
  8633.00    3.1878E-14
  8636.00    3.3717E-14
  8639.00    3.3969E-14
  8642.00    3.4077E-14
  8645.00    3.3821E-14
  8648.00    3.3169E-14
  8651.00    3.2084E-14
  8654.00    3.2141E-14
  8657.00    3.0144E-14
  8660.00    2.8774E-14
  8663.00    2.8150E-14
  8666.00    2.8015E-14
  8669.00    2.9092E-14
  8672.00    3.0241E-14
  8675.00    2.9219E-14
  8678.00    3.0351E-14
  8681.00    3.1858E-14
  8684.00    3.1681E-14
  8687.00    3.1878E-14
  8690.00    3.2571E-14
  8693.00    3.1770E-14
  8696.00    3.2651E-14
  8699.00    3.1850E-14
  8702.00    3.2639E-14
  8705.00    3.2782E-14
  8708.00    3.4009E-14
  8711.00    3.3292E-14
  8714.00    3.3277E-14
  8717.00    3.3290E-14
  8720.00    3.2843E-14
  8723.00    3.4247E-14
  8726.00    3.2993E-14
  8729.00    3.3572E-14
  8732.00    3.3065E-14
  8735.00    3.3814E-14
  8738.00    3.2093E-14
  8741.00    3.2192E-14
  8744.00    3.0782E-14
  8747.00    3.2018E-14
  8750.00    3.0169E-14
  8753.00    3.0658E-14
  8756.00    3.1283E-14
  8759.00    3.1159E-14
  8762.00    3.2656E-14
  8765.00    3.3022E-14
  8768.00    3.1151E-14
  8771.00    3.3036E-14
  8774.00    3.2837E-14
  8777.00    3.2686E-14
  8780.00    3.3942E-14
  8783.00    3.3939E-14
  8786.00    3.3785E-14
  8789.00    3.4741E-14
  8792.00    3.3548E-14
  8795.00    3.3874E-14
  8798.00    3.4184E-14
  8801.00    3.4303E-14
  8804.00    3.3867E-14
  8807.00    3.2292E-14
  8810.00    3.1341E-14
  8813.00    3.2208E-14
  8816.00    3.2725E-14
  8819.00    3.3480E-14
  8822.00    3.3177E-14
  8825.00    3.4146E-14
  8828.00    3.3951E-14
  8831.00    3.3336E-14
  8834.00    3.3292E-14
  8837.00    3.4007E-14
  8840.00    3.3301E-14
  8843.00    3.3315E-14
  8846.00    3.4466E-14
  8849.00    3.2727E-14
  8852.00    3.2488E-14
  8855.00    3.1056E-14
  8858.00    3.1435E-14
  8861.00    3.0963E-14
  8864.00    2.9339E-14
  8867.00    3.1830E-14
  8870.00    3.0884E-14
  8873.00    3.0726E-14
  8876.00    3.0831E-14
  8879.00    3.2319E-14
  8882.00    3.0220E-14
  8885.00    3.0641E-14
  8888.00    3.1306E-14
  8891.00    3.2550E-14
  8894.00    3.2904E-14
  8897.00    3.1353E-14
  8900.00    3.2398E-14
  8903.00    3.3382E-14
  8906.00    3.2317E-14
  8909.00    3.2498E-14
  8912.00    3.3118E-14
  8915.00    3.2942E-14
  8918.00    3.3133E-14
  8921.00    3.2518E-14
  8924.00    3.1969E-14
  8927.00    3.3275E-14
  8930.00    3.2286E-14
  8933.00    3.2800E-14
  8936.00    3.3109E-14
  8939.00    3.2665E-14
  8942.00    3.2080E-14
  8945.00    3.3288E-14
  8948.00    3.3685E-14
  8951.00    3.1825E-14
  8954.00    3.2342E-14
  8957.00    3.1887E-14
  8960.00    3.1395E-14
  8963.00    3.2768E-14
  8966.00    3.1417E-14
  8969.00    3.1494E-14
  8972.00    3.2071E-14
  8975.00    3.3248E-14
  8978.00    3.2552E-14
  8981.00    3.0956E-14
  8984.00    3.2752E-14
  8987.00    3.0121E-14
  8990.00    3.3077E-14
  8993.00    2.9338E-14
  8996.00    3.0375E-14
  8999.00    3.0966E-14
  9002.00    2.9965E-14
  9005.00    3.0869E-14
  9008.00    3.0747E-14
  9011.00    2.9744E-14
  9014.00    2.8296E-14
  9017.00    3.0342E-14
  9020.00    2.7946E-14
  9023.00    2.9397E-14
  9026.00    2.8820E-14
  9029.00    2.9522E-14
  9032.00    3.1215E-14
  9035.00    3.3164E-14
  9038.00    3.2183E-14
  9041.00    3.4689E-14
  9044.00    3.3504E-14
  9047.00    3.4633E-14
  9050.00    3.3516E-14
  9053.00    3.3825E-14
  9056.00    3.4178E-14
  9059.00    3.3698E-14
  9062.00    3.4756E-14
  9065.00    3.2492E-14
  9068.00    3.2890E-14
  9071.00    3.2288E-14
  9074.00    3.1765E-14
  9077.00    3.0707E-14
  9080.00    3.3579E-14
  9083.00    3.1236E-14
  9086.00    3.1317E-14
  9089.00    3.3091E-14
  9092.00    3.2333E-14
  9095.00    3.3478E-14
  9098.00    3.1893E-14
  9101.00    3.3388E-14
  9104.00    3.2651E-14
  9107.00    3.2331E-14
  9110.00    3.2259E-14
  9113.00    3.2803E-14
  9116.00    3.3448E-14
  9119.00    3.2400E-14
  9122.00    3.2448E-14
  9125.00    3.2045E-14
  9128.00    3.1657E-14
  9131.00    3.0968E-14
  9134.00    3.1978E-14
  9137.00    3.1590E-14
  9140.00    3.0446E-14
  9143.00    3.1275E-14
  9146.00    3.0845E-14
  9149.00    3.1775E-14
  9152.00    3.1817E-14
  9155.00    3.2328E-14
  9158.00    3.2086E-14
  9161.00    3.0624E-14
  9164.00    3.2281E-14
  9167.00    3.1957E-14
  9170.00    3.0546E-14
  9173.00    2.8998E-14
  9176.00    3.0678E-14
  9179.00    3.1217E-14
  9182.00    3.1037E-14
  9185.00    3.1704E-14
  9188.00    3.3869E-14
  9191.00    3.1951E-14
  9194.00    3.2000E-14
  9197.00    3.1170E-14
  9200.00    3.1082E-14
  9203.00    3.1727E-14
  9206.00    3.1718E-14
  9209.00    3.0409E-14
  9212.00    3.0933E-14
  9215.00    3.0356E-14
  9218.00    3.0369E-14
  9221.00    3.0286E-14
  9224.00    2.8426E-14
  9227.00    3.1005E-14
  9230.00    2.9759E-14
  9233.00    2.9324E-14
  9236.00    2.8555E-14
  9239.00    2.8451E-14
  9242.00    2.9419E-14
  9245.00    3.0098E-14
  9248.00    3.0463E-14
  9251.00    3.0342E-14
  9254.00    3.1936E-14
  9257.00    3.2076E-14
  9260.00    3.3003E-14
  9263.00    3.4361E-14
  9266.00    3.2829E-14
  9269.00    3.3243E-14
  9272.00    3.3752E-14
  9275.00    3.1936E-14
  9278.00    3.2431E-14
  9281.00    3.1234E-14
  9284.00    3.2753E-14
  9287.00    3.2263E-14
  9290.00    3.2756E-14
  9293.00    3.2155E-14
  9296.00    3.1522E-14
  9299.00    3.1866E-14
  9302.00    3.1952E-14
  9305.00    3.0230E-14
  9308.00    3.1163E-14
  9311.00    3.1777E-14
  9314.00    3.0047E-14
  9317.00    3.1545E-14
  9320.00    3.2352E-14
  9323.00    3.2275E-14
  9326.00    3.3278E-14
  9329.00    3.1527E-14
  9332.00    3.1750E-14
  9335.00    3.2291E-14
  9338.00    3.1174E-14
  9341.00    3.2259E-14
  9344.00    3.2687E-14
  9347.00    3.1249E-14
  9350.00    3.2407E-14
  9353.00    3.2147E-14
  9356.00    3.1192E-14
  9359.00    3.2074E-14
  9362.00    3.1341E-14
  9365.00    3.1735E-14
  9368.00    3.2445E-14
  9371.00    3.1034E-14
  9374.00    3.2330E-14
  9377.00    3.0121E-14
  9380.00    3.1527E-14
  9383.00    3.1989E-14
  9386.00    3.1488E-14
  9389.00    3.2321E-14
  9392.00    3.1663E-14
  9395.00    3.2799E-14
  9398.00    3.2052E-14
  9401.00    3.0971E-14
  9404.00    3.1376E-14
  9407.00    3.1891E-14
  9410.00    3.2185E-14
  9413.00    3.1606E-14
  9416.00    3.1527E-14
  9419.00    3.0539E-14
  9422.00    3.2019E-14
  9425.00    3.0462E-14
  9428.00    3.2590E-14
  9431.00    3.0794E-14
  9434.00    3.0560E-14
  9437.00    3.0786E-14
  9440.00    3.1450E-14
  9443.00    3.1776E-14
  9446.00    3.0692E-14
  9449.00    3.1112E-14
  9452.00    3.0533E-14
  9455.00    3.1045E-14
  9458.00    3.0275E-14
  9461.00    3.1470E-14
  9464.00    3.1861E-14
  9467.00    3.1431E-14
  9470.00    3.2469E-14
  9473.00    3.1508E-14
  9476.00    3.1820E-14
  9479.00    3.2113E-14
  9482.00    3.1345E-14
  9485.00    3.2106E-14
  9488.00    3.2257E-14
  9491.00    3.1786E-14
  9494.00    3.1989E-14
  9497.00    3.1882E-14
  9500.00    3.0745E-14
  9503.00    3.1309E-14
  9506.00    3.4361E-14
  9509.00    3.1133E-14
  9512.00    3.1970E-14
  9515.00    3.1712E-14
  9518.00    3.0407E-14
  9521.00    3.1038E-14
  9524.00    3.1387E-14
  9527.00    3.2286E-14
  9530.00    3.0813E-14
  9533.00    3.1732E-14
  9536.00    3.1466E-14
  9539.00    3.1788E-14
  9542.00    3.1939E-14
  9545.00    2.9732E-14
  9548.00    3.0212E-14
  9551.00    2.9448E-14
  9554.00    3.0824E-14
  9557.00    2.9557E-14
  9560.00    2.8915E-14
  9563.00    3.0306E-14
  9566.00    3.1851E-14
  9569.00    3.0834E-14
  9572.00    3.1749E-14
  9575.00    3.0638E-14
  9578.00    3.1980E-14
  9581.00    3.0416E-14
  9584.00    3.0902E-14
  9587.00    3.1647E-14
  9590.00    3.2197E-14
  9593.00    3.1242E-14
  9596.00    3.1884E-14
  9599.00    3.3082E-14
  9602.00    3.1654E-14
  9605.00    3.2036E-14
  9608.00    3.1991E-14
  9611.00    3.1383E-14
  9614.00    3.0733E-14
  9617.00    3.1495E-14
  9620.00    3.2496E-14
  9623.00    3.2541E-14
  9626.00    3.0919E-14
  9629.00    3.2191E-14
  9632.00    3.1130E-14
  9635.00    3.2230E-14
  9638.00    3.0862E-14
  9641.00    3.2325E-14
  9644.00    3.2312E-14
  9647.00    3.2575E-14
  9650.00    3.1900E-14
  9653.00    3.1274E-14
  9656.00    3.2399E-14
  9659.00    3.2349E-14
  9662.00    3.0563E-14
  9665.00    3.1335E-14
  9668.00    3.1925E-14
  9671.00    3.1675E-14
  9674.00    3.2271E-14
  9677.00    3.3619E-14
  9680.00    3.2387E-14
  9683.00    3.0909E-14
  9686.00    3.1848E-14
  9689.00    3.1976E-14
  9692.00    3.2055E-14
  9695.00    3.1861E-14
  9698.00    3.2254E-14
  9701.00    3.1174E-14
  9704.00    3.2585E-14
  9707.00    3.2171E-14
  9710.00    3.0520E-14
  9713.00    3.0774E-14
  9716.00    3.2409E-14
  9719.00    3.1237E-14
  9722.00    3.2798E-14
  9725.00    3.0754E-14
  9728.00    3.1984E-14
  9731.00    3.0895E-14
  9734.00    3.1124E-14
  9737.00    3.0977E-14
  9740.00    3.1782E-14
  9743.00    3.0404E-14
  9746.00    2.9415E-14
  9749.00    3.1107E-14
  9752.00    3.1013E-14
  9755.00    3.1004E-14
  9758.00    3.1155E-14
  9761.00    3.0978E-14
  9764.00    3.1903E-14
  9767.00    3.1073E-14
  9770.00    3.2298E-14
  9773.00    3.0323E-14
  9776.00    3.2474E-14
  9779.00    3.0174E-14
  9782.00    3.1554E-14
  9785.00    3.1479E-14
  9788.00    3.1405E-14
  9791.00    3.1437E-14
  9794.00    3.2184E-14
  9797.00    3.0732E-14
  9800.00    3.1611E-14
