  4300.00000     4.0507e-14     1.2946e-14 
  4301.25000     4.0248e-14     3.4523e-15 
  4302.50000     4.0945e-14     2.9434e-15 
  4303.75000     4.2544e-14     9.3460e-15 
  4305.00000     4.1377e-14     6.4145e-15 
  4306.25000     4.1189e-14     8.1625e-15 
  4307.50000     3.9543e-14    -1.8081e-14 
  4308.75000     4.2115e-14    -4.9096e-14 
  4310.00000     4.2397e-14     6.0480e-15 
  4311.25000     4.0653e-14     2.2706e-15 
  4312.50000     4.1395e-14     2.4281e-15 
  4313.75000     4.1718e-14    -8.5663e-16 
  4315.00000     4.1120e-14    -5.1880e-15 
  4316.25000     4.2336e-14     1.9857e-16 
  4317.50000     4.1437e-14     2.8522e-15 
  4318.75000     4.2101e-14     1.9866e-15 
  4320.00000     4.0762e-14     2.7157e-15 
  4321.25000     4.2230e-14     3.7074e-15 
  4322.50000     4.0163e-14     5.1199e-15 
  4323.75000     4.0915e-14     3.1206e-15 
  4325.00000     4.0088e-14     2.1110e-15 
  4326.25000     4.0613e-14     3.5719e-15 
  4327.50000     3.9904e-14     3.2421e-15 
  4328.75000     3.7667e-14     7.6337e-15 
  4330.00000     3.7601e-14     7.2417e-15 
  4331.25000     3.6972e-14     2.9411e-15 
  4332.50000     3.7603e-14     1.9832e-15 
  4333.75000     3.5389e-14     1.7308e-15 
  4335.00000     3.5255e-14     1.5127e-15 
  4336.25000     3.3554e-14     2.1378e-15 
  4337.50000     3.4745e-14     3.4848e-15 
  4338.75000     3.1928e-14     3.4580e-15 
  4340.00000     3.4244e-14    -2.6955e-15 
  4341.25000     3.2707e-14     3.6026e-14 
  4342.50000     3.1686e-14     5.0302e-14 
  4343.75000     3.2598e-14    -1.4214e-15 
  4345.00000     3.3946e-14     3.3062e-15 
  4346.25000     3.5488e-14     1.9452e-15 
  4347.50000     3.6764e-14     1.1201e-15 
  4348.75000     3.6210e-14     1.9009e-15 
  4350.00000     3.7613e-14    -8.2801e-15 
  4351.25000     3.9709e-14    -3.2636e-15 
  4352.50000     4.0902e-14     2.4911e-15 
  4353.75000     4.0303e-14     2.6177e-15 
  4355.00000     4.0576e-14     2.1331e-15 
  4356.25000     4.0097e-14     1.3835e-15 
  4357.50000     4.2051e-14     1.5234e-15 
  4358.75000     4.0181e-14     1.5727e-15 
  4360.00000     4.2205e-14     2.5733e-15 
  4361.25000     4.2234e-14     3.7675e-15 
  4362.50000     4.2349e-14     2.3584e-15 
  4363.75000     4.2652e-14     4.3737e-15 
  4365.00000     4.4398e-14     3.4572e-15 
  4366.25000     4.2818e-14     3.8346e-15 
  4367.50000     4.2225e-14     2.2593e-15 
  4368.75000     4.3987e-14     2.7127e-15 
  4370.00000     4.2319e-14     2.9235e-15 
  4371.25000     4.2454e-14     2.4478e-15 
  4372.50000     4.2119e-14     2.4942e-15 
  4373.75000     4.1678e-14     5.0370e-15 
  4375.00000     4.3636e-14     4.8430e-15 
  4376.25000     4.2326e-14     1.7702e-15 
  4377.50000     4.1705e-14     2.3029e-15 
  4378.75000     3.9057e-14     3.7994e-15 
  4380.00000     4.1976e-14     3.4925e-15 
  4381.25000     4.1721e-14     4.5457e-15 
  4382.50000     4.1352e-14     6.4229e-15 
  4383.75000     3.9876e-14     3.0097e-15 
  4385.00000     4.1093e-14     2.0623e-15 
  4386.25000     4.0183e-14     2.2599e-15 
  4387.50000     4.1263e-14     2.1341e-15 
  4388.75000     4.0580e-14     1.5716e-15 
  4390.00000     4.1615e-14     3.1135e-15 
  4391.25000     4.0027e-14     8.6813e-15 
  4392.50000     4.0943e-14    -2.7021e-15 
  4393.75000     4.0661e-14     2.2406e-15 
  4395.00000     4.3809e-14     2.3433e-15 
  4396.25000     4.2740e-14    -1.6541e-16 
  4397.50000     4.1248e-14    -1.7196e-15 
  4398.75000     4.2124e-14     5.4769e-15 
  4400.00000     4.1571e-14     4.0508e-15 
  4401.25000     4.2161e-14     4.3061e-15 
  4402.50000     4.2687e-14     5.4683e-15 
  4403.75000     4.2699e-14     7.0686e-15 
  4405.00000     3.9942e-14     2.1274e-15 
  4406.25000     4.1532e-14     1.7421e-15 
  4407.50000     4.2182e-14     1.5359e-15 
  4408.75000     4.0792e-14     1.3943e-15 
  4410.00000     4.1099e-14     1.2994e-15 
  4411.25000     4.2652e-14     1.8621e-15 
  4412.50000     4.3063e-14     3.4847e-15 
  4413.75000     4.2884e-14     2.7842e-15 
  4415.00000     4.1902e-14     3.0768e-15 
  4416.25000     4.2304e-14     6.0190e-15 
  4417.50000     4.2268e-14     4.7737e-15 
  4418.75000     4.1877e-14     8.4647e-15 
  4420.00000     4.1807e-14     3.6573e-15 
  4421.25000     4.2070e-14     3.4712e-15 
  4422.50000     4.1147e-14     2.7194e-15 
  4423.75000     4.2000e-14     2.0874e-15 
  4425.00000     4.1936e-14     2.4093e-15 
  4426.25000     4.1401e-14     3.0489e-15 
  4427.50000     4.3145e-14     3.1670e-15 
  4428.75000     4.2351e-14     4.1265e-15 
  4430.00000     4.0994e-14     1.6530e-15 
  4431.25000     4.3245e-14     1.9575e-15 
  4432.50000     4.2532e-14     2.0642e-15 
  4433.75000     4.1418e-14     2.7822e-15 
  4435.00000     4.1489e-14     3.0222e-15 
  4436.25000     4.3554e-14     1.4111e-15 
  4437.50000     4.2203e-14     1.1847e-15 
  4438.75000     4.1606e-14     2.7170e-15 
  4440.00000     4.2618e-14     3.9849e-15 
  4441.25000     4.2458e-14     2.6063e-15 
  4442.50000     4.2455e-14     2.1913e-15 
  4443.75000     4.3135e-14     2.9207e-15 
  4445.00000     4.1322e-14     1.8269e-15 
  4446.25000     4.1204e-14     1.2894e-15 
  4447.50000     4.2755e-14     1.3152e-15 
  4448.75000     4.0925e-14     1.2544e-15 
  4450.00000     4.2108e-14     1.6253e-15 
  4451.25000     4.0236e-14     1.6932e-15 
  4452.50000     4.1323e-14     1.7801e-15 
  4453.75000     4.1426e-14     1.9453e-15 
  4455.00000     4.4001e-14     1.5929e-15 
  4456.25000     4.2172e-14     1.4766e-15 
  4457.50000     4.2338e-14     1.4507e-15 
  4458.75000     4.1868e-14     1.3674e-15 
  4460.00000     4.2282e-14     1.5109e-15 
  4461.25000     4.0772e-14     1.6735e-15 
  4462.50000     4.1824e-14     1.6093e-15 
  4463.75000     4.2477e-14     3.2354e-15 
  4465.00000     4.0486e-14     7.4421e-15 
  4466.25000     4.2876e-14     3.0344e-15 
  4467.50000     4.2329e-14     2.5548e-14 
  4468.75000     4.0355e-14     2.3318e-14 
  4470.00000     4.2111e-14     3.7169e-15 
  4471.25000     4.0412e-14     2.0569e-15 
  4472.50000     4.0222e-14     1.9301e-15 
  4473.75000     4.0678e-14     1.3260e-15 
  4475.00000     4.3347e-14     3.2875e-15 
  4476.25000     4.2166e-14     1.2154e-14 
  4477.50000     4.1959e-14     4.5880e-15 
  4478.75000     4.1777e-14     2.3843e-15 
  4480.00000     4.3984e-14     2.7617e-15 
  4481.25000     4.1572e-14     2.1401e-15 
  4482.50000     4.1483e-14     3.9036e-15 
  4483.75000     4.2963e-14     1.9969e-15 
  4485.00000     4.1362e-14     1.7676e-15 
  4486.25000     4.1430e-14     4.9829e-15 
  4487.50000     4.2706e-14    -1.5027e-14 
  4488.75000     4.3180e-14    -3.8680e-14 
  4490.00000     4.3145e-14     3.7971e-15 
  4491.25000     4.2364e-14     6.6014e-16 
  4492.50000     4.2531e-14     5.1190e-15 
  4493.75000     4.0200e-14     2.1163e-15 
  4495.00000     4.2664e-14    -1.4626e-15 
  4496.25000     4.4311e-14     3.5456e-15 
  4497.50000     4.4418e-14     1.8256e-15 
  4498.75000     4.2458e-14     1.8085e-15 
  4500.00000     4.2265e-14     2.0770e-15 
  4501.25000     4.4074e-14     1.4788e-15 
  4502.50000     4.1734e-14     1.3392e-15 
  4503.75000     4.3506e-14     1.7751e-15 
  4505.00000     4.3506e-14     1.6121e-15 
  4506.25000     4.4348e-14     2.2250e-15 
  4507.50000     4.3851e-14     4.1437e-15 
  4508.75000     4.4066e-14     2.4256e-15 
  4510.00000     4.2420e-14     2.0508e-15 
  4511.25000     4.2825e-14     2.2064e-15 
  4512.50000     4.3355e-14     1.5958e-15 
  4513.75000     4.3155e-14     1.2522e-15 
  4515.00000     4.3847e-14     1.8323e-15 
  4516.25000     4.2372e-14     2.8480e-15 
  4517.50000     4.3542e-14     2.5654e-15 
  4518.75000     3.9992e-14     1.4328e-15 
  4520.00000     4.2822e-14     1.2299e-15 
  4521.25000     4.2963e-14     2.1563e-15 
  4522.50000     4.1151e-14     2.9102e-15 
  4523.75000     4.0682e-14     1.9966e-15 
  4525.00000     4.1572e-14     1.1413e-15 
  4526.25000     4.1786e-14     1.1747e-15 
  4527.50000     4.2020e-14     1.1445e-15 
  4528.75000     3.9451e-14     1.4823e-15 
  4530.00000     4.0758e-14     1.3395e-15 
  4531.25000     4.0491e-14     1.4583e-15 
  4532.50000     4.0079e-14     3.9861e-15 
  4533.75000     4.2246e-14     2.4690e-15 
  4535.00000     4.1884e-14     1.0820e-15 
  4536.25000     4.0698e-14     1.5325e-15 
  4537.50000     4.2810e-14     1.2776e-15 
  4538.75000     4.1666e-14     1.3014e-15 
  4540.00000     4.2925e-14     2.0412e-15 
  4541.25000     4.0748e-14     2.3500e-15 
  4542.50000     4.1197e-14     2.4023e-15 
  4543.75000     4.2466e-14     1.3508e-15 
  4545.00000     4.0942e-14     1.3637e-15 
  4546.25000     4.1226e-14     2.1228e-15 
  4547.50000     4.1644e-14     1.5722e-15 
  4548.75000     4.2555e-14     1.1199e-15 
  4550.00000     3.9320e-14     1.3781e-15 
  4551.25000     4.1148e-14     2.6001e-15 
  4552.50000     4.2679e-14     2.9078e-15 
  4553.75000     4.1709e-14     2.3410e-15 
  4555.00000     4.1448e-14     2.2047e-15 
  4556.25000     4.0008e-14     1.3337e-15 
  4557.50000     4.2720e-14     1.0458e-15 
  4558.75000     4.1458e-14     1.5103e-15 
  4560.00000     4.0496e-14     1.2571e-15 
  4561.25000     4.1534e-14     1.6274e-15 
  4562.50000     4.3479e-14     1.7203e-15 
  4563.75000     3.9323e-14     1.2021e-15 
  4565.00000     4.1091e-14     1.4580e-15 
  4566.25000     4.1265e-14     1.9421e-15 
  4567.50000     4.1662e-14     2.1229e-15 
  4568.75000     4.2270e-14     4.0578e-15 
  4570.00000     4.1640e-14     2.2048e-15 
  4571.25000     4.0948e-14     1.2023e-15 
  4572.50000     4.2087e-14     1.1033e-15 
  4573.75000     4.0512e-14     1.2984e-15 
  4575.00000     4.1433e-14     1.1467e-15 
  4576.25000     4.0678e-14     1.5562e-15 
  4577.50000     4.0941e-14     2.0236e-15 
  4578.75000     3.9921e-14     1.2617e-15 
  4580.00000     4.1534e-14     2.4172e-15 
  4581.25000     4.1705e-14     4.5464e-15 
  4582.50000     4.1159e-14     3.2094e-15 
  4583.75000     4.0011e-14     1.1081e-15 
  4585.00000     4.2879e-14     9.9981e-16 
  4586.25000     4.1959e-14     9.4796e-16 
  4587.50000     4.0717e-14     1.2408e-15 
  4588.75000     4.1082e-14     1.2053e-15 
  4590.00000     4.0436e-14     1.3985e-15 
  4591.25000     4.0725e-14     1.5052e-15 
  4592.50000     4.1615e-14     2.7942e-15 
  4593.75000     4.1075e-14     4.0905e-15 
  4595.00000     3.9963e-14     7.5188e-15 
  4596.25000     4.0442e-14     6.5159e-15 
  4597.50000     3.9875e-14     3.1660e-15 
  4598.75000     4.0977e-14     2.0622e-15 
  4600.00000     4.2431e-14     1.5525e-15 
  4601.25000     4.3345e-14     1.3171e-15 
  4602.50000     4.1429e-14     1.1496e-15 
  4603.75000     4.1925e-14     1.1011e-15 
  4605.00000     4.2879e-14     1.0630e-15 
  4606.25000     4.0941e-14     8.0071e-16 
  4607.50000     4.1028e-14     8.4206e-16 
  4608.75000     4.1927e-14     1.1923e-15 
  4610.00000     4.2231e-14     1.2837e-15 
  4611.25000     4.1321e-14     1.1855e-15 
  4612.50000     4.1829e-14     1.1307e-15 
  4613.75000     4.1019e-14     9.3162e-16 
  4615.00000     4.4041e-14     8.2543e-16 
  4616.25000     4.2598e-14     1.0901e-15 
  4617.50000     4.2365e-14     9.9832e-16 
  4618.75000     3.9920e-14     8.0226e-16 
  4620.00000     4.2017e-14     9.3061e-16 
  4621.25000     4.3516e-14     1.4900e-15 
  4622.50000     4.0874e-14     1.0927e-15 
  4623.75000     4.3289e-14     7.3721e-16 
  4625.00000     4.2235e-14     8.4922e-16 
  4626.25000     4.2181e-14     1.2152e-15 
  4627.50000     4.1079e-14     8.1341e-16 
  4628.75000     4.2415e-14     6.8710e-16 
  4630.00000     4.1881e-14     7.2447e-16 
  4631.25000     4.0964e-14     7.2964e-16 
  4632.50000     4.2705e-14     8.5558e-16 
  4633.75000     4.2517e-14     1.2026e-15 
  4635.00000     4.2284e-14     1.1186e-15 
  4636.25000     4.2499e-14     7.8775e-16 
  4637.50000     4.0985e-14     8.4361e-16 
  4638.75000     4.2987e-14     7.2140e-16 
  4640.00000     4.0772e-14     6.6912e-16 
  4641.25000     4.0126e-14     8.0763e-16 
  4642.50000     4.1839e-14     8.7663e-16 
  4643.75000     4.1045e-14     8.3445e-16 
  4645.00000     4.0529e-14     7.2114e-16 
  4646.25000     4.1187e-14     7.0990e-16 
  4647.50000     4.1107e-14     6.3409e-16 
  4648.75000     4.2032e-14     5.9526e-16 
  4650.00000     4.1051e-14     7.8021e-16 
  4651.25000     3.9093e-14     1.0008e-15 
  4652.50000     4.1692e-14     1.0312e-15 
  4653.75000     4.0364e-14     7.3485e-16 
  4655.00000     4.2008e-14     8.6876e-16 
  4656.25000     4.1677e-14     1.2496e-15 
  4657.50000     4.1214e-14     8.2443e-16 
  4658.75000     4.0318e-14     7.5785e-16 
  4660.00000     4.1147e-14     7.8888e-16 
  4661.25000     3.9870e-14     6.4451e-16 
  4662.50000     4.0855e-14     6.1329e-16 
  4663.75000     4.1213e-14     7.5405e-16 
  4665.00000     4.1278e-14     9.9690e-16 
  4666.25000     4.1093e-14     1.4323e-15 
  4667.50000     4.0298e-14     1.1587e-15 
  4668.75000     4.0543e-14     5.2301e-16 
  4670.00000     3.9984e-14     7.6368e-16 
  4671.25000     4.1208e-14     1.1932e-15 
  4672.50000     4.0995e-14     7.6707e-16 
  4673.75000     4.2167e-14     6.0779e-16 
  4675.00000     4.1195e-14     6.4800e-16 
  4676.25000     4.0317e-14     4.6969e-16 
  4677.50000     4.0845e-14     4.2510e-16 
  4678.75000     4.0753e-14     3.7786e-16 
  4680.00000     4.0720e-14     3.5834e-16 
  4681.25000     3.9434e-14     3.8962e-16 
  4682.50000     4.1560e-14     4.4207e-16 
  4683.75000     4.1305e-14     4.9749e-16 
  4685.00000     4.0124e-14     5.2577e-16 
  4686.25000     4.0072e-14     5.0552e-16 
  4687.50000     4.0044e-14     4.5459e-16 
  4688.75000     3.9835e-14     3.8910e-16 
  4690.00000     4.0680e-14     8.4021e-16 
  4691.25000     4.1810e-14    -6.2430e-16 
  4692.50000     4.1807e-14    -6.9491e-15 
  4693.75000     4.0724e-14     2.9564e-15 
  4695.00000     4.1097e-14     1.4511e-15 
  4696.25000     4.0742e-14     5.5733e-16 
  4697.50000     4.0604e-14     4.4317e-16 
  4698.75000     4.0194e-14     3.6869e-16 
  4700.00000     4.0293e-14     2.4601e-16 
  4701.25000     4.0055e-14     2.0461e-16 
  4702.50000     4.0312e-14     2.4888e-16 
  4703.75000     4.0088e-14     6.5115e-16 
  4705.00000     4.1050e-14     9.4012e-16 
  4706.25000     4.1687e-14     7.4511e-16 
  4707.50000     4.1961e-14     5.2559e-16 
  4708.75000     4.0482e-14     3.0109e-16 
  4710.00000     4.0587e-14     2.7234e-16 
  4711.25000     4.0313e-14     2.6082e-16 
  4712.50000     4.1292e-14     2.3273e-16 
  4713.75000     4.0294e-14     2.3637e-16 
  4715.00000     4.0603e-14     2.7547e-16 
  4716.25000     4.0228e-14     2.7086e-16 
  4717.50000     4.1283e-14     3.0276e-16 
  4718.75000     3.8972e-14     3.0538e-16 
  4720.00000     4.0550e-14     3.2638e-16 
  4721.25000     4.0339e-14     3.1223e-16 
  4722.50000     3.8790e-14     2.9307e-16 
  4723.75000     4.0811e-14     3.2084e-16 
  4725.00000     4.1356e-14     3.7794e-16 
  4726.25000     4.1432e-14     4.3832e-16 
  4727.50000     4.2079e-14     5.1459e-16 
  4728.75000     4.1557e-14     4.3127e-16 
  4730.00000     4.0613e-14     3.9701e-16 
  4731.25000     4.0618e-14     4.4894e-16 
  4732.50000     4.0776e-14     4.9072e-16 
  4733.75000     4.1095e-14     5.0373e-16 
  4735.00000     4.0368e-14     4.9378e-16 
  4736.25000     4.0627e-14     4.9368e-16 
  4737.50000     4.0713e-14     4.9599e-16 
  4738.75000     4.1101e-14     5.2619e-16 
  4740.00000     4.1246e-14     5.0069e-16 
  4741.25000     4.0887e-14     4.8091e-16 
  4742.50000     3.9631e-14     4.6578e-16 
  4743.75000     4.0615e-14     5.4136e-16 
  4745.00000     4.0701e-14     6.0328e-16 
  4746.25000     3.8770e-14     6.4406e-16 
  4747.50000     4.0905e-14     7.2858e-16 
  4748.75000     4.0103e-14     1.1157e-15 
  4750.00000     4.1750e-14     9.0858e-16 
  4751.25000     3.9233e-14     6.4009e-16 
  4752.50000     3.9278e-14     5.0712e-16 
  4753.75000     4.1785e-14     5.5518e-16 
  4755.00000     3.8991e-14     5.2087e-16 
  4756.25000     4.1271e-14     5.4147e-16 
  4757.50000     4.0084e-14     5.7464e-16 
  4758.75000     3.8623e-14     5.9026e-16 
  4760.00000     3.9959e-14     5.6579e-16 
  4761.25000     4.0900e-14     5.7913e-16 
  4762.50000     4.1014e-14     5.5735e-16 
  4763.75000     4.0359e-14     6.1324e-16 
  4765.00000     4.1368e-14     6.5704e-16 
  4766.25000     4.0034e-14     6.6799e-16 
  4767.50000     3.8687e-14     6.3080e-16 
  4768.75000     4.2981e-14     6.5283e-16 
  4770.00000     4.1128e-14     8.9213e-16 
  4771.25000     4.1719e-14     1.1256e-15 
  4772.50000     3.8882e-14     4.6680e-15 
  4773.75000     4.1766e-14     4.0652e-15 
  4775.00000     4.1063e-14     1.5751e-15 
  4776.25000     4.1110e-14     1.2650e-15 
  4777.50000     4.1514e-14     9.0344e-16 
  4778.75000     3.8793e-14     6.2038e-16 
  4780.00000     4.0470e-14     6.6699e-16 
  4781.25000     4.0393e-14     6.0166e-16 
  4782.50000     4.0793e-14     7.5723e-16 
  4783.75000     4.0980e-14     1.9635e-15 
  4785.00000     4.1457e-14     4.1369e-15 
  4786.25000     4.0772e-14     4.9430e-15 
  4787.50000     4.2841e-14     5.0912e-15 
  4788.75000     4.1632e-14     9.3961e-16 
  4790.00000     4.0638e-14     4.7393e-16 
  4791.25000     4.2797e-14     5.3600e-16 
  4792.50000     4.0951e-14     5.5654e-16 
  4793.75000     4.2631e-14     5.7686e-16 
  4795.00000     3.8937e-14     5.9180e-16 
  4796.25000     4.1853e-14     6.0626e-16 
  4797.50000     4.1465e-14     6.9715e-16 
  4798.75000     4.1724e-14     1.0294e-15 
  4800.00000     4.0550e-14     8.1693e-16 
  4801.25000     4.0060e-14     6.1655e-16 
  4802.50000     4.1058e-14     5.5616e-16 
  4803.75000     4.1247e-14     5.0780e-16 
  4805.00000     4.2081e-14     5.5283e-16 
  4806.25000     4.2678e-14     5.8191e-16 
  4807.50000     4.1898e-14     5.7061e-16 
  4808.75000     4.0238e-14     5.4445e-16 
  4810.00000     4.1875e-14     6.3504e-16 
  4811.25000     4.2073e-14     6.2257e-16 
  4812.50000     4.0696e-14     5.8817e-16 
  4813.75000     4.0067e-14     5.8511e-16 
  4815.00000     4.0782e-14     6.6355e-16 
  4816.25000     4.1793e-14     6.0342e-16 
  4817.50000     4.0826e-14     6.6530e-16 
  4818.75000     4.0239e-14     7.4174e-16 
  4820.00000     4.1389e-14     7.7583e-16 
  4821.25000     3.9616e-14     7.6838e-16 
  4822.50000     4.0830e-14     7.9502e-16 
  4823.75000     4.0125e-14     7.4481e-16 
  4825.00000     4.0147e-14     6.4283e-16 
  4826.25000     4.0165e-14     6.1543e-16 
  4827.50000     4.1289e-14     8.0822e-16 
  4828.75000     3.9426e-14     7.6983e-16 
  4830.00000     4.0118e-14     7.0505e-16 
  4831.25000     3.9662e-14     7.8981e-16 
  4832.50000     3.9634e-14     7.8470e-16 
  4833.75000     4.1077e-14     7.5838e-16 
  4835.00000     3.8708e-14     8.1647e-16 
  4836.25000     4.0718e-14     7.8761e-16 
  4837.50000     3.8439e-14     5.4147e-16 
  4838.75000     3.9156e-14     5.9550e-16 
  4840.00000     3.9397e-14     6.9943e-16 
  4841.25000     3.7351e-14     6.4960e-16 
  4842.50000     3.7692e-14     7.1052e-16 
  4843.75000     3.8167e-14     8.5698e-16 
  4845.00000     3.8116e-14     7.7623e-16 
  4846.25000     3.7817e-14     8.3789e-16 
  4847.50000     3.6208e-14     8.7317e-16 
  4848.75000     3.4463e-14     6.4784e-16 
  4850.00000     3.6472e-14     8.3904e-16 
  4851.25000     3.7050e-14     1.1037e-15 
  4852.50000     3.6758e-14     8.9990e-16 
  4853.75000     3.3693e-14     5.5174e-16 
  4855.00000     3.4326e-14     6.7761e-16 
  4856.25000     3.2922e-14     7.2830e-16 
  4857.50000     3.2751e-14     7.9945e-16 
  4858.75000     3.2292e-14     8.7408e-16 
  4860.00000     3.2085e-14     9.1213e-16 
  4861.25000     3.0699e-14     9.7981e-16 
  4862.50000     3.1971e-14     7.6142e-16 
  4863.75000     3.1661e-14     7.3825e-16 
  4865.00000     3.1053e-14     8.3833e-16 
  4866.25000     3.1435e-14     7.9495e-16 
  4867.50000     3.1662e-14     6.8352e-16 
  4868.75000     3.1702e-14     8.4936e-16 
  4870.00000     3.3946e-14     1.1021e-15 
  4871.25000     3.4352e-14     9.0835e-16 
  4872.50000     3.5581e-14     7.1145e-16 
  4873.75000     3.5893e-14     6.7685e-16 
  4875.00000     3.3471e-14     6.7610e-16 
  4876.25000     3.6108e-14     7.8568e-16 
  4877.50000     3.5045e-14     6.4873e-16 
  4878.75000     3.6930e-14     8.7797e-16 
  4880.00000     3.7562e-14     9.0577e-16 
  4881.25000     3.7523e-14     8.7106e-16 
  4882.50000     3.9272e-14     8.5740e-16 
  4883.75000     3.9133e-14     6.7537e-16 
  4885.00000     3.8302e-14     7.1734e-16 
  4886.25000     3.7610e-14     8.6383e-16 
  4887.50000     3.7878e-14     9.6956e-16 
  4888.75000     3.8168e-14     1.0508e-15 
  4890.00000     3.7972e-14     8.9534e-16 
  4891.25000     3.8791e-14     7.6680e-16 
  4892.50000     3.8068e-14     8.0375e-16 
  4893.75000     3.8521e-14     7.5201e-16 
  4895.00000     4.1149e-14     9.0994e-16 
  4896.25000     4.0713e-14     1.0301e-15 
  4897.50000     3.9394e-14     9.3815e-16 
  4898.75000     4.0442e-14     1.2953e-15 
  4900.00000     4.1097e-14     1.0174e-15 
  4901.25000     3.8970e-14     8.8465e-16 
  4902.50000     3.9725e-14     1.0427e-15 
  4903.75000     3.8345e-14     9.9775e-16 
  4905.00000     4.0267e-14     9.8561e-16 
  4906.25000     3.9063e-14     8.8096e-16 
  4907.50000     4.0763e-14     7.7431e-16 
  4908.75000     4.1081e-14     7.7413e-16 
  4910.00000     4.0061e-14     1.0794e-15 
  4911.25000     4.0300e-14     1.5380e-15 
  4912.50000     3.8360e-14     1.3299e-15 
  4913.75000     4.1009e-14     1.0346e-15 
  4915.00000     3.8510e-14     7.4292e-16 
  4916.25000     3.8818e-14     8.8469e-16 
  4917.50000     3.7372e-14     8.2784e-16 
  4918.75000     3.9217e-14     7.0634e-16 
  4920.00000     3.9155e-14     9.3580e-16 
  4921.25000     3.8276e-14     9.8723e-16 
  4922.50000     3.7964e-14     8.3084e-16 
  4923.75000     3.9525e-14     7.8859e-16 
  4925.00000     3.8273e-14     7.4509e-16 
  4926.25000     3.8425e-14     1.1094e-15 
  4927.50000     3.9085e-14     1.0096e-15 
  4928.75000     3.9125e-14     9.4110e-16 
  4930.00000     3.8428e-14     8.1400e-16 
  4931.25000     3.9761e-14     9.4576e-16 
  4932.50000     3.8484e-14     1.1286e-15 
  4933.75000     3.9219e-14     1.0276e-15 
  4935.00000     3.8101e-14     9.6654e-16 
  4936.25000     3.9967e-14     9.9076e-16 
  4937.50000     3.7522e-14     7.7428e-16 
  4938.75000     4.0815e-14     8.9460e-16 
  4940.00000     4.0404e-14     1.2218e-15 
  4941.25000     3.8025e-14     1.3035e-15 
  4942.50000     4.0993e-14     1.3334e-15 
  4943.75000     4.0317e-14     1.1185e-15 
  4945.00000     3.8887e-14     7.2850e-16 
  4946.25000     4.1770e-14     8.3762e-16 
  4947.50000     3.8703e-14     9.2382e-16 
  4948.75000     3.9139e-14     1.3962e-15 
  4950.00000     4.0041e-14     1.2900e-15 
  4951.25000     4.0612e-14     1.2097e-15 
  4952.50000     4.1925e-14     1.2265e-15 
  4953.75000     3.7875e-14     1.1586e-15 
  4955.00000     4.0325e-14     1.1922e-15 
  4956.25000     4.0234e-14     8.9433e-16 
  4957.50000     3.8866e-14     8.4412e-16 
  4958.75000     4.0021e-14     1.1084e-15 
  4960.00000     3.8028e-14     1.1351e-15 
  4961.25000     3.9110e-14     1.0060e-15 
  4962.50000     3.9019e-14     9.1201e-16 
  4963.75000     4.1710e-14     9.7511e-16 
  4965.00000     3.8914e-14     1.0025e-15 
  4966.25000     3.9882e-14     9.2651e-16 
  4967.50000     3.8148e-14     8.4682e-16 
  4968.75000     3.9953e-14     7.1303e-16 
  4970.00000     4.0050e-14     6.6726e-16 
  4971.25000     3.7567e-14     9.9866e-16 
  4972.50000     3.9779e-14     1.3596e-15 
  4973.75000     3.8831e-14     9.9160e-16 
  4975.00000     3.8108e-14     8.7934e-16 
  4976.25000     3.9023e-14     1.0560e-15 
  4977.50000     3.9789e-14     9.6372e-16 
  4978.75000     3.8581e-14     9.2961e-16 
  4980.00000     3.9614e-14     9.0980e-16 
  4981.25000     3.8225e-14     8.4141e-16 
  4982.50000     4.0639e-14     9.2380e-16 
  4983.75000     3.9110e-14     8.1242e-16 
  4985.00000     3.8963e-14     7.0987e-16 
  4986.25000     3.8476e-14     8.4669e-16 
  4987.50000     3.8694e-14     1.1351e-15 
  4988.75000     3.7897e-14     1.0850e-15 
  4990.00000     3.8972e-14     9.3913e-16 
  4991.25000     3.8445e-14     7.8938e-16 
  4992.50000     3.9194e-14     9.2379e-16 
  4993.75000     3.9992e-14     8.8642e-16 
  4995.00000     3.8560e-14     8.4099e-16 
  4996.25000     3.9446e-14     8.4619e-16 
  4997.50000     3.8613e-14     7.9238e-16 
  4998.75000     3.6444e-14     7.5621e-16 
  5000.00000     3.8095e-14     8.0826e-16 
  5001.25000     3.8792e-14     7.2504e-16 
  5002.50000     3.6581e-14     6.3823e-16 
  5003.75000     3.7945e-14     8.6851e-16 
  5005.00000     3.6426e-14     9.6021e-16 
  5006.25000     3.6459e-14     7.7719e-16 
  5007.50000     3.6562e-14     6.4735e-16 
  5008.75000     3.7690e-14     8.2190e-16 
  5010.00000     3.6354e-14     8.0103e-16 
  5011.25000     3.7196e-14     8.2133e-16 
  5012.50000     3.7726e-14     9.5975e-16 
  5013.75000     3.6529e-14     9.2510e-16 
  5015.00000     3.6805e-14     7.2314e-16 
  5016.25000     3.6876e-14     7.2270e-16 
  5017.50000     3.8104e-14     7.5110e-16 
  5018.75000     3.7406e-14     6.4247e-16 
  5020.00000     3.7832e-14     8.0837e-16 
  5021.25000     3.7413e-14     1.0682e-15 
  5022.50000     3.6907e-14     6.9626e-16 
  5023.75000     3.7737e-14     6.6874e-16 
  5025.00000     3.6776e-14     8.1424e-16 
  5026.25000     3.7543e-14     8.7892e-16 
  5027.50000     3.6236e-14     7.9087e-16 
  5028.75000     3.8496e-14     7.9250e-16 
  5030.00000     3.8610e-14     6.5899e-16 
  5031.25000     3.7244e-14     6.9398e-16 
  5032.50000     3.7490e-14     1.0036e-15 
  5033.75000     3.7634e-14     1.2649e-15 
  5035.00000     3.9034e-14     1.0317e-15 
  5036.25000     3.9260e-14     1.0331e-15 
  5037.50000     3.7623e-14     1.2484e-15 
  5038.75000     3.8070e-14     9.3548e-16 
  5040.00000     3.8788e-14     7.7181e-16 
  5041.25000     3.7392e-14     8.2570e-16 
  5042.50000     3.7319e-14     9.7323e-16 
  5043.75000     3.6879e-14     8.4232e-16 
  5045.00000     3.7199e-14     7.5509e-16 
  5046.25000     3.6358e-14     7.1693e-16 
  5047.50000     3.7566e-14     8.3893e-16 
  5048.75000     3.7879e-14     8.4532e-16 
  5050.00000     3.7484e-14     8.3831e-16 
  5051.25000     3.7794e-14     7.1944e-16 
  5052.50000     3.8394e-14     8.1481e-16 
  5053.75000     3.9015e-14     8.9525e-16 
  5055.00000     3.9623e-14     1.0323e-15 
  5056.25000     3.8575e-14     7.9970e-16 
  5057.50000     3.9346e-14     8.1775e-16 
  5058.75000     3.7489e-14     9.4457e-16 
  5060.00000     3.9229e-14     1.0268e-15 
  5061.25000     3.8448e-14     8.2126e-16 
  5062.50000     3.8354e-14     7.5282e-16 
  5063.75000     3.8836e-14     8.3308e-16 
  5065.00000     3.6450e-14     7.9271e-16 
  5066.25000     4.0881e-14     8.9007e-16 
  5067.50000     3.6037e-14     8.2561e-16 
  5068.75000     3.7581e-14     9.5551e-16 
  5070.00000     3.8011e-14     1.1209e-15 
  5071.25000     3.8370e-14     9.6556e-16 
  5072.50000     3.8020e-14     1.0188e-15 
  5073.75000     3.6847e-14     9.3120e-16 
  5075.00000     3.8198e-14     8.7365e-16 
  5076.25000     3.8497e-14     8.8979e-16 
  5077.50000     3.6744e-14     6.7750e-16 
  5078.75000     3.8207e-14     7.0891e-16 
  5080.00000     3.6338e-14     9.8161e-16 
  5081.25000     3.8658e-14     1.0322e-15 
  5082.50000     3.6979e-14     7.1279e-16 
  5083.75000     3.7033e-14     1.0589e-15 
  5085.00000     3.7987e-14     1.3786e-15 
  5086.25000     3.8011e-14     7.5129e-16 
  5087.50000     3.7390e-14     6.9328e-16 
  5088.75000     3.8162e-14     9.2463e-16 
  5090.00000     3.6258e-14     1.0408e-15 
  5091.25000     3.8155e-14     8.8572e-16 
  5092.50000     3.9154e-14     8.4494e-16 
  5093.75000     3.6414e-14     8.3903e-16 
  5095.00000     3.7787e-14     1.0183e-15 
  5096.25000     3.6416e-14     1.4960e-15 
  5097.50000     3.7328e-14     1.3664e-15 
  5098.75000     3.8099e-14     8.2703e-16 
  5100.00000     3.6781e-14     8.4293e-16 
  5101.25000     3.8386e-14     9.5795e-16 
  5102.50000     3.8056e-14     8.7736e-16 
  5103.75000     3.8438e-14     1.0966e-15 
  5105.00000     3.6631e-14     8.2234e-16 
  5106.25000     3.7030e-14     5.8146e-16 
  5107.50000     3.6476e-14     6.8997e-16 
  5108.75000     3.5911e-14     9.1693e-16 
  5110.00000     3.7768e-14     9.8032e-16 
  5111.25000     3.8845e-14     1.1536e-15 
  5112.50000     3.8040e-14     9.1481e-16 
  5113.75000     3.8480e-14     9.0703e-16 
  5115.00000     3.8600e-14     8.6854e-16 
  5116.25000     3.7045e-14     7.6020e-16 
  5117.50000     3.7822e-14     9.8114e-16 
  5118.75000     3.6855e-14     8.1782e-16 
  5120.00000     3.7416e-14     6.6295e-16 
  5121.25000     3.7214e-14     7.7365e-16 
  5122.50000     3.8964e-14     8.3757e-16 
  5123.75000     3.5262e-14     7.2127e-16 
  5125.00000     3.8369e-14     7.9400e-16 
  5126.25000     3.7206e-14     1.6051e-15 
  5127.50000     3.8076e-14     1.8189e-15 
  5128.75000     3.8869e-14     8.8766e-16 
  5130.00000     3.8356e-14     6.4010e-16 
  5131.25000     3.7414e-14     8.0082e-16 
  5132.50000     3.7933e-14     6.9935e-16 
  5133.75000     3.5850e-14     7.8143e-16 
  5135.00000     3.7352e-14     1.1565e-15 
  5136.25000     3.4507e-14     9.0508e-16 
  5137.50000     3.6795e-14     9.0952e-16 
  5138.75000     3.6740e-14     8.0197e-16 
  5140.00000     3.8498e-14     8.3696e-16 
  5141.25000     3.7652e-14     9.1065e-16 
  5142.50000     3.7826e-14     1.0674e-15 
  5143.75000     3.7485e-14     9.2774e-16 
  5145.00000     3.6667e-14     7.4366e-16 
  5146.25000     3.6199e-14     7.4868e-16 
  5147.50000     3.6226e-14     7.0282e-16 
  5148.75000     3.7587e-14     7.5964e-16 
  5150.00000     3.8174e-14     9.3915e-16 
  5151.25000     3.6622e-14     6.9413e-16 
  5152.50000     3.7288e-14     8.2597e-16 
  5153.75000     3.8078e-14     2.4460e-15 
  5155.00000     3.6525e-14     2.1522e-15 
  5156.25000     3.5738e-14     6.8594e-16 
  5157.50000     3.8715e-14     1.0324e-15 
  5158.75000     3.4350e-14     8.4752e-16 
  5160.00000     3.6881e-14     8.4414e-16 
  5161.25000     3.6607e-14     9.8267e-16 
  5162.50000     3.5081e-14     8.3180e-16 
  5163.75000     3.7163e-14     8.3920e-16 
  5165.00000     3.6138e-14     7.1040e-16 
  5166.25000     3.5969e-14     7.7615e-16 
  5167.50000     3.7142e-14     1.0284e-15 
  5168.75000     3.6228e-14     1.0866e-15 
  5170.00000     3.3106e-14     7.7020e-16 
  5171.25000     3.7248e-14     8.5197e-16 
  5172.50000     3.5274e-14     8.8227e-16 
  5173.75000     3.4855e-14     1.0105e-15 
  5175.00000     3.6888e-14     1.0300e-15 
  5176.25000     3.5600e-14     8.7781e-16 
  5177.50000     3.3425e-14     9.0645e-16 
  5178.75000     3.5341e-14     8.9018e-16 
  5180.00000     3.2807e-14     6.4014e-16 
  5181.25000     3.6026e-14     9.2904e-16 
  5182.50000     3.2923e-14     1.0271e-15 
  5183.75000     3.4861e-14     9.7564e-16 
  5185.00000     3.3608e-14     7.1797e-16 
  5186.25000     3.4632e-14     8.0479e-16 
  5187.50000     3.7062e-14     1.2411e-15 
  5188.75000     3.5369e-14     1.0816e-15 
  5190.00000     3.5760e-14     8.8541e-16 
  5191.25000     3.3321e-14     8.3331e-16 
  5192.50000     3.6036e-14     1.0121e-15 
  5193.75000     3.4068e-14     8.1723e-16 
  5195.00000     3.5840e-14     6.8677e-16 
  5196.25000     3.6589e-14     6.4369e-16 
  5197.50000     3.7483e-14     6.5184e-16 
  5198.75000     3.5928e-14     7.9237e-16 
  5200.00000     3.6360e-14     8.8070e-16 
  5201.25000     3.6988e-14     8.2742e-16 
  5202.50000     3.5567e-14     9.5938e-16 
  5203.75000     3.5019e-14     9.1906e-16 
  5205.00000     3.5644e-14     8.4353e-16 
  5206.25000     3.5058e-14     8.7709e-16 
  5207.50000     3.5970e-14     7.6161e-16 
  5208.75000     3.6175e-14     9.5813e-16 
  5210.00000     3.6071e-14     1.4246e-15 
  5211.25000     3.6522e-14     1.0011e-15 
  5212.50000     3.5558e-14     9.0727e-16 
  5213.75000     3.4645e-14     9.2254e-16 
  5215.00000     3.7690e-14     1.0852e-15 
  5216.25000     3.5355e-14     1.1100e-15 
  5217.50000     3.4972e-14     1.1088e-15 
  5218.75000     3.7049e-14     1.4986e-15 
  5220.00000     3.5281e-14     1.6997e-15 
  5221.25000     3.7587e-14     1.6807e-15 
  5222.50000     3.7373e-14     1.1323e-15 
  5223.75000     3.6328e-14     1.2417e-15 
  5225.00000     3.6240e-14     2.4696e-15 
  5226.25000     3.6181e-14     1.5057e-15 
  5227.50000     3.6151e-14     1.3243e-15 
  5228.75000     3.6577e-14     1.1450e-15 
  5230.00000     3.4907e-14     8.4397e-16 
  5231.25000     3.7137e-14     1.0760e-15 
  5232.50000     3.7751e-14     8.8744e-16 
  5233.75000     3.7311e-14     8.9549e-16 
  5235.00000     3.5696e-14     7.5704e-16 
  5236.25000     3.5594e-14     7.4418e-16 
  5237.50000     3.6890e-14     7.2330e-16 
  5238.75000     3.6623e-14     7.0188e-16 
  5240.00000     3.6785e-14     7.1578e-16 
  5241.25000     3.7339e-14     7.4070e-16 
  5242.50000     3.8410e-14     7.1155e-16 
  5243.75000     3.8390e-14     7.2712e-16 
  5245.00000     3.6361e-14     7.4142e-16 
  5246.25000     3.7684e-14     9.4259e-16 
  5247.50000     3.5899e-14     8.0531e-16 
  5248.75000     3.7463e-14     7.2261e-16 
  5250.00000     3.6230e-14     6.4187e-16 
  5251.25000     3.7015e-14     6.4782e-16 
  5252.50000     3.6020e-14     8.2553e-16 
  5253.75000     3.4781e-14     7.9084e-16 
  5255.00000     3.6175e-14     8.3114e-16 
  5256.25000     3.5594e-14     7.3587e-16 
  5257.50000     3.6351e-14     6.4405e-16 
  5258.75000     3.5867e-14     6.3826e-16 
  5260.00000     3.6349e-14     6.9124e-16 
  5261.25000     3.4608e-14     7.4013e-16 
  5262.50000     3.7047e-14     7.6246e-16 
  5263.75000     3.6666e-14     6.7868e-16 
  5265.00000     3.6404e-14     8.5150e-16 
  5266.25000     3.6667e-14     1.0425e-15 
  5267.50000     3.2913e-14     1.0992e-15 
  5268.75000     3.4100e-14     7.4741e-16 
  5270.00000     3.5156e-14     7.4836e-16 
  5271.25000     3.5952e-14     6.8617e-16 
  5272.50000     3.4596e-14     7.1433e-16 
  5273.75000     3.5969e-14     9.5134e-16 
  5275.00000     3.6518e-14     8.2506e-16 
  5276.25000     3.4545e-14     6.4537e-16 
  5277.50000     3.5162e-14     9.8668e-16 
  5278.75000     3.4159e-14     8.5983e-16 
  5280.00000     3.5614e-14     5.9938e-16 
  5281.25000     3.6652e-14     6.3560e-16 
  5282.50000     3.6216e-14     7.3638e-16 
  5283.75000     3.5269e-14     6.9323e-16 
  5285.00000     3.5696e-14     6.7694e-16 
  5286.25000     3.6157e-14     8.8675e-16 
  5287.50000     3.5475e-14     6.8730e-16 
  5288.75000     3.6513e-14     9.9784e-16 
  5290.00000     3.6888e-14     9.3584e-16 
  5291.25000     3.7590e-14     6.4426e-16 
  5292.50000     3.5222e-14     6.4690e-16 
  5293.75000     3.6958e-14     9.3858e-16 
  5295.00000     3.7541e-14     8.7596e-16 
  5296.25000     3.6248e-14     7.8994e-16 
  5297.50000     3.5727e-14     6.9853e-16 
  5298.75000     3.7600e-14     7.7701e-16 
  5300.00000     3.6968e-14     8.6658e-16 
  5301.25000     3.7389e-14     7.4282e-16 
  5302.50000     3.5104e-14     6.5215e-16 
  5303.75000     3.7448e-14     8.8153e-16 
  5305.00000     3.7774e-14     8.8774e-16 
  5306.25000     3.6339e-14     7.1799e-16 
  5307.50000     3.7396e-14     7.9346e-16 
  5308.75000     3.6686e-14     7.1858e-16 
  5310.00000     3.6882e-14     7.2283e-16 
  5311.25000     3.6803e-14     1.0433e-15 
  5312.50000     3.6916e-14     1.0538e-15 
  5313.75000     3.5737e-14     7.0865e-16 
  5315.00000     3.7242e-14     7.1302e-16 
  5316.25000     3.6555e-14     7.3176e-16 
  5317.50000     3.7700e-14     6.9783e-16 
  5318.75000     3.8557e-14     6.9739e-16 
  5320.00000     3.7264e-14     8.3219e-16 
  5321.25000     3.5618e-14     7.0591e-16 
  5322.50000     3.6038e-14     5.8689e-16 
  5323.75000     3.5976e-14     5.9895e-16 
  5325.00000     3.5524e-14     5.2659e-16 
  5326.25000     3.6695e-14     5.2066e-16 
  5327.50000     3.5160e-14     6.2996e-16 
  5328.75000     3.6938e-14     7.7284e-16 
  5330.00000     3.6123e-14     7.6529e-16 
  5331.25000     3.5507e-14     8.0420e-16 
  5332.50000     3.4783e-14     7.5476e-16 
  5333.75000     3.5897e-14     6.4371e-16 
  5335.00000     3.5017e-14     6.9752e-16 
  5336.25000     3.6650e-14     7.7921e-16 
  5337.50000     3.5099e-14     6.2770e-16 
  5338.75000     3.6935e-14     7.5150e-16 
  5340.00000     3.4518e-14     7.0235e-16 
  5341.25000     3.6056e-14     6.1476e-16 
  5342.50000     3.7574e-14     6.2169e-16 
  5343.75000     3.6893e-14     6.1798e-16 
  5345.00000     3.4026e-14     6.8059e-16 
  5346.25000     3.7619e-14     6.8597e-16 
  5347.50000     3.4976e-14     5.6781e-16 
  5348.75000     3.6761e-14     5.2641e-16 
  5350.00000     3.6965e-14     5.7069e-16 
  5351.25000     3.7126e-14     6.0836e-16 
  5352.50000     3.7240e-14     6.7133e-16 
  5353.75000     3.7266e-14     8.1148e-16 
  5355.00000     3.6274e-14     8.4495e-16 
  5356.25000     3.5029e-14     6.5720e-16 
  5357.50000     3.6514e-14     6.3273e-16 
  5358.75000     3.6540e-14     6.3020e-16 
  5360.00000     3.5878e-14     6.2368e-16 
  5361.25000     3.8789e-14     8.9735e-16 
  5362.50000     3.5078e-14     7.7961e-16 
  5363.75000     3.6437e-14     6.8067e-16 
  5365.00000     3.7224e-14     6.8982e-16 
  5366.25000     3.7138e-14     5.8653e-16 
  5367.50000     3.7321e-14     6.9367e-16 
  5368.75000     3.6309e-14     7.9581e-16 
  5370.00000     3.6001e-14     6.6423e-16 
  5371.25000     3.7070e-14     6.8837e-16 
  5372.50000     3.7704e-14     1.2454e-15 
  5373.75000     3.4384e-14     8.5678e-16 
  5375.00000     3.6953e-14     7.9363e-16 
  5376.25000     3.4272e-14     7.3490e-16 
  5377.50000     3.6888e-14     7.3505e-16 
  5378.75000     3.6333e-14     6.9013e-16 
  5380.00000     3.7240e-14     6.4608e-16 
  5381.25000     3.5977e-14     6.1009e-16 
  5382.50000     3.6171e-14     6.5539e-16 
  5383.75000     3.7486e-14     7.0984e-16 
  5385.00000     3.7389e-14     7.4895e-16 
  5386.25000     3.7622e-14     7.2531e-16 
  5387.50000     3.4805e-14     6.6150e-16 
  5388.75000     3.5675e-14     6.6967e-16 
  5390.00000     3.5486e-14     8.8106e-16 
  5391.25000     3.6800e-14     1.0247e-15 
  5392.50000     3.6818e-14     9.1162e-16 
  5393.75000     3.5777e-14     8.6080e-16 
  5395.00000     3.5878e-14     7.0337e-16 
  5396.25000     3.6132e-14     6.5603e-16 
  5397.50000     3.6892e-14     1.0782e-15 
  5398.75000     3.4494e-14     1.0273e-15 
  5400.00000     3.5794e-14     9.7147e-16 
  5401.25000     3.5988e-14     1.0245e-15 
  5402.50000     3.4409e-14     1.1159e-15 
  5403.75000     3.5217e-14     8.1665e-16 
  5405.00000     3.4130e-14     6.0996e-16 
  5406.25000     3.5264e-14     7.9724e-16 
  5407.50000     3.5234e-14     8.6075e-16 
  5408.75000     3.5583e-14     1.2788e-15 
  5410.00000     3.4364e-14     9.5420e-16 
  5411.25000     3.5820e-14     8.4722e-16 
  5412.50000     3.5091e-14     9.4215e-16 
  5413.75000     3.6112e-14     8.0900e-16 
  5415.00000     3.5460e-14     8.0556e-16 
  5416.25000     3.7659e-14     8.1463e-16 
  5417.50000     3.7113e-14     9.0121e-16 
  5418.75000     3.6797e-14     1.0618e-15 
  5420.00000     3.6787e-14     9.3784e-16 
  5421.25000     3.5976e-14     8.2722e-16 
  5422.50000     3.5396e-14     7.2672e-16 
  5423.75000     3.6271e-14     6.7173e-16 
  5425.00000     3.5985e-14     6.4601e-16 
  5426.25000     3.5000e-14     7.6992e-16 
  5427.50000     3.5357e-14     9.2999e-16 
  5428.75000     3.5760e-14     8.4251e-16 
  5430.00000     3.5765e-14     8.1122e-16 
  5431.25000     3.6950e-14     9.4368e-16 
  5432.50000     3.4812e-14     7.9109e-16 
  5433.75000     3.7556e-14     1.1701e-15 
  5435.00000     3.6991e-14     1.2285e-15 
  5436.25000     3.6384e-14     8.3054e-16 
  5437.50000     3.5931e-14     8.5250e-16 
  5438.75000     3.6045e-14     8.7616e-16 
  5440.00000     3.5697e-14     8.8015e-16 
  5441.25000     3.7000e-14     6.9134e-16 
  5442.50000     3.6479e-14     6.7958e-16 
  5443.75000     3.4570e-14     8.1528e-16 
  5445.00000     3.5356e-14     8.5508e-16 
  5446.25000     3.7431e-14     9.8365e-16 
  5447.50000     3.5545e-14     9.0627e-16 
  5448.75000     3.8702e-14     7.0783e-16 
  5450.00000     3.6078e-14     7.0168e-16 
  5451.25000     3.5653e-14     8.3996e-16 
  5452.50000     3.3993e-14     6.8458e-16 
  5453.75000     3.6072e-14     7.3556e-16 
  5455.00000     3.5439e-14     8.6120e-16 
  5456.25000     3.4759e-14     8.4506e-16 
  5457.50000     3.7273e-14     9.1409e-16 
  5458.75000     3.5009e-14     7.8998e-16 
  5460.00000     3.6452e-14     7.5993e-16 
  5461.25000     3.6356e-14     8.3864e-16 
  5462.50000     3.3941e-14     6.4511e-16 
  5463.75000     3.4517e-14     6.2393e-16 
  5465.00000     3.4479e-14     6.3396e-16 
  5466.25000     3.6798e-14     7.3838e-16 
  5467.50000     3.3340e-14     6.4992e-16 
  5468.75000     3.4989e-14     9.3211e-16 
  5470.00000     3.3352e-14     1.0033e-15 
  5471.25000     3.7628e-14     1.0167e-15 
  5472.50000     3.5698e-14     9.2028e-16 
  5473.75000     3.3205e-14     6.5704e-16 
  5475.00000     3.5139e-14     6.8863e-16 
  5476.25000     3.5234e-14     8.7131e-16 
  5477.50000     3.5816e-14     1.0856e-15 
  5478.75000     3.5340e-14     1.2024e-15 
  5480.00000     3.4690e-14     1.1270e-15 
  5481.25000     3.4820e-14     9.3614e-16 
  5482.50000     3.4974e-14     7.1913e-16 
  5483.75000     3.6011e-14     5.8345e-16 
  5485.00000     3.6906e-14     6.6027e-16 
  5486.25000     3.6355e-14     8.8224e-16 
  5487.50000     3.5099e-14     7.5262e-16 
  5488.75000     3.5736e-14     7.1667e-16 
  5490.00000     3.4585e-14     9.4327e-16 
  5491.25000     3.3510e-14     7.6872e-16 
  5492.50000     3.4727e-14     6.3209e-16 
  5493.75000     3.6549e-14     7.4965e-16 
  5495.00000     3.6306e-14     8.1711e-16 
  5496.25000     3.7046e-14     9.5042e-16 
  5497.50000     3.4003e-14     8.6736e-16 
  5498.75000     3.4186e-14     6.7383e-16 
  5500.00000     3.5084e-14     6.8918e-16 
  5501.25000     3.5098e-14     7.4586e-16 
  5502.50000     3.5703e-14     7.8497e-16 
  5503.75000     3.5932e-14     7.3708e-16 
  5505.00000     3.5253e-14     8.1748e-16 
  5506.25000     3.3246e-14     5.6283e-16 
  5507.50000     3.6729e-14     5.6420e-16 
  5508.75000     3.5552e-14     5.9075e-16 
  5510.00000     3.5575e-14     7.6301e-16 
  5511.25000     3.3722e-14     8.1422e-16 
  5512.50000     3.5688e-14     7.5860e-16 
  5513.75000     3.5719e-14     7.9585e-16 
  5515.00000     3.5074e-14     8.8030e-16 
  5516.25000     3.4338e-14     8.6533e-16 
  5517.50000     3.6606e-14     7.6122e-16 
  5518.75000     3.5353e-14     7.0781e-16 
  5520.00000     3.7133e-14     8.6897e-16 
  5521.25000     3.4628e-14     6.9271e-16 
  5522.50000     3.5689e-14     6.4532e-16 
  5523.75000     3.5039e-14     6.5847e-16 
  5525.00000     3.5055e-14     7.0628e-16 
  5526.25000     3.5839e-14     7.0065e-16 
  5527.50000     3.5449e-14     5.8718e-16 
  5528.75000     3.4602e-14     5.7418e-16 
  5530.00000     3.4753e-14     6.3957e-16 
  5531.25000     3.7278e-14     7.2431e-16 
  5532.50000     3.2752e-14     5.8127e-16 
  5533.75000     3.6674e-14     6.7588e-16 
  5535.00000     3.5714e-14     7.8268e-16 
  5536.25000     3.5982e-14     7.2773e-16 
  5537.50000     3.6109e-14     8.4990e-16 
  5538.75000     3.7010e-14     9.6032e-16 
  5540.00000     3.4881e-14     7.8190e-16 
  5541.25000     3.6135e-14     7.7244e-16 
  5542.50000     3.5208e-14     6.4660e-16 
  5543.75000     3.5155e-14     6.0308e-16 
  5545.00000     3.5168e-14     6.7064e-16 
  5546.25000     3.5736e-14     9.1022e-16 
  5547.50000     3.6435e-14     8.5683e-16 
  5548.75000     3.6012e-14     6.9294e-16 
  5550.00000     3.5942e-14     6.8017e-16 
  5551.25000     3.3861e-14     6.9287e-16 
  5552.50000     3.5514e-14     6.7852e-16 
  5553.75000     3.5942e-14     7.4275e-16 
  5555.00000     3.5406e-14     7.8557e-16 
  5556.25000     3.3940e-14     5.9936e-16 
  5557.50000     3.6233e-14     6.7420e-16 
  5558.75000     3.5064e-14     9.0648e-16 
  5560.00000     3.6720e-14     7.7179e-16 
  5561.25000     3.4180e-14     6.6745e-16 
  5562.50000     3.5141e-14     7.7207e-16 
  5563.75000     3.6694e-14     7.9317e-16 
  5565.00000     3.4726e-14     7.4477e-16 
  5566.25000     3.4162e-14     7.8324e-16 
  5567.50000     3.4903e-14     8.1982e-16 
  5568.75000     3.5635e-14     7.7351e-16 
  5570.00000     3.5575e-14     8.2036e-16 
  5571.25000     3.3946e-14     7.4014e-16 
  5572.50000     3.3979e-14     8.2401e-16 
  5573.75000     3.6405e-14     9.0238e-16 
  5575.00000     3.5270e-14     7.6017e-16 
  5576.25000     3.5439e-14     7.7772e-16 
  5577.50000     3.6950e-14     1.0360e-15 
  5578.75000     3.4011e-14     1.3204e-15 
  5580.00000     3.3418e-14     1.0485e-15 
  5581.25000     3.4519e-14     7.1657e-16 
  5582.50000     3.5078e-14     5.5227e-16 
  5583.75000     3.2812e-14     6.0374e-16 
  5585.00000     3.5456e-14     1.2140e-15 
  5586.25000     3.5431e-14     1.5753e-15 
  5587.50000     3.4319e-14     1.1441e-15 
  5588.75000     3.5743e-14     1.1066e-15 
  5590.00000     3.3837e-14     1.4013e-15 
  5591.25000     3.4689e-14     9.3539e-16 
  5592.50000     3.6237e-14     1.4964e-15 
  5593.75000     3.4421e-14     2.6037e-15 
  5595.00000     3.5793e-14     1.0925e-15 
  5596.25000     3.4323e-14     8.6635e-16 
  5597.50000     3.5503e-14     9.5198e-16 
  5598.75000     3.5624e-14     8.1481e-16 
  5600.00000     3.3484e-14     7.3341e-16 
  5601.25000     3.4932e-14     8.0203e-16 
  5602.50000     3.6537e-14     8.2201e-16 
  5603.75000     3.5262e-14     7.1835e-16 
  5605.00000     3.4588e-14     7.9617e-16 
  5606.25000     3.4384e-14     9.0886e-16 
  5607.50000     3.4247e-14     6.6813e-16 
  5608.75000     3.5553e-14     5.5865e-16 
  5610.00000     3.3911e-14     6.5666e-16 
  5611.25000     3.5920e-14     7.5761e-16 
  5612.50000     3.6568e-14     8.2937e-16 
  5613.75000     3.5762e-14     8.0727e-16 
  5615.00000     3.5592e-14     7.1887e-16 
  5616.25000     3.5229e-14     6.3063e-16 
  5617.50000     3.5789e-14     5.5595e-16 
  5618.75000     3.5571e-14     6.7720e-16 
  5620.00000     3.4464e-14     7.1010e-16 
  5621.25000     3.6383e-14     6.4505e-16 
  5622.50000     3.4245e-14     6.9170e-16 
  5623.75000     3.5568e-14     9.7320e-16 
  5625.00000     3.4144e-14     7.8427e-16 
  5626.25000     3.5747e-14     5.7023e-16 
  5627.50000     3.5364e-14     7.3700e-16 
  5628.75000     3.5356e-14     8.8922e-16 
  5630.00000     3.5533e-14     5.8262e-16 
  5631.25000     3.6290e-14     5.2921e-16 
  5632.50000     3.5644e-14     6.7890e-16 
  5633.75000     3.5392e-14     7.0559e-16 
  5635.00000     3.5116e-14     5.4095e-16 
  5636.25000     3.5066e-14     7.0162e-16 
  5637.50000     3.4433e-14     6.4907e-16 
  5638.75000     3.4774e-14     6.4964e-16 
  5640.00000     3.5257e-14     7.7551e-16 
  5641.25000     3.6053e-14     6.7345e-16 
  5642.50000     3.4585e-14     5.2032e-16 
  5643.75000     3.5199e-14     5.3282e-16 
  5645.00000     3.5118e-14     6.5693e-16 
  5646.25000     3.5020e-14     6.7471e-16 
  5647.50000     3.3391e-14     6.3777e-16 
  5648.75000     3.5199e-14     5.8396e-16 
  5650.00000     3.6154e-14     5.6590e-16 
  5651.25000     3.5317e-14     6.4444e-16 
  5652.50000     3.5745e-14     7.4559e-16 
  5653.75000     3.5192e-14     7.7798e-16 
  5655.00000     3.5563e-14     6.7637e-16 
  5656.25000     3.5117e-14     6.5762e-16 
  5657.50000     3.5025e-14     6.9203e-16 
  5658.75000     3.3475e-14     6.4540e-16 
  5660.00000     3.4816e-14     6.6950e-16 
  5661.25000     3.4440e-14     5.9285e-16 
  5662.50000     3.5379e-14     1.0198e-15 
  5663.75000     3.4807e-14     1.1856e-15 
  5665.00000     3.3130e-14     6.5822e-16 
  5666.25000     3.4386e-14     5.8898e-16 
  5667.50000     3.3846e-14     6.2196e-16 
  5668.75000     3.5733e-14     6.2204e-16 
  5670.00000     3.4953e-14     5.9160e-16 
  5671.25000     3.5294e-14     5.5046e-16 
  5672.50000     3.4112e-14     5.7531e-16 
  5673.75000     3.3799e-14     7.1422e-16 
  5675.00000     3.2514e-14     6.4914e-16 
  5676.25000     3.3706e-14     6.4164e-16 
  5677.50000     3.5393e-14     7.7695e-16 
  5678.75000     3.4468e-14     6.6406e-16 
  5680.00000     3.4651e-14     5.7330e-16 
  5681.25000     3.3175e-14     5.7109e-16 
  5682.50000     3.5170e-14     7.6873e-16 
  5683.75000     3.4269e-14     8.2808e-16 
  5685.00000     3.3457e-14     5.3872e-16 
  5686.25000     3.5032e-14     5.2693e-16 
  5687.50000     3.3745e-14     5.4248e-16 
  5688.75000     3.4337e-14     5.2885e-16 
  5690.00000     3.4844e-14     5.7521e-16 
  5691.25000     3.4598e-14     6.8677e-16 
  5692.50000     3.4370e-14     7.0258e-16 
  5693.75000     3.3746e-14     6.1489e-16 
  5695.00000     3.5600e-14     6.1124e-16 
  5696.25000     3.4709e-14     6.5667e-16 
  5697.50000     3.4488e-14     6.2466e-16 
  5698.75000     3.4759e-14     4.9635e-16 
  5700.00000     3.4364e-14     5.2715e-16 
  5701.25000     3.4784e-14     5.6430e-16 
  5702.50000     3.5941e-14     5.7190e-16 
  5703.75000     3.5493e-14     6.2458e-16 
  5705.00000     3.5161e-14     6.0937e-16 
  5706.25000     3.3978e-14     5.5897e-16 
  5707.50000     3.5530e-14     5.9373e-16 
  5708.75000     3.5496e-14     6.4666e-16 
  5710.00000     3.3987e-14     6.3724e-16 
  5711.25000     3.3959e-14     5.6961e-16 
  5712.50000     3.4359e-14     5.7882e-16 
  5713.75000     3.4362e-14     5.7313e-16 
  5715.00000     3.3211e-14     5.4079e-16 
  5716.25000     3.6884e-14     6.2975e-16 
  5717.50000     3.5121e-14     6.5994e-16 
  5718.75000     3.4637e-14     6.9836e-16 
  5720.00000     3.4951e-14     6.2747e-16 
  5721.25000     3.4395e-14     5.9387e-16 
  5722.50000     3.4558e-14     6.6652e-16 
  5723.75000     3.5519e-14     7.7757e-16 
  5725.00000     3.4792e-14     8.6178e-16 
  5726.25000     3.4396e-14     8.3701e-16 
  5727.50000     3.6605e-14     7.4439e-16 
  5728.75000     3.5286e-14     6.0558e-16 
  5730.00000     3.3256e-14     5.2208e-16 
  5731.25000     3.5126e-14     5.6550e-16 
  5732.50000     3.6604e-14     5.5645e-16 
  5733.75000     3.2802e-14     5.7003e-16 
  5735.00000     3.5679e-14     7.3541e-16 
  5736.25000     3.5628e-14     6.0944e-16 
  5737.50000     3.6162e-14     5.0669e-16 
  5738.75000     3.4923e-14     4.8595e-16 
  5740.00000     3.5009e-14     5.6606e-16 
  5741.25000     3.4777e-14     5.3066e-16 
  5742.50000     3.6756e-14     4.9626e-16 
  5743.75000     3.6728e-14     5.6463e-16 
  5745.00000     3.4778e-14     6.0002e-16 
  5746.25000     3.5853e-14     5.2889e-16 
  5747.50000     3.7169e-14     4.9855e-16 
  5748.75000     3.3842e-14     5.1282e-16 
  5750.00000     3.4780e-14     5.8390e-16 
  5751.25000     3.4995e-14     6.1960e-16 
  5752.50000     3.4000e-14     5.8060e-16 
  5753.75000     3.5265e-14     5.1640e-16 
  5755.00000     3.5153e-14     5.2210e-16 
  5756.25000     3.5563e-14     7.7144e-16 
  5757.50000     3.6212e-14     8.6858e-16 
  5758.75000     3.3253e-14     7.3401e-16 
  5760.00000     3.4513e-14     6.6952e-16 
  5761.25000     3.5350e-14     5.9514e-16 
  5762.50000     3.5025e-14     6.1694e-16 
  5763.75000     3.6163e-14     5.6537e-16 
  5765.00000     3.5210e-14     5.1614e-16 
  5766.25000     3.5210e-14     5.6877e-16 
  5767.50000     3.2550e-14     4.6072e-16 
  5768.75000     3.5219e-14     4.3568e-16 
  5770.00000     3.5122e-14     4.6178e-16 
  5771.25000     3.4163e-14     4.8283e-16 
  5772.50000     3.5912e-14     4.8282e-16 
  5773.75000     3.4155e-14     3.9668e-16 
  5775.00000     3.5362e-14     4.4489e-16 
  5776.25000     3.5089e-14     4.8490e-16 
  5777.50000     3.4843e-14     5.0060e-16 
  5778.75000     3.5090e-14     5.1733e-16 
  5780.00000     3.5560e-14     4.8260e-16 
  5781.25000     3.3787e-14     4.8942e-16 
  5782.50000     3.3867e-14     4.8519e-16 
  5783.75000     3.4008e-14     4.1622e-16 
  5785.00000     3.5054e-14     4.6023e-16 
  5786.25000     3.4320e-14     5.4876e-16 
  5787.50000     3.2661e-14     5.2806e-16 
  5788.75000     3.5562e-14     5.6230e-16 
  5790.00000     3.5124e-14     5.5534e-16 
  5791.25000     3.4756e-14     5.0230e-16 
  5792.50000     3.5849e-14     5.4899e-16 
  5793.75000     3.5956e-14     5.2438e-16 
  5795.00000     3.4850e-14     5.2259e-16 
  5796.25000     3.4512e-14     5.6053e-16 
  5797.50000     3.5005e-14     5.0286e-16 
  5798.75000     3.5590e-14     4.7518e-16 
  5800.00000     3.4644e-14     4.6116e-16 
