   3600.0000   1.836E-13
   3602.0000   1.832E-13
   3604.0000   1.829E-13
   3606.0000   1.825E-13
   3608.0000   1.821E-13
   3610.0000   1.817E-13
   3612.0000   1.813E-13
   3614.0000   1.808E-13
   3616.0000   1.804E-13
   3618.0000   1.800E-13
   3620.0000   1.796E-13
   3622.0000   1.791E-13
   3624.0000   1.787E-13
   3626.0000   1.782E-13
   3628.0000   1.777E-13
   3630.0000   1.772E-13
   3632.0000   1.768E-13
   3634.0000   1.763E-13
   3636.0000   1.758E-13
   3638.0000   1.753E-13
   3640.0000   1.748E-13
   3642.0000   1.742E-13
   3644.0000   1.737E-13
   3646.0000   1.732E-13
   3648.0000   1.726E-13
   3650.0000   1.721E-13
   3652.0000   1.715E-13
   3654.0000   1.709E-13
   3656.0000   1.703E-13
   3658.0000   1.698E-13
   3660.0000   1.692E-13
   3662.0000   1.686E-13
   3664.0000   1.679E-13
   3666.0000   1.673E-13
   3668.0000   1.667E-13
   3670.0000   1.661E-13
   3672.0000   1.654E-13
   3674.0000   1.648E-13
   3676.0000   1.641E-13
   3678.0000   1.634E-13
   3680.0000   1.627E-13
   3682.0000   1.621E-13
   3684.0000   1.614E-13
   3686.0000   1.607E-13
   3688.0000   1.600E-13
   3690.0000   1.592E-13
   3692.0000   1.585E-13
   3694.0000   1.578E-13
   3696.0000   1.571E-13
   3698.0000   1.563E-13
   3700.0000   1.556E-13
   3702.0000   1.548E-13
   3704.0000   1.541E-13
   3706.0000   1.533E-13
   3708.0000   1.526E-13
   3710.0000   1.518E-13
   3712.0000   1.510E-13
   3714.0000   1.503E-13
   3716.0000   1.495E-13
   3718.0000   1.487E-13
   3720.0000   1.479E-13
   3722.0000   1.472E-13
   3724.0000   1.464E-13
   3726.0000   1.456E-13
   3728.0000   1.448E-13
   3730.0000   1.441E-13
   3732.0000   1.433E-13
   3734.0000   1.425E-13
   3736.0000   1.418E-13
   3738.0000   1.410E-13
   3740.0000   1.402E-13
   3742.0000   1.394E-13
   3744.0000   1.387E-13
   3746.0000   1.379E-13
   3748.0000   1.372E-13
   3750.0000   1.364E-13
   3752.0000   1.356E-13
   3754.0000   1.349E-13
   3756.0000   1.342E-13
   3758.0000   1.334E-13
   3760.0000   1.327E-13
   3762.0000   1.319E-13
   3764.0000   1.312E-13
   3766.0000   1.305E-13
   3768.0000   1.298E-13
   3770.0000   1.290E-13
   3772.0000   1.283E-13
   3774.0000   1.276E-13
   3776.0000   1.269E-13
   3778.0000   1.262E-13
   3780.0000   1.255E-13
   3782.0000   1.248E-13
   3784.0000   1.241E-13
   3786.0000   1.235E-13
   3788.0000   1.228E-13
   3790.0000   1.221E-13
   3792.0000   1.214E-13
   3794.0000   1.208E-13
   3796.0000   1.201E-13
   3798.0000   1.195E-13
   3800.0000   1.188E-13
   3802.0000   1.182E-13
   3804.0000   1.176E-13
   3806.0000   1.169E-13
   3808.0000   1.163E-13
   3810.0000   1.157E-13
   3812.0000   1.151E-13
   3814.0000   1.145E-13
   3816.0000   1.139E-13
   3818.0000   1.133E-13
   3820.0000   1.127E-13
   3822.0000   1.121E-13
   3824.0000   1.115E-13
   3826.0000   1.110E-13
   3828.0000   1.104E-13
   3830.0000   1.098E-13
   3832.0000   1.093E-13
   3834.0000   1.087E-13
   3836.0000   1.082E-13
   3838.0000   1.076E-13
   3840.0000   1.071E-13
   3842.0000   1.065E-13
   3844.0000   1.060E-13
   3846.0000   1.055E-13
   3848.0000   1.050E-13
   3850.0000   1.044E-13
   3852.0000   1.039E-13
   3854.0000   1.034E-13
   3856.0000   1.029E-13
   3858.0000   1.024E-13
   3860.0000   1.019E-13
   3862.0000   1.015E-13
   3864.0000   1.010E-13
   3866.0000   1.005E-13
   3868.0000   1.000E-13
   3870.0000   9.956E-14
   3872.0000   9.909E-14
   3874.0000   9.863E-14
   3876.0000   9.817E-14
   3878.0000   9.772E-14
   3880.0000   9.727E-14
   3882.0000   9.682E-14
   3884.0000   9.637E-14
   3886.0000   9.593E-14
   3888.0000   9.549E-14
   3890.0000   9.506E-14
   3892.0000   9.463E-14
   3894.0000   9.420E-14
   3896.0000   9.377E-14
   3898.0000   9.335E-14
   3900.0000   9.293E-14
   3902.0000   9.252E-14
   3904.0000   9.211E-14
   3906.0000   9.171E-14
   3908.0000   9.131E-14
   3910.0000   9.092E-14
   3912.0000   9.053E-14
   3914.0000   9.014E-14
   3916.0000   8.977E-14
   3918.0000   8.939E-14
   3920.0000   8.903E-14
   3922.0000   8.867E-14
   3924.0000   8.831E-14
   3926.0000   8.796E-14
   3928.0000   8.761E-14
   3930.0000   8.727E-14
   3932.0000   8.693E-14
   3934.0000   8.660E-14
   3936.0000   8.627E-14
   3938.0000   8.595E-14
   3940.0000   8.562E-14
   3942.0000   8.530E-14
   3944.0000   8.498E-14
   3946.0000   8.466E-14
   3948.0000   8.434E-14
   3950.0000   8.402E-14
   3952.0000   8.370E-14
   3954.0000   8.338E-14
   3956.0000   8.306E-14
   3958.0000   8.273E-14
   3960.0000   8.240E-14
   3962.0000   8.206E-14
   3964.0000   8.172E-14
   3966.0000   8.138E-14
   3968.0000   8.103E-14
   3970.0000   8.068E-14
   3972.0000   8.032E-14
   3974.0000   7.996E-14
   3976.0000   7.960E-14
   3978.0000   7.923E-14
   3980.0000   7.886E-14
   3982.0000   7.848E-14
   3984.0000   7.810E-14
   3986.0000   7.772E-14
   3988.0000   7.734E-14
   3990.0000   7.696E-14
   3992.0000   7.657E-14
   3994.0000   7.619E-14
   3996.0000   7.581E-14
   3998.0000   7.544E-14
   4000.0000   7.506E-14
   4002.0000   7.470E-14
   4004.0000   7.433E-14
   4006.0000   7.397E-14
   4008.0000   7.362E-14
   4010.0000   7.328E-14
   4012.0000   7.295E-14
   4014.0000   7.262E-14
   4016.0000   7.231E-14
   4018.0000   7.200E-14
   4020.0000   7.171E-14
   4022.0000   7.142E-14
   4024.0000   7.115E-14
   4026.0000   7.089E-14
   4028.0000   7.064E-14
   4030.0000   7.041E-14
   4032.0000   7.019E-14
   4034.0000   6.998E-14
   4036.0000   6.978E-14
   4038.0000   6.959E-14
   4040.0000   6.942E-14
   4042.0000   6.925E-14
   4044.0000   6.910E-14
   4046.0000   6.896E-14
   4048.0000   6.883E-14
   4050.0000   6.871E-14
   4052.0000   6.859E-14
   4054.0000   6.849E-14
   4056.0000   6.839E-14
   4058.0000   6.829E-14
   4060.0000   6.821E-14
   4062.0000   6.812E-14
   4064.0000   6.804E-14
   4066.0000   6.796E-14
   4068.0000   6.788E-14
   4070.0000   6.781E-14
   4072.0000   6.773E-14
   4074.0000   6.764E-14
   4076.0000   6.756E-14
   4078.0000   6.746E-14
   4080.0000   6.737E-14
   4082.0000   6.726E-14
   4084.0000   6.715E-14
   4086.0000   6.703E-14
   4088.0000   6.689E-14
   4090.0000   6.675E-14
   4092.0000   6.660E-14
   4094.0000   6.643E-14
   4096.0000   6.625E-14
   4098.0000   6.605E-14
   4100.0000   6.585E-14
   4102.0000   6.563E-14
   4104.0000   6.539E-14
   4106.0000   6.514E-14
   4108.0000   6.488E-14
   4110.0000   6.460E-14
   4112.0000   6.431E-14
   4114.0000   6.401E-14
   4116.0000   6.370E-14
   4118.0000   6.337E-14
   4120.0000   6.303E-14
   4122.0000   6.269E-14
   4124.0000   6.233E-14
   4126.0000   6.196E-14
   4128.0000   6.159E-14
   4130.0000   6.121E-14
   4132.0000   6.083E-14
   4134.0000   6.044E-14
   4136.0000   6.005E-14
   4138.0000   5.965E-14
   4140.0000   5.925E-14
   4142.0000   5.886E-14
   4144.0000   5.846E-14
   4146.0000   5.807E-14
   4148.0000   5.767E-14
   4150.0000   5.729E-14
   4152.0000   5.690E-14
   4154.0000   5.652E-14
   4156.0000   5.615E-14
   4158.0000   5.578E-14
   4160.0000   5.542E-14
   4162.0000   5.507E-14
   4164.0000   5.473E-14
   4166.0000   5.439E-14
   4168.0000   5.407E-14
   4170.0000   5.376E-14
   4172.0000   5.346E-14
   4174.0000   5.316E-14
   4176.0000   5.288E-14
   4178.0000   5.262E-14
   4180.0000   5.236E-14
   4182.0000   5.212E-14
   4184.0000   5.189E-14
   4186.0000   5.167E-14
   4188.0000   5.147E-14
   4190.0000   5.128E-14
   4192.0000   5.110E-14
   4194.0000   5.094E-14
   4196.0000   5.079E-14
   4198.0000   5.066E-14
   4200.0000   5.054E-14
   4202.0000   5.043E-14
   4204.0000   5.034E-14
   4206.0000   5.027E-14
   4208.0000   5.021E-14
   4210.0000   5.016E-14
   4212.0000   5.013E-14
   4214.0000   5.011E-14
   4216.0000   5.011E-14
   4218.0000   5.012E-14
   4220.0000   5.015E-14
   4222.0000   5.019E-14
   4224.0000   5.025E-14
   4226.0000   5.032E-14
   4228.0000   5.041E-14
   4230.0000   5.051E-14
   4232.0000   5.062E-14
   4234.0000   5.075E-14
   4236.0000   5.090E-14
   4238.0000   5.106E-14
   4240.0000   5.123E-14
   4242.0000   5.142E-14
   4244.0000   5.162E-14
   4246.0000   5.184E-14
   4248.0000   5.206E-14
   4250.0000   5.231E-14
   4252.0000   5.256E-14
   4254.0000   5.283E-14
   4256.0000   5.311E-14
   4258.0000   5.340E-14
   4260.0000   5.370E-14
   4262.0000   5.402E-14
   4264.0000   5.434E-14
   4266.0000   5.468E-14
   4268.0000   5.502E-14
   4270.0000   5.537E-14
   4272.0000   5.574E-14
   4274.0000   5.610E-14
   4276.0000   5.648E-14
   4278.0000   5.686E-14
   4280.0000   5.725E-14
   4282.0000   5.763E-14
   4284.0000   5.803E-14
   4286.0000   5.842E-14
   4288.0000   5.881E-14
   4290.0000   5.921E-14
   4292.0000   5.960E-14
   4294.0000   5.999E-14
   4296.0000   6.037E-14
   4298.0000   6.075E-14
   4300.0000   6.112E-14
   4302.0000   6.148E-14
   4304.0000   6.182E-14
   4306.0000   6.216E-14
   4308.0000   6.249E-14
   4310.0000   6.279E-14
   4312.0000   6.309E-14
   4314.0000   6.336E-14
   4316.0000   6.361E-14
   4318.0000   6.385E-14
   4320.0000   6.406E-14
   4322.0000   6.424E-14
   4324.0000   6.440E-14
   4326.0000   6.454E-14
   4328.0000   6.465E-14
   4330.0000   6.473E-14
   4332.0000   6.478E-14
   4334.0000   6.480E-14
   4336.0000   6.479E-14
   4338.0000   6.476E-14
   4340.0000   6.469E-14
   4342.0000   6.459E-14
   4344.0000   6.446E-14
   4346.0000   6.430E-14
   4348.0000   6.411E-14
   4350.0000   6.389E-14
   4352.0000   6.364E-14
   4354.0000   6.336E-14
   4356.0000   6.306E-14
   4358.0000   6.273E-14
   4360.0000   6.237E-14
   4362.0000   6.199E-14
   4364.0000   6.158E-14
   4366.0000   6.116E-14
   4368.0000   6.071E-14
   4370.0000   6.025E-14
   4372.0000   5.976E-14
   4374.0000   5.927E-14
   4376.0000   5.875E-14
   4378.0000   5.822E-14
   4380.0000   5.769E-14
   4382.0000   5.714E-14
   4384.0000   5.658E-14
   4386.0000   5.601E-14
   4388.0000   5.544E-14
   4390.0000   5.486E-14
   4392.0000   5.428E-14
   4394.0000   5.369E-14
   4396.0000   5.310E-14
   4398.0000   5.252E-14
   4400.0000   5.193E-14
   4402.0000   5.134E-14
   4404.0000   5.076E-14
   4406.0000   5.018E-14
   4408.0000   4.960E-14
   4410.0000   4.903E-14
   4412.0000   4.846E-14
   4414.0000   4.789E-14
   4416.0000   4.734E-14
   4418.0000   4.679E-14
   4420.0000   4.624E-14
   4422.0000   4.571E-14
   4424.0000   4.518E-14
   4426.0000   4.466E-14
   4428.0000   4.415E-14
   4430.0000   4.365E-14
   4432.0000   4.315E-14
   4434.0000   4.267E-14
   4436.0000   4.219E-14
   4438.0000   4.172E-14
   4440.0000   4.127E-14
   4442.0000   4.082E-14
   4444.0000   4.038E-14
   4446.0000   3.995E-14
   4448.0000   3.953E-14
   4450.0000   3.912E-14
   4452.0000   3.871E-14
   4454.0000   3.832E-14
   4456.0000   3.794E-14
   4458.0000   3.756E-14
   4460.0000   3.720E-14
   4462.0000   3.684E-14
   4464.0000   3.649E-14
   4466.0000   3.615E-14
   4468.0000   3.582E-14
   4470.0000   3.550E-14
   4472.0000   3.519E-14
   4474.0000   3.488E-14
   4476.0000   3.459E-14
   4478.0000   3.430E-14
   4480.0000   3.402E-14
   4482.0000   3.375E-14
   4484.0000   3.348E-14
   4486.0000   3.322E-14
   4488.0000   3.297E-14
   4490.0000   3.273E-14
   4492.0000   3.250E-14
   4494.0000   3.227E-14
   4496.0000   3.205E-14
   4498.0000   3.183E-14
   4500.0000   3.163E-14
   4502.0000   3.143E-14
   4504.0000   3.123E-14
   4506.0000   3.105E-14
   4508.0000   3.087E-14
   4510.0000   3.069E-14
   4512.0000   3.052E-14
   4514.0000   3.036E-14
   4516.0000   3.021E-14
   4518.0000   3.006E-14
   4520.0000   2.991E-14
   4522.0000   2.977E-14
   4524.0000   2.964E-14
   4526.0000   2.952E-14
   4528.0000   2.939E-14
   4530.0000   2.928E-14
   4532.0000   2.917E-14
   4534.0000   2.906E-14
   4536.0000   2.896E-14
   4538.0000   2.887E-14
   4540.0000   2.878E-14
   4542.0000   2.870E-14
   4544.0000   2.862E-14
   4546.0000   2.855E-14
   4548.0000   2.848E-14
   4550.0000   2.841E-14
   4552.0000   2.836E-14
   4554.0000   2.830E-14
   4556.0000   2.825E-14
   4558.0000   2.821E-14
   4560.0000   2.817E-14
   4562.0000   2.814E-14
   4564.0000   2.811E-14
   4566.0000   2.808E-14
   4568.0000   2.806E-14
   4570.0000   2.805E-14
   4572.0000   2.804E-14
   4574.0000   2.803E-14
   4576.0000   2.803E-14
   4578.0000   2.803E-14
   4580.0000   2.804E-14
   4582.0000   2.806E-14
   4584.0000   2.807E-14
   4586.0000   2.810E-14
   4588.0000   2.812E-14
   4590.0000   2.815E-14
   4592.0000   2.819E-14
   4594.0000   2.823E-14
   4596.0000   2.828E-14
   4598.0000   2.833E-14
   4600.0000   2.839E-14
   4602.0000   2.845E-14
   4604.0000   2.851E-14
   4606.0000   2.858E-14
   4608.0000   2.866E-14
   4610.0000   2.874E-14
   4612.0000   2.883E-14
   4614.0000   2.892E-14
   4616.0000   2.902E-14
   4618.0000   2.912E-14
   4620.0000   2.922E-14
   4622.0000   2.934E-14
   4624.0000   2.945E-14
   4626.0000   2.958E-14
   4628.0000   2.970E-14
   4630.0000   2.984E-14
   4632.0000   2.998E-14
   4634.0000   3.012E-14
   4636.0000   3.027E-14
   4638.0000   3.043E-14
   4640.0000   3.060E-14
   4642.0000   3.076E-14
   4644.0000   3.094E-14
   4646.0000   3.112E-14
   4648.0000   3.131E-14
   4650.0000   3.150E-14
   4652.0000   3.170E-14
   4654.0000   3.191E-14
   4656.0000   3.213E-14
   4658.0000   3.235E-14
   4660.0000   3.258E-14
   4662.0000   3.281E-14
   4664.0000   3.305E-14
   4666.0000   3.330E-14
   4668.0000   3.356E-14
   4670.0000   3.383E-14
   4672.0000   3.410E-14
   4674.0000   3.438E-14
   4676.0000   3.467E-14
   4678.0000   3.496E-14
   4680.0000   3.527E-14
   4682.0000   3.558E-14
   4684.0000   3.590E-14
   4686.0000   3.623E-14
   4688.0000   3.657E-14
   4690.0000   3.692E-14
   4692.0000   3.728E-14
   4694.0000   3.765E-14
   4696.0000   3.803E-14
   4698.0000   3.841E-14
   4700.0000   3.881E-14
   4702.0000   3.922E-14
   4704.0000   3.963E-14
   4706.0000   4.006E-14
   4708.0000   4.050E-14
   4710.0000   4.095E-14
   4712.0000   4.140E-14
   4714.0000   4.188E-14
   4716.0000   4.236E-14
   4718.0000   4.285E-14
   4720.0000   4.335E-14
   4722.0000   4.387E-14
   4724.0000   4.440E-14
   4726.0000   4.494E-14
   4728.0000   4.549E-14
   4730.0000   4.605E-14
   4732.0000   4.663E-14
   4734.0000   4.722E-14
   4736.0000   4.782E-14
   4738.0000   4.843E-14
   4740.0000   4.906E-14
   4742.0000   4.970E-14
   4744.0000   5.035E-14
   4746.0000   5.102E-14
   4748.0000   5.169E-14
   4750.0000   5.238E-14
   4752.0000   5.309E-14
   4754.0000   5.380E-14
   4756.0000   5.453E-14
   4758.0000   5.527E-14
   4760.0000   5.602E-14
   4762.0000   5.678E-14
   4764.0000   5.756E-14
   4766.0000   5.835E-14
   4768.0000   5.914E-14
   4770.0000   5.995E-14
   4772.0000   6.077E-14
   4774.0000   6.160E-14
   4776.0000   6.243E-14
   4778.0000   6.328E-14
   4780.0000   6.413E-14
   4782.0000   6.499E-14
   4784.0000   6.586E-14
   4786.0000   6.673E-14
   4788.0000   6.761E-14
   4790.0000   6.849E-14
   4792.0000   6.937E-14
   4794.0000   7.025E-14
   4796.0000   7.114E-14
   4798.0000   7.202E-14
   4800.0000   7.290E-14
   4802.0000   7.378E-14
   4804.0000   7.465E-14
   4806.0000   7.552E-14
   4808.0000   7.637E-14
   4810.0000   7.722E-14
   4812.0000   7.805E-14
   4814.0000   7.887E-14
   4816.0000   7.968E-14
   4818.0000   8.046E-14
   4820.0000   8.123E-14
   4822.0000   8.198E-14
   4824.0000   8.270E-14
   4826.0000   8.340E-14
   4828.0000   8.407E-14
   4830.0000   8.472E-14
   4832.0000   8.533E-14
   4834.0000   8.591E-14
   4836.0000   8.646E-14
   4838.0000   8.696E-14
   4840.0000   8.744E-14
   4842.0000   8.787E-14
   4844.0000   8.826E-14
   4846.0000   8.861E-14
   4848.0000   8.892E-14
   4850.0000   8.918E-14
   4852.0000   8.940E-14
   4854.0000   8.957E-14
   4856.0000   8.970E-14
   4858.0000   8.977E-14
   4860.0000   8.980E-14
   4862.0000   8.979E-14
   4864.0000   8.972E-14
   4866.0000   8.961E-14
   4868.0000   8.945E-14
   4870.0000   8.925E-14
   4872.0000   8.900E-14
   4874.0000   8.870E-14
   4876.0000   8.836E-14
   4878.0000   8.798E-14
   4880.0000   8.755E-14
   4882.0000   8.709E-14
   4884.0000   8.659E-14
   4886.0000   8.604E-14
   4888.0000   8.547E-14
   4890.0000   8.486E-14
   4892.0000   8.422E-14
   4894.0000   8.355E-14
   4896.0000   8.285E-14
   4898.0000   8.212E-14
   4900.0000   8.137E-14
   4902.0000   8.059E-14
   4904.0000   7.980E-14
   4906.0000   7.898E-14
   4908.0000   7.815E-14
   4910.0000   7.730E-14
   4912.0000   7.644E-14
   4914.0000   7.557E-14
   4916.0000   7.469E-14
   4918.0000   7.380E-14
   4920.0000   7.290E-14
   4922.0000   7.200E-14
   4924.0000   7.109E-14
   4926.0000   7.018E-14
   4928.0000   6.927E-14
   4930.0000   6.836E-14
   4932.0000   6.745E-14
   4934.0000   6.654E-14
   4936.0000   6.563E-14
   4938.0000   6.473E-14
   4940.0000   6.383E-14
   4942.0000   6.294E-14
   4944.0000   6.206E-14
   4946.0000   6.118E-14
   4948.0000   6.031E-14
   4950.0000   5.945E-14
   4952.0000   5.859E-14
   4954.0000   5.775E-14
   4956.0000   5.692E-14
   4958.0000   5.609E-14
   4960.0000   5.528E-14
   4962.0000   5.448E-14
   4964.0000   5.369E-14
   4966.0000   5.291E-14
   4968.0000   5.214E-14
   4970.0000   5.138E-14
   4972.0000   5.063E-14
   4974.0000   4.990E-14
   4976.0000   4.918E-14
   4978.0000   4.847E-14
   4980.0000   4.777E-14
   4982.0000   4.708E-14
   4984.0000   4.641E-14
   4986.0000   4.574E-14
   4988.0000   4.509E-14
   4990.0000   4.445E-14
   4992.0000   4.382E-14
   4994.0000   4.320E-14
   4996.0000   4.260E-14
   4998.0000   4.200E-14
   5000.0000   4.142E-14
   5002.0000   4.085E-14
   5004.0000   4.028E-14
   5006.0000   3.973E-14
   5008.0000   3.919E-14
   5010.0000   3.866E-14
   5012.0000   3.814E-14
   5014.0000   3.763E-14
   5016.0000   3.713E-14
   5018.0000   3.663E-14
   5020.0000   3.615E-14
   5022.0000   3.568E-14
   5024.0000   3.522E-14
   5026.0000   3.476E-14
   5028.0000   3.431E-14
   5030.0000   3.388E-14
   5032.0000   3.345E-14
   5034.0000   3.303E-14
   5036.0000   3.262E-14
   5038.0000   3.221E-14
   5040.0000   3.182E-14
   5042.0000   3.143E-14
   5044.0000   3.105E-14
   5046.0000   3.067E-14
   5048.0000   3.031E-14
   5050.0000   2.995E-14
   5052.0000   2.959E-14
   5054.0000   2.925E-14
   5056.0000   2.891E-14
   5058.0000   2.858E-14
   5060.0000   2.825E-14
   5062.0000   2.793E-14
   5064.0000   2.762E-14
   5066.0000   2.731E-14
   5068.0000   2.701E-14
   5070.0000   2.671E-14
   5072.0000   2.642E-14
   5074.0000   2.613E-14
   5076.0000   2.585E-14
   5078.0000   2.558E-14
   5080.0000   2.531E-14
   5082.0000   2.504E-14
   5084.0000   2.478E-14
   5086.0000   2.453E-14
   5088.0000   2.428E-14
   5090.0000   2.403E-14
   5092.0000   2.379E-14
   5094.0000   2.355E-14
   5096.0000   2.332E-14
   5098.0000   2.309E-14
   5100.0000   2.287E-14
   5102.0000   2.265E-14
   5104.0000   2.243E-14
   5106.0000   2.222E-14
   5108.0000   2.201E-14
   5110.0000   2.180E-14
   5112.0000   2.160E-14
   5114.0000   2.140E-14
   5116.0000   2.121E-14
   5118.0000   2.102E-14
   5120.0000   2.083E-14
   5122.0000   2.064E-14
   5124.0000   2.046E-14
   5126.0000   2.028E-14
   5128.0000   2.011E-14
   5130.0000   1.994E-14
   5132.0000   1.977E-14
   5134.0000   1.960E-14
   5136.0000   1.944E-14
   5138.0000   1.928E-14
   5140.0000   1.912E-14
   5142.0000   1.896E-14
   5144.0000   1.881E-14
   5146.0000   1.866E-14
   5148.0000   1.851E-14
   5150.0000   1.836E-14
   5152.0000   1.822E-14
   5154.0000   1.808E-14
   5156.0000   1.794E-14
   5158.0000   1.780E-14
   5160.0000   1.767E-14
   5162.0000   1.754E-14
   5164.0000   1.740E-14
   5166.0000   1.728E-14
   5168.0000   1.715E-14
   5170.0000   1.703E-14
   5172.0000   1.690E-14
   5174.0000   1.678E-14
   5176.0000   1.666E-14
   5178.0000   1.655E-14
   5180.0000   1.643E-14
   5182.0000   1.632E-14
   5184.0000   1.621E-14
   5186.0000   1.610E-14
   5188.0000   1.599E-14
   5190.0000   1.588E-14
   5192.0000   1.578E-14
   5194.0000   1.568E-14
   5196.0000   1.558E-14
   5198.0000   1.548E-14
   5200.0000   1.538E-14
   5202.0000   1.528E-14
   5204.0000   1.518E-14
   5206.0000   1.509E-14
   5208.0000   1.500E-14
   5210.0000   1.490E-14
   5212.0000   1.481E-14
   5214.0000   1.473E-14
   5216.0000   1.464E-14
   5218.0000   1.455E-14
   5220.0000   1.447E-14
   5222.0000   1.438E-14
   5224.0000   1.430E-14
   5226.0000   1.422E-14
   5228.0000   1.414E-14
   5230.0000   1.406E-14
   5232.0000   1.398E-14
   5234.0000   1.390E-14
   5236.0000   1.383E-14
   5238.0000   1.375E-14
   5240.0000   1.368E-14
   5242.0000   1.361E-14
   5244.0000   1.353E-14
   5246.0000   1.346E-14
   5248.0000   1.339E-14
   5250.0000   1.333E-14
   5252.0000   1.326E-14
   5254.0000   1.319E-14
   5256.0000   1.312E-14
   5258.0000   1.306E-14
   5260.0000   1.300E-14
   5262.0000   1.293E-14
   5264.0000   1.287E-14
   5266.0000   1.281E-14
   5268.0000   1.275E-14
   5270.0000   1.269E-14
   5272.0000   1.263E-14
   5274.0000   1.257E-14
   5276.0000   1.251E-14
   5278.0000   1.246E-14
   5280.0000   1.240E-14
   5282.0000   1.234E-14
   5284.0000   1.229E-14
   5286.0000   1.224E-14
   5288.0000   1.218E-14
   5290.0000   1.213E-14
   5292.0000   1.208E-14
   5294.0000   1.203E-14
   5296.0000   1.198E-14
   5298.0000   1.193E-14
   5300.0000   1.188E-14
   5302.0000   1.183E-14
   5304.0000   1.178E-14
   5306.0000   1.174E-14
   5308.0000   1.169E-14
   5310.0000   1.164E-14
   5312.0000   1.160E-14
   5314.0000   1.155E-14
   5316.0000   1.151E-14
   5318.0000   1.147E-14
   5320.0000   1.142E-14
   5322.0000   1.138E-14
   5324.0000   1.134E-14
   5326.0000   1.130E-14
   5328.0000   1.126E-14
   5330.0000   1.122E-14
   5332.0000   1.118E-14
   5334.0000   1.114E-14
   5336.0000   1.110E-14
   5338.0000   1.106E-14
   5340.0000   1.102E-14
   5342.0000   1.099E-14
   5344.0000   1.095E-14
   5346.0000   1.091E-14
   5348.0000   1.088E-14
   5350.0000   1.084E-14
   5352.0000   1.081E-14
   5354.0000   1.077E-14
   5356.0000   1.074E-14
   5358.0000   1.071E-14
   5360.0000   1.067E-14
   5362.0000   1.064E-14
   5364.0000   1.061E-14
   5366.0000   1.058E-14
   5368.0000   1.055E-14
   5370.0000   1.052E-14
   5372.0000   1.048E-14
   5374.0000   1.046E-14
   5376.0000   1.043E-14
   5378.0000   1.040E-14
   5380.0000   1.037E-14
   5382.0000   1.034E-14
   5384.0000   1.031E-14
   5386.0000   1.028E-14
   5388.0000   1.026E-14
   5390.0000   1.023E-14
   5392.0000   1.020E-14
   5394.0000   1.018E-14
   5396.0000   1.015E-14
   5398.0000   1.013E-14
   5400.0000   1.010E-14
   5402.0000   1.008E-14
   5404.0000   1.005E-14
   5406.0000   1.003E-14
   5408.0000   1.000E-14
   5410.0000   9.981E-15
   5412.0000   9.958E-15
   5414.0000   9.935E-15
   5416.0000   9.913E-15
   5418.0000   9.891E-15
   5420.0000   9.869E-15
   5422.0000   9.848E-15
   5424.0000   9.827E-15
   5426.0000   9.806E-15
   5428.0000   9.786E-15
   5430.0000   9.766E-15
   5432.0000   9.746E-15
   5434.0000   9.726E-15
   5436.0000   9.707E-15
   5438.0000   9.688E-15
   5440.0000   9.670E-15
   5442.0000   9.651E-15
   5444.0000   9.633E-15
   5446.0000   9.616E-15
   5448.0000   9.598E-15
   5450.0000   9.581E-15
   5452.0000   9.564E-15
   5454.0000   9.548E-15
   5456.0000   9.531E-15
   5458.0000   9.515E-15
   5460.0000   9.499E-15
   5462.0000   9.484E-15
   5464.0000   9.469E-15
   5466.0000   9.454E-15
   5468.0000   9.439E-15
   5470.0000   9.425E-15
   5472.0000   9.410E-15
   5474.0000   9.396E-15
   5476.0000   9.383E-15
   5478.0000   9.369E-15
   5480.0000   9.356E-15
   5482.0000   9.343E-15
   5484.0000   9.331E-15
   5486.0000   9.318E-15
   5488.0000   9.306E-15
   5490.0000   9.294E-15
   5492.0000   9.282E-15
   5494.0000   9.271E-15
   5496.0000   9.260E-15
   5498.0000   9.249E-15
   5500.0000   9.238E-15
   5502.0000   9.228E-15
   5504.0000   9.217E-15
   5506.0000   9.207E-15
   5508.0000   9.198E-15
   5510.0000   9.188E-15
   5512.0000   9.179E-15
   5514.0000   9.170E-15
   5516.0000   9.161E-15
   5518.0000   9.152E-15
   5520.0000   9.144E-15
   5522.0000   9.136E-15
   5524.0000   9.128E-15
   5526.0000   9.120E-15
   5528.0000   9.112E-15
   5530.0000   9.105E-15
   5532.0000   9.098E-15
   5534.0000   9.091E-15
   5536.0000   9.085E-15
   5538.0000   9.078E-15
   5540.0000   9.072E-15
   5542.0000   9.066E-15
   5544.0000   9.060E-15
   5546.0000   9.055E-15
   5548.0000   9.049E-15
   5550.0000   9.044E-15
   5552.0000   9.039E-15
   5554.0000   9.035E-15
   5556.0000   9.030E-15
   5558.0000   9.026E-15
   5560.0000   9.022E-15
   5562.0000   9.018E-15
   5564.0000   9.015E-15
   5566.0000   9.011E-15
   5568.0000   9.008E-15
   5570.0000   9.005E-15
   5572.0000   9.002E-15
   5574.0000   9.000E-15
   5576.0000   8.997E-15
   5578.0000   8.995E-15
   5580.0000   8.993E-15
   5582.0000   8.991E-15
   5584.0000   8.990E-15
   5586.0000   8.988E-15
   5588.0000   8.987E-15
   5590.0000   8.986E-15
   5592.0000   8.986E-15
   5594.0000   8.985E-15
   5596.0000   8.985E-15
   5598.0000   8.985E-15
   5600.0000   8.985E-15
   5602.0000   8.985E-15
   5604.0000   8.985E-15
   5606.0000   8.986E-15
   5608.0000   8.987E-15
   5610.0000   8.988E-15
   5612.0000   8.989E-15
   5614.0000   8.991E-15
   5616.0000   8.993E-15
   5618.0000   8.994E-15
   5620.0000   8.997E-15
   5622.0000   8.999E-15
   5624.0000   9.001E-15
   5626.0000   9.004E-15
   5628.0000   9.007E-15
   5630.0000   9.010E-15
   5632.0000   9.014E-15
   5634.0000   9.017E-15
   5636.0000   9.021E-15
   5638.0000   9.025E-15
   5640.0000   9.029E-15
   5642.0000   9.033E-15
   5644.0000   9.038E-15
   5646.0000   9.043E-15
   5648.0000   9.048E-15
   5650.0000   9.053E-15
   5652.0000   9.058E-15
   5654.0000   9.064E-15
   5656.0000   9.070E-15
   5658.0000   9.076E-15
   5660.0000   9.082E-15
   5662.0000   9.088E-15
   5664.0000   9.095E-15
   5666.0000   9.102E-15
   5668.0000   9.109E-15
   5670.0000   9.116E-15
   5672.0000   9.124E-15
   5674.0000   9.131E-15
   5676.0000   9.139E-15
   5678.0000   9.147E-15
   5680.0000   9.156E-15
   5682.0000   9.164E-15
   5684.0000   9.173E-15
   5686.0000   9.182E-15
   5688.0000   9.191E-15
   5690.0000   9.201E-15
   5692.0000   9.210E-15
   5694.0000   9.220E-15
   5696.0000   9.230E-15
   5698.0000   9.241E-15
   5700.0000   9.251E-15
   5702.0000   9.262E-15
   5704.0000   9.273E-15
   5706.0000   9.284E-15
   5708.0000   9.296E-15
   5710.0000   9.307E-15
   5712.0000   9.319E-15
   5714.0000   9.331E-15
   5716.0000   9.344E-15
   5718.0000   9.356E-15
   5720.0000   9.369E-15
   5722.0000   9.382E-15
   5724.0000   9.395E-15
   5726.0000   9.409E-15
   5728.0000   9.422E-15
   5730.0000   9.436E-15
   5732.0000   9.451E-15
   5734.0000   9.465E-15
   5736.0000   9.480E-15
   5738.0000   9.495E-15
   5740.0000   9.510E-15
   5742.0000   9.525E-15
   5744.0000   9.541E-15
   5746.0000   9.557E-15
   5748.0000   9.573E-15
   5750.0000   9.589E-15
   5752.0000   9.606E-15
   5754.0000   9.623E-15
   5756.0000   9.640E-15
   5758.0000   9.658E-15
   5760.0000   9.675E-15
   5762.0000   9.693E-15
   5764.0000   9.711E-15
   5766.0000   9.730E-15
   5768.0000   9.749E-15
   5770.0000   9.767E-15
   5772.0000   9.787E-15
   5774.0000   9.806E-15
   5776.0000   9.826E-15
   5778.0000   9.846E-15
   5780.0000   9.866E-15
   5782.0000   9.887E-15
   5784.0000   9.908E-15
   5786.0000   9.929E-15
   5788.0000   9.951E-15
   5790.0000   9.972E-15
   5792.0000   9.994E-15
   5794.0000   1.002E-14
   5796.0000   1.004E-14
   5798.0000   1.006E-14
   5800.0000   1.009E-14
   5802.0000   1.011E-14
   5804.0000   1.013E-14
   5806.0000   1.016E-14
   5808.0000   1.018E-14
   5810.0000   1.021E-14
   5812.0000   1.023E-14
   5814.0000   1.026E-14
   5816.0000   1.028E-14
   5818.0000   1.031E-14
   5820.0000   1.033E-14
   5822.0000   1.036E-14
   5824.0000   1.039E-14
   5826.0000   1.041E-14
   5828.0000   1.044E-14
   5830.0000   1.047E-14
   5832.0000   1.050E-14
   5834.0000   1.053E-14
   5836.0000   1.056E-14
   5838.0000   1.059E-14
   5840.0000   1.061E-14
   5842.0000   1.064E-14
   5844.0000   1.067E-14
   5846.0000   1.071E-14
   5848.0000   1.074E-14
   5850.0000   1.077E-14
   5852.0000   1.080E-14
   5854.0000   1.083E-14
   5856.0000   1.086E-14
   5858.0000   1.090E-14
   5860.0000   1.093E-14
   5862.0000   1.096E-14
   5864.0000   1.100E-14
   5866.0000   1.103E-14
   5868.0000   1.107E-14
   5870.0000   1.110E-14
   5872.0000   1.114E-14
   5874.0000   1.117E-14
   5876.0000   1.121E-14
   5878.0000   1.125E-14
   5880.0000   1.128E-14
   5882.0000   1.132E-14
   5884.0000   1.136E-14
   5886.0000   1.140E-14
   5888.0000   1.144E-14
   5890.0000   1.148E-14
   5892.0000   1.151E-14
   5894.0000   1.155E-14
   5896.0000   1.160E-14
   5898.0000   1.164E-14
   5900.0000   1.168E-14
   5902.0000   1.172E-14
   5904.0000   1.176E-14
   5906.0000   1.181E-14
   5908.0000   1.185E-14
   5910.0000   1.189E-14
   5912.0000   1.194E-14
   5914.0000   1.198E-14
   5916.0000   1.203E-14
   5918.0000   1.207E-14
   5920.0000   1.212E-14
   5922.0000   1.217E-14
   5924.0000   1.221E-14
   5926.0000   1.226E-14
   5928.0000   1.231E-14
   5930.0000   1.236E-14
   5932.0000   1.241E-14
   5934.0000   1.246E-14
   5936.0000   1.251E-14
   5938.0000   1.256E-14
   5940.0000   1.261E-14
   5942.0000   1.266E-14
   5944.0000   1.271E-14
   5946.0000   1.277E-14
   5948.0000   1.282E-14
   5950.0000   1.288E-14
   5952.0000   1.293E-14
   5954.0000   1.299E-14
   5956.0000   1.304E-14
   5958.0000   1.310E-14
   5960.0000   1.316E-14
   5962.0000   1.322E-14
   5964.0000   1.327E-14
   5966.0000   1.333E-14
   5968.0000   1.339E-14
   5970.0000   1.345E-14
   5972.0000   1.352E-14
   5974.0000   1.358E-14
   5976.0000   1.364E-14
   5978.0000   1.370E-14
   5980.0000   1.377E-14
   5982.0000   1.383E-14
   5984.0000   1.390E-14
   5986.0000   1.396E-14
   5988.0000   1.403E-14
   5990.0000   1.410E-14
   5992.0000   1.417E-14
   5994.0000   1.424E-14
   5996.0000   1.431E-14
   5998.0000   1.438E-14
   6000.0000   1.445E-14
   6002.0000   1.452E-14
   6004.0000   1.459E-14
   6006.0000   1.467E-14
   6008.0000   1.474E-14
   6010.0000   1.482E-14
   6012.0000   1.490E-14
   6014.0000   1.497E-14
   6016.0000   1.505E-14
   6018.0000   1.513E-14
   6020.0000   1.521E-14
   6022.0000   1.529E-14
   6024.0000   1.537E-14
   6026.0000   1.546E-14
   6028.0000   1.554E-14
   6030.0000   1.562E-14
   6032.0000   1.571E-14
   6034.0000   1.580E-14
   6036.0000   1.588E-14
   6038.0000   1.597E-14
   6040.0000   1.606E-14
   6042.0000   1.615E-14
   6044.0000   1.624E-14
   6046.0000   1.634E-14
   6048.0000   1.643E-14
   6050.0000   1.652E-14
   6052.0000   1.662E-14
   6054.0000   1.672E-14
   6056.0000   1.681E-14
   6058.0000   1.691E-14
   6060.0000   1.701E-14
   6062.0000   1.711E-14
   6064.0000   1.722E-14
   6066.0000   1.732E-14
   6068.0000   1.743E-14
   6070.0000   1.753E-14
   6072.0000   1.764E-14
   6074.0000   1.775E-14
   6076.0000   1.786E-14
   6078.0000   1.797E-14
   6080.0000   1.808E-14
   6082.0000   1.820E-14
   6084.0000   1.831E-14
   6086.0000   1.843E-14
   6088.0000   1.855E-14
   6090.0000   1.867E-14
   6092.0000   1.879E-14
   6094.0000   1.891E-14
   6096.0000   1.903E-14
   6098.0000   1.916E-14
   6100.0000   1.929E-14
   6102.0000   1.941E-14
   6104.0000   1.954E-14
   6106.0000   1.968E-14
   6108.0000   1.981E-14
   6110.0000   1.994E-14
   6112.0000   2.008E-14
   6114.0000   2.022E-14
   6116.0000   2.036E-14
   6118.0000   2.050E-14
   6120.0000   2.064E-14
   6122.0000   2.079E-14
   6124.0000   2.093E-14
   6126.0000   2.108E-14
   6128.0000   2.123E-14
   6130.0000   2.138E-14
   6132.0000   2.154E-14
   6134.0000   2.170E-14
   6136.0000   2.185E-14
   6138.0000   2.201E-14
   6140.0000   2.218E-14
   6142.0000   2.234E-14
   6144.0000   2.251E-14
   6146.0000   2.267E-14
   6148.0000   2.284E-14
   6150.0000   2.302E-14
   6152.0000   2.319E-14
   6154.0000   2.337E-14
   6156.0000   2.355E-14
   6158.0000   2.373E-14
   6160.0000   2.391E-14
   6162.0000   2.410E-14
   6164.0000   2.429E-14
   6166.0000   2.448E-14
   6168.0000   2.468E-14
   6170.0000   2.487E-14
   6172.0000   2.507E-14
   6174.0000   2.527E-14
   6176.0000   2.548E-14
   6178.0000   2.568E-14
   6180.0000   2.589E-14
   6182.0000   2.611E-14
   6184.0000   2.632E-14
   6186.0000   2.654E-14
   6188.0000   2.676E-14
   6190.0000   2.698E-14
   6192.0000   2.721E-14
   6194.0000   2.744E-14
   6196.0000   2.768E-14
   6198.0000   2.791E-14
   6200.0000   2.815E-14
   6202.0000   2.839E-14
   6204.0000   2.864E-14
   6206.0000   2.889E-14
   6208.0000   2.914E-14
   6210.0000   2.940E-14
   6212.0000   2.966E-14
   6214.0000   2.992E-14
   6216.0000   3.019E-14
   6218.0000   3.046E-14
   6220.0000   3.074E-14
   6222.0000   3.102E-14
   6224.0000   3.130E-14
   6226.0000   3.159E-14
   6228.0000   3.188E-14
   6230.0000   3.217E-14
   6232.0000   3.247E-14
   6234.0000   3.278E-14
   6236.0000   3.308E-14
   6238.0000   3.340E-14
   6240.0000   3.371E-14
   6242.0000   3.403E-14
   6244.0000   3.436E-14
   6246.0000   3.469E-14
   6248.0000   3.503E-14
   6250.0000   3.537E-14
   6252.0000   3.571E-14
   6254.0000   3.606E-14
   6256.0000   3.642E-14
   6258.0000   3.678E-14
   6260.0000   3.714E-14
   6262.0000   3.751E-14
   6264.0000   3.789E-14
   6266.0000   3.827E-14
   6268.0000   3.866E-14
   6270.0000   3.905E-14
   6272.0000   3.945E-14
   6274.0000   3.986E-14
   6276.0000   4.027E-14
   6278.0000   4.069E-14
   6280.0000   4.111E-14
   6282.0000   4.154E-14
   6284.0000   4.198E-14
   6286.0000   4.242E-14
   6288.0000   4.287E-14
   6290.0000   4.333E-14
   6292.0000   4.379E-14
   6294.0000   4.427E-14
   6296.0000   4.474E-14
   6298.0000   4.523E-14
   6300.0000   4.572E-14
   6302.0000   4.622E-14
   6304.0000   4.673E-14
   6306.0000   4.725E-14
   6308.0000   4.777E-14
   6310.0000   4.830E-14
   6312.0000   4.884E-14
   6314.0000   4.939E-14
   6316.0000   4.995E-14
   6318.0000   5.051E-14
   6320.0000   5.109E-14
   6322.0000   5.167E-14
   6324.0000   5.226E-14
   6326.0000   5.286E-14
   6328.0000   5.347E-14
   6330.0000   5.409E-14
   6332.0000   5.472E-14
   6334.0000   5.536E-14
   6336.0000   5.601E-14
   6338.0000   5.667E-14
   6340.0000   5.733E-14
   6342.0000   5.801E-14
   6344.0000   5.870E-14
   6346.0000   5.940E-14
   6348.0000   6.011E-14
   6350.0000   6.084E-14
   6352.0000   6.157E-14
   6354.0000   6.231E-14
   6356.0000   6.307E-14
   6358.0000   6.383E-14
   6360.0000   6.461E-14
   6362.0000   6.540E-14
   6364.0000   6.621E-14
   6366.0000   6.702E-14
   6368.0000   6.785E-14
   6370.0000   6.868E-14
   6372.0000   6.954E-14
   6374.0000   7.040E-14
   6376.0000   7.128E-14
   6378.0000   7.217E-14
   6380.0000   7.307E-14
   6382.0000   7.398E-14
   6384.0000   7.491E-14
   6386.0000   7.586E-14
   6388.0000   7.681E-14
   6390.0000   7.778E-14
   6392.0000   7.876E-14
   6394.0000   7.976E-14
   6396.0000   8.077E-14
   6398.0000   8.179E-14
   6400.0000   8.283E-14
   6402.0000   8.388E-14
   6404.0000   8.495E-14
   6406.0000   8.603E-14
   6408.0000   8.712E-14
   6410.0000   8.823E-14
   6412.0000   8.935E-14
   6414.0000   9.049E-14
   6416.0000   9.164E-14
   6418.0000   9.280E-14
   6420.0000   9.397E-14
   6422.0000   9.516E-14
   6424.0000   9.637E-14
   6426.0000   9.758E-14
   6428.0000   9.881E-14
   6430.0000   1.001E-13
   6432.0000   1.013E-13
   6434.0000   1.026E-13
   6436.0000   1.039E-13
   6438.0000   1.051E-13
   6440.0000   1.064E-13
   6442.0000   1.078E-13
   6444.0000   1.091E-13
   6446.0000   1.104E-13
   6448.0000   1.118E-13
   6450.0000   1.131E-13
   6452.0000   1.145E-13
   6454.0000   1.158E-13
   6456.0000   1.172E-13
   6458.0000   1.186E-13
   6460.0000   1.200E-13
   6462.0000   1.214E-13
   6464.0000   1.228E-13
   6466.0000   1.242E-13
   6468.0000   1.256E-13
   6470.0000   1.270E-13
   6472.0000   1.284E-13
   6474.0000   1.298E-13
   6476.0000   1.312E-13
   6478.0000   1.326E-13
   6480.0000   1.340E-13
   6482.0000   1.354E-13
   6484.0000   1.368E-13
   6486.0000   1.382E-13
   6488.0000   1.396E-13
   6490.0000   1.409E-13
   6492.0000   1.423E-13
   6494.0000   1.436E-13
   6496.0000   1.450E-13
   6498.0000   1.463E-13
   6500.0000   1.476E-13
   6502.0000   1.488E-13
   6504.0000   1.501E-13
   6506.0000   1.513E-13
   6508.0000   1.525E-13
   6510.0000   1.537E-13
   6512.0000   1.549E-13
   6514.0000   1.560E-13
   6516.0000   1.571E-13
   6518.0000   1.582E-13
   6520.0000   1.592E-13
   6522.0000   1.602E-13
   6524.0000   1.611E-13
   6526.0000   1.621E-13
   6528.0000   1.629E-13
   6530.0000   1.638E-13
   6532.0000   1.646E-13
   6534.0000   1.653E-13
   6536.0000   1.661E-13
   6538.0000   1.667E-13
   6540.0000   1.673E-13
   6542.0000   1.679E-13
   6544.0000   1.684E-13
   6546.0000   1.689E-13
   6548.0000   1.693E-13
   6550.0000   1.697E-13
   6552.0000   1.700E-13
   6554.0000   1.703E-13
   6556.0000   1.705E-13
   6558.0000   1.706E-13
   6560.0000   1.707E-13
   6562.0000   1.708E-13
   6564.0000   1.708E-13
   6566.0000   1.707E-13
   6568.0000   1.706E-13
   6570.0000   1.704E-13
   6572.0000   1.702E-13
   6574.0000   1.699E-13
   6576.0000   1.696E-13
   6578.0000   1.692E-13
   6580.0000   1.688E-13
   6582.0000   1.683E-13
   6584.0000   1.678E-13
   6586.0000   1.672E-13
   6588.0000   1.666E-13
   6590.0000   1.659E-13
   6592.0000   1.652E-13
   6594.0000   1.644E-13
   6596.0000   1.636E-13
   6598.0000   1.628E-13
   6600.0000   1.619E-13
   6602.0000   1.610E-13
   6604.0000   1.600E-13
   6606.0000   1.590E-13
   6608.0000   1.580E-13
   6610.0000   1.569E-13
   6612.0000   1.558E-13
   6614.0000   1.547E-13
   6616.0000   1.536E-13
   6618.0000   1.524E-13
   6620.0000   1.512E-13
   6622.0000   1.500E-13
   6624.0000   1.488E-13
   6626.0000   1.475E-13
   6628.0000   1.462E-13
   6630.0000   1.450E-13
   6632.0000   1.437E-13
   6634.0000   1.423E-13
   6636.0000   1.410E-13
   6638.0000   1.397E-13
   6640.0000   1.383E-13
   6642.0000   1.370E-13
   6644.0000   1.356E-13
   6646.0000   1.343E-13
   6648.0000   1.329E-13
   6650.0000   1.315E-13
   6652.0000   1.301E-13
   6654.0000   1.288E-13
   6656.0000   1.274E-13
   6658.0000   1.260E-13
   6660.0000   1.246E-13
   6662.0000   1.233E-13
   6664.0000   1.219E-13
   6666.0000   1.205E-13
   6668.0000   1.192E-13
   6670.0000   1.178E-13
   6672.0000   1.165E-13
   6674.0000   1.152E-13
   6676.0000   1.138E-13
   6678.0000   1.125E-13
   6680.0000   1.112E-13
   6682.0000   1.099E-13
   6684.0000   1.086E-13
   6686.0000   1.073E-13
   6688.0000   1.061E-13
   6690.0000   1.048E-13
   6692.0000   1.036E-13
   6694.0000   1.023E-13
   6696.0000   1.011E-13
   6698.0000   9.988E-14
   6700.0000   9.868E-14
   6702.0000   9.749E-14
   6704.0000   9.631E-14
   6706.0000   9.515E-14
   6708.0000   9.400E-14
   6710.0000   9.286E-14
   6712.0000   9.174E-14
   6714.0000   9.063E-14
   6716.0000   8.953E-14
   6718.0000   8.845E-14
   6720.0000   8.738E-14
   6722.0000   8.632E-14
   6724.0000   8.528E-14
   6726.0000   8.424E-14
   6728.0000   8.323E-14
   6730.0000   8.222E-14
   6732.0000   8.123E-14
   6734.0000   8.025E-14
   6736.0000   7.929E-14
   6738.0000   7.833E-14
   6740.0000   7.739E-14
   6742.0000   7.647E-14
   6744.0000   7.555E-14
   6746.0000   7.465E-14
   6748.0000   7.376E-14
   6750.0000   7.289E-14
   6752.0000   7.202E-14
   6754.0000   7.117E-14
   6756.0000   7.033E-14
   6758.0000   6.950E-14
   6760.0000   6.868E-14
   6762.0000   6.788E-14
   6764.0000   6.709E-14
   6766.0000   6.630E-14
   6768.0000   6.553E-14
   6770.0000   6.477E-14
   6772.0000   6.402E-14
   6774.0000   6.329E-14
   6776.0000   6.256E-14
   6778.0000   6.184E-14
   6780.0000   6.114E-14
   6782.0000   6.044E-14
   6784.0000   5.975E-14
   6786.0000   5.908E-14
   6788.0000   5.841E-14
   6790.0000   5.776E-14
   6792.0000   5.711E-14
   6794.0000   5.647E-14
   6796.0000   5.585E-14
   6798.0000   5.523E-14
   6800.0000   5.462E-14
   6802.0000   5.402E-14
   6804.0000   5.342E-14
   6806.0000   5.284E-14
   6808.0000   5.227E-14
   6810.0000   5.170E-14
   6812.0000   5.114E-14
   6814.0000   5.059E-14
   6816.0000   5.005E-14
   6818.0000   4.952E-14
   6820.0000   4.899E-14
   6822.0000   4.847E-14
   6824.0000   4.796E-14
   6826.0000   4.745E-14
   6828.0000   4.696E-14
   6830.0000   4.647E-14
   6832.0000   4.598E-14
   6834.0000   4.551E-14
   6836.0000   4.504E-14
   6838.0000   4.458E-14
   6840.0000   4.412E-14
   6842.0000   4.367E-14
   6844.0000   4.323E-14
   6846.0000   4.279E-14
   6848.0000   4.236E-14
   6850.0000   4.194E-14
   6852.0000   4.152E-14
   6854.0000   4.111E-14
   6856.0000   4.070E-14
   6858.0000   4.030E-14
   6860.0000   3.990E-14
   6862.0000   3.951E-14
   6864.0000   3.913E-14
   6866.0000   3.875E-14
   6868.0000   3.837E-14
   6870.0000   3.800E-14
   6872.0000   3.764E-14
   6874.0000   3.728E-14
   6876.0000   3.693E-14
   6878.0000   3.658E-14
   6880.0000   3.623E-14
   6882.0000   3.589E-14
   6884.0000   3.556E-14
   6886.0000   3.523E-14
   6888.0000   3.490E-14
   6890.0000   3.458E-14
   6892.0000   3.426E-14
   6894.0000   3.395E-14
   6896.0000   3.364E-14
   6898.0000   3.333E-14
   6900.0000   3.303E-14
   6902.0000   3.274E-14
   6904.0000   3.244E-14
   6906.0000   3.215E-14
   6908.0000   3.187E-14
   6910.0000   3.159E-14
   6912.0000   3.131E-14
   6914.0000   3.103E-14
   6916.0000   3.076E-14
   6918.0000   3.049E-14
   6920.0000   3.023E-14
   6922.0000   2.997E-14
   6924.0000   2.971E-14
   6926.0000   2.946E-14
   6928.0000   2.921E-14
   6930.0000   2.896E-14
   6932.0000   2.871E-14
   6934.0000   2.847E-14
   6936.0000   2.823E-14
   6938.0000   2.800E-14
   6940.0000   2.776E-14
   6942.0000   2.753E-14
   6944.0000   2.731E-14
   6946.0000   2.708E-14
   6948.0000   2.686E-14
   6950.0000   2.664E-14
   6952.0000   2.643E-14
   6954.0000   2.621E-14
   6956.0000   2.600E-14
   6958.0000   2.579E-14
   6960.0000   2.559E-14
   6962.0000   2.538E-14
   6964.0000   2.518E-14
   6966.0000   2.498E-14
   6968.0000   2.479E-14
   6970.0000   2.459E-14
   6972.0000   2.440E-14
   6974.0000   2.421E-14
   6976.0000   2.402E-14
   6978.0000   2.384E-14
   6980.0000   2.366E-14
   6982.0000   2.348E-14
   6984.0000   2.330E-14
   6986.0000   2.312E-14
   6988.0000   2.295E-14
   6990.0000   2.277E-14
   6992.0000   2.260E-14
   6994.0000   2.243E-14
   6996.0000   2.227E-14
   6998.0000   2.210E-14
   7000.0000   2.194E-14
   7002.0000   2.178E-14
   7004.0000   2.162E-14
   7006.0000   2.146E-14
   7008.0000   2.131E-14
   7010.0000   2.115E-14
   7012.0000   2.100E-14
   7014.0000   2.085E-14
   7016.0000   2.070E-14
   7018.0000   2.055E-14
   7020.0000   2.041E-14
   7022.0000   2.026E-14
   7024.0000   2.012E-14
   7026.0000   1.998E-14
   7028.0000   1.984E-14
   7030.0000   1.970E-14
   7032.0000   1.956E-14
   7034.0000   1.943E-14
   7036.0000   1.929E-14
   7038.0000   1.916E-14
   7040.0000   1.903E-14
   7042.0000   1.890E-14
   7044.0000   1.877E-14
   7046.0000   1.865E-14
   7048.0000   1.852E-14
   7050.0000   1.840E-14
   7052.0000   1.827E-14
   7054.0000   1.815E-14
   7056.0000   1.803E-14
   7058.0000   1.791E-14
   7060.0000   1.779E-14
   7062.0000   1.768E-14
   7064.0000   1.756E-14
   7066.0000   1.745E-14
   7068.0000   1.733E-14
   7070.0000   1.722E-14
   7072.0000   1.711E-14
   7074.0000   1.700E-14
   7076.0000   1.689E-14
   7078.0000   1.678E-14
   7080.0000   1.668E-14
   7082.0000   1.657E-14
   7084.0000   1.647E-14
   7086.0000   1.636E-14
   7088.0000   1.626E-14
   7090.0000   1.616E-14
   7092.0000   1.606E-14
   7094.0000   1.596E-14
   7096.0000   1.586E-14
   7098.0000   1.576E-14
   7100.0000   1.567E-14
   7102.0000   1.557E-14
   7104.0000   1.548E-14
   7106.0000   1.538E-14
   7108.0000   1.529E-14
   7110.0000   1.520E-14
   7112.0000   1.511E-14
   7114.0000   1.502E-14
   7116.0000   1.493E-14
   7118.0000   1.484E-14
   7120.0000   1.475E-14
   7122.0000   1.466E-14
   7124.0000   1.458E-14
   7126.0000   1.449E-14
   7128.0000   1.441E-14
   7130.0000   1.432E-14
   7132.0000   1.424E-14
   7134.0000   1.416E-14
   7136.0000   1.408E-14
   7138.0000   1.400E-14
   7140.0000   1.392E-14
   7142.0000   1.384E-14
   7144.0000   1.376E-14
   7146.0000   1.368E-14
   7148.0000   1.360E-14
   7150.0000   1.353E-14
   7152.0000   1.345E-14
   7154.0000   1.337E-14
   7156.0000   1.330E-14
   7158.0000   1.323E-14
   7160.0000   1.315E-14
   7162.0000   1.308E-14
   7164.0000   1.301E-14
   7166.0000   1.294E-14
   7168.0000   1.287E-14
   7170.0000   1.280E-14
   7172.0000   1.273E-14
   7174.0000   1.266E-14
   7176.0000   1.259E-14
   7178.0000   1.252E-14
   7180.0000   1.245E-14
   7182.0000   1.239E-14
   7184.0000   1.232E-14
   7186.0000   1.226E-14
   7188.0000   1.219E-14
   7190.0000   1.213E-14
   7192.0000   1.206E-14
   7194.0000   1.200E-14
   7196.0000   1.194E-14
   7198.0000   1.187E-14
   7200.0000   1.181E-14
   7202.0000   1.175E-14
   7204.0000   1.169E-14
   7206.0000   1.163E-14
   7208.0000   1.157E-14
   7210.0000   1.151E-14
   7212.0000   1.145E-14
   7214.0000   1.139E-14
   7216.0000   1.134E-14
   7218.0000   1.128E-14
   7220.0000   1.122E-14
   7222.0000   1.117E-14
   7224.0000   1.111E-14
   7226.0000   1.105E-14
   7228.0000   1.100E-14
   7230.0000   1.095E-14
   7232.0000   1.089E-14
   7234.0000   1.084E-14
   7236.0000   1.078E-14
   7238.0000   1.073E-14
   7240.0000   1.068E-14
   7242.0000   1.063E-14
   7244.0000   1.057E-14
   7246.0000   1.052E-14
   7248.0000   1.047E-14
   7250.0000   1.042E-14
   7252.0000   1.037E-14
   7254.0000   1.032E-14
   7256.0000   1.027E-14
   7258.0000   1.022E-14
   7260.0000   1.018E-14
   7262.0000   1.013E-14
   7264.0000   1.008E-14
   7266.0000   1.003E-14
   7268.0000   9.985E-15
   7270.0000   9.938E-15
   7272.0000   9.892E-15
   7274.0000   9.846E-15
   7276.0000   9.800E-15
   7278.0000   9.755E-15
   7280.0000   9.710E-15
   7282.0000   9.665E-15
   7284.0000   9.621E-15
   7286.0000   9.577E-15
   7288.0000   9.533E-15
   7290.0000   9.489E-15
   7292.0000   9.446E-15
   7294.0000   9.404E-15
   7296.0000   9.361E-15
   7298.0000   9.319E-15
   7300.0000   9.277E-15
   7302.0000   9.236E-15
   7304.0000   9.194E-15
   7306.0000   9.154E-15
   7308.0000   9.113E-15
   7310.0000   9.073E-15
   7312.0000   9.032E-15
   7314.0000   8.993E-15
   7316.0000   8.953E-15
   7318.0000   8.914E-15
   7320.0000   8.875E-15
   7322.0000   8.836E-15
   7324.0000   8.798E-15
   7326.0000   8.760E-15
   7328.0000   8.722E-15
   7330.0000   8.684E-15
   7332.0000   8.647E-15
   7334.0000   8.610E-15
   7336.0000   8.573E-15
   7338.0000   8.537E-15
   7340.0000   8.500E-15
   7342.0000   8.464E-15
   7344.0000   8.429E-15
   7346.0000   8.393E-15
   7348.0000   8.358E-15
   7350.0000   8.323E-15
   7352.0000   8.288E-15
   7354.0000   8.253E-15
   7356.0000   8.219E-15
   7358.0000   8.185E-15
   7360.0000   8.151E-15
   7362.0000   8.117E-15
   7364.0000   8.084E-15
   7366.0000   8.050E-15
   7368.0000   8.017E-15
   7370.0000   7.984E-15
   7372.0000   7.952E-15
   7374.0000   7.920E-15
   7376.0000   7.887E-15
   7378.0000   7.855E-15
   7380.0000   7.824E-15
   7382.0000   7.792E-15
   7384.0000   7.761E-15
   7386.0000   7.730E-15
   7388.0000   7.699E-15
   7390.0000   7.668E-15
   7392.0000   7.638E-15
   7394.0000   7.607E-15
   7396.0000   7.577E-15
   7398.0000   7.547E-15
   7400.0000   7.518E-15
   7402.0000   7.488E-15
   7404.0000   7.459E-15
   7406.0000   7.429E-15
   7408.0000   7.401E-15
   7410.0000   7.372E-15
   7412.0000   7.343E-15
   7414.0000   7.315E-15
   7416.0000   7.286E-15
   7418.0000   7.258E-15
   7420.0000   7.230E-15
   7422.0000   7.203E-15
   7424.0000   7.175E-15
   7426.0000   7.148E-15
   7428.0000   7.121E-15
   7430.0000   7.093E-15
   7432.0000   7.067E-15
   7434.0000   7.040E-15
   7436.0000   7.013E-15
   7438.0000   6.987E-15
   7440.0000   6.961E-15
   7442.0000   6.935E-15
   7444.0000   6.909E-15
   7446.0000   6.883E-15
   7448.0000   6.857E-15
   7450.0000   6.832E-15
   7452.0000   6.807E-15
   7454.0000   6.781E-15
   7456.0000   6.756E-15
   7458.0000   6.732E-15
   7460.0000   6.707E-15
   7462.0000   6.682E-15
   7464.0000   6.658E-15
   7466.0000   6.634E-15
   7468.0000   6.610E-15
   7470.0000   6.586E-15
   7472.0000   6.562E-15
   7474.0000   6.538E-15
   7476.0000   6.514E-15
   7478.0000   6.491E-15
   7480.0000   6.468E-15
   7482.0000   6.445E-15
   7484.0000   6.422E-15
   7486.0000   6.399E-15
   7488.0000   6.376E-15
   7490.0000   6.353E-15
   7492.0000   6.331E-15
   7494.0000   6.309E-15
   7496.0000   6.286E-15
   7498.0000   6.264E-15
   7500.0000   6.242E-15
   7502.0000   6.220E-15
   7504.0000   6.199E-15
   7506.0000   6.177E-15
   7508.0000   6.156E-15
   7510.0000   6.134E-15
   7512.0000   6.113E-15
   7514.0000   6.092E-15
   7516.0000   6.071E-15
   7518.0000   6.050E-15
   7520.0000   6.029E-15
   7522.0000   6.009E-15
   7524.0000   5.988E-15
   7526.0000   5.968E-15
   7528.0000   5.947E-15
   7530.0000   5.927E-15
   7532.0000   5.907E-15
   7534.0000   5.887E-15
   7536.0000   5.867E-15
   7538.0000   5.847E-15
   7540.0000   5.828E-15
   7542.0000   5.808E-15
   7544.0000   5.789E-15
   7546.0000   5.770E-15
   7548.0000   5.750E-15
   7550.0000   5.731E-15
   7552.0000   5.712E-15
   7554.0000   5.693E-15
   7556.0000   5.674E-15
   7558.0000   5.656E-15
   7560.0000   5.637E-15
   7562.0000   5.619E-15
   7564.0000   5.600E-15
   7566.0000   5.582E-15
   7568.0000   5.564E-15
   7570.0000   5.545E-15
   7572.0000   5.527E-15
   7574.0000   5.510E-15
   7576.0000   5.492E-15
   7578.0000   5.474E-15
   7580.0000   5.456E-15
   7582.0000   5.439E-15
   7584.0000   5.421E-15
   7586.0000   5.404E-15
   7588.0000   5.387E-15
   7590.0000   5.369E-15
   7592.0000   5.352E-15
   7594.0000   5.335E-15
   7596.0000   5.318E-15
   7598.0000   5.301E-15
   7600.0000   5.285E-15
   7602.0000   5.268E-15
   7604.0000   5.251E-15
   7606.0000   5.235E-15
   7608.0000   5.218E-15
   7610.0000   5.202E-15
   7612.0000   5.186E-15
   7614.0000   5.170E-15
   7616.0000   5.154E-15
   7618.0000   5.138E-15
   7620.0000   5.122E-15
   7622.0000   5.106E-15
   7624.0000   5.090E-15
   7626.0000   5.074E-15
   7628.0000   5.059E-15
   7630.0000   5.043E-15
   7632.0000   5.028E-15
   7634.0000   5.012E-15
   7636.0000   4.997E-15
   7638.0000   4.982E-15
   7640.0000   4.967E-15
   7642.0000   4.952E-15
   7644.0000   4.936E-15
   7646.0000   4.922E-15
   7648.0000   4.907E-15
   7650.0000   4.892E-15
   7652.0000   4.877E-15
   7654.0000   4.863E-15
   7656.0000   4.848E-15
   7658.0000   4.833E-15
   7660.0000   4.819E-15
   7662.0000   4.805E-15
   7664.0000   4.790E-15
   7666.0000   4.776E-15
   7668.0000   4.762E-15
   7670.0000   4.748E-15
   7672.0000   4.734E-15
   7674.0000   4.720E-15
   7676.0000   4.706E-15
   7678.0000   4.692E-15
   7680.0000   4.678E-15
   7682.0000   4.665E-15
   7684.0000   4.651E-15
   7686.0000   4.637E-15
   7688.0000   4.624E-15
   7690.0000   4.610E-15
   7692.0000   4.597E-15
   7694.0000   4.584E-15
   7696.0000   4.570E-15
   7698.0000   4.557E-15
   7700.0000   4.544E-15
   7702.0000   4.531E-15
   7704.0000   4.518E-15
   7706.0000   4.505E-15
   7708.0000   4.492E-15
   7710.0000   4.479E-15
   7712.0000   4.467E-15
   7714.0000   4.454E-15
   7716.0000   4.441E-15
   7718.0000   4.429E-15
   7720.0000   4.416E-15
   7722.0000   4.404E-15
   7724.0000   4.391E-15
   7726.0000   4.379E-15
   7728.0000   4.366E-15
   7730.0000   4.354E-15
   7732.0000   4.342E-15
   7734.0000   4.330E-15
   7736.0000   4.318E-15
   7738.0000   4.306E-15
   7740.0000   4.294E-15
   7742.0000   4.282E-15
   7744.0000   4.270E-15
   7746.0000   4.258E-15
   7748.0000   4.246E-15
   7750.0000   4.234E-15
   7752.0000   4.223E-15
   7754.0000   4.211E-15
   7756.0000   4.200E-15
   7758.0000   4.188E-15
   7760.0000   4.177E-15
   7762.0000   4.165E-15
   7764.0000   4.154E-15
   7766.0000   4.142E-15
   7768.0000   4.131E-15
   7770.0000   4.120E-15
   7772.0000   4.109E-15
   7774.0000   4.098E-15
   7776.0000   4.086E-15
   7778.0000   4.075E-15
   7780.0000   4.064E-15
   7782.0000   4.053E-15
   7784.0000   4.043E-15
   7786.0000   4.032E-15
   7788.0000   4.021E-15
   7790.0000   4.010E-15
   7792.0000   3.999E-15
   7794.0000   3.989E-15
   7796.0000   3.978E-15
   7798.0000   3.968E-15
   7800.0000   3.957E-15
   7802.0000   3.947E-15
   7804.0000   3.936E-15
   7806.0000   3.926E-15
   7808.0000   3.915E-15
   7810.0000   3.905E-15
   7812.0000   3.895E-15
   7814.0000   3.885E-15
   7816.0000   3.874E-15
   7818.0000   3.864E-15
   7820.0000   3.854E-15
   7822.0000   3.844E-15
   7824.0000   3.834E-15
   7826.0000   3.824E-15
   7828.0000   3.814E-15
   7830.0000   3.804E-15
   7832.0000   3.794E-15
   7834.0000   3.785E-15
   7836.0000   3.775E-15
   7838.0000   3.765E-15
   7840.0000   3.755E-15
   7842.0000   3.746E-15
   7844.0000   3.736E-15
   7846.0000   3.727E-15
   7848.0000   3.717E-15
   7850.0000   3.707E-15
   7852.0000   3.698E-15
   7854.0000   3.689E-15
   7856.0000   3.679E-15
   7858.0000   3.670E-15
   7860.0000   3.661E-15
   7862.0000   3.651E-15
   7864.0000   3.642E-15
   7866.0000   3.633E-15
   7868.0000   3.624E-15
   7870.0000   3.615E-15
   7872.0000   3.605E-15
   7874.0000   3.596E-15
   7876.0000   3.587E-15
   7878.0000   3.578E-15
   7880.0000   3.569E-15
   7882.0000   3.560E-15
   7884.0000   3.552E-15
   7886.0000   3.543E-15
   7888.0000   3.534E-15
   7890.0000   3.525E-15
   7892.0000   3.516E-15
   7894.0000   3.508E-15
   7896.0000   3.499E-15
   7898.0000   3.490E-15
   7900.0000   3.482E-15
   7902.0000   3.473E-15
   7904.0000   3.465E-15
   7906.0000   3.456E-15
   7908.0000   3.448E-15
   7910.0000   3.439E-15
   7912.0000   3.431E-15
   7914.0000   3.422E-15
   7916.0000   3.414E-15
   7918.0000   3.406E-15
   7920.0000   3.397E-15
   7922.0000   3.389E-15
   7924.0000   3.381E-15
   7926.0000   3.373E-15
   7928.0000   3.365E-15
   7930.0000   3.357E-15
   7932.0000   3.348E-15
   7934.0000   3.340E-15
   7936.0000   3.332E-15
   7938.0000   3.324E-15
   7940.0000   3.316E-15
   7942.0000   3.308E-15
   7944.0000   3.300E-15
   7946.0000   3.293E-15
   7948.0000   3.285E-15
   7950.0000   3.277E-15
   7952.0000   3.269E-15
   7954.0000   3.261E-15
   7956.0000   3.253E-15
   7958.0000   3.246E-15
   7960.0000   3.238E-15
   7962.0000   3.230E-15
   7964.0000   3.223E-15
   7966.0000   3.215E-15
   7968.0000   3.208E-15
   7970.0000   3.200E-15
   7972.0000   3.193E-15
   7974.0000   3.185E-15
   7976.0000   3.178E-15
   7978.0000   3.170E-15
   7980.0000   3.163E-15
   7982.0000   3.155E-15
   7984.0000   3.148E-15
   7986.0000   3.141E-15
   7988.0000   3.133E-15
   7990.0000   3.126E-15
   7992.0000   3.119E-15
   7994.0000   3.111E-15
   7996.0000   3.104E-15
   7998.0000   3.097E-15
   8000.0000   3.090E-15
   8002.0000   3.083E-15
   8004.0000   3.076E-15
   8006.0000   3.069E-15
   8008.0000   3.062E-15
   8010.0000   3.055E-15
   8012.0000   3.048E-15
   8014.0000   3.041E-15
   8016.0000   3.034E-15
   8018.0000   3.027E-15
   8020.0000   3.020E-15
   8022.0000   3.013E-15
   8024.0000   3.006E-15
   8026.0000   2.999E-15
   8028.0000   2.992E-15
   8030.0000   2.986E-15
   8032.0000   2.979E-15
   8034.0000   2.972E-15
   8036.0000   2.965E-15
   8038.0000   2.959E-15
   8040.0000   2.952E-15
   8042.0000   2.945E-15
   8044.0000   2.939E-15
   8046.0000   2.932E-15
   8048.0000   2.925E-15
   8050.0000   2.919E-15
   8052.0000   2.912E-15
   8054.0000   2.906E-15
   8056.0000   2.899E-15
   8058.0000   2.893E-15
   8060.0000   2.886E-15
   8062.0000   2.880E-15
   8064.0000   2.874E-15
   8066.0000   2.867E-15
   8068.0000   2.861E-15
   8070.0000   2.854E-15
   8072.0000   2.848E-15
   8074.0000   2.842E-15
   8076.0000   2.836E-15
   8078.0000   2.829E-15
   8080.0000   2.823E-15
   8082.0000   2.817E-15
   8084.0000   2.811E-15
   8086.0000   2.805E-15
   8088.0000   2.798E-15
   8090.0000   2.792E-15
   8092.0000   2.786E-15
   8094.0000   2.780E-15
   8096.0000   2.774E-15
   8098.0000   2.768E-15
   8100.0000   2.762E-15
   8102.0000   2.756E-15
   8104.0000   2.750E-15
   8106.0000   2.744E-15
   8108.0000   2.738E-15
   8110.0000   2.732E-15
   8112.0000   2.726E-15
   8114.0000   2.720E-15
   8116.0000   2.714E-15
   8118.0000   2.708E-15
   8120.0000   2.703E-15
   8122.0000   2.697E-15
   8124.0000   2.691E-15
   8126.0000   2.685E-15
   8128.0000   2.679E-15
   8130.0000   2.674E-15
   8132.0000   2.668E-15
   8134.0000   2.662E-15
   8136.0000   2.656E-15
   8138.0000   2.651E-15
   8140.0000   2.645E-15
   8142.0000   2.639E-15
   8144.0000   2.634E-15
   8146.0000   2.628E-15
   8148.0000   2.623E-15
   8150.0000   2.617E-15
   8152.0000   2.612E-15
   8154.0000   2.606E-15
   8156.0000   2.600E-15
   8158.0000   2.595E-15
   8160.0000   2.589E-15
   8162.0000   2.584E-15
   8164.0000   2.579E-15
   8166.0000   2.573E-15
   8168.0000   2.568E-15
   8170.0000   2.562E-15
   8172.0000   2.557E-15
   8174.0000   2.552E-15
   8176.0000   2.546E-15
   8178.0000   2.541E-15
   8180.0000   2.536E-15
   8182.0000   2.530E-15
   8184.0000   2.525E-15
   8186.0000   2.520E-15
   8188.0000   2.514E-15
   8190.0000   2.509E-15
   8192.0000   2.504E-15
   8194.0000   2.499E-15
   8196.0000   2.494E-15
   8198.0000   2.488E-15
