   1159.0000   2.654E-20
   1160.0000   2.701E-20
   1161.0000   2.748E-20
   1162.0000   2.797E-20
   1163.0000   2.846E-20
   1164.0000   2.896E-20
   1165.0000   2.947E-20
   1166.0000   2.998E-20
   1167.0000   3.051E-20
   1168.0000   3.104E-20
   1169.0000   3.158E-20
   1170.0000   3.213E-20
   1171.0000   3.269E-20
   1172.0000   3.326E-20
   1173.0000   3.383E-20
   1174.0000   3.442E-20
   1175.0000   3.501E-20
   1176.0000   3.562E-20
   1177.0000   3.623E-20
   1178.0000   3.685E-20
   1179.0000   3.749E-20
   1180.0000   3.813E-20
   1181.0000   3.878E-20
   1182.0000   3.944E-20
   1183.0000   4.012E-20
   1184.0000   4.080E-20
   1185.0000   4.149E-20
   1186.0000   4.220E-20
   1187.0000   4.291E-20
   1188.0000   4.364E-20
   1189.0000   4.438E-20
   1190.0000   4.513E-20
   1191.0000   4.589E-20
   1192.0000   4.666E-20
   1193.0000   4.744E-20
   1194.0000   4.824E-20
   1195.0000   4.905E-20
   1196.0000   4.987E-20
   1197.0000   5.070E-20
   1198.0000   5.155E-20
   1199.0000   5.240E-20
   1200.0000   5.327E-20
   1201.0000   5.416E-20
   1202.0000   5.506E-20
   1203.0000   5.597E-20
   1204.0000   5.689E-20
   1205.0000   5.783E-20
   1206.0000   5.878E-20
   1207.0000   5.975E-20
   1208.0000   6.073E-20
   1209.0000   6.173E-20
   1210.0000   6.274E-20
   1211.0000   6.376E-20
   1212.0000   6.480E-20
   1213.0000   6.586E-20
   1214.0000   6.693E-20
   1215.0000   6.802E-20
   1216.0000   6.912E-20
   1217.0000   7.024E-20
   1218.0000   7.138E-20
   1219.0000   7.253E-20
   1220.0000   7.370E-20
   1221.0000   7.489E-20
   1222.0000   7.609E-20
   1223.0000   7.731E-20
   1224.0000   7.855E-20
   1225.0000   7.981E-20
   1226.0000   8.108E-20
   1227.0000   8.238E-20
   1228.0000   8.369E-20
   1229.0000   8.502E-20
   1230.0000   8.637E-20
   1231.0000   8.774E-20
   1232.0000   8.913E-20
   1233.0000   9.054E-20
   1234.0000   9.197E-20
   1235.0000   9.342E-20
   1236.0000   9.489E-20
   1237.0000   9.638E-20
   1238.0000   9.790E-20
   1239.0000   9.943E-20
   1240.0000   1.010E-19
   1241.0000   1.026E-19
   1242.0000   1.042E-19
   1243.0000   1.058E-19
   1244.0000   1.074E-19
   1245.0000   1.091E-19
   1246.0000   1.108E-19
   1247.0000   1.125E-19
   1248.0000   1.142E-19
   1249.0000   1.160E-19
   1250.0000   1.178E-19
   1251.0000   1.196E-19
   1252.0000   1.215E-19
   1253.0000   1.233E-19
   1254.0000   1.252E-19
   1255.0000   1.271E-19
   1256.0000   1.291E-19
   1257.0000   1.310E-19
   1258.0000   1.330E-19
   1259.0000   1.351E-19
   1260.0000   1.371E-19
   1261.0000   1.392E-19
   1262.0000   1.413E-19
   1263.0000   1.434E-19
   1264.0000   1.456E-19
   1265.0000   1.478E-19
   1266.0000   1.500E-19
   1267.0000   1.523E-19
   1268.0000   1.546E-19
   1269.0000   1.569E-19
   1270.0000   1.592E-19
   1271.0000   1.616E-19
   1272.0000   1.640E-19
   1273.0000   1.665E-19
   1274.0000   1.689E-19
   1275.0000   1.714E-19
   1276.0000   1.740E-19
   1277.0000   1.766E-19
   1278.0000   1.792E-19
   1279.0000   1.818E-19
   1280.0000   1.845E-19
   1281.0000   1.872E-19
   1282.0000   1.900E-19
   1283.0000   1.928E-19
   1284.0000   1.956E-19
   1285.0000   1.985E-19
   1286.0000   2.014E-19
   1287.0000   2.043E-19
   1288.0000   2.073E-19
   1289.0000   2.103E-19
   1290.0000   2.134E-19
   1291.0000   2.165E-19
   1292.0000   2.196E-19
   1293.0000   2.228E-19
   1294.0000   2.260E-19
   1295.0000   2.292E-19
   1296.0000   2.325E-19
   1297.0000   2.359E-19
   1298.0000   2.393E-19
   1299.0000   2.427E-19
   1300.0000   2.462E-19
   1301.0000   2.497E-19
   1302.0000   2.533E-19
   1303.0000   2.569E-19
   1304.0000   2.606E-19
   1305.0000   2.643E-19
   1306.0000   2.680E-19
   1307.0000   2.718E-19
   1308.0000   2.757E-19
   1309.0000   2.796E-19
   1310.0000   2.835E-19
   1311.0000   2.875E-19
   1312.0000   2.916E-19
   1313.0000   2.957E-19
   1314.0000   2.998E-19
   1315.0000   3.040E-19
   1316.0000   3.083E-19
   1317.0000   3.126E-19
   1318.0000   3.169E-19
   1319.0000   3.214E-19
   1320.0000   3.258E-19
   1321.0000   3.303E-19
   1322.0000   3.349E-19
   1323.0000   3.396E-19
   1324.0000   3.443E-19
   1325.0000   3.490E-19
   1326.0000   3.538E-19
   1327.0000   3.587E-19
   1328.0000   3.637E-19
   1329.0000   3.687E-19
   1330.0000   3.737E-19
   1331.0000   3.788E-19
   1332.0000   3.840E-19
   1333.0000   3.893E-19
   1334.0000   3.946E-19
   1335.0000   3.999E-19
   1336.0000   4.054E-19
   1337.0000   4.109E-19
   1338.0000   4.165E-19
   1339.0000   4.221E-19
   1340.0000   4.278E-19
   1341.0000   4.336E-19
   1342.0000   4.394E-19
   1343.0000   4.454E-19
   1344.0000   4.514E-19
   1345.0000   4.574E-19
   1346.0000   4.635E-19
   1347.0000   4.698E-19
   1348.0000   4.760E-19
   1349.0000   4.824E-19
   1350.0000   4.888E-19
   1351.0000   4.953E-19
   1352.0000   5.019E-19
   1353.0000   5.086E-19
   1354.0000   5.153E-19
   1355.0000   5.222E-19
   1356.0000   5.291E-19
   1357.0000   5.360E-19
   1358.0000   5.431E-19
   1359.0000   5.503E-19
   1360.0000   5.575E-19
   1361.0000   5.648E-19
   1362.0000   5.722E-19
   1363.0000   5.797E-19
   1364.0000   5.873E-19
   1365.0000   5.950E-19
   1366.0000   6.027E-19
   1367.0000   6.106E-19
   1368.0000   6.185E-19
   1369.0000   6.265E-19
   1370.0000   6.347E-19
   1371.0000   6.429E-19
   1372.0000   6.512E-19
   1373.0000   6.596E-19
   1374.0000   6.681E-19
   1375.0000   6.767E-19
   1376.0000   6.854E-19
   1377.0000   6.942E-19
   1378.0000   7.031E-19
   1379.0000   7.121E-19
   1380.0000   7.212E-19
   1381.0000   7.304E-19
   1382.0000   7.397E-19
   1383.0000   7.491E-19
   1384.0000   7.586E-19
   1385.0000   7.683E-19
   1386.0000   7.780E-19
   1387.0000   7.879E-19
   1388.0000   7.978E-19
   1389.0000   8.079E-19
   1390.0000   8.181E-19
   1391.0000   8.284E-19
   1392.0000   8.388E-19
   1393.0000   8.493E-19
   1394.0000   8.600E-19
   1395.0000   8.707E-19
   1396.0000   8.816E-19
   1397.0000   8.926E-19
   1398.0000   9.038E-19
   1399.0000   9.150E-19
   1400.0000   9.264E-19
   1401.0000   9.379E-19
   1402.0000   9.495E-19
   1403.0000   9.613E-19
   1404.0000   9.732E-19
   1405.0000   9.852E-19
   1406.0000   9.973E-19
   1407.0000   1.010E-18
   1408.0000   1.022E-18
   1409.0000   1.035E-18
   1410.0000   1.047E-18
   1411.0000   1.060E-18
   1412.0000   1.073E-18
   1413.0000   1.086E-18
   1414.0000   1.099E-18
   1415.0000   1.113E-18
   1416.0000   1.126E-18
   1417.0000   1.140E-18
   1418.0000   1.154E-18
   1419.0000   1.168E-18
   1420.0000   1.182E-18
   1421.0000   1.196E-18
   1422.0000   1.211E-18
   1423.0000   1.225E-18
   1424.0000   1.240E-18
   1425.0000   1.255E-18
   1426.0000   1.270E-18
   1427.0000   1.285E-18
   1428.0000   1.300E-18
   1429.0000   1.316E-18
   1430.0000   1.332E-18
   1431.0000   1.348E-18
   1432.0000   1.364E-18
   1433.0000   1.380E-18
   1434.0000   1.396E-18
   1435.0000   1.413E-18
   1436.0000   1.429E-18
   1437.0000   1.446E-18
   1438.0000   1.463E-18
   1439.0000   1.481E-18
   1440.0000   1.498E-18
   1441.0000   1.516E-18
   1442.0000   1.533E-18
   1443.0000   1.551E-18
   1444.0000   1.570E-18
   1445.0000   1.588E-18
   1446.0000   1.607E-18
   1447.0000   1.625E-18
   1448.0000   1.644E-18
   1449.0000   1.663E-18
   1450.0000   1.683E-18
   1451.0000   1.702E-18
   1452.0000   1.722E-18
   1453.0000   1.742E-18
   1454.0000   1.762E-18
   1455.0000   1.782E-18
   1456.0000   1.803E-18
   1457.0000   1.823E-18
   1458.0000   1.844E-18
   1459.0000   1.866E-18
   1460.0000   1.887E-18
   1461.0000   1.908E-18
   1462.0000   1.930E-18
   1463.0000   1.952E-18
   1464.0000   1.975E-18
   1465.0000   1.997E-18
   1466.0000   2.020E-18
   1467.0000   2.043E-18
   1468.0000   2.066E-18
   1469.0000   2.089E-18
   1470.0000   2.113E-18
   1471.0000   2.137E-18
   1472.0000   2.161E-18
   1473.0000   2.185E-18
   1474.0000   2.210E-18
   1475.0000   2.234E-18
   1476.0000   2.259E-18
   1477.0000   2.285E-18
   1478.0000   2.310E-18
   1479.0000   2.336E-18
   1480.0000   2.362E-18
   1481.0000   2.388E-18
   1482.0000   2.415E-18
   1483.0000   2.442E-18
   1484.0000   2.469E-18
   1485.0000   2.496E-18
   1486.0000   2.524E-18
   1487.0000   2.552E-18
   1488.0000   2.580E-18
   1489.0000   2.608E-18
   1490.0000   2.637E-18
   1491.0000   2.666E-18
   1492.0000   2.695E-18
   1493.0000   2.725E-18
   1494.0000   2.755E-18
   1495.0000   2.785E-18
   1496.0000   2.815E-18
   1497.0000   2.846E-18
   1498.0000   2.877E-18
   1499.0000   2.908E-18
   1500.0000   2.940E-18
   1501.0000   2.972E-18
   1502.0000   3.004E-18
   1503.0000   3.036E-18
   1504.0000   3.069E-18
   1505.0000   3.102E-18
   1506.0000   3.136E-18
   1507.0000   3.169E-18
   1508.0000   3.204E-18
   1509.0000   3.238E-18
   1510.0000   3.273E-18
   1511.0000   3.308E-18
   1512.0000   3.343E-18
   1513.0000   3.379E-18
   1514.0000   3.415E-18
   1515.0000   3.451E-18
   1516.0000   3.488E-18
   1517.0000   3.525E-18
   1518.0000   3.562E-18
   1519.0000   3.600E-18
   1520.0000   3.638E-18
   1521.0000   3.677E-18
   1522.0000   3.715E-18
   1523.0000   3.754E-18
   1524.0000   3.794E-18
   1525.0000   3.834E-18
   1526.0000   3.874E-18
   1527.0000   3.915E-18
   1528.0000   3.956E-18
   1529.0000   3.997E-18
   1530.0000   4.039E-18
   1531.0000   4.081E-18
   1532.0000   4.123E-18
   1533.0000   4.166E-18
   1534.0000   4.210E-18
   1535.0000   4.253E-18
   1536.0000   4.297E-18
   1537.0000   4.342E-18
   1538.0000   4.387E-18
   1539.0000   4.432E-18
   1540.0000   4.478E-18
   1541.0000   4.524E-18
   1542.0000   4.570E-18
   1543.0000   4.617E-18
   1544.0000   4.664E-18
   1545.0000   4.712E-18
   1546.0000   4.760E-18
   1547.0000   4.809E-18
   1548.0000   4.858E-18
   1549.0000   4.908E-18
   1550.0000   4.957E-18
   1551.0000   5.008E-18
   1552.0000   5.059E-18
   1553.0000   5.110E-18
   1554.0000   5.162E-18
   1555.0000   5.214E-18
   1556.0000   5.267E-18
   1557.0000   5.320E-18
   1558.0000   5.373E-18
   1559.0000   5.427E-18
   1560.0000   5.482E-18
   1561.0000   5.537E-18
   1562.0000   5.592E-18
   1563.0000   5.648E-18
   1564.0000   5.705E-18
   1565.0000   5.762E-18
   1566.0000   5.819E-18
   1567.0000   5.877E-18
   1568.0000   5.935E-18
   1569.0000   5.994E-18
   1570.0000   6.054E-18
   1571.0000   6.114E-18
   1572.0000   6.174E-18
   1573.0000   6.235E-18
   1574.0000   6.297E-18
   1575.0000   6.359E-18
   1576.0000   6.421E-18
   1577.0000   6.484E-18
   1578.0000   6.548E-18
   1579.0000   6.612E-18
   1580.0000   6.677E-18
   1581.0000   6.742E-18
   1582.0000   6.808E-18
   1583.0000   6.875E-18
   1584.0000   6.941E-18
   1585.0000   7.009E-18
   1586.0000   7.077E-18
   1587.0000   7.146E-18
   1588.0000   7.215E-18
   1589.0000   7.285E-18
   1590.0000   7.355E-18
   1591.0000   7.426E-18
   1592.0000   7.498E-18
   1593.0000   7.570E-18
   1594.0000   7.643E-18
   1595.0000   7.716E-18
   1596.0000   7.790E-18
   1597.0000   7.865E-18
   1598.0000   7.940E-18
   1599.0000   8.016E-18
   1600.0000   8.093E-18
   1601.0000   8.170E-18
   1602.0000   8.248E-18
   1603.0000   8.326E-18
   1604.0000   8.405E-18
   1605.0000   8.485E-18
   1606.0000   8.565E-18
   1607.0000   8.646E-18
   1608.0000   8.728E-18
   1609.0000   8.811E-18
   1610.0000   8.894E-18
   1611.0000   8.977E-18
   1612.0000   9.062E-18
   1613.0000   9.147E-18
   1614.0000   9.233E-18
   1615.0000   9.319E-18
   1616.0000   9.406E-18
   1617.0000   9.494E-18
   1618.0000   9.583E-18
   1619.0000   9.672E-18
   1620.0000   9.762E-18
   1621.0000   9.853E-18
   1622.0000   9.945E-18
   1623.0000   1.004E-17
   1624.0000   1.013E-17
   1625.0000   1.022E-17
   1626.0000   1.032E-17
   1627.0000   1.041E-17
   1628.0000   1.051E-17
   1629.0000   1.061E-17
   1630.0000   1.070E-17
   1631.0000   1.080E-17
   1632.0000   1.090E-17
   1633.0000   1.100E-17
   1634.0000   1.110E-17
   1635.0000   1.120E-17
   1636.0000   1.130E-17
   1637.0000   1.141E-17
   1638.0000   1.151E-17
   1639.0000   1.162E-17
   1640.0000   1.172E-17
   1641.0000   1.183E-17
   1642.0000   1.194E-17
   1643.0000   1.204E-17
   1644.0000   1.215E-17
   1645.0000   1.226E-17
   1646.0000   1.237E-17
   1647.0000   1.248E-17
   1648.0000   1.260E-17
   1649.0000   1.271E-17
   1650.0000   1.282E-17
   1651.0000   1.294E-17
   1652.0000   1.305E-17
   1653.0000   1.317E-17
   1654.0000   1.329E-17
   1655.0000   1.341E-17
   1656.0000   1.353E-17
   1657.0000   1.365E-17
   1658.0000   1.377E-17
   1659.0000   1.389E-17
   1660.0000   1.401E-17
   1661.0000   1.414E-17
   1662.0000   1.426E-17
   1663.0000   1.439E-17
   1664.0000   1.451E-17
   1665.0000   1.464E-17
   1666.0000   1.477E-17
   1667.0000   1.490E-17
   1668.0000   1.503E-17
   1669.0000   1.516E-17
   1670.0000   1.530E-17
   1671.0000   1.543E-17
   1672.0000   1.556E-17
   1673.0000   1.570E-17
   1674.0000   1.584E-17
   1675.0000   1.597E-17
   1676.0000   1.611E-17
   1677.0000   1.625E-17
   1678.0000   1.639E-17
   1679.0000   1.654E-17
   1680.0000   1.668E-17
   1681.0000   1.682E-17
   1682.0000   1.697E-17
   1683.0000   1.711E-17
   1684.0000   1.726E-17
   1685.0000   1.741E-17
   1686.0000   1.756E-17
   1687.0000   1.771E-17
   1688.0000   1.786E-17
   1689.0000   1.801E-17
   1690.0000   1.817E-17
   1691.0000   1.832E-17
   1692.0000   1.848E-17
   1693.0000   1.864E-17
   1694.0000   1.880E-17
   1695.0000   1.895E-17
   1696.0000   1.912E-17
   1697.0000   1.928E-17
   1698.0000   1.944E-17
   1699.0000   1.960E-17
   1700.0000   1.977E-17
   1701.0000   1.994E-17
   1702.0000   2.010E-17
   1703.0000   2.027E-17
   1704.0000   2.044E-17
   1705.0000   2.062E-17
   1706.0000   2.079E-17
   1707.0000   2.096E-17
   1708.0000   2.114E-17
   1709.0000   2.131E-17
   1710.0000   2.149E-17
   1711.0000   2.167E-17
   1712.0000   2.185E-17
   1713.0000   2.203E-17
   1714.0000   2.222E-17
   1715.0000   2.240E-17
   1716.0000   2.259E-17
   1717.0000   2.277E-17
   1718.0000   2.296E-17
   1719.0000   2.315E-17
   1720.0000   2.334E-17
   1721.0000   2.353E-17
   1722.0000   2.373E-17
   1723.0000   2.392E-17
   1724.0000   2.412E-17
   1725.0000   2.431E-17
   1726.0000   2.451E-17
   1727.0000   2.471E-17
   1728.0000   2.492E-17
   1729.0000   2.512E-17
   1730.0000   2.532E-17
   1731.0000   2.553E-17
   1732.0000   2.574E-17
   1733.0000   2.594E-17
   1734.0000   2.616E-17
   1735.0000   2.637E-17
   1736.0000   2.658E-17
   1737.0000   2.679E-17
   1738.0000   2.701E-17
   1739.0000   2.723E-17
   1740.0000   2.745E-17
   1741.0000   2.767E-17
   1742.0000   2.789E-17
   1743.0000   2.811E-17
   1744.0000   2.834E-17
   1745.0000   2.857E-17
   1746.0000   2.879E-17
   1747.0000   2.902E-17
   1748.0000   2.926E-17
   1749.0000   2.949E-17
   1750.0000   2.972E-17
   1751.0000   2.996E-17
   1752.0000   3.020E-17
   1753.0000   3.044E-17
   1754.0000   3.068E-17
   1755.0000   3.092E-17
   1756.0000   3.116E-17
   1757.0000   3.141E-17
   1758.0000   3.166E-17
   1759.0000   3.191E-17
   1760.0000   3.216E-17
   1761.0000   3.241E-17
   1762.0000   3.266E-17
   1763.0000   3.292E-17
   1764.0000   3.318E-17
   1765.0000   3.344E-17
   1766.0000   3.370E-17
   1767.0000   3.396E-17
   1768.0000   3.422E-17
   1769.0000   3.449E-17
   1770.0000   3.476E-17
   1771.0000   3.503E-17
   1772.0000   3.530E-17
   1773.0000   3.557E-17
   1774.0000   3.585E-17
   1775.0000   3.612E-17
   1776.0000   3.640E-17
   1777.0000   3.668E-17
   1778.0000   3.697E-17
   1779.0000   3.725E-17
   1780.0000   3.754E-17
   1781.0000   3.782E-17
   1782.0000   3.811E-17
   1783.0000   3.840E-17
   1784.0000   3.870E-17
   1785.0000   3.899E-17
   1786.0000   3.929E-17
   1787.0000   3.959E-17
   1788.0000   3.989E-17
   1789.0000   4.019E-17
   1790.0000   4.050E-17
   1791.0000   4.081E-17
   1792.0000   4.112E-17
   1793.0000   4.143E-17
   1794.0000   4.174E-17
   1795.0000   4.205E-17
   1796.0000   4.237E-17
   1797.0000   4.269E-17
   1798.0000   4.301E-17
   1799.0000   4.333E-17
   1800.0000   4.366E-17
   1801.0000   4.399E-17
   1802.0000   4.432E-17
   1803.0000   4.465E-17
   1804.0000   4.498E-17
   1805.0000   4.532E-17
   1806.0000   4.565E-17
   1807.0000   4.599E-17
   1808.0000   4.634E-17
   1809.0000   4.668E-17
   1810.0000   4.703E-17
   1811.0000   4.737E-17
   1812.0000   4.772E-17
   1813.0000   4.808E-17
   1814.0000   4.843E-17
   1815.0000   4.879E-17
   1816.0000   4.915E-17
   1817.0000   4.951E-17
   1818.0000   4.987E-17
   1819.0000   5.024E-17
   1820.0000   5.061E-17
   1821.0000   5.098E-17
   1822.0000   5.135E-17
   1823.0000   5.173E-17
   1824.0000   5.211E-17
   1825.0000   5.249E-17
   1826.0000   5.287E-17
   1827.0000   5.325E-17
   1828.0000   5.364E-17
   1829.0000   5.403E-17
   1830.0000   5.442E-17
   1831.0000   5.481E-17
   1832.0000   5.521E-17
   1833.0000   5.561E-17
   1834.0000   5.601E-17
   1835.0000   5.641E-17
   1836.0000   5.682E-17
   1837.0000   5.723E-17
   1838.0000   5.764E-17
   1839.0000   5.805E-17
   1840.0000   5.847E-17
   1841.0000   5.889E-17
   1842.0000   5.931E-17
   1843.0000   5.973E-17
   1844.0000   6.016E-17
   1845.0000   6.059E-17
   1846.0000   6.102E-17
   1847.0000   6.145E-17
   1848.0000   6.189E-17
   1849.0000   6.233E-17
   1850.0000   6.277E-17
   1851.0000   6.322E-17
   1852.0000   6.366E-17
   1853.0000   6.411E-17
   1854.0000   6.457E-17
   1855.0000   6.502E-17
   1856.0000   6.548E-17
   1857.0000   6.594E-17
   1858.0000   6.640E-17
   1859.0000   6.687E-17
   1860.0000   6.734E-17
   1861.0000   6.781E-17
   1862.0000   6.828E-17
   1863.0000   6.876E-17
   1864.0000   6.924E-17
   1865.0000   6.972E-17
   1866.0000   7.021E-17
   1867.0000   7.069E-17
   1868.0000   7.119E-17
   1869.0000   7.168E-17
   1870.0000   7.218E-17
   1871.0000   7.268E-17
   1872.0000   7.318E-17
   1873.0000   7.368E-17
   1874.0000   7.419E-17
   1875.0000   7.470E-17
   1876.0000   7.522E-17
   1877.0000   7.573E-17
   1878.0000   7.625E-17
   1879.0000   7.678E-17
   1880.0000   7.730E-17
   1881.0000   7.783E-17
   1882.0000   7.837E-17
   1883.0000   7.890E-17
   1884.0000   7.944E-17
   1885.0000   7.998E-17
   1886.0000   8.053E-17
   1887.0000   8.107E-17
   1888.0000   8.162E-17
   1889.0000   8.218E-17
   1890.0000   8.273E-17
   1891.0000   8.329E-17
   1892.0000   8.386E-17
   1893.0000   8.442E-17
   1894.0000   8.499E-17
   1895.0000   8.557E-17
   1896.0000   8.614E-17
   1897.0000   8.672E-17
   1898.0000   8.731E-17
   1899.0000   8.789E-17
   1900.0000   8.848E-17
   1901.0000   8.907E-17
   1902.0000   8.967E-17
   1903.0000   9.027E-17
   1904.0000   9.087E-17
   1905.0000   9.148E-17
   1906.0000   9.208E-17
   1907.0000   9.270E-17
   1908.0000   9.331E-17
   1909.0000   9.393E-17
   1910.0000   9.456E-17
   1911.0000   9.518E-17
   1912.0000   9.581E-17
   1913.0000   9.644E-17
   1914.0000   9.708E-17
   1915.0000   9.772E-17
   1916.0000   9.836E-17
   1917.0000   9.901E-17
   1918.0000   9.966E-17
   1919.0000   1.003E-16
   1920.0000   1.010E-16
   1921.0000   1.016E-16
   1922.0000   1.023E-16
   1923.0000   1.030E-16
   1924.0000   1.036E-16
   1925.0000   1.043E-16
   1926.0000   1.050E-16
   1927.0000   1.057E-16
   1928.0000   1.064E-16
   1929.0000   1.071E-16
   1930.0000   1.078E-16
   1931.0000   1.085E-16
   1932.0000   1.092E-16
   1933.0000   1.099E-16
   1934.0000   1.106E-16
   1935.0000   1.113E-16
   1936.0000   1.120E-16
   1937.0000   1.127E-16
   1938.0000   1.134E-16
   1939.0000   1.142E-16
   1940.0000   1.149E-16
   1941.0000   1.156E-16
   1942.0000   1.164E-16
   1943.0000   1.171E-16
   1944.0000   1.179E-16
   1945.0000   1.186E-16
   1946.0000   1.194E-16
   1947.0000   1.201E-16
   1948.0000   1.209E-16
   1949.0000   1.217E-16
   1950.0000   1.224E-16
   1951.0000   1.232E-16
   1952.0000   1.240E-16
   1953.0000   1.248E-16
   1954.0000   1.256E-16
   1955.0000   1.264E-16
   1956.0000   1.272E-16
   1957.0000   1.280E-16
   1958.0000   1.288E-16
   1959.0000   1.296E-16
   1960.0000   1.304E-16
   1961.0000   1.312E-16
   1962.0000   1.320E-16
   1963.0000   1.329E-16
   1964.0000   1.337E-16
   1965.0000   1.345E-16
   1966.0000   1.354E-16
   1967.0000   1.362E-16
   1968.0000   1.371E-16
   1969.0000   1.379E-16
   1970.0000   1.388E-16
   1971.0000   1.396E-16
   1972.0000   1.405E-16
   1973.0000   1.414E-16
   1974.0000   1.422E-16
   1975.0000   1.431E-16
   1976.0000   1.440E-16
   1977.0000   1.449E-16
   1978.0000   1.458E-16
   1979.0000   1.467E-16
   1980.0000   1.476E-16
   1981.0000   1.485E-16
   1982.0000   1.494E-16
   1983.0000   1.503E-16
   1984.0000   1.512E-16
   1985.0000   1.522E-16
   1986.0000   1.531E-16
   1987.0000   1.540E-16
   1988.0000   1.550E-16
   1989.0000   1.559E-16
   1990.0000   1.569E-16
   1991.0000   1.578E-16
   1992.0000   1.588E-16
   1993.0000   1.597E-16
   1994.0000   1.607E-16
   1995.0000   1.617E-16
   1996.0000   1.626E-16
   1997.0000   1.636E-16
   1998.0000   1.646E-16
   1999.0000   1.656E-16
   2000.0000   1.666E-16
   2001.0000   1.676E-16
   2002.0000   1.686E-16
