   1400.0000   7.786E-16
   1403.0000   7.880E-16
   1406.0000   7.975E-16
   1409.0000   8.071E-16
   1412.0000   8.168E-16
   1415.0000   8.265E-16
   1418.0000   8.363E-16
   1421.0000   8.461E-16
   1424.0000   8.561E-16
   1427.0000   8.661E-16
   1430.0000   8.761E-16
   1433.0000   8.863E-16
   1436.0000   8.965E-16
   1439.0000   9.068E-16
   1442.0000   9.171E-16
   1445.0000   9.276E-16
   1448.0000   9.380E-16
   1451.0000   9.486E-16
   1454.0000   9.592E-16
   1457.0000   9.699E-16
   1460.0000   9.807E-16
   1463.0000   9.915E-16
   1466.0000   1.002E-15
   1469.0000   1.013E-15
   1472.0000   1.024E-15
   1475.0000   1.036E-15
   1478.0000   1.047E-15
   1481.0000   1.058E-15
   1484.0000   1.069E-15
   1487.0000   1.081E-15
   1490.0000   1.092E-15
   1493.0000   1.104E-15
   1496.0000   1.115E-15
   1499.0000   1.127E-15
   1502.0000   1.139E-15
   1505.0000   1.151E-15
   1508.0000   1.162E-15
   1511.0000   1.174E-15
   1514.0000   1.186E-15
   1517.0000   1.198E-15
   1520.0000   1.211E-15
   1523.0000   1.223E-15
   1526.0000   1.235E-15
   1529.0000   1.247E-15
   1532.0000   1.260E-15
   1535.0000   1.272E-15
   1538.0000   1.285E-15
   1541.0000   1.298E-15
   1544.0000   1.310E-15
   1547.0000   1.323E-15
   1550.0000   1.336E-15
   1553.0000   1.349E-15
   1556.0000   1.362E-15
   1559.0000   1.375E-15
   1562.0000   1.388E-15
   1565.0000   1.401E-15
   1568.0000   1.414E-15
   1571.0000   1.427E-15
   1574.0000   1.441E-15
   1577.0000   1.454E-15
   1580.0000   1.468E-15
   1583.0000   1.481E-15
   1586.0000   1.495E-15
   1589.0000   1.508E-15
   1592.0000   1.522E-15
   1595.0000   1.536E-15
   1598.0000   1.550E-15
   1601.0000   1.564E-15
   1604.0000   1.578E-15
   1607.0000   1.592E-15
   1610.0000   1.606E-15
   1613.0000   1.620E-15
   1616.0000   1.634E-15
   1619.0000   1.648E-15
   1622.0000   1.663E-15
   1625.0000   1.677E-15
   1628.0000   1.692E-15
   1631.0000   1.706E-15
   1634.0000   1.721E-15
   1637.0000   1.736E-15
   1640.0000   1.750E-15
   1643.0000   1.765E-15
   1646.0000   1.780E-15
   1649.0000   1.795E-15
   1652.0000   1.810E-15
   1655.0000   1.825E-15
   1658.0000   1.840E-15
   1661.0000   1.855E-15
   1664.0000   1.870E-15
   1667.0000   1.885E-15
   1670.0000   1.901E-15
   1673.0000   1.916E-15
   1676.0000   1.931E-15
   1679.0000   1.947E-15
   1682.0000   1.963E-15
   1685.0000   1.978E-15
   1688.0000   1.994E-15
   1691.0000   2.009E-15
   1694.0000   2.025E-15
   1697.0000   2.041E-15
   1700.0000   2.057E-15
   1703.0000   2.073E-15
   1706.0000   2.089E-15
   1709.0000   2.104E-15
   1712.0000   2.121E-15
   1715.0000   2.137E-15
   1718.0000   2.153E-15
   1721.0000   2.169E-15
   1724.0000   2.185E-15
   1727.0000   2.201E-15
   1730.0000   2.218E-15
   1733.0000   2.234E-15
   1736.0000   2.250E-15
   1739.0000   2.267E-15
   1742.0000   2.284E-15
   1745.0000   2.300E-15
   1748.0000   2.317E-15
   1751.0000   2.333E-15
   1754.0000   2.350E-15
   1757.0000   2.367E-15
   1760.0000   2.384E-15
   1763.0000   2.400E-15
   1766.0000   2.417E-15
   1769.0000   2.434E-15
   1772.0000   2.451E-15
   1775.0000   2.468E-15
   1778.0000   2.485E-15
   1781.0000   2.502E-15
   1784.0000   2.520E-15
   1787.0000   2.537E-15
   1790.0000   2.554E-15
   1793.0000   2.571E-15
   1796.0000   2.588E-15
   1799.0000   2.606E-15
   1802.0000   2.623E-15
   1805.0000   2.640E-15
   1808.0000   2.658E-15
   1811.0000   2.675E-15
   1814.0000   2.693E-15
   1817.0000   2.710E-15
   1820.0000   2.729E-15
   1823.0000   2.747E-15
   1826.0000   2.764E-15
   1829.0000   2.782E-15
   1832.0000   2.800E-15
   1835.0000   2.818E-15
   1838.0000   2.836E-15
   1841.0000   2.853E-15
   1844.0000   2.871E-15
   1847.0000   2.889E-15
   1850.0000   2.907E-15
   1853.0000   2.925E-15
   1856.0000   2.944E-15
   1859.0000   2.962E-15
   1862.0000   2.980E-15
   1865.0000   2.998E-15
   1868.0000   3.016E-15
   1871.0000   3.035E-15
   1874.0000   3.053E-15
   1877.0000   3.071E-15
   1880.0000   3.091E-15
   1883.0000   3.109E-15
   1886.0000   3.128E-15
   1889.0000   3.146E-15
   1892.0000   3.165E-15
   1895.0000   3.183E-15
   1898.0000   3.202E-15
   1901.0000   3.220E-15
   1904.0000   3.239E-15
   1907.0000   3.258E-15
   1910.0000   3.277E-15
   1913.0000   3.295E-15
   1916.0000   3.314E-15
   1919.0000   3.333E-15
   1922.0000   3.352E-15
   1925.0000   3.371E-15
   1928.0000   3.389E-15
   1931.0000   3.408E-15
   1934.0000   3.427E-15
   1937.0000   3.446E-15
   1940.0000   3.465E-15
   1943.0000   3.484E-15
   1946.0000   3.503E-15
   1949.0000   3.523E-15
   1952.0000   3.542E-15
   1955.0000   3.561E-15
   1958.0000   3.580E-15
   1961.0000   3.599E-15
   1964.0000   3.619E-15
   1967.0000   3.638E-15
   1970.0000   3.657E-15
   1973.0000   3.676E-15
   1976.0000   3.696E-15
   1979.0000   3.715E-15
   1982.0000   3.734E-15
   1985.0000   3.754E-15
   1988.0000   3.774E-15
   1991.0000   3.795E-15
   1994.0000   3.814E-15
   1997.0000   3.834E-15
   2000.0000   3.853E-15
   2003.0000   3.873E-15
   2006.0000   3.892E-15
   2009.0000   3.912E-15
   2012.0000   3.932E-15
   2015.0000   3.951E-15
   2018.0000   3.971E-15
   2021.0000   3.990E-15
   2024.0000   4.010E-15
   2027.0000   4.030E-15
   2030.0000   4.050E-15
   2033.0000   4.069E-15
   2036.0000   4.089E-15
   2039.0000   4.109E-15
   2042.0000   4.129E-15
   2045.0000   4.148E-15
   2048.0000   4.168E-15
   2051.0000   4.188E-15
   2054.0000   4.208E-15
   2057.0000   4.228E-15
   2060.0000   4.248E-15
   2063.0000   4.267E-15
   2066.0000   4.287E-15
   2069.0000   4.307E-15
   2072.0000   4.327E-15
   2075.0000   4.347E-15
   2078.0000   4.367E-15
   2081.0000   4.387E-15
   2084.0000   4.407E-15
   2087.0000   4.427E-15
   2090.0000   4.447E-15
   2093.0000   4.467E-15
   2096.0000   4.487E-15
   2099.0000   4.507E-15
   2102.0000   4.527E-15
   2105.0000   4.547E-15
   2108.0000   4.567E-15
   2111.0000   4.587E-15
   2114.0000   4.607E-15
   2117.0000   4.627E-15
   2120.0000   4.647E-15
   2123.0000   4.668E-15
   2126.0000   4.688E-15
   2129.0000   4.708E-15
   2132.0000   4.728E-15
   2135.0000   4.748E-15
   2138.0000   4.768E-15
   2141.0000   4.788E-15
   2144.0000   4.808E-15
   2147.0000   4.828E-15
   2150.0000   4.849E-15
   2153.0000   4.869E-15
   2156.0000   4.889E-15
   2159.0000   4.909E-15
   2162.0000   4.929E-15
   2165.0000   4.949E-15
   2168.0000   4.969E-15
   2171.0000   4.990E-15
   2174.0000   5.010E-15
   2177.0000   5.030E-15
   2180.0000   5.050E-15
   2183.0000   5.070E-15
   2186.0000   5.090E-15
   2189.0000   5.111E-15
   2192.0000   5.131E-15
   2195.0000   5.151E-15
   2198.0000   5.171E-15
   2201.0000   5.191E-15
   2204.0000   5.211E-15
   2207.0000   5.232E-15
   2210.0000   5.252E-15
   2213.0000   5.272E-15
   2216.0000   5.292E-15
   2219.0000   5.312E-15
   2222.0000   5.332E-15
   2225.0000   5.352E-15
   2228.0000   5.376E-15
   2231.0000   5.396E-15
   2234.0000   5.417E-15
   2237.0000   5.437E-15
   2240.0000   5.457E-15
   2243.0000   5.477E-15
   2246.0000   5.497E-15
   2249.0000   5.517E-15
   2252.0000   5.537E-15
   2255.0000   5.557E-15
   2258.0000   5.577E-15
   2261.0000   5.597E-15
   2264.0000   5.618E-15
   2267.0000   5.638E-15
   2270.0000   5.658E-15
   2273.0000   5.678E-15
   2276.0000   5.698E-15
   2279.0000   5.718E-15
   2282.0000   5.738E-15
   2285.0000   5.758E-15
   2288.0000   5.778E-15
   2291.0000   5.798E-15
   2294.0000   5.818E-15
   2297.0000   5.838E-15
   2300.0000   5.858E-15
   2303.0000   5.877E-15
   2306.0000   5.897E-15
   2309.0000   5.917E-15
   2312.0000   5.937E-15
   2315.0000   5.957E-15
   2318.0000   5.977E-15
   2321.0000   5.997E-15
   2324.0000   6.017E-15
   2327.0000   6.036E-15
   2330.0000   6.056E-15
   2333.0000   6.076E-15
   2336.0000   6.096E-15
   2339.0000   6.116E-15
   2342.0000   6.135E-15
   2345.0000   6.155E-15
   2348.0000   6.175E-15
   2351.0000   6.195E-15
   2354.0000   6.214E-15
   2357.0000   6.234E-15
   2360.0000   6.254E-15
   2363.0000   6.273E-15
   2366.0000   6.293E-15
   2369.0000   6.312E-15
   2372.0000   6.332E-15
   2375.0000   6.351E-15
   2378.0000   6.371E-15
   2381.0000   6.391E-15
   2384.0000   6.410E-15
   2387.0000   6.430E-15
   2390.0000   6.449E-15
   2393.0000   6.468E-15
   2396.0000   6.488E-15
   2399.0000   6.507E-15
   2402.0000   6.527E-15
   2405.0000   6.546E-15
   2408.0000   6.565E-15
   2411.0000   6.585E-15
   2414.0000   6.604E-15
   2417.0000   6.623E-15
   2420.0000   6.643E-15
   2423.0000   6.662E-15
   2426.0000   6.681E-15
   2429.0000   6.700E-15
   2432.0000   6.719E-15
   2435.0000   6.738E-15
   2438.0000   6.758E-15
   2441.0000   6.777E-15
   2444.0000   6.796E-15
   2447.0000   6.815E-15
   2450.0000   6.834E-15
   2453.0000   6.853E-15
   2456.0000   6.872E-15
   2459.0000   6.891E-15
   2462.0000   6.910E-15
   2465.0000   6.928E-15
   2468.0000   6.947E-15
   2471.0000   6.966E-15
   2474.0000   6.985E-15
   2477.0000   7.004E-15
   2480.0000   7.022E-15
   2483.0000   7.041E-15
   2486.0000   7.060E-15
   2489.0000   7.079E-15
   2492.0000   7.097E-15
   2495.0000   7.116E-15
   2498.0000   7.134E-15
   2501.0000   7.153E-15
   2504.0000   7.171E-15
   2507.0000   7.190E-15
   2510.0000   7.208E-15
   2513.0000   7.227E-15
   2516.0000   7.245E-15
   2519.0000   7.264E-15
   2522.0000   7.282E-15
   2525.0000   7.300E-15
   2528.0000   7.319E-15
   2531.0000   7.337E-15
   2534.0000   7.355E-15
   2537.0000   7.373E-15
   2540.0000   7.391E-15
   2543.0000   7.410E-15
   2546.0000   7.428E-15
   2549.0000   7.446E-15
   2552.0000   7.464E-15
   2555.0000   7.482E-15
   2558.0000   7.500E-15
   2561.0000   7.518E-15
   2564.0000   7.536E-15
   2567.0000   7.553E-15
   2570.0000   7.571E-15
   2573.0000   7.589E-15
   2576.0000   7.607E-15
   2579.0000   7.624E-15
   2582.0000   7.642E-15
   2585.0000   7.660E-15
   2588.0000   7.677E-15
   2591.0000   7.695E-15
   2594.0000   7.713E-15
   2597.0000   7.730E-15
   2600.0000   7.748E-15
   2603.0000   7.765E-15
   2606.0000   7.782E-15
   2609.0000   7.800E-15
   2612.0000   7.817E-15
   2615.0000   7.834E-15
   2618.0000   7.852E-15
   2621.0000   7.869E-15
   2624.0000   7.886E-15
   2627.0000   7.903E-15
   2630.0000   7.920E-15
   2633.0000   7.938E-15
   2636.0000   7.955E-15
   2639.0000   7.972E-15
   2642.0000   7.989E-15
   2645.0000   8.005E-15
   2648.0000   8.022E-15
   2651.0000   8.039E-15
   2654.0000   8.056E-15
   2657.0000   8.073E-15
   2660.0000   8.089E-15
   2663.0000   8.106E-15
   2666.0000   8.123E-15
   2669.0000   8.139E-15
   2672.0000   8.156E-15
   2675.0000   8.173E-15
   2678.0000   8.189E-15
   2681.0000   8.205E-15
   2684.0000   8.222E-15
   2687.0000   8.238E-15
   2690.0000   8.255E-15
   2693.0000   8.271E-15
   2696.0000   8.287E-15
   2699.0000   8.303E-15
   2702.0000   8.319E-15
   2705.0000   8.336E-15
   2708.0000   8.352E-15
   2711.0000   8.368E-15
   2714.0000   8.384E-15
   2717.0000   8.400E-15
   2720.0000   8.416E-15
   2723.0000   8.431E-15
   2726.0000   8.447E-15
   2729.0000   8.463E-15
   2732.0000   8.479E-15
   2735.0000   8.494E-15
   2738.0000   8.510E-15
   2741.0000   8.526E-15
   2744.0000   8.541E-15
   2747.0000   8.557E-15
   2750.0000   8.572E-15
   2753.0000   8.588E-15
   2756.0000   8.603E-15
   2759.0000   8.618E-15
   2762.0000   8.634E-15
   2765.0000   8.649E-15
   2768.0000   8.664E-15
   2771.0000   8.679E-15
   2774.0000   8.694E-15
   2777.0000   8.709E-15
   2780.0000   8.724E-15
   2783.0000   8.739E-15
   2786.0000   8.754E-15
   2789.0000   8.769E-15
   2792.0000   8.784E-15
   2795.0000   8.799E-15
   2798.0000   8.814E-15
   2801.0000   8.828E-15
   2804.0000   8.843E-15
   2807.0000   8.858E-15
   2810.0000   8.872E-15
   2813.0000   8.887E-15
   2816.0000   8.901E-15
   2819.0000   8.915E-15
   2822.0000   8.930E-15
   2825.0000   8.944E-15
   2828.0000   8.958E-15
   2831.0000   8.973E-15
   2834.0000   8.987E-15
   2837.0000   9.001E-15
   2840.0000   9.015E-15
   2843.0000   9.029E-15
   2846.0000   9.043E-15
   2849.0000   9.057E-15
   2852.0000   9.071E-15
   2855.0000   9.085E-15
   2858.0000   9.098E-15
   2861.0000   9.112E-15
   2864.0000   9.126E-15
   2867.0000   9.139E-15
   2870.0000   9.153E-15
   2873.0000   9.167E-15
   2876.0000   9.180E-15
   2879.0000   9.193E-15
   2882.0000   9.207E-15
   2885.0000   9.220E-15
   2888.0000   9.233E-15
   2891.0000   9.247E-15
   2894.0000   9.260E-15
   2897.0000   9.273E-15
   2900.0000   9.286E-15
   2903.0000   9.299E-15
   2906.0000   9.312E-15
   2909.0000   9.325E-15
   2912.0000   9.338E-15
   2915.0000   9.351E-15
   2918.0000   9.363E-15
   2921.0000   9.376E-15
   2924.0000   9.389E-15
   2927.0000   9.401E-15
   2930.0000   9.414E-15
   2933.0000   9.426E-15
   2936.0000   9.439E-15
   2939.0000   9.451E-15
   2942.0000   9.463E-15
   2945.0000   9.476E-15
   2948.0000   9.488E-15
   2951.0000   9.500E-15
   2954.0000   9.512E-15
   2957.0000   9.524E-15
   2960.0000   9.536E-15
   2963.0000   9.548E-15
   2966.0000   9.560E-15
   2969.0000   9.572E-15
   2972.0000   9.584E-15
   2975.0000   9.596E-15
   2978.0000   9.607E-15
   2981.0000   9.619E-15
   2984.0000   9.630E-15
   2987.0000   9.642E-15
   2990.0000   9.653E-15
   2993.0000   9.665E-15
   2996.0000   9.676E-15
   2999.0000   9.687E-15
   3002.0000   9.699E-15
   3005.0000   9.710E-15
   3008.0000   9.729E-15
   3011.0000   9.740E-15
   3014.0000   9.751E-15
   3017.0000   9.762E-15
   3020.0000   9.773E-15
   3023.0000   9.784E-15
   3026.0000   9.794E-15
   3029.0000   9.805E-15
   3032.0000   9.816E-15
   3035.0000   9.826E-15
   3038.0000   9.837E-15
   3041.0000   9.847E-15
   3044.0000   9.858E-15
   3047.0000   9.868E-15
   3050.0000   9.879E-15
   3053.0000   9.889E-15
   3056.0000   9.899E-15
   3059.0000   9.909E-15
   3062.0000   9.919E-15
   3065.0000   9.929E-15
   3068.0000   9.939E-15
   3071.0000   9.949E-15
   3074.0000   9.959E-15
   3077.0000   9.969E-15
   3080.0000   9.979E-15
   3083.0000   9.988E-15
   3086.0000   9.998E-15
   3089.0000   1.001E-14
   3092.0000   1.002E-14
   3095.0000   1.003E-14
   3098.0000   1.004E-14
   3101.0000   1.004E-14
   3104.0000   1.005E-14
   3107.0000   1.006E-14
   3110.0000   1.007E-14
   3113.0000   1.008E-14
   3116.0000   1.009E-14
   3119.0000   1.010E-14
   3122.0000   1.011E-14
   3125.0000   1.012E-14
   3128.0000   1.013E-14
   3131.0000   1.013E-14
   3134.0000   1.014E-14
   3137.0000   1.015E-14
   3140.0000   1.016E-14
   3143.0000   1.017E-14
   3146.0000   1.018E-14
   3149.0000   1.018E-14
   3152.0000   1.019E-14
   3155.0000   1.020E-14
   3158.0000   1.021E-14
   3161.0000   1.022E-14
   3164.0000   1.023E-14
   3167.0000   1.023E-14
   3170.0000   1.024E-14
   3173.0000   1.025E-14
   3176.0000   1.026E-14
   3179.0000   1.026E-14
   3182.0000   1.027E-14
   3185.0000   1.028E-14
   3188.0000   1.029E-14
   3191.0000   1.029E-14
   3194.0000   1.030E-14
   3197.0000   1.031E-14
   3200.0000   1.031E-14
   3203.0000   1.032E-14
   3206.0000   1.033E-14
   3209.0000   1.034E-14
   3212.0000   1.034E-14
   3215.0000   1.035E-14
   3218.0000   1.036E-14
   3221.0000   1.036E-14
   3224.0000   1.037E-14
   3227.0000   1.038E-14
   3230.0000   1.038E-14
   3233.0000   1.039E-14
   3236.0000   1.039E-14
   3239.0000   1.040E-14
   3242.0000   1.041E-14
   3245.0000   1.041E-14
   3248.0000   1.042E-14
   3251.0000   1.042E-14
   3254.0000   1.043E-14
   3257.0000   1.043E-14
   3260.0000   1.044E-14
   3263.0000   1.045E-14
   3266.0000   1.045E-14
   3269.0000   1.046E-14
   3272.0000   1.046E-14
   3275.0000   1.047E-14
   3278.0000   1.047E-14
   3281.0000   1.048E-14
   3284.0000   1.048E-14
   3287.0000   1.049E-14
   3290.0000   1.049E-14
   3293.0000   1.050E-14
   3296.0000   1.050E-14
   3299.0000   1.050E-14
   3302.0000   1.051E-14
   3305.0000   1.051E-14
   3308.0000   1.052E-14
   3311.0000   1.052E-14
   3314.0000   1.052E-14
   3317.0000   1.053E-14
   3320.0000   1.053E-14
   3323.0000   1.054E-14
   3326.0000   1.054E-14
   3329.0000   1.054E-14
   3332.0000   1.055E-14
   3335.0000   1.055E-14
   3338.0000   1.055E-14
   3341.0000   1.056E-14
   3344.0000   1.056E-14
   3347.0000   1.056E-14
   3350.0000   1.056E-14
   3353.0000   1.057E-14
   3356.0000   1.057E-14
   3359.0000   1.057E-14
   3362.0000   1.057E-14
   3365.0000   1.058E-14
   3368.0000   1.058E-14
   3371.0000   1.058E-14
   3374.0000   1.058E-14
   3377.0000   1.058E-14
   3380.0000   1.058E-14
   3383.0000   1.059E-14
   3386.0000   1.059E-14
   3389.0000   1.059E-14
   3392.0000   1.059E-14
   3395.0000   1.059E-14
   3398.0000   1.059E-14
   3401.0000   1.059E-14
   3404.0000   1.059E-14
   3407.0000   1.059E-14
   3410.0000   1.059E-14
   3413.0000   1.059E-14
   3416.0000   1.059E-14
   3419.0000   1.059E-14
   3422.0000   1.059E-14
   3425.0000   1.059E-14
   3428.0000   1.059E-14
   3431.0000   1.059E-14
   3434.0000   1.058E-14
   3437.0000   1.058E-14
   3440.0000   1.058E-14
   3443.0000   1.058E-14
   3446.0000   1.058E-14
   3449.0000   1.058E-14
   3452.0000   1.057E-14
   3455.0000   1.057E-14
   3458.0000   1.057E-14
   3461.0000   1.056E-14
   3464.0000   1.056E-14
   3467.0000   1.056E-14
   3470.0000   1.055E-14
   3473.0000   1.055E-14
   3476.0000   1.054E-14
   3479.0000   1.054E-14
   3482.0000   1.053E-14
   3485.0000   1.053E-14
   3488.0000   1.052E-14
   3491.0000   1.052E-14
   3494.0000   1.051E-14
   3497.0000   1.051E-14
   3500.0000   1.050E-14
   3503.0000   1.049E-14
   3506.0000   1.048E-14
   3509.0000   1.048E-14
   3512.0000   1.047E-14
   3515.0000   1.046E-14
   3518.0000   1.045E-14
   3521.0000   1.044E-14
   3524.0000   1.043E-14
   3527.0000   1.042E-14
   3530.0000   1.041E-14
   3533.0000   1.040E-14
   3536.0000   1.039E-14
   3539.0000   1.037E-14
   3542.0000   1.036E-14
   3545.0000   1.035E-14
   3548.0000   1.033E-14
   3551.0000   1.032E-14
   3554.0000   1.031E-14
   3557.0000   1.029E-14
   3560.0000   1.027E-14
   3563.0000   1.026E-14
   3566.0000   1.024E-14
   3569.0000   1.022E-14
   3572.0000   1.020E-14
   3575.0000   1.018E-14
   3578.0000   1.016E-14
   3581.0000   1.014E-14
   3584.0000   1.012E-14
   3587.0000   1.009E-14
   3590.0000   1.007E-14
   3593.0000   1.004E-14
   3596.0000   1.002E-14
   3599.0000   9.990E-15
   3602.0000   9.962E-15
   3605.0000   9.933E-15
   3608.0000   9.904E-15
   3611.0000   9.873E-15
   3614.0000   9.841E-15
   3617.0000   9.808E-15
   3620.0000   9.774E-15
   3623.0000   9.739E-15
   3626.0000   9.703E-15
   3629.0000   9.666E-15
   3632.0000   9.628E-15
   3635.0000   9.589E-15
   3638.0000   9.549E-15
   3641.0000   9.507E-15
   3644.0000   9.465E-15
   3647.0000   9.421E-15
   3650.0000   9.377E-15
   3653.0000   9.331E-15
   3656.0000   9.284E-15
   3659.0000   9.236E-15
   3662.0000   9.186E-15
   3665.0000   9.135E-15
   3668.0000   9.083E-15
   3671.0000   9.030E-15
   3674.0000   8.975E-15
   3677.0000   8.920E-15
   3680.0000   8.863E-15
   3683.0000   8.804E-15
   3686.0000   8.745E-15
   3689.0000   8.685E-15
   3692.0000   8.623E-15
   3695.0000   8.561E-15
   3698.0000   8.498E-15
   3701.0000   8.434E-15
   3704.0000   8.370E-15
   3707.0000   8.305E-15
   3710.0000   8.239E-15
   3713.0000   8.173E-15
   3716.0000   8.107E-15
   3719.0000   8.041E-15
   3722.0000   7.974E-15
   3725.0000   7.908E-15
   3728.0000   7.841E-15
   3731.0000   7.775E-15
   3734.0000   7.708E-15
   3737.0000   7.642E-15
   3740.0000   7.576E-15
   3743.0000   7.511E-15
   3746.0000   7.445E-15
   3749.0000   7.381E-15
   3752.0000   7.316E-15
   3755.0000   7.253E-15
   3758.0000   7.189E-15
   3761.0000   7.127E-15
   3764.0000   7.064E-15
   3767.0000   7.003E-15
   3770.0000   6.942E-15
   3773.0000   6.882E-15
   3776.0000   6.822E-15
   3779.0000   6.763E-15
   3782.0000   6.705E-15
   3785.0000   6.648E-15
   3788.0000   6.591E-15
   3791.0000   6.535E-15
   3794.0000   6.480E-15
   3797.0000   6.425E-15
   3800.0000   6.371E-15
   3803.0000   6.318E-15
   3806.0000   6.266E-15
   3809.0000   6.214E-15
   3812.0000   6.163E-15
   3815.0000   6.113E-15
   3818.0000   6.063E-15
   3821.0000   6.014E-15
   3824.0000   5.966E-15
   3827.0000   5.918E-15
   3830.0000   5.872E-15
   3833.0000   5.825E-15
   3836.0000   5.780E-15
   3839.0000   5.735E-15
   3842.0000   5.691E-15
   3845.0000   5.648E-15
   3848.0000   5.605E-15
   3851.0000   5.563E-15
   3854.0000   5.521E-15
   3857.0000   5.481E-15
   3860.0000   5.441E-15
   3863.0000   5.401E-15
   3866.0000   5.362E-15
   3869.0000   5.324E-15
   3872.0000   5.286E-15
   3875.0000   5.249E-15
   3878.0000   5.212E-15
   3881.0000   5.175E-15
   3884.0000   5.138E-15
   3887.0000   5.102E-15
   3890.0000   5.066E-15
   3893.0000   5.031E-15
   3896.0000   4.995E-15
   3899.0000   4.961E-15
   3902.0000   4.926E-15
   3905.0000   4.893E-15
   3908.0000   4.859E-15
   3911.0000   4.827E-15
   3914.0000   4.796E-15
   3917.0000   4.765E-15
   3920.0000   4.736E-15
   3923.0000   4.707E-15
   3926.0000   4.680E-15
   3929.0000   4.653E-15
   3932.0000   4.627E-15
   3935.0000   4.602E-15
   3938.0000   4.578E-15
   3941.0000   4.554E-15
   3944.0000   4.530E-15
   3947.0000   4.507E-15
   3950.0000   4.483E-15
   3953.0000   4.459E-15
   3956.0000   4.435E-15
   3959.0000   4.409E-15
   3962.0000   4.383E-15
   3965.0000   4.356E-15
   3968.0000   4.328E-15
   3971.0000   4.299E-15
   3974.0000   4.268E-15
   3977.0000   4.237E-15
   3980.0000   4.204E-15
   3983.0000   4.171E-15
   3986.0000   4.137E-15
   3989.0000   4.102E-15
   3992.0000   4.067E-15
   3995.0000   4.032E-15
   3998.0000   3.997E-15
   4001.0000   3.963E-15
   4004.0000   3.929E-15
   4007.0000   3.897E-15
   4010.0000   3.865E-15
   4013.0000   3.835E-15
   4016.0000   3.806E-15
   4019.0000   3.780E-15
   4022.0000   3.755E-15
   4025.0000   3.732E-15
   4028.0000   3.711E-15
   4031.0000   3.693E-15
   4034.0000   3.676E-15
   4037.0000   3.662E-15
   4040.0000   3.650E-15
   4043.0000   3.640E-15
   4046.0000   3.631E-15
   4049.0000   3.625E-15
   4052.0000   3.620E-15
   4055.0000   3.617E-15
   4058.0000   3.615E-15
   4061.0000   3.614E-15
   4064.0000   3.613E-15
   4067.0000   3.613E-15
   4070.0000   3.613E-15
   4073.0000   3.613E-15
   4076.0000   3.612E-15
   4079.0000   3.611E-15
   4082.0000   3.608E-15
   4085.0000   3.604E-15
   4088.0000   3.598E-15
   4091.0000   3.589E-15
   4094.0000   3.579E-15
   4097.0000   3.566E-15
   4100.0000   3.551E-15
   4103.0000   3.533E-15
   4106.0000   3.512E-15
   4109.0000   3.489E-15
   4112.0000   3.463E-15
   4115.0000   3.435E-15
   4118.0000   3.405E-15
   4121.0000   3.373E-15
   4124.0000   3.339E-15
   4127.0000   3.303E-15
   4130.0000   3.266E-15
   4133.0000   3.228E-15
   4136.0000   3.190E-15
   4139.0000   3.151E-15
   4142.0000   3.112E-15
   4145.0000   3.073E-15
   4148.0000   3.034E-15
   4151.0000   2.996E-15
   4154.0000   2.959E-15
   4157.0000   2.923E-15
   4160.0000   2.888E-15
   4163.0000   2.854E-15
   4166.0000   2.822E-15
   4169.0000   2.791E-15
   4172.0000   2.762E-15
   4175.0000   2.735E-15
   4178.0000   2.710E-15
   4181.0000   2.686E-15
   4184.0000   2.664E-15
   4187.0000   2.645E-15
   4190.0000   2.627E-15
   4193.0000   2.611E-15
   4196.0000   2.598E-15
   4199.0000   2.586E-15
   4202.0000   2.577E-15
   4205.0000   2.569E-15
   4208.0000   2.564E-15
   4211.0000   2.561E-15
   4214.0000   2.560E-15
   4217.0000   2.561E-15
   4220.0000   2.564E-15
   4223.0000   2.569E-15
   4226.0000   2.577E-15
   4229.0000   2.586E-15
   4232.0000   2.598E-15
   4235.0000   2.612E-15
   4238.0000   2.628E-15
   4241.0000   2.646E-15
   4244.0000   2.667E-15
   4247.0000   2.689E-15
   4250.0000   2.714E-15
   4253.0000   2.740E-15
   4256.0000   2.769E-15
   4259.0000   2.799E-15
   4262.0000   2.832E-15
   4265.0000   2.866E-15
   4268.0000   2.902E-15
   4271.0000   2.939E-15
   4274.0000   2.978E-15
   4277.0000   3.018E-15
   4280.0000   3.060E-15
   4283.0000   3.102E-15
   4286.0000   3.145E-15
   4289.0000   3.188E-15
   4292.0000   3.232E-15
   4295.0000   3.275E-15
   4298.0000   3.318E-15
   4301.0000   3.360E-15
   4304.0000   3.401E-15
   4307.0000   3.440E-15
   4310.0000   3.477E-15
   4313.0000   3.511E-15
   4316.0000   3.543E-15
   4319.0000   3.571E-15
   4322.0000   3.596E-15
   4325.0000   3.616E-15
   4328.0000   3.632E-15
   4331.0000   3.644E-15
   4334.0000   3.651E-15
   4337.0000   3.652E-15
   4340.0000   3.649E-15
   4343.0000   3.640E-15
   4346.0000   3.626E-15
   4349.0000   3.607E-15
   4352.0000   3.583E-15
   4355.0000   3.555E-15
   4358.0000   3.522E-15
   4361.0000   3.485E-15
   4364.0000   3.444E-15
   4367.0000   3.400E-15
   4370.0000   3.353E-15
   4373.0000   3.303E-15
   4376.0000   3.251E-15
   4379.0000   3.197E-15
   4382.0000   3.141E-15
   4385.0000   3.085E-15
   4388.0000   3.028E-15
   4391.0000   2.970E-15
   4394.0000   2.912E-15
   4397.0000   2.854E-15
   4400.0000   2.797E-15
   4403.0000   2.740E-15
   4406.0000   2.684E-15
   4409.0000   2.628E-15
   4412.0000   2.574E-15
   4415.0000   2.521E-15
   4418.0000   2.469E-15
   4421.0000   2.419E-15
   4424.0000   2.370E-15
   4427.0000   2.322E-15
   4430.0000   2.276E-15
   4433.0000   2.231E-15
   4436.0000   2.188E-15
   4439.0000   2.146E-15
   4442.0000   2.106E-15
   4445.0000   2.067E-15
   4448.0000   2.029E-15
   4451.0000   1.993E-15
   4454.0000   1.959E-15
   4457.0000   1.925E-15
   4460.0000   1.893E-15
   4463.0000   1.863E-15
   4466.0000   1.833E-15
   4469.0000   1.805E-15
   4472.0000   1.778E-15
   4475.0000   1.752E-15
   4478.0000   1.728E-15
   4481.0000   1.704E-15
   4484.0000   1.682E-15
   4487.0000   1.660E-15
   4490.0000   1.640E-15
   4493.0000   1.620E-15
   4496.0000   1.602E-15
   4499.0000   1.584E-15
   4502.0000   1.568E-15
   4505.0000   1.552E-15
   4508.0000   1.537E-15
   4511.0000   1.522E-15
   4514.0000   1.509E-15
   4517.0000   1.496E-15
   4520.0000   1.485E-15
   4523.0000   1.473E-15
   4526.0000   1.463E-15
   4529.0000   1.453E-15
   4532.0000   1.444E-15
   4535.0000   1.436E-15
   4538.0000   1.428E-15
   4541.0000   1.421E-15
   4544.0000   1.414E-15
   4547.0000   1.409E-15
   4550.0000   1.403E-15
   4553.0000   1.399E-15
   4556.0000   1.395E-15
   4559.0000   1.391E-15
   4562.0000   1.389E-15
   4565.0000   1.386E-15
   4568.0000   1.385E-15
   4571.0000   1.384E-15
   4574.0000   1.383E-15
   4577.0000   1.383E-15
   4580.0000   1.384E-15
   4583.0000   1.385E-15
   4586.0000   1.387E-15
   4589.0000   1.389E-15
   4592.0000   1.392E-15
   4595.0000   1.395E-15
   4598.0000   1.399E-15
   4601.0000   1.404E-15
   4604.0000   1.409E-15
   4607.0000   1.415E-15
   4610.0000   1.421E-15
   4613.0000   1.428E-15
   4616.0000   1.436E-15
   4619.0000   1.444E-15
   4622.0000   1.453E-15
   4625.0000   1.463E-15
   4628.0000   1.473E-15
   4631.0000   1.484E-15
   4634.0000   1.496E-15
   4637.0000   1.508E-15
   4640.0000   1.522E-15
   4643.0000   1.536E-15
   4646.0000   1.550E-15
   4649.0000   1.566E-15
   4652.0000   1.582E-15
   4655.0000   1.599E-15
   4658.0000   1.617E-15
   4661.0000   1.636E-15
   4664.0000   1.656E-15
   4667.0000   1.676E-15
   4670.0000   1.698E-15
   4673.0000   1.721E-15
   4676.0000   1.745E-15
   4679.0000   1.769E-15
   4682.0000   1.795E-15
   4685.0000   1.822E-15
   4688.0000   1.851E-15
   4691.0000   1.880E-15
   4694.0000   1.911E-15
   4697.0000   1.943E-15
   4700.0000   1.976E-15
   4703.0000   2.011E-15
   4706.0000   2.047E-15
   4709.0000   2.084E-15
   4712.0000   2.123E-15
   4715.0000   2.164E-15
   4718.0000   2.206E-15
   4721.0000   2.250E-15
   4724.0000   2.296E-15
   4727.0000   2.343E-15
   4730.0000   2.392E-15
   4733.0000   2.443E-15
   4736.0000   2.496E-15
   4739.0000   2.551E-15
   4742.0000   2.608E-15
   4745.0000   2.666E-15
   4748.0000   2.727E-15
   4751.0000   2.790E-15
   4754.0000   2.855E-15
   4757.0000   2.922E-15
   4760.0000   2.991E-15
   4763.0000   3.062E-15
   4766.0000   3.135E-15
   4769.0000   3.210E-15
   4772.0000   3.287E-15
   4775.0000   3.366E-15
   4778.0000   3.447E-15
   4781.0000   3.529E-15
   4784.0000   3.613E-15
   4787.0000   3.698E-15
   4790.0000   3.785E-15
   4793.0000   3.873E-15
   4796.0000   3.961E-15
   4799.0000   4.050E-15
   4802.0000   4.139E-15
   4805.0000   4.227E-15
   4808.0000   4.316E-15
   4811.0000   4.403E-15
   4814.0000   4.489E-15
   4817.0000   4.573E-15
   4820.0000   4.655E-15
   4823.0000   4.734E-15
   4826.0000   4.810E-15
   4829.0000   4.882E-15
   4832.0000   4.949E-15
   4835.0000   5.012E-15
   4838.0000   5.069E-15
   4841.0000   5.120E-15
   4844.0000   5.165E-15
   4847.0000   5.203E-15
   4850.0000   5.234E-15
   4853.0000   5.258E-15
   4856.0000   5.274E-15
   4859.0000   5.282E-15
   4862.0000   5.282E-15
   4865.0000   5.275E-15
   4868.0000   5.259E-15
   4871.0000   5.236E-15
   4874.0000   5.206E-15
   4877.0000   5.168E-15
   4880.0000   5.124E-15
   4883.0000   5.073E-15
   4886.0000   5.016E-15
   4889.0000   4.954E-15
   4892.0000   4.887E-15
   4895.0000   4.815E-15
   4898.0000   4.739E-15
   4901.0000   4.659E-15
   4904.0000   4.577E-15
   4907.0000   4.492E-15
   4910.0000   4.405E-15
   4913.0000   4.317E-15
   4916.0000   4.227E-15
   4919.0000   4.137E-15
   4922.0000   4.047E-15
   4925.0000   3.956E-15
   4928.0000   3.866E-15
   4931.0000   3.776E-15
   4934.0000   3.687E-15
   4937.0000   3.600E-15
   4940.0000   3.513E-15
   4943.0000   3.428E-15
   4946.0000   3.345E-15
   4949.0000   3.263E-15
   4952.0000   3.182E-15
   4955.0000   3.104E-15
   4958.0000   3.027E-15
   4961.0000   2.953E-15
   4964.0000   2.880E-15
   4967.0000   2.809E-15
   4970.0000   2.741E-15
   4973.0000   2.674E-15
   4976.0000   2.609E-15
   4979.0000   2.546E-15
   4982.0000   2.485E-15
   4985.0000   2.426E-15
   4988.0000   2.368E-15
   4991.0000   2.312E-15
   4994.0000   2.259E-15
   4997.0000   2.206E-15
   5000.0000   2.156E-15
   5003.0000   2.107E-15
   5006.0000   2.059E-15
   5009.0000   2.014E-15
   5012.0000   1.969E-15
   5015.0000   1.926E-15
   5018.0000   1.885E-15
   5021.0000   1.844E-15
   5024.0000   1.805E-15
   5027.0000   1.768E-15
   5030.0000   1.731E-15
   5033.0000   1.696E-15
   5036.0000   1.662E-15
   5039.0000   1.629E-15
   5042.0000   1.597E-15
   5045.0000   1.565E-15
   5048.0000   1.535E-15
   5051.0000   1.506E-15
   5054.0000   1.478E-15
   5057.0000   1.451E-15
   5060.0000   1.424E-15
   5063.0000   1.398E-15
   5066.0000   1.373E-15
   5069.0000   1.349E-15
   5072.0000   1.326E-15
   5075.0000   1.303E-15
   5078.0000   1.281E-15
   5081.0000   1.260E-15
   5084.0000   1.239E-15
   5087.0000   1.219E-15
   5090.0000   1.199E-15
   5093.0000   1.180E-15
   5096.0000   1.161E-15
   5099.0000   1.143E-15
   5102.0000   1.126E-15
   5105.0000   1.109E-15
   5108.0000   1.093E-15
   5111.0000   1.076E-15
   5114.0000   1.061E-15
   5117.0000   1.046E-15
   5120.0000   1.031E-15
   5123.0000   1.017E-15
   5126.0000   1.003E-15
   5129.0000   9.890E-16
   5132.0000   9.757E-16
   5135.0000   9.628E-16
   5138.0000   9.502E-16
   5141.0000   9.380E-16
   5144.0000   9.261E-16
   5147.0000   9.144E-16
   5150.0000   9.031E-16
   5153.0000   8.921E-16
   5156.0000   8.813E-16
   5159.0000   8.708E-16
   5162.0000   8.606E-16
   5165.0000   8.506E-16
   5168.0000   8.408E-16
   5171.0000   8.313E-16
   5174.0000   8.220E-16
   5177.0000   8.130E-16
   5180.0000   8.041E-16
   5183.0000   7.955E-16
   5186.0000   7.871E-16
   5189.0000   7.788E-16
   5192.0000   7.708E-16
   5195.0000   7.630E-16
   5198.0000   7.553E-16
   5201.0000   7.478E-16
   5204.0000   7.405E-16
   5207.0000   7.333E-16
   5210.0000   7.263E-16
   5213.0000   7.195E-16
   5216.0000   7.128E-16
   5219.0000   7.062E-16
   5222.0000   6.998E-16
   5225.0000   6.936E-16
   5228.0000   6.875E-16
   5231.0000   6.815E-16
   5234.0000   6.756E-16
   5237.0000   6.699E-16
   5240.0000   6.643E-16
   5243.0000   6.588E-16
   5246.0000   6.534E-16
   5249.0000   6.482E-16
   5252.0000   6.430E-16
   5255.0000   6.380E-16
   5258.0000   6.330E-16
   5261.0000   6.282E-16
   5264.0000   6.235E-16
   5267.0000   6.188E-16
   5270.0000   6.143E-16
   5273.0000   6.099E-16
   5276.0000   6.055E-16
   5279.0000   6.012E-16
   5282.0000   5.971E-16
   5285.0000   5.930E-16
   5288.0000   5.890E-16
   5291.0000   5.850E-16
   5294.0000   5.812E-16
   5297.0000   5.774E-16
   5300.0000   5.737E-16
   5303.0000   5.701E-16
   5306.0000   5.666E-16
   5309.0000   5.631E-16
   5312.0000   5.597E-16
   5315.0000   5.563E-16
   5318.0000   5.531E-16
   5321.0000   5.499E-16
   5324.0000   5.467E-16
   5327.0000   5.436E-16
   5330.0000   5.406E-16
   5333.0000   5.377E-16
   5336.0000   5.348E-16
   5339.0000   5.319E-16
   5342.0000   5.291E-16
   5345.0000   5.264E-16
   5348.0000   5.237E-16
   5351.0000   5.211E-16
   5354.0000   5.185E-16
   5357.0000   5.160E-16
   5360.0000   5.136E-16
   5363.0000   5.111E-16
   5366.0000   5.088E-16
   5369.0000   5.065E-16
   5372.0000   5.042E-16
   5375.0000   5.020E-16
   5378.0000   4.998E-16
   5381.0000   4.976E-16
   5384.0000   4.955E-16
   5387.0000   4.935E-16
   5390.0000   4.915E-16
   5393.0000   4.895E-16
   5396.0000   4.876E-16
   5399.0000   4.857E-16
   5402.0000   4.839E-16
   5405.0000   4.821E-16
   5408.0000   4.803E-16
   5411.0000   4.786E-16
   5414.0000   4.769E-16
   5417.0000   4.752E-16
   5420.0000   4.736E-16
   5423.0000   4.720E-16
   5426.0000   4.705E-16
   5429.0000   4.690E-16
   5432.0000   4.675E-16
   5435.0000   4.660E-16
   5438.0000   4.646E-16
   5441.0000   4.633E-16
   5444.0000   4.619E-16
   5447.0000   4.606E-16
   5450.0000   4.593E-16
   5453.0000   4.581E-16
   5456.0000   4.569E-16
   5459.0000   4.557E-16
   5462.0000   4.545E-16
   5465.0000   4.534E-16
   5468.0000   4.523E-16
   5471.0000   4.512E-16
   5474.0000   4.502E-16
   5477.0000   4.492E-16
   5480.0000   4.482E-16
   5483.0000   4.472E-16
   5486.0000   4.463E-16
   5489.0000   4.454E-16
   5492.0000   4.446E-16
   5495.0000   4.437E-16
   5498.0000   4.429E-16
   5501.0000   4.421E-16
   5504.0000   4.414E-16
   5507.0000   4.406E-16
   5510.0000   4.399E-16
   5513.0000   4.392E-16
   5516.0000   4.386E-16
   5519.0000   4.379E-16
   5522.0000   4.373E-16
   5525.0000   4.367E-16
   5528.0000   4.362E-16
   5531.0000   4.357E-16
   5534.0000   4.351E-16
   5537.0000   4.347E-16
   5540.0000   4.342E-16
   5543.0000   4.338E-16
   5546.0000   4.334E-16
   5549.0000   4.330E-16
   5552.0000   4.326E-16
   5555.0000   4.323E-16
   5558.0000   4.320E-16
   5561.0000   4.317E-16
   5564.0000   4.314E-16
   5567.0000   4.311E-16
   5570.0000   4.309E-16
   5573.0000   4.307E-16
   5576.0000   4.305E-16
   5579.0000   4.304E-16
   5582.0000   4.303E-16
   5585.0000   4.302E-16
   5588.0000   4.301E-16
   5591.0000   4.300E-16
   5594.0000   4.300E-16
   5597.0000   4.300E-16
   5600.0000   4.300E-16
   5603.0000   4.300E-16
   5606.0000   4.300E-16
   5609.0000   4.301E-16
   5612.0000   4.302E-16
   5615.0000   4.303E-16
   5618.0000   4.305E-16
   5621.0000   4.307E-16
   5624.0000   4.308E-16
   5627.0000   4.311E-16
   5630.0000   4.313E-16
   5633.0000   4.315E-16
   5636.0000   4.318E-16
   5639.0000   4.321E-16
   5642.0000   4.325E-16
   5645.0000   4.328E-16
   5648.0000   4.332E-16
   5651.0000   4.336E-16
   5654.0000   4.340E-16
   5657.0000   4.344E-16
   5660.0000   4.349E-16
   5663.0000   4.354E-16
   5666.0000   4.359E-16
   5669.0000   4.364E-16
   5672.0000   4.370E-16
   5675.0000   4.376E-16
   5678.0000   4.382E-16
   5681.0000   4.388E-16
   5684.0000   4.395E-16
   5687.0000   4.401E-16
   5690.0000   4.408E-16
   5693.0000   4.416E-16
   5696.0000   4.423E-16
   5699.0000   4.431E-16
   5702.0000   4.439E-16
   5705.0000   4.447E-16
   5708.0000   4.456E-16
   5711.0000   4.464E-16
   5714.0000   4.473E-16
   5717.0000   4.483E-16
   5720.0000   4.492E-16
   5723.0000   4.502E-16
   5726.0000   4.512E-16
   5729.0000   4.522E-16
   5732.0000   4.533E-16
   5735.0000   4.544E-16
   5738.0000   4.555E-16
   5741.0000   4.566E-16
   5744.0000   4.578E-16
   5747.0000   4.590E-16
   5750.0000   4.602E-16
   5753.0000   4.615E-16
   5756.0000   4.627E-16
   5759.0000   4.640E-16
   5762.0000   4.654E-16
   5765.0000   4.667E-16
   5768.0000   4.681E-16
   5771.0000   4.696E-16
   5774.0000   4.710E-16
   5777.0000   4.725E-16
   5780.0000   4.740E-16
   5783.0000   4.756E-16
   5786.0000   4.771E-16
   5789.0000   4.788E-16
   5792.0000   4.804E-16
   5795.0000   4.821E-16
   5798.0000   4.838E-16
   5801.0000   4.855E-16
   5804.0000   4.873E-16
   5807.0000   4.891E-16
   5810.0000   4.909E-16
   5813.0000   4.928E-16
   5816.0000   4.947E-16
   5819.0000   4.967E-16
   5822.0000   4.986E-16
   5825.0000   5.007E-16
   5828.0000   5.027E-16
   5831.0000   5.048E-16
   5834.0000   5.069E-16
   5837.0000   5.091E-16
   5840.0000   5.113E-16
   5843.0000   5.136E-16
   5846.0000   5.158E-16
   5849.0000   5.182E-16
   5852.0000   5.205E-16
   5855.0000   5.229E-16
   5858.0000   5.254E-16
   5861.0000   5.279E-16
   5864.0000   5.304E-16
   5867.0000   5.330E-16
   5870.0000   5.356E-16
   5873.0000   5.383E-16
   5876.0000   5.410E-16
   5879.0000   5.437E-16
   5882.0000   5.465E-16
   5885.0000   5.494E-16
   5888.0000   5.523E-16
   5891.0000   5.552E-16
   5894.0000   5.582E-16
   5897.0000   5.613E-16
   5900.0000   5.644E-16
   5903.0000   5.675E-16
   5906.0000   5.707E-16
   5909.0000   5.740E-16
   5912.0000   5.773E-16
   5915.0000   5.807E-16
   5918.0000   5.841E-16
   5921.0000   5.876E-16
   5924.0000   5.911E-16
   5927.0000   5.947E-16
   5930.0000   5.984E-16
   5933.0000   6.021E-16
   5936.0000   6.059E-16
   5939.0000   6.097E-16
   5942.0000   6.136E-16
   5945.0000   6.176E-16
   5948.0000   6.216E-16
   5951.0000   6.257E-16
   5954.0000   6.299E-16
   5957.0000   6.341E-16
   5960.0000   6.384E-16
   5963.0000   6.428E-16
   5966.0000   6.473E-16
   5969.0000   6.518E-16
   5972.0000   6.564E-16
   5975.0000   6.611E-16
   5978.0000   6.658E-16
   5981.0000   6.707E-16
   5984.0000   6.756E-16
   5987.0000   6.806E-16
   5990.0000   6.857E-16
   5993.0000   6.908E-16
   5996.0000   6.961E-16
   5999.0000   7.014E-16
   6002.0000   7.069E-16
   6005.0000   7.124E-16
   6008.0000   7.180E-16
   6011.0000   7.238E-16
   6014.0000   7.296E-16
   6017.0000   7.355E-16
   6020.0000   7.415E-16
   6023.0000   7.476E-16
   6026.0000   7.539E-16
   6029.0000   7.602E-16
   6032.0000   7.666E-16
   6035.0000   7.732E-16
   6038.0000   7.799E-16
   6041.0000   7.866E-16
   6044.0000   7.935E-16
   6047.0000   8.006E-16
   6050.0000   8.077E-16
   6053.0000   8.150E-16
   6056.0000   8.224E-16
   6059.0000   8.299E-16
   6062.0000   8.376E-16
   6065.0000   8.454E-16
   6068.0000   8.533E-16
   6071.0000   8.614E-16
   6074.0000   8.697E-16
   6077.0000   8.780E-16
   6080.0000   8.866E-16
   6083.0000   8.953E-16
   6086.0000   9.041E-16
   6089.0000   9.131E-16
   6092.0000   9.223E-16
   6095.0000   9.316E-16
   6098.0000   9.411E-16
   6101.0000   9.508E-16
   6104.0000   9.607E-16
   6107.0000   9.708E-16
   6110.0000   9.810E-16
   6113.0000   9.914E-16
   6116.0000   1.002E-15
   6119.0000   1.013E-15
   6122.0000   1.024E-15
   6125.0000   1.035E-15
   6128.0000   1.047E-15
   6131.0000   1.058E-15
   6134.0000   1.070E-15
   6137.0000   1.082E-15
   6140.0000   1.095E-15
   6143.0000   1.107E-15
   6146.0000   1.120E-15
   6149.0000   1.133E-15
   6152.0000   1.147E-15
   6155.0000   1.161E-15
   6158.0000   1.174E-15
   6161.0000   1.189E-15
   6164.0000   1.203E-15
   6167.0000   1.218E-15
   6170.0000   1.233E-15
   6173.0000   1.248E-15
   6176.0000   1.264E-15
   6179.0000   1.280E-15
   6182.0000   1.297E-15
   6185.0000   1.313E-15
   6188.0000   1.330E-15
   6191.0000   1.348E-15
   6194.0000   1.366E-15
   6197.0000   1.384E-15
   6200.0000   1.402E-15
   6203.0000   1.421E-15
   6206.0000   1.441E-15
   6209.0000   1.461E-15
   6212.0000   1.481E-15
   6215.0000   1.501E-15
   6218.0000   1.523E-15
   6221.0000   1.544E-15
   6224.0000   1.566E-15
   6227.0000   1.589E-15
   6230.0000   1.612E-15
   6233.0000   1.635E-15
   6236.0000   1.659E-15
   6239.0000   1.684E-15
   6242.0000   1.709E-15
   6245.0000   1.735E-15
   6248.0000   1.761E-15
   6251.0000   1.788E-15
   6254.0000   1.816E-15
   6257.0000   1.844E-15
   6260.0000   1.873E-15
   6263.0000   1.903E-15
   6266.0000   1.933E-15
   6269.0000   1.964E-15
   6272.0000   1.996E-15
   6275.0000   2.028E-15
   6278.0000   2.061E-15
   6281.0000   2.095E-15
   6284.0000   2.130E-15
   6287.0000   2.166E-15
   6290.0000   2.203E-15
   6293.0000   2.240E-15
   6296.0000   2.279E-15
   6299.0000   2.318E-15
   6302.0000   2.358E-15
   6305.0000   2.400E-15
   6308.0000   2.442E-15
   6311.0000   2.485E-15
   6314.0000   2.530E-15
   6317.0000   2.576E-15
   6320.0000   2.622E-15
   6323.0000   2.670E-15
   6326.0000   2.720E-15
   6329.0000   2.770E-15
   6332.0000   2.822E-15
   6335.0000   2.875E-15
   6338.0000   2.929E-15
   6341.0000   2.985E-15
   6344.0000   3.042E-15
   6347.0000   3.101E-15
   6350.0000   3.161E-15
   6353.0000   3.223E-15
   6356.0000   3.286E-15
   6359.0000   3.351E-15
   6362.0000   3.418E-15
   6365.0000   3.486E-15
   6368.0000   3.556E-15
   6371.0000   3.628E-15
   6374.0000   3.701E-15
   6377.0000   3.777E-15
   6380.0000   3.854E-15
   6383.0000   3.934E-15
   6386.0000   4.015E-15
   6389.0000   4.099E-15
   6392.0000   4.184E-15
   6395.0000   4.272E-15
   6398.0000   4.362E-15
   6401.0000   4.453E-15
   6404.0000   4.548E-15
   6407.0000   4.644E-15
   6410.0000   4.742E-15
   6413.0000   4.843E-15
   6416.0000   4.946E-15
   6419.0000   5.052E-15
   6422.0000   5.160E-15
   6425.0000   5.270E-15
   6428.0000   5.382E-15
   6431.0000   5.496E-15
   6434.0000   5.613E-15
   6437.0000   5.732E-15
   6440.0000   5.854E-15
   6443.0000   5.977E-15
   6446.0000   6.102E-15
   6449.0000   6.230E-15
   6452.0000   6.359E-15
   6455.0000   6.491E-15
   6458.0000   6.624E-15
   6461.0000   6.758E-15
   6464.0000   6.894E-15
   6467.0000   7.031E-15
   6470.0000   7.169E-15
   6473.0000   7.308E-15
   6476.0000   7.448E-15
   6479.0000   7.588E-15
   6482.0000   7.728E-15
   6485.0000   7.868E-15
   6488.0000   8.008E-15
   6491.0000   8.147E-15
   6494.0000   8.285E-15
   6497.0000   8.421E-15
   6500.0000   8.555E-15
   6503.0000   8.687E-15
   6506.0000   8.817E-15
   6509.0000   8.943E-15
   6512.0000   9.066E-15
   6515.0000   9.185E-15
   6518.0000   9.299E-15
   6521.0000   9.409E-15
   6524.0000   9.513E-15
   6527.0000   9.612E-15
   6530.0000   9.704E-15
   6533.0000   9.790E-15
   6536.0000   9.869E-15
   6539.0000   9.941E-15
   6542.0000   1.000E-14
   6545.0000   1.006E-14
   6548.0000   1.011E-14
   6551.0000   1.015E-14
   6554.0000   1.018E-14
   6557.0000   1.020E-14
   6560.0000   1.021E-14
   6563.0000   1.022E-14
   6566.0000   1.021E-14
   6569.0000   1.020E-14
   6572.0000   1.017E-14
   6575.0000   1.014E-14
   6578.0000   1.010E-14
   6581.0000   1.005E-14
   6584.0000   9.996E-15
   6587.0000   9.931E-15
   6590.0000   9.859E-15
   6593.0000   9.780E-15
   6596.0000   9.694E-15
   6599.0000   9.601E-15
   6602.0000   9.503E-15
   6605.0000   9.400E-15
   6608.0000   9.291E-15
   6611.0000   9.178E-15
   6614.0000   9.060E-15
   6617.0000   8.939E-15
   6620.0000   8.814E-15
   6623.0000   8.687E-15
   6626.0000   8.557E-15
   6629.0000   8.425E-15
   6632.0000   8.291E-15
   6635.0000   8.156E-15
   6638.0000   8.020E-15
   6641.0000   7.883E-15
   6644.0000   7.746E-15
   6647.0000   7.609E-15
   6650.0000   7.472E-15
   6653.0000   7.335E-15
   6656.0000   7.199E-15
   6659.0000   7.064E-15
   6662.0000   6.930E-15
   6665.0000   6.797E-15
   6668.0000   6.666E-15
   6671.0000   6.536E-15
   6674.0000   6.408E-15
   6677.0000   6.282E-15
   6680.0000   6.157E-15
   6683.0000   6.034E-15
   6686.0000   5.914E-15
   6689.0000   5.795E-15
   6692.0000   5.679E-15
   6695.0000   5.564E-15
   6698.0000   5.452E-15
   6701.0000   5.342E-15
   6704.0000   5.235E-15
   6707.0000   5.129E-15
   6710.0000   5.026E-15
   6713.0000   4.924E-15
   6716.0000   4.825E-15
   6719.0000   4.728E-15
   6722.0000   4.634E-15
   6725.0000   4.541E-15
   6728.0000   4.451E-15
   6731.0000   4.362E-15
   6734.0000   4.276E-15
   6737.0000   4.192E-15
   6740.0000   4.109E-15
   6743.0000   4.029E-15
   6746.0000   3.951E-15
   6749.0000   3.874E-15
   6752.0000   3.799E-15
   6755.0000   3.726E-15
   6758.0000   3.655E-15
   6761.0000   3.585E-15
   6764.0000   3.518E-15
   6767.0000   3.451E-15
   6770.0000   3.387E-15
   6773.0000   3.324E-15
   6776.0000   3.262E-15
   6779.0000   3.202E-15
   6782.0000   3.144E-15
   6785.0000   3.086E-15
   6788.0000   3.031E-15
   6791.0000   2.976E-15
   6794.0000   2.923E-15
   6797.0000   2.871E-15
   6800.0000   2.821E-15
   6803.0000   2.771E-15
   6806.0000   2.723E-15
   6809.0000   2.676E-15
   6812.0000   2.630E-15
   6815.0000   2.585E-15
   6818.0000   2.541E-15
   6821.0000   2.498E-15
   6824.0000   2.456E-15
   6827.0000   2.416E-15
   6830.0000   2.376E-15
   6833.0000   2.337E-15
   6836.0000   2.299E-15
   6839.0000   2.261E-15
   6842.0000   2.225E-15
   6845.0000   2.190E-15
   6848.0000   2.155E-15
   6851.0000   2.121E-15
   6854.0000   2.088E-15
   6857.0000   2.055E-15
   6860.0000   2.023E-15
   6863.0000   1.992E-15
   6866.0000   1.962E-15
   6869.0000   1.932E-15
   6872.0000   1.903E-15
   6875.0000   1.875E-15
   6878.0000   1.847E-15
   6881.0000   1.820E-15
   6884.0000   1.793E-15
   6887.0000   1.767E-15
   6890.0000   1.742E-15
   6893.0000   1.717E-15
   6896.0000   1.692E-15
   6899.0000   1.668E-15
   6902.0000   1.645E-15
   6905.0000   1.622E-15
   6908.0000   1.599E-15
   6911.0000   1.577E-15
   6914.0000   1.556E-15
   6917.0000   1.535E-15
   6920.0000   1.514E-15
   6923.0000   1.494E-15
   6926.0000   1.474E-15
   6929.0000   1.454E-15
   6932.0000   1.435E-15
   6935.0000   1.416E-15
   6938.0000   1.398E-15
   6941.0000   1.380E-15
   6944.0000   1.362E-15
   6947.0000   1.345E-15
   6950.0000   1.328E-15
   6953.0000   1.311E-15
   6956.0000   1.295E-15
   6959.0000   1.279E-15
   6962.0000   1.263E-15
   6965.0000   1.247E-15
   6968.0000   1.232E-15
   6971.0000   1.217E-15
   6974.0000   1.202E-15
   6977.0000   1.188E-15
   6980.0000   1.174E-15
   6983.0000   1.160E-15
   6986.0000   1.146E-15
   6989.0000   1.133E-15
   6992.0000   1.120E-15
   6995.0000   1.107E-15
   6998.0000   1.094E-15
   7001.0000   1.082E-15
   7004.0000   1.070E-15
   7007.0000   1.057E-15
   7010.0000   1.046E-15
   7013.0000   1.034E-15
   7016.0000   1.023E-15
   7019.0000   1.011E-15
   7022.0000   1.000E-15
   7025.0000   9.894E-16
   7028.0000   9.787E-16
   7031.0000   9.681E-16
   7034.0000   9.578E-16
   7037.0000   9.476E-16
   7040.0000   9.376E-16
   7043.0000   9.277E-16
   7046.0000   9.181E-16
   7049.0000   9.085E-16
   7052.0000   8.991E-16
   7055.0000   8.899E-16
   7058.0000   8.808E-16
   7061.0000   8.719E-16
   7064.0000   8.631E-16
   7067.0000   8.544E-16
   7070.0000   8.459E-16
   7073.0000   8.375E-16
   7076.0000   8.292E-16
   7079.0000   8.210E-16
   7082.0000   8.130E-16
   7085.0000   8.051E-16
   7088.0000   7.973E-16
   7091.0000   7.897E-16
   7094.0000   7.821E-16
   7097.0000   7.747E-16
   7100.0000   7.673E-16
   7103.0000   7.601E-16
   7106.0000   7.530E-16
   7109.0000   7.460E-16
   7112.0000   7.390E-16
   7115.0000   7.322E-16
   7118.0000   7.255E-16
   7121.0000   7.189E-16
   7124.0000   7.124E-16
   7127.0000   7.059E-16
   7130.0000   6.996E-16
   7133.0000   6.933E-16
   7136.0000   6.872E-16
   7139.0000   6.811E-16
   7142.0000   6.751E-16
   7145.0000   6.692E-16
   7148.0000   6.633E-16
   7151.0000   6.576E-16
   7154.0000   6.519E-16
   7157.0000   6.463E-16
   7160.0000   6.408E-16
   7163.0000   6.353E-16
   7166.0000   6.299E-16
   7169.0000   6.246E-16
   7172.0000   6.194E-16
   7175.0000   6.142E-16
   7178.0000   6.091E-16
   7181.0000   6.041E-16
   7184.0000   5.991E-16
   7187.0000   5.942E-16
   7190.0000   5.893E-16
   7193.0000   5.846E-16
   7196.0000   5.798E-16
   7199.0000   5.752E-16
   7202.0000   5.706E-16
   7205.0000   5.660E-16
   7208.0000   5.615E-16
   7211.0000   5.571E-16
   7214.0000   5.527E-16
   7217.0000   5.484E-16
   7220.0000   5.441E-16
   7223.0000   5.399E-16
   7226.0000   5.358E-16
   7229.0000   5.316E-16
   7232.0000   5.276E-16
   7235.0000   5.236E-16
   7238.0000   5.196E-16
   7241.0000   5.157E-16
   7244.0000   5.118E-16
   7247.0000   5.080E-16
   7250.0000   5.042E-16
   7253.0000   5.004E-16
   7256.0000   4.967E-16
   7259.0000   4.931E-16
   7262.0000   4.895E-16
   7265.0000   4.859E-16
   7268.0000   4.824E-16
   7271.0000   4.789E-16
   7274.0000   4.754E-16
   7277.0000   4.720E-16
   7280.0000   4.687E-16
   7283.0000   4.653E-16
   7286.0000   4.620E-16
   7289.0000   4.588E-16
   7292.0000   4.556E-16
   7295.0000   4.524E-16
   7298.0000   4.492E-16
   7301.0000   4.461E-16
   7304.0000   4.430E-16
   7307.0000   4.400E-16
   7310.0000   4.370E-16
   7313.0000   4.340E-16
   7316.0000   4.310E-16
   7319.0000   4.281E-16
   7322.0000   4.252E-16
   7325.0000   4.224E-16
   7328.0000   4.195E-16
   7331.0000   4.167E-16
   7334.0000   4.140E-16
   7337.0000   4.112E-16
   7340.0000   4.085E-16
   7343.0000   4.058E-16
   7346.0000   4.032E-16
   7349.0000   4.006E-16
   7352.0000   3.980E-16
   7355.0000   3.954E-16
   7358.0000   3.928E-16
   7361.0000   3.903E-16
   7364.0000   3.878E-16
   7367.0000   3.853E-16
   7370.0000   3.829E-16
   7373.0000   3.805E-16
   7376.0000   3.781E-16
   7379.0000   3.757E-16
   7382.0000   3.734E-16
   7385.0000   3.710E-16
   7388.0000   3.687E-16
   7391.0000   3.665E-16
   7394.0000   3.642E-16
   7397.0000   3.620E-16
   7400.0000   3.597E-16
   7403.0000   3.576E-16
   7406.0000   3.554E-16
   7409.0000   3.532E-16
   7412.0000   3.511E-16
   7415.0000   3.490E-16
   7418.0000   3.469E-16
   7421.0000   3.448E-16
   7424.0000   3.428E-16
   7427.0000   3.407E-16
   7430.0000   3.387E-16
   7433.0000   3.367E-16
   7436.0000   3.348E-16
   7439.0000   3.328E-16
   7442.0000   3.309E-16
   7445.0000   3.289E-16
   7448.0000   3.270E-16
   7451.0000   3.251E-16
   7454.0000   3.233E-16
   7457.0000   3.214E-16
   7460.0000   3.196E-16
   7463.0000   3.178E-16
   7466.0000   3.160E-16
   7469.0000   3.142E-16
   7472.0000   3.124E-16
   7475.0000   3.107E-16
   7478.0000   3.089E-16
   7481.0000   3.072E-16
   7484.0000   3.055E-16
   7487.0000   3.038E-16
   7490.0000   3.021E-16
   7493.0000   3.004E-16
   7496.0000   2.988E-16
   7499.0000   2.972E-16
   7502.0000   2.955E-16
   7505.0000   2.939E-16
   7508.0000   2.923E-16
   7511.0000   2.907E-16
   7514.0000   2.892E-16
   7517.0000   2.876E-16
   7520.0000   2.861E-16
   7523.0000   2.846E-16
   7526.0000   2.830E-16
   7529.0000   2.815E-16
   7532.0000   2.800E-16
   7535.0000   2.786E-16
   7538.0000   2.771E-16
   7541.0000   2.756E-16
   7544.0000   2.742E-16
   7547.0000   2.728E-16
   7550.0000   2.714E-16
   7553.0000   2.699E-16
   7556.0000   2.686E-16
   7559.0000   2.672E-16
   7562.0000   2.658E-16
   7565.0000   2.644E-16
   7568.0000   2.631E-16
   7571.0000   2.617E-16
   7574.0000   2.604E-16
   7577.0000   2.591E-16
   7580.0000   2.578E-16
   7583.0000   2.565E-16
   7586.0000   2.552E-16
   7589.0000   2.539E-16
   7592.0000   2.526E-16
   7595.0000   2.514E-16
   7598.0000   2.501E-16
   7601.0000   2.489E-16
   7604.0000   2.477E-16
   7607.0000   2.464E-16
   7610.0000   2.452E-16
   7613.0000   2.440E-16
   7616.0000   2.428E-16
   7619.0000   2.417E-16
   7622.0000   2.405E-16
   7625.0000   2.393E-16
   7628.0000   2.382E-16
   7631.0000   2.370E-16
   7634.0000   2.359E-16
   7637.0000   2.347E-16
   7640.0000   2.336E-16
   7643.0000   2.325E-16
   7646.0000   2.314E-16
   7649.0000   2.303E-16
   7652.0000   2.292E-16
   7655.0000   2.281E-16
   7658.0000   2.271E-16
   7661.0000   2.260E-16
   7664.0000   2.249E-16
   7667.0000   2.239E-16
   7670.0000   2.228E-16
   7673.0000   2.218E-16
   7676.0000   2.208E-16
   7679.0000   2.197E-16
   7682.0000   2.187E-16
   7685.0000   2.177E-16
   7688.0000   2.167E-16
   7691.0000   2.157E-16
   7694.0000   2.147E-16
   7697.0000   2.138E-16
   7700.0000   2.128E-16
   7703.0000   2.118E-16
   7706.0000   2.109E-16
   7709.0000   2.099E-16
   7712.0000   2.090E-16
   7715.0000   2.080E-16
   7718.0000   2.071E-16
   7721.0000   2.062E-16
   7724.0000   2.053E-16
   7727.0000   2.043E-16
   7730.0000   2.034E-16
   7733.0000   2.025E-16
   7736.0000   2.016E-16
   7739.0000   2.007E-16
   7742.0000   1.999E-16
   7745.0000   1.990E-16
   7748.0000   1.981E-16
   7751.0000   1.972E-16
   7754.0000   1.964E-16
   7757.0000   1.955E-16
   7760.0000   1.947E-16
   7763.0000   1.938E-16
   7766.0000   1.930E-16
   7769.0000   1.922E-16
   7772.0000   1.913E-16
   7775.0000   1.905E-16
   7778.0000   1.897E-16
   7781.0000   1.889E-16
   7784.0000   1.881E-16
   7787.0000   1.873E-16
   7790.0000   1.865E-16
   7793.0000   1.857E-16
   7796.0000   1.849E-16
   7799.0000   1.841E-16
   7802.0000   1.834E-16
   7805.0000   1.826E-16
   7808.0000   1.818E-16
   7811.0000   1.811E-16
   7814.0000   1.803E-16
   7817.0000   1.796E-16
   7820.0000   1.788E-16
   7823.0000   1.781E-16
   7826.0000   1.773E-16
   7829.0000   1.766E-16
   7832.0000   1.759E-16
   7835.0000   1.752E-16
   7838.0000   1.744E-16
   7841.0000   1.737E-16
   7844.0000   1.730E-16
   7847.0000   1.723E-16
   7850.0000   1.716E-16
   7853.0000   1.709E-16
   7856.0000   1.702E-16
   7859.0000   1.695E-16
   7862.0000   1.688E-16
   7865.0000   1.682E-16
   7868.0000   1.675E-16
   7871.0000   1.668E-16
   7874.0000   1.661E-16
   7877.0000   1.655E-16
   7880.0000   1.648E-16
   7883.0000   1.641E-16
   7886.0000   1.635E-16
   7889.0000   1.628E-16
   7892.0000   1.622E-16
   7895.0000   1.616E-16
   7898.0000   1.609E-16
   7901.0000   1.603E-16
   7904.0000   1.597E-16
   7907.0000   1.590E-16
   7910.0000   1.584E-16
   7913.0000   1.578E-16
   7916.0000   1.572E-16
   7919.0000   1.566E-16
   7922.0000   1.559E-16
   7925.0000   1.553E-16
   7928.0000   1.547E-16
   7931.0000   1.541E-16
   7934.0000   1.535E-16
   7937.0000   1.529E-16
   7940.0000   1.524E-16
   7943.0000   1.518E-16
   7946.0000   1.512E-16
   7949.0000   1.506E-16
   7952.0000   1.500E-16
   7955.0000   1.495E-16
   7958.0000   1.489E-16
   7961.0000   1.483E-16
   7964.0000   1.478E-16
   7967.0000   1.473E-16
   7970.0000   1.468E-16
   7973.0000   1.463E-16
   7976.0000   1.457E-16
   7979.0000   1.452E-16
   7982.0000   1.446E-16
   7985.0000   1.440E-16
   7988.0000   1.435E-16
   7991.0000   1.429E-16
   7994.0000   1.424E-16
   7997.0000   1.419E-16
   8000.0000   1.413E-16
   8003.0000   1.408E-16
   8006.0000   1.403E-16
   8009.0000   1.397E-16
   8012.0000   1.392E-16
   8015.0000   1.387E-16
   8018.0000   1.382E-16
   8021.0000   1.377E-16
   8024.0000   1.372E-16
   8027.0000   1.367E-16
   8030.0000   1.362E-16
   8033.0000   1.357E-16
   8036.0000   1.352E-16
   8039.0000   1.347E-16
   8042.0000   1.342E-16
   8045.0000   1.337E-16
   8048.0000   1.333E-16
   8051.0000   1.328E-16
   8054.0000   1.323E-16
   8057.0000   1.319E-16
   8060.0000   1.314E-16
   8063.0000   1.309E-16
   8066.0000   1.304E-16
   8069.0000   1.300E-16
   8072.0000   1.295E-16
   8075.0000   1.290E-16
   8078.0000   1.286E-16
   8081.0000   1.282E-16
   8084.0000   1.278E-16
   8087.0000   1.273E-16
   8090.0000   1.268E-16
   8093.0000   1.264E-16
   8096.0000   1.260E-16
   8099.0000   1.256E-16
   8102.0000   1.252E-16
   8105.0000   1.247E-16
   8108.0000   1.242E-16
   8111.0000   1.238E-16
   8114.0000   1.234E-16
   8117.0000   1.230E-16
   8120.0000   1.226E-16
   8123.0000   1.222E-16
   8126.0000   1.218E-16
   8129.0000   1.212E-16
   8132.0000   1.208E-16
   8135.0000   1.205E-16
   8138.0000   1.201E-16
   8141.0000   1.197E-16
   8144.0000   1.193E-16
   8147.0000   1.190E-16
   8150.0000   1.186E-16
   8153.0000   1.182E-16
   8156.0000   1.176E-16
   8159.0000   1.172E-16
   8162.0000   1.169E-16
   8165.0000   1.165E-16
   8168.0000   1.162E-16
   8171.0000   1.158E-16
   8174.0000   1.155E-16
   8177.0000   1.151E-16
   8180.0000   1.148E-16
   8183.0000   1.144E-16
   8186.0000   1.141E-16
   8189.0000   1.135E-16
   8192.0000   1.131E-16
   8195.0000   1.127E-16
   8198.0000   1.124E-16
   8201.0000   1.120E-16
   8204.0000   1.117E-16
   8207.0000   1.114E-16
   8210.0000   1.111E-16
   8213.0000   1.107E-16
   8216.0000   1.104E-16
   8219.0000   1.101E-16
   8222.0000   1.098E-16
   8225.0000   1.095E-16
   8228.0000   1.091E-16
   8231.0000   1.088E-16
   8234.0000   1.082E-16
   8237.0000   1.078E-16
   8240.0000   1.074E-16
   8243.0000   1.071E-16
   8246.0000   1.068E-16
   8249.0000   1.065E-16
   8252.0000   1.062E-16
   8255.0000   1.059E-16
   8258.0000   1.056E-16
   8261.0000   1.053E-16
   8264.0000   1.050E-16
   8267.0000   1.047E-16
   8270.0000   1.044E-16
   8273.0000   1.041E-16
   8276.0000   1.038E-16
   8279.0000   1.035E-16
   8282.0000   1.033E-16
   8285.0000   1.030E-16
   8288.0000   1.027E-16
   8291.0000   1.023E-16
   8294.0000   1.017E-16
   8297.0000   1.013E-16
   8300.0000   1.010E-16
   8303.0000   1.007E-16
   8306.0000   1.004E-16
   8309.0000   1.002E-16
   8312.0000   9.989E-17
   8315.0000   9.962E-17
   8318.0000   9.935E-17
   8321.0000   9.907E-17
   8324.0000   9.881E-17
   8327.0000   9.854E-17
   8330.0000   9.827E-17
   8333.0000   9.800E-17
   8336.0000   9.774E-17
   8339.0000   9.747E-17
   8342.0000   9.721E-17
   8345.0000   9.695E-17
   8348.0000   9.669E-17
   8351.0000   9.643E-17
   8354.0000   9.617E-17
   8357.0000   9.592E-17
   8360.0000   9.566E-17
   8363.0000   9.541E-17
   8366.0000   9.515E-17
   8369.0000   9.490E-17
   8372.0000   9.457E-17
   8375.0000   9.399E-17
   8378.0000   9.351E-17
   8381.0000   9.324E-17
   8384.0000   9.299E-17
   8387.0000   9.274E-17
   8390.0000   9.250E-17
   8393.0000   9.226E-17
   8396.0000   9.202E-17
   8399.0000   9.178E-17
   8402.0000   9.154E-17
   8405.0000   9.130E-17
   8408.0000   9.106E-17
   8411.0000   9.083E-17
   8414.0000   9.059E-17
   8417.0000   9.036E-17
   8420.0000   9.012E-17
   8423.0000   8.989E-17
   8426.0000   8.966E-17
   8429.0000   8.943E-17
   8432.0000   8.920E-17
   8435.0000   8.898E-17
   8438.0000   8.875E-17
   8441.0000   8.852E-17
   8444.0000   8.830E-17
   8447.0000   8.807E-17
   8450.0000   8.785E-17
   8453.0000   8.763E-17
   8456.0000   8.741E-17
   8459.0000   8.719E-17
   8462.0000   8.697E-17
   8465.0000   8.675E-17
   8468.0000   8.653E-17
   8471.0000   8.632E-17
   8474.0000   8.610E-17
   8477.0000   8.589E-17
   8480.0000   8.567E-17
   8483.0000   8.546E-17
   8486.0000   8.525E-17
   8489.0000   8.495E-17
   8492.0000   8.436E-17
   8495.0000   8.384E-17
   8498.0000   8.358E-17
   8501.0000   8.337E-17
   8504.0000   8.317E-17
   8507.0000   8.296E-17
   8510.0000   8.276E-17
   8513.0000   8.256E-17
   8516.0000   8.235E-17
   8519.0000   8.215E-17
   8522.0000   8.195E-17
   8525.0000   8.175E-17
   8528.0000   8.155E-17
   8531.0000   8.136E-17
   8534.0000   8.116E-17
   8537.0000   8.096E-17
   8540.0000   8.077E-17
   8543.0000   8.057E-17
   8546.0000   8.038E-17
   8549.0000   8.019E-17
   8552.0000   7.999E-17
   8555.0000   7.980E-17
   8558.0000   7.961E-17
   8561.0000   7.942E-17
   8564.0000   7.923E-17
   8567.0000   7.904E-17
   8570.0000   7.886E-17
   8573.0000   7.867E-17
   8576.0000   7.848E-17
   8579.0000   7.830E-17
   8582.0000   7.811E-17
   8585.0000   7.793E-17
   8588.0000   7.775E-17
   8591.0000   7.757E-17
   8594.0000   7.738E-17
   8597.0000   7.720E-17
   8600.0000   7.702E-17
   8603.0000   7.684E-17
   8606.0000   7.666E-17
   8609.0000   7.649E-17
   8612.0000   7.631E-17
   8615.0000   7.613E-17
   8618.0000   7.596E-17
   8621.0000   7.578E-17
   8624.0000   7.561E-17
   8627.0000   7.543E-17
   8630.0000   7.526E-17
   8633.0000   7.509E-17
   8636.0000   7.492E-17
   8639.0000   7.475E-17
   8642.0000   7.457E-17
   8645.0000   7.441E-17
   8648.0000   7.424E-17
   8651.0000   7.407E-17
   8654.0000   7.390E-17
   8657.0000   7.373E-17
   8660.0000   7.357E-17
   8663.0000   7.340E-17
   8666.0000   7.311E-17
   8669.0000   7.244E-17
   8672.0000   7.187E-17
   8675.0000   7.166E-17
   8678.0000   7.149E-17
   8681.0000   7.133E-17
   8684.0000   7.117E-17
   8687.0000   7.101E-17
   8690.0000   7.085E-17
   8693.0000   7.070E-17
   8696.0000   7.054E-17
   8699.0000   7.038E-17
   8702.0000   7.022E-17
   8705.0000   7.007E-17
   8708.0000   6.991E-17
   8711.0000   6.976E-17
   8714.0000   6.960E-17
   8717.0000   6.945E-17
   8720.0000   6.930E-17
   8723.0000   6.914E-17
   8726.0000   6.899E-17
   8729.0000   6.884E-17
   8732.0000   6.869E-17
   8735.0000   6.854E-17
   8738.0000   6.839E-17
   8741.0000   6.824E-17
   8744.0000   6.809E-17
   8747.0000   6.794E-17
   8750.0000   6.780E-17
   8753.0000   6.765E-17
   8756.0000   6.750E-17
   8759.0000   6.736E-17
   8762.0000   6.721E-17
   8765.0000   6.707E-17
   8768.0000   6.692E-17
   8771.0000   6.678E-17
   8774.0000   6.664E-17
   8777.0000   6.649E-17
   8780.0000   6.635E-17
   8783.0000   6.621E-17
   8786.0000   6.607E-17
   8789.0000   6.593E-17
   8792.0000   6.579E-17
   8795.0000   6.565E-17
   8798.0000   6.551E-17
   8801.0000   6.537E-17
   8804.0000   6.523E-17
   8807.0000   6.510E-17
   8810.0000   6.496E-17
   8813.0000   6.482E-17
   8816.0000   6.469E-17
   8819.0000   6.455E-17
   8822.0000   6.442E-17
   8825.0000   6.428E-17
   8828.0000   6.415E-17
   8831.0000   6.401E-17
   8834.0000   6.388E-17
   8837.0000   6.375E-17
   8840.0000   6.362E-17
   8843.0000   6.349E-17
   8846.0000   6.335E-17
   8849.0000   6.322E-17
   8852.0000   6.309E-17
   8855.0000   6.296E-17
   8858.0000   6.283E-17
   8861.0000   6.270E-17
   8864.0000   6.258E-17
   8867.0000   6.245E-17
   8870.0000   6.232E-17
   8873.0000   6.219E-17
   8876.0000   6.207E-17
   8879.0000   6.194E-17
   8882.0000   6.182E-17
   8885.0000   6.169E-17
   8888.0000   6.157E-17
   8891.0000   6.144E-17
   8894.0000   6.132E-17
   8897.0000   6.119E-17
   8900.0000   6.107E-17
   8903.0000   6.095E-17
   8906.0000   6.083E-17
   8909.0000   6.070E-17
   8912.0000   6.058E-17
   8915.0000   6.046E-17
   8918.0000   6.034E-17
   8921.0000   6.022E-17
   8924.0000   6.010E-17
   8927.0000   5.998E-17
   8930.0000   5.986E-17
   8933.0000   5.974E-17
   8936.0000   5.963E-17
   8939.0000   5.951E-17
   8942.0000   5.939E-17
   8945.0000   5.928E-17
   8948.0000   5.916E-17
   8951.0000   5.903E-17
   8954.0000   5.871E-17
   8957.0000   5.797E-17
   8960.0000   5.747E-17
   8963.0000   5.732E-17
   8966.0000   5.720E-17
   8969.0000   5.709E-17
   8972.0000   5.698E-17
   8975.0000   5.687E-17
   8978.0000   5.676E-17
   8981.0000   5.664E-17
   8984.0000   5.653E-17
   8987.0000   5.642E-17
   8990.0000   5.631E-17
   8993.0000   5.620E-17
   8996.0000   5.609E-17
   8999.0000   5.599E-17
   9002.0000   5.588E-17
   9005.0000   5.577E-17
   9008.0000   5.566E-17
   9011.0000   5.555E-17
   9014.0000   5.545E-17
   9017.0000   5.534E-17
   9020.0000   5.523E-17
   9023.0000   5.513E-17
   9026.0000   5.502E-17
   9029.0000   5.492E-17
   9032.0000   5.481E-17
   9035.0000   5.471E-17
   9038.0000   5.460E-17
   9041.0000   5.450E-17
   9044.0000   5.439E-17
   9047.0000   5.429E-17
   9050.0000   5.419E-17
   9053.0000   5.409E-17
   9056.0000   5.398E-17
   9059.0000   5.388E-17
   9062.0000   5.378E-17
   9065.0000   5.368E-17
   9068.0000   5.358E-17
   9071.0000   5.348E-17
   9074.0000   5.338E-17
   9077.0000   5.328E-17
   9080.0000   5.318E-17
   9083.0000   5.308E-17
   9086.0000   5.298E-17
   9089.0000   5.288E-17
   9092.0000   5.278E-17
   9095.0000   5.268E-17
   9098.0000   5.259E-17
   9101.0000   5.249E-17
   9104.0000   5.239E-17
   9107.0000   5.230E-17
   9110.0000   5.220E-17
   9113.0000   5.210E-17
   9116.0000   5.201E-17
   9119.0000   5.191E-17
   9122.0000   5.182E-17
   9125.0000   5.172E-17
   9128.0000   5.163E-17
   9131.0000   5.153E-17
   9134.0000   5.144E-17
   9137.0000   5.134E-17
   9140.0000   5.125E-17
   9143.0000   5.116E-17
   9146.0000   5.107E-17
   9149.0000   5.097E-17
   9152.0000   5.088E-17
   9155.0000   5.079E-17
   9158.0000   5.070E-17
   9161.0000   5.061E-17
   9164.0000   5.051E-17
   9167.0000   5.042E-17
   9170.0000   5.033E-17
   9173.0000   5.024E-17
   9176.0000   5.015E-17
   9179.0000   5.006E-17
   9182.0000   4.997E-17
   9185.0000   4.988E-17
   9188.0000   4.980E-17
   9191.0000   4.971E-17
   9194.0000   4.962E-17
   9197.0000   4.953E-17
   9200.0000   4.944E-17
   9203.0000   4.936E-17
   9206.0000   4.927E-17
   9209.0000   4.918E-17
   9212.0000   4.909E-17
   9215.0000   4.901E-17
   9218.0000   4.892E-17
   9221.0000   4.884E-17
   9224.0000   4.875E-17
   9227.0000   4.866E-17
   9230.0000   4.858E-17
   9233.0000   4.849E-17
   9236.0000   4.841E-17
   9239.0000   4.833E-17
   9242.0000   4.824E-17
   9245.0000   4.816E-17
   9248.0000   4.807E-17
   9251.0000   4.799E-17
   9254.0000   4.791E-17
   9257.0000   4.783E-17
   9260.0000   4.774E-17
   9263.0000   4.766E-17
   9266.0000   4.758E-17
   9269.0000   4.750E-17
   9272.0000   4.741E-17
   9275.0000   4.733E-17
   9278.0000   4.725E-17
   9281.0000   4.717E-17
   9284.0000   4.709E-17
   9287.0000   4.701E-17
   9290.0000   4.693E-17
   9293.0000   4.685E-17
   9296.0000   4.677E-17
   9299.0000   4.669E-17
   9302.0000   4.661E-17
   9305.0000   4.653E-17
   9308.0000   4.645E-17
   9311.0000   4.638E-17
   9314.0000   4.630E-17
   9317.0000   4.622E-17
   9320.0000   4.614E-17
   9323.0000   4.606E-17
   9326.0000   4.599E-17
   9329.0000   4.591E-17
   9332.0000   4.583E-17
   9335.0000   4.576E-17
   9338.0000   4.568E-17
   9341.0000   4.560E-17
   9344.0000   4.553E-17
   9347.0000   4.545E-17
   9350.0000   4.538E-17
   9353.0000   4.530E-17
   9356.0000   4.523E-17
   9359.0000   4.515E-17
   9362.0000   4.508E-17
   9365.0000   4.500E-17
   9368.0000   4.493E-17
   9371.0000   4.485E-17
   9374.0000   4.478E-17
   9377.0000   4.471E-17
   9380.0000   4.463E-17
   9383.0000   4.456E-17
   9386.0000   4.449E-17
   9389.0000   4.441E-17
   9392.0000   4.434E-17
   9395.0000   4.427E-17
   9398.0000   4.420E-17
   9401.0000   4.412E-17
   9404.0000   4.405E-17
   9407.0000   4.398E-17
   9410.0000   4.391E-17
   9413.0000   4.384E-17
   9416.0000   4.377E-17
   9419.0000   4.370E-17
   9422.0000   4.363E-17
   9425.0000   4.356E-17
   9428.0000   4.349E-17
   9431.0000   4.342E-17
   9434.0000   4.335E-17
   9437.0000   4.328E-17
   9440.0000   4.321E-17
   9443.0000   4.314E-17
   9446.0000   4.307E-17
   9449.0000   4.300E-17
   9452.0000   4.293E-17
   9455.0000   4.286E-17
   9458.0000   4.279E-17
   9461.0000   4.273E-17
   9464.0000   4.266E-17
   9467.0000   4.259E-17
   9470.0000   4.252E-17
   9473.0000   4.241E-17
   9476.0000   4.181E-17
   9479.0000   4.076E-17
   9482.0000   4.023E-17
   9485.0000   4.014E-17
   9488.0000   4.007E-17
   9491.0000   4.001E-17
   9494.0000   3.994E-17
   9497.0000   3.988E-17
   9500.0000   3.982E-17
   9503.0000   3.975E-17
   9506.0000   3.969E-17
   9509.0000   3.963E-17
   9512.0000   3.956E-17
   9515.0000   3.950E-17
   9518.0000   3.944E-17
   9521.0000   3.937E-17
   9524.0000   3.931E-17
   9527.0000   3.925E-17
   9530.0000   3.919E-17
   9533.0000   3.912E-17
   9536.0000   3.906E-17
   9539.0000   3.900E-17
   9542.0000   3.894E-17
   9545.0000   3.888E-17
   9548.0000   3.882E-17
   9551.0000   3.876E-17
   9554.0000   3.869E-17
   9557.0000   3.863E-17
   9560.0000   3.857E-17
   9563.0000   3.851E-17
   9566.0000   3.845E-17
   9569.0000   3.839E-17
   9572.0000   3.833E-17
   9575.0000   3.827E-17
   9578.0000   3.821E-17
   9581.0000   3.815E-17
   9584.0000   3.809E-17
   9587.0000   3.804E-17
   9590.0000   3.798E-17
   9593.0000   3.792E-17
   9596.0000   3.786E-17
   9599.0000   3.780E-17
   9602.0000   3.774E-17
   9605.0000   3.768E-17
   9608.0000   3.763E-17
   9611.0000   3.757E-17
   9614.0000   3.751E-17
   9617.0000   3.745E-17
   9620.0000   3.740E-17
   9623.0000   3.734E-17
   9626.0000   3.728E-17
   9629.0000   3.723E-17
   9632.0000   3.717E-17
   9635.0000   3.711E-17
   9638.0000   3.706E-17
   9641.0000   3.700E-17
   9644.0000   3.694E-17
   9647.0000   3.689E-17
   9650.0000   3.683E-17
   9653.0000   3.678E-17
   9656.0000   3.672E-17
   9659.0000   3.666E-17
   9662.0000   3.661E-17
   9665.0000   3.655E-17
   9668.0000   3.650E-17
   9671.0000   3.644E-17
   9674.0000   3.639E-17
   9677.0000   3.633E-17
   9680.0000   3.628E-17
   9683.0000   3.623E-17
   9686.0000   3.617E-17
   9689.0000   3.612E-17
   9692.0000   3.606E-17
   9695.0000   3.601E-17
   9698.0000   3.596E-17
   9701.0000   3.590E-17
   9704.0000   3.585E-17
   9707.0000   3.580E-17
   9710.0000   3.574E-17
   9713.0000   3.569E-17
   9716.0000   3.564E-17
   9719.0000   3.559E-17
   9722.0000   3.553E-17
   9725.0000   3.548E-17
   9728.0000   3.543E-17
   9731.0000   3.538E-17
   9734.0000   3.532E-17
   9737.0000   3.527E-17
   9740.0000   3.522E-17
   9743.0000   3.517E-17
   9746.0000   3.512E-17
   9749.0000   3.507E-17
   9752.0000   3.502E-17
   9755.0000   3.496E-17
   9758.0000   3.491E-17
   9761.0000   3.486E-17
   9764.0000   3.481E-17
   9767.0000   3.476E-17
   9770.0000   3.471E-17
   9773.0000   3.466E-17
   9776.0000   3.461E-17
   9779.0000   3.456E-17
   9782.0000   3.451E-17
   9785.0000   3.446E-17
   9788.0000   3.441E-17
   9791.0000   3.436E-17
   9794.0000   3.431E-17
   9797.0000   3.426E-17
   9800.0000   3.421E-17
   9803.0000   3.417E-17
   9806.0000   3.412E-17
   9809.0000   3.407E-17
   9812.0000   3.402E-17
   9815.0000   3.397E-17
   9818.0000   3.392E-17
   9821.0000   3.387E-17
   9824.0000   3.383E-17
   9827.0000   3.378E-17
   9830.0000   3.373E-17
   9833.0000   3.368E-17
   9836.0000   3.363E-17
   9839.0000   3.359E-17
   9842.0000   3.354E-17
   9845.0000   3.349E-17
   9848.0000   3.345E-17
   9851.0000   3.340E-17
   9854.0000   3.335E-17
   9857.0000   3.330E-17
   9860.0000   3.326E-17
   9863.0000   3.321E-17
   9866.0000   3.316E-17
   9869.0000   3.312E-17
   9872.0000   3.307E-17
   9875.0000   3.303E-17
   9878.0000   3.298E-17
   9881.0000   3.293E-17
   9884.0000   3.289E-17
   9887.0000   3.284E-17
   9890.0000   3.280E-17
   9893.0000   3.275E-17
   9896.0000   3.271E-17
   9899.0000   3.266E-17
   9902.0000   3.262E-17
   9905.0000   3.257E-17
   9908.0000   3.253E-17
   9911.0000   3.248E-17
   9914.0000   3.244E-17
   9917.0000   3.239E-17
   9920.0000   3.235E-17
   9923.0000   3.230E-17
   9926.0000   3.226E-17
   9929.0000   3.221E-17
   9932.0000   3.217E-17
   9935.0000   3.213E-17
   9938.0000   3.208E-17
   9941.0000   3.204E-17
   9944.0000   3.199E-17
   9947.0000   3.195E-17
   9950.0000   3.191E-17
   9953.0000   3.186E-17
   9956.0000   3.182E-17
   9959.0000   3.178E-17
   9962.0000   3.173E-17
   9965.0000   3.169E-17
   9968.0000   3.165E-17
   9971.0000   3.161E-17
   9974.0000   3.156E-17
   9977.0000   3.152E-17
   9980.0000   3.148E-17
   9983.0000   3.144E-17
   9986.0000   3.139E-17
   9989.0000   3.135E-17
   9992.0000   3.131E-17
   9995.0000   3.127E-17
   9998.0000   3.123E-17
  10001.0000   3.118E-17
  10004.0000   3.114E-17
  10007.0000   3.110E-17
  10010.0000   3.106E-17
  10013.0000   3.102E-17
  10016.0000   3.098E-17
  10019.0000   3.094E-17
  10022.0000   3.089E-17
  10025.0000   3.085E-17
  10028.0000   3.081E-17
  10031.0000   3.077E-17
  10034.0000   3.073E-17
  10037.0000   3.069E-17
  10040.0000   3.065E-17
  10043.0000   3.061E-17
  10046.0000   3.057E-17
  10049.0000   3.053E-17
  10052.0000   3.049E-17
  10055.0000   3.045E-17
  10058.0000   3.041E-17
  10061.0000   3.037E-17
  10064.0000   3.033E-17
  10067.0000   3.029E-17
  10070.0000   3.025E-17
  10073.0000   3.021E-17
  10076.0000   3.017E-17
  10079.0000   3.013E-17
  10082.0000   3.009E-17
  10085.0000   3.005E-17
  10088.0000   3.001E-17
  10091.0000   2.998E-17
  10094.0000   2.994E-17
  10097.0000   2.990E-17
  10100.0000   2.986E-17
  10103.0000   2.982E-17
  10106.0000   2.978E-17
  10109.0000   2.974E-17
  10112.0000   2.971E-17
  10115.0000   2.967E-17
  10118.0000   2.963E-17
  10121.0000   2.959E-17
  10124.0000   2.955E-17
  10127.0000   2.952E-17
  10130.0000   2.948E-17
  10133.0000   2.944E-17
  10136.0000   2.940E-17
  10139.0000   2.936E-17
  10142.0000   2.933E-17
  10145.0000   2.929E-17
  10148.0000   2.925E-17
  10151.0000   2.922E-17
  10154.0000   2.918E-17
  10157.0000   2.914E-17
  10160.0000   2.910E-17
  10163.0000   2.907E-17
  10166.0000   2.903E-17
  10169.0000   2.899E-17
  10172.0000   2.896E-17
  10175.0000   2.892E-17
  10178.0000   2.888E-17
  10181.0000   2.885E-17
  10184.0000   2.881E-17
  10187.0000   2.878E-17
  10190.0000   2.874E-17
  10193.0000   2.870E-17
  10196.0000   2.867E-17
  10199.0000   2.863E-17
  10202.0000   2.860E-17
  10205.0000   2.856E-17
  10208.0000   2.852E-17
  10211.0000   2.849E-17
  10214.0000   2.845E-17
  10217.0000   2.842E-17
  10220.0000   2.838E-17
  10223.0000   2.835E-17
  10226.0000   2.831E-17
  10229.0000   2.828E-17
  10232.0000   2.824E-17
  10235.0000   2.821E-17
  10238.0000   2.817E-17
  10241.0000   2.814E-17
  10244.0000   2.810E-17
  10247.0000   2.807E-17
  10250.0000   2.803E-17
  10253.0000   2.800E-17
  10256.0000   2.796E-17
  10259.0000   2.793E-17
  10262.0000   2.790E-17
  10265.0000   2.786E-17
  10268.0000   2.783E-17
  10271.0000   2.779E-17
  10274.0000   2.776E-17
  10277.0000   2.773E-17
  10280.0000   2.769E-17
  10283.0000   2.766E-17
  10286.0000   2.762E-17
  10289.0000   2.759E-17
  10292.0000   2.756E-17
  10295.0000   2.752E-17
  10298.0000   2.749E-17
  10301.0000   2.746E-17
  10304.0000   2.742E-17
  10307.0000   2.739E-17
  10310.0000   2.736E-17
  10313.0000   2.732E-17
  10316.0000   2.729E-17
  10319.0000   2.726E-17
  10322.0000   2.722E-17
  10325.0000   2.719E-17
  10328.0000   2.716E-17
  10331.0000   2.713E-17
  10334.0000   2.709E-17
  10337.0000   2.706E-17
  10340.0000   2.703E-17
  10343.0000   2.700E-17
  10346.0000   2.696E-17
  10349.0000   2.693E-17
  10352.0000   2.690E-17
  10355.0000   2.687E-17
  10358.0000   2.684E-17
  10361.0000   2.680E-17
  10364.0000   2.677E-17
  10367.0000   2.674E-17
  10370.0000   2.671E-17
  10373.0000   2.668E-17
  10376.0000   2.665E-17
  10379.0000   2.661E-17
  10382.0000   2.658E-17
  10385.0000   2.655E-17
  10388.0000   2.652E-17
  10391.0000   2.649E-17
  10394.0000   2.646E-17
  10397.0000   2.643E-17
  10400.0000   2.640E-17
  10403.0000   2.636E-17
  10406.0000   2.633E-17
  10409.0000   2.630E-17
  10412.0000   2.627E-17
  10415.0000   2.624E-17
  10418.0000   2.621E-17
  10421.0000   2.618E-17
  10424.0000   2.615E-17
  10427.0000   2.612E-17
  10430.0000   2.609E-17
  10433.0000   2.606E-17
  10436.0000   2.603E-17
  10439.0000   2.600E-17
  10442.0000   2.597E-17
  10445.0000   2.594E-17
  10448.0000   2.591E-17
  10451.0000   2.588E-17
  10454.0000   2.585E-17
  10457.0000   2.582E-17
  10460.0000   2.579E-17
  10463.0000   2.576E-17
  10466.0000   2.573E-17
  10469.0000   2.570E-17
  10472.0000   2.567E-17
  10475.0000   2.564E-17
  10478.0000   2.561E-17
  10481.0000   2.558E-17
  10484.0000   2.555E-17
  10487.0000   2.552E-17
  10490.0000   2.549E-17
  10493.0000   2.546E-17
  10496.0000   2.543E-17
  10499.0000   2.540E-17
  10502.0000   2.538E-17
  10505.0000   2.535E-17
  10508.0000   2.532E-17
  10511.0000   2.529E-17
  10514.0000   2.526E-17
  10517.0000   2.523E-17
  10520.0000   2.520E-17
  10523.0000   2.517E-17
  10526.0000   2.515E-17
  10529.0000   2.512E-17
  10532.0000   2.509E-17
  10535.0000   2.506E-17
  10538.0000   2.503E-17
  10541.0000   2.500E-17
  10544.0000   2.498E-17
  10547.0000   2.495E-17
  10550.0000   2.492E-17
  10553.0000   2.489E-17
  10556.0000   2.486E-17
  10559.0000   2.484E-17
  10562.0000   2.481E-17
  10565.0000   2.478E-17
  10568.0000   2.475E-17
  10571.0000   2.473E-17
  10574.0000   2.470E-17
  10577.0000   2.467E-17
  10580.0000   2.464E-17
  10583.0000   2.462E-17
  10586.0000   2.459E-17
  10589.0000   2.456E-17
  10592.0000   2.453E-17
  10595.0000   2.451E-17
  10598.0000   2.448E-17
  10601.0000   2.445E-17
  10604.0000   2.442E-17
  10607.0000   2.439E-17
  10610.0000   2.423E-17
  10613.0000   2.333E-17
  10616.0000   2.170E-17
  10619.0000   2.070E-17
  10622.0000   2.051E-17
  10625.0000   2.048E-17
  10628.0000   2.046E-17
  10631.0000   2.043E-17
  10634.0000   2.041E-17
  10637.0000   2.039E-17
  10640.0000   2.036E-17
  10643.0000   2.034E-17
  10646.0000   2.032E-17
  10649.0000   2.029E-17
  10652.0000   2.027E-17
  10655.0000   2.025E-17
  10658.0000   2.022E-17
  10661.0000   2.020E-17
  10664.0000   2.018E-17
  10667.0000   2.015E-17
  10670.0000   2.013E-17
  10673.0000   2.011E-17
  10676.0000   2.008E-17
  10679.0000   2.006E-17
  10682.0000   2.004E-17
  10685.0000   2.001E-17
  10688.0000   1.999E-17
  10691.0000   1.997E-17
  10694.0000   1.994E-17
  10697.0000   1.992E-17
  10700.0000   1.990E-17
  10703.0000   1.988E-17
  10706.0000   1.985E-17
  10709.0000   1.983E-17
  10712.0000   1.981E-17
  10715.0000   1.979E-17
  10718.0000   1.976E-17
  10721.0000   1.974E-17
  10724.0000   1.972E-17
  10727.0000   1.970E-17
  10730.0000   1.967E-17
  10733.0000   1.965E-17
  10736.0000   1.963E-17
  10739.0000   1.961E-17
  10742.0000   1.958E-17
  10745.0000   1.956E-17
  10748.0000   1.954E-17
  10751.0000   1.952E-17
  10754.0000   1.950E-17
  10757.0000   1.947E-17
  10760.0000   1.945E-17
  10763.0000   1.943E-17
  10766.0000   1.941E-17
  10769.0000   1.939E-17
  10772.0000   1.936E-17
  10775.0000   1.934E-17
  10778.0000   1.932E-17
  10781.0000   1.930E-17
  10784.0000   1.928E-17
  10787.0000   1.926E-17
  10790.0000   1.924E-17
  10793.0000   1.921E-17
  10796.0000   1.919E-17
  10799.0000   1.917E-17
  10802.0000   1.915E-17
  10805.0000   1.913E-17
  10808.0000   1.911E-17
  10811.0000   1.909E-17
  10814.0000   1.906E-17
  10817.0000   1.904E-17
  10820.0000   1.902E-17
  10823.0000   1.900E-17
  10826.0000   1.898E-17
  10829.0000   1.896E-17
  10832.0000   1.894E-17
  10835.0000   1.892E-17
  10838.0000   1.890E-17
  10841.0000   1.888E-17
  10844.0000   1.886E-17
  10847.0000   1.883E-17
  10850.0000   1.881E-17
  10853.0000   1.879E-17
  10856.0000   1.877E-17
  10859.0000   1.875E-17
  10862.0000   1.873E-17
  10865.0000   1.871E-17
  10868.0000   1.869E-17
  10871.0000   1.867E-17
  10874.0000   1.865E-17
  10877.0000   1.863E-17
  10880.0000   1.861E-17
  10883.0000   1.859E-17
  10886.0000   1.857E-17
  10889.0000   1.855E-17
  10892.0000   1.853E-17
  10895.0000   1.851E-17
  10898.0000   1.849E-17
  10901.0000   1.847E-17
  10904.0000   1.845E-17
  10907.0000   1.843E-17
  10910.0000   1.841E-17
  10913.0000   1.839E-17
  10916.0000   1.837E-17
  10919.0000   1.835E-17
  10922.0000   1.833E-17
  10925.0000   1.831E-17
  10928.0000   1.829E-17
  10931.0000   1.827E-17
  10934.0000   1.825E-17
  10937.0000   1.823E-17
  10940.0000   1.821E-17
  10943.0000   1.819E-17
  10946.0000   1.817E-17
  10949.0000   1.815E-17
  10952.0000   1.813E-17
  10955.0000   1.811E-17
  10958.0000   1.810E-17
  10961.0000   1.808E-17
  10964.0000   1.806E-17
  10967.0000   1.804E-17
  10970.0000   1.802E-17
  10973.0000   1.800E-17
  10976.0000   1.798E-17
  10979.0000   1.796E-17
  10982.0000   1.794E-17
  10985.0000   1.792E-17
  10988.0000   1.790E-17
  10991.0000   1.789E-17
  10994.0000   1.787E-17
  10997.0000   1.785E-17
  11000.0000   1.783E-17
  11003.0000   1.781E-17
  11006.0000   1.779E-17
  11009.0000   1.777E-17
  11012.0000   1.775E-17
  11015.0000   1.773E-17
  11018.0000   1.772E-17
  11021.0000   1.770E-17
  11024.0000   1.768E-17
  11027.0000   1.766E-17
  11030.0000   1.764E-17
  11033.0000   1.762E-17
  11036.0000   1.761E-17
  11039.0000   1.759E-17
  11042.0000   1.757E-17
  11045.0000   1.755E-17
  11048.0000   1.753E-17
  11051.0000   1.751E-17
  11054.0000   1.750E-17
  11057.0000   1.748E-17
  11060.0000   1.746E-17
  11063.0000   1.744E-17
  11066.0000   1.742E-17
  11069.0000   1.741E-17
  11072.0000   1.739E-17
  11075.0000   1.737E-17
  11078.0000   1.735E-17
  11081.0000   1.733E-17
  11084.0000   1.732E-17
  11087.0000   1.730E-17
  11090.0000   1.728E-17
  11093.0000   1.726E-17
  11096.0000   1.724E-17
  11099.0000   1.723E-17
  11102.0000   1.721E-17
  11105.0000   1.719E-17
  11108.0000   1.717E-17
  11111.0000   1.716E-17
  11114.0000   1.714E-17
  11117.0000   1.712E-17
  11120.0000   1.710E-17
  11123.0000   1.709E-17
  11126.0000   1.707E-17
  11129.0000   1.705E-17
  11132.0000   1.703E-17
  11135.0000   1.702E-17
  11138.0000   1.700E-17
  11141.0000   1.698E-17
  11144.0000   1.696E-17
  11147.0000   1.695E-17
  11150.0000   1.693E-17
  11153.0000   1.691E-17
  11156.0000   1.690E-17
  11159.0000   1.688E-17
  11162.0000   1.686E-17
  11165.0000   1.685E-17
  11168.0000   1.683E-17
  11171.0000   1.681E-17
  11174.0000   1.679E-17
  11177.0000   1.678E-17
  11180.0000   1.676E-17
  11183.0000   1.674E-17
  11186.0000   1.673E-17
  11189.0000   1.671E-17
  11192.0000   1.669E-17
  11195.0000   1.668E-17
  11198.0000   1.666E-17
  11201.0000   1.664E-17
  11204.0000   1.663E-17
  11207.0000   1.661E-17
  11210.0000   1.659E-17
  11213.0000   1.658E-17
  11216.0000   1.656E-17
  11219.0000   1.654E-17
  11222.0000   1.653E-17
  11225.0000   1.651E-17
  11228.0000   1.649E-17
  11231.0000   1.648E-17
  11234.0000   1.646E-17
  11237.0000   1.645E-17
  11240.0000   1.643E-17
  11243.0000   1.641E-17
  11246.0000   1.640E-17
  11249.0000   1.638E-17
  11252.0000   1.636E-17
  11255.0000   1.635E-17
  11258.0000   1.633E-17
  11261.0000   1.632E-17
  11264.0000   1.630E-17
  11267.0000   1.628E-17
  11270.0000   1.627E-17
  11273.0000   1.625E-17
  11276.0000   1.624E-17
  11279.0000   1.622E-17
  11282.0000   1.620E-17
  11285.0000   1.619E-17
  11288.0000   1.617E-17
  11291.0000   1.616E-17
  11294.0000   1.614E-17
  11297.0000   1.613E-17
  11300.0000   1.611E-17
  11303.0000   1.609E-17
  11306.0000   1.608E-17
  11309.0000   1.606E-17
  11312.0000   1.605E-17
  11315.0000   1.603E-17
  11318.0000   1.602E-17
  11321.0000   1.600E-17
  11324.0000   1.598E-17
  11327.0000   1.597E-17
  11330.0000   1.595E-17
  11333.0000   1.594E-17
  11336.0000   1.592E-17
  11339.0000   1.591E-17
  11342.0000   1.589E-17
  11345.0000   1.588E-17
  11348.0000   1.586E-17
  11351.0000   1.585E-17
  11354.0000   1.583E-17
  11357.0000   1.582E-17
  11360.0000   1.580E-17
  11363.0000   1.579E-17
  11366.0000   1.577E-17
  11369.0000   1.575E-17
  11372.0000   1.574E-17
  11375.0000   1.572E-17
  11378.0000   1.571E-17
  11381.0000   1.569E-17
  11384.0000   1.568E-17
  11387.0000   1.566E-17
  11390.0000   1.565E-17
  11393.0000   1.563E-17
  11396.0000   1.562E-17
  11399.0000   1.561E-17
  11402.0000   1.559E-17
  11405.0000   1.558E-17
  11408.0000   1.556E-17
  11411.0000   1.555E-17
  11414.0000   1.553E-17
  11417.0000   1.552E-17
  11420.0000   1.550E-17
  11423.0000   1.549E-17
  11426.0000   1.547E-17
  11429.0000   1.546E-17
  11432.0000   1.544E-17
  11435.0000   1.543E-17
  11438.0000   1.541E-17
  11441.0000   1.540E-17
  11444.0000   1.539E-17
  11447.0000   1.537E-17
  11450.0000   1.536E-17
  11453.0000   1.534E-17
  11456.0000   1.533E-17
  11459.0000   1.531E-17
  11462.0000   1.530E-17
  11465.0000   1.528E-17
  11468.0000   1.527E-17
  11471.0000   1.526E-17
  11474.0000   1.524E-17
  11477.0000   1.523E-17
  11480.0000   1.521E-17
  11483.0000   1.520E-17
  11486.0000   1.518E-17
  11489.0000   1.517E-17
  11492.0000   1.516E-17
  11495.0000   1.514E-17
  11498.0000   1.513E-17
  11501.0000   1.511E-17
  11504.0000   1.510E-17
  11507.0000   1.509E-17
  11510.0000   1.507E-17
  11513.0000   1.506E-17
  11516.0000   1.504E-17
  11519.0000   1.503E-17
  11522.0000   1.502E-17
  11525.0000   1.500E-17
  11528.0000   1.499E-17
  11531.0000   1.497E-17
  11534.0000   1.496E-17
  11537.0000   1.495E-17
  11540.0000   1.493E-17
  11543.0000   1.492E-17
  11546.0000   1.491E-17
  11549.0000   1.489E-17
  11552.0000   1.488E-17
  11555.0000   1.487E-17
  11558.0000   1.485E-17
  11561.0000   1.484E-17
  11564.0000   1.482E-17
  11567.0000   1.481E-17
  11570.0000   1.480E-17
  11573.0000   1.478E-17
  11576.0000   1.477E-17
  11579.0000   1.476E-17
  11582.0000   1.474E-17
  11585.0000   1.473E-17
  11588.0000   1.472E-17
  11591.0000   1.470E-17
  11594.0000   1.469E-17
  11597.0000   1.468E-17
  11600.0000   1.466E-17
  11603.0000   1.465E-17
  11606.0000   1.464E-17
  11609.0000   1.462E-17
  11612.0000   1.461E-17
  11615.0000   1.460E-17
  11618.0000   1.458E-17
  11621.0000   1.457E-17
  11624.0000   1.456E-17
  11627.0000   1.454E-17
  11630.0000   1.453E-17
  11633.0000   1.452E-17
  11636.0000   1.451E-17
  11639.0000   1.449E-17
  11642.0000   1.448E-17
  11645.0000   1.447E-17
  11648.0000   1.445E-17
  11651.0000   1.444E-17
  11654.0000   1.443E-17
  11657.0000   1.441E-17
  11660.0000   1.440E-17
  11663.0000   1.439E-17
  11666.0000   1.438E-17
  11669.0000   1.436E-17
  11672.0000   1.435E-17
  11675.0000   1.434E-17
  11678.0000   1.432E-17
  11681.0000   1.431E-17
  11684.0000   1.430E-17
  11687.0000   1.429E-17
  11690.0000   1.427E-17
  11693.0000   1.426E-17
  11696.0000   1.425E-17
  11699.0000   1.424E-17
  11702.0000   1.422E-17
  11705.0000   1.421E-17
  11708.0000   1.420E-17
  11711.0000   1.419E-17
  11714.0000   1.417E-17
  11717.0000   1.416E-17
  11720.0000   1.415E-17
  11723.0000   1.414E-17
  11726.0000   1.412E-17
  11729.0000   1.411E-17
  11732.0000   1.410E-17
  11735.0000   1.409E-17
  11738.0000   1.407E-17
  11741.0000   1.406E-17
  11744.0000   1.405E-17
  11747.0000   1.404E-17
  11750.0000   1.402E-17
  11753.0000   1.401E-17
  11756.0000   1.400E-17
  11759.0000   1.399E-17
  11762.0000   1.398E-17
  11765.0000   1.396E-17
  11768.0000   1.395E-17
  11771.0000   1.394E-17
  11774.0000   1.393E-17
  11777.0000   1.391E-17
  11780.0000   1.390E-17
  11783.0000   1.389E-17
  11786.0000   1.388E-17
  11789.0000   1.387E-17
  11792.0000   1.385E-17
  11795.0000   1.384E-17
  11798.0000   1.383E-17
  11801.0000   1.382E-17
  11804.0000   1.381E-17
  11807.0000   1.379E-17
  11810.0000   1.378E-17
  11813.0000   1.377E-17
  11816.0000   1.376E-17
  11819.0000   1.375E-17
  11822.0000   1.374E-17
  11825.0000   1.372E-17
  11828.0000   1.371E-17
  11831.0000   1.370E-17
  11834.0000   1.369E-17
  11837.0000   1.368E-17
  11840.0000   1.366E-17
  11843.0000   1.365E-17
  11846.0000   1.364E-17
  11849.0000   1.363E-17
  11852.0000   1.362E-17
  11855.0000   1.361E-17
  11858.0000   1.359E-17
  11861.0000   1.358E-17
  11864.0000   1.357E-17
  11867.0000   1.356E-17
  11870.0000   1.355E-17
  11873.0000   1.354E-17
  11876.0000   1.353E-17
  11879.0000   1.351E-17
  11882.0000   1.350E-17
  11885.0000   1.349E-17
  11888.0000   1.348E-17
  11891.0000   1.347E-17
  11894.0000   1.346E-17
  11897.0000   1.345E-17
  11900.0000   1.343E-17
  11903.0000   1.342E-17
  11906.0000   1.341E-17
  11909.0000   1.340E-17
  11912.0000   1.339E-17
  11915.0000   1.338E-17
  11918.0000   1.337E-17
  11921.0000   1.335E-17
  11924.0000   1.334E-17
  11927.0000   1.333E-17
  11930.0000   1.332E-17
  11933.0000   1.331E-17
  11936.0000   1.330E-17
  11939.0000   1.329E-17
  11942.0000   1.328E-17
  11945.0000   1.327E-17
  11948.0000   1.325E-17
  11951.0000   1.324E-17
  11954.0000   1.323E-17
  11957.0000   1.322E-17
  11960.0000   1.321E-17
  11963.0000   1.320E-17
  11966.0000   1.319E-17
  11969.0000   1.318E-17
  11972.0000   1.317E-17
  11975.0000   1.315E-17
  11978.0000   1.314E-17
  11981.0000   1.313E-17
  11984.0000   1.312E-17
  11987.0000   1.311E-17
  11990.0000   1.310E-17
  11993.0000   1.309E-17
  11996.0000   1.308E-17
