   3600.0000   1.789E-13
   3602.0000   1.786E-13
   3604.0000   1.782E-13
   3606.0000   1.779E-13
   3608.0000   1.775E-13
   3610.0000   1.771E-13
   3612.0000   1.767E-13
   3614.0000   1.764E-13
   3616.0000   1.760E-13
   3618.0000   1.755E-13
   3620.0000   1.751E-13
   3622.0000   1.747E-13
   3624.0000   1.743E-13
   3626.0000   1.738E-13
   3628.0000   1.734E-13
   3630.0000   1.729E-13
   3632.0000   1.725E-13
   3634.0000   1.720E-13
   3636.0000   1.715E-13
   3638.0000   1.710E-13
   3640.0000   1.706E-13
   3642.0000   1.700E-13
   3644.0000   1.695E-13
   3646.0000   1.690E-13
   3648.0000   1.685E-13
   3650.0000   1.679E-13
   3652.0000   1.674E-13
   3654.0000   1.668E-13
   3656.0000   1.663E-13
   3658.0000   1.657E-13
   3660.0000   1.651E-13
   3662.0000   1.645E-13
   3664.0000   1.639E-13
   3666.0000   1.633E-13
   3668.0000   1.627E-13
   3670.0000   1.621E-13
   3672.0000   1.614E-13
   3674.0000   1.608E-13
   3676.0000   1.601E-13
   3678.0000   1.595E-13
   3680.0000   1.588E-13
   3682.0000   1.581E-13
   3684.0000   1.574E-13
   3686.0000   1.567E-13
   3688.0000   1.560E-13
   3690.0000   1.553E-13
   3692.0000   1.546E-13
   3694.0000   1.539E-13
   3696.0000   1.532E-13
   3698.0000   1.524E-13
   3700.0000   1.517E-13
   3702.0000   1.510E-13
   3704.0000   1.502E-13
   3706.0000   1.495E-13
   3708.0000   1.487E-13
   3710.0000   1.479E-13
   3712.0000   1.472E-13
   3714.0000   1.464E-13
   3716.0000   1.456E-13
   3718.0000   1.449E-13
   3720.0000   1.441E-13
   3722.0000   1.433E-13
   3724.0000   1.426E-13
   3726.0000   1.418E-13
   3728.0000   1.410E-13
   3730.0000   1.402E-13
   3732.0000   1.395E-13
   3734.0000   1.387E-13
   3736.0000   1.379E-13
   3738.0000   1.371E-13
   3740.0000   1.364E-13
   3742.0000   1.356E-13
   3744.0000   1.348E-13
   3746.0000   1.341E-13
   3748.0000   1.333E-13
   3750.0000   1.326E-13
   3752.0000   1.318E-13
   3754.0000   1.311E-13
   3756.0000   1.303E-13
   3758.0000   1.296E-13
   3760.0000   1.288E-13
   3762.0000   1.281E-13
   3764.0000   1.273E-13
   3766.0000   1.266E-13
   3768.0000   1.259E-13
   3770.0000   1.252E-13
   3772.0000   1.244E-13
   3774.0000   1.237E-13
   3776.0000   1.230E-13
   3778.0000   1.223E-13
   3780.0000   1.216E-13
   3782.0000   1.209E-13
   3784.0000   1.202E-13
   3786.0000   1.195E-13
   3788.0000   1.189E-13
   3790.0000   1.182E-13
   3792.0000   1.175E-13
   3794.0000   1.169E-13
   3796.0000   1.162E-13
   3798.0000   1.155E-13
   3800.0000   1.149E-13
   3802.0000   1.142E-13
   3804.0000   1.136E-13
   3806.0000   1.130E-13
   3808.0000   1.123E-13
   3810.0000   1.117E-13
   3812.0000   1.111E-13
   3814.0000   1.105E-13
   3816.0000   1.099E-13
   3818.0000   1.093E-13
   3820.0000   1.087E-13
   3822.0000   1.081E-13
   3824.0000   1.075E-13
   3826.0000   1.069E-13
   3828.0000   1.063E-13
   3830.0000   1.057E-13
   3832.0000   1.052E-13
   3834.0000   1.046E-13
   3836.0000   1.040E-13
   3838.0000   1.035E-13
   3840.0000   1.029E-13
   3842.0000   1.024E-13
   3844.0000   1.018E-13
   3846.0000   1.013E-13
   3848.0000   1.008E-13
   3850.0000   1.002E-13
   3852.0000   9.972E-14
   3854.0000   9.921E-14
   3856.0000   9.869E-14
   3858.0000   9.818E-14
   3860.0000   9.768E-14
   3862.0000   9.718E-14
   3864.0000   9.668E-14
   3866.0000   9.619E-14
   3868.0000   9.570E-14
   3870.0000   9.522E-14
   3872.0000   9.474E-14
   3874.0000   9.426E-14
   3876.0000   9.378E-14
   3878.0000   9.331E-14
   3880.0000   9.284E-14
   3882.0000   9.238E-14
   3884.0000   9.192E-14
   3886.0000   9.146E-14
   3888.0000   9.100E-14
   3890.0000   9.055E-14
   3892.0000   9.010E-14
   3894.0000   8.965E-14
   3896.0000   8.921E-14
   3898.0000   8.877E-14
   3900.0000   8.833E-14
   3902.0000   8.790E-14
   3904.0000   8.747E-14
   3906.0000   8.704E-14
   3908.0000   8.662E-14
   3910.0000   8.621E-14
   3912.0000   8.580E-14
   3914.0000   8.539E-14
   3916.0000   8.499E-14
   3918.0000   8.460E-14
   3920.0000   8.421E-14
   3922.0000   8.382E-14
   3924.0000   8.344E-14
   3926.0000   8.307E-14
   3928.0000   8.270E-14
   3930.0000   8.233E-14
   3932.0000   8.197E-14
   3934.0000   8.161E-14
   3936.0000   8.126E-14
   3938.0000   8.090E-14
   3940.0000   8.055E-14
   3942.0000   8.020E-14
   3944.0000   7.986E-14
   3946.0000   7.951E-14
   3948.0000   7.916E-14
   3950.0000   7.881E-14
   3952.0000   7.846E-14
   3954.0000   7.811E-14
   3956.0000   7.775E-14
   3958.0000   7.739E-14
   3960.0000   7.703E-14
   3962.0000   7.667E-14
   3964.0000   7.629E-14
   3966.0000   7.592E-14
   3968.0000   7.554E-14
   3970.0000   7.515E-14
   3972.0000   7.476E-14
   3974.0000   7.436E-14
   3976.0000   7.396E-14
   3978.0000   7.356E-14
   3980.0000   7.315E-14
   3982.0000   7.273E-14
   3984.0000   7.232E-14
   3986.0000   7.190E-14
   3988.0000   7.148E-14
   3990.0000   7.106E-14
   3992.0000   7.063E-14
   3994.0000   7.021E-14
   3996.0000   6.979E-14
   3998.0000   6.937E-14
   4000.0000   6.895E-14
   4002.0000   6.854E-14
   4004.0000   6.813E-14
   4006.0000   6.773E-14
   4008.0000   6.733E-14
   4010.0000   6.694E-14
   4012.0000   6.656E-14
   4014.0000   6.619E-14
   4016.0000   6.582E-14
   4018.0000   6.547E-14
   4020.0000   6.512E-14
   4022.0000   6.479E-14
   4024.0000   6.446E-14
   4026.0000   6.415E-14
   4028.0000   6.385E-14
   4030.0000   6.356E-14
   4032.0000   6.328E-14
   4034.0000   6.301E-14
   4036.0000   6.276E-14
   4038.0000   6.251E-14
   4040.0000   6.228E-14
   4042.0000   6.205E-14
   4044.0000   6.184E-14
   4046.0000   6.163E-14
   4048.0000   6.144E-14
   4050.0000   6.125E-14
   4052.0000   6.107E-14
   4054.0000   6.089E-14
   4056.0000   6.073E-14
   4058.0000   6.056E-14
   4060.0000   6.040E-14
   4062.0000   6.025E-14
   4064.0000   6.009E-14
   4066.0000   5.994E-14
   4068.0000   5.978E-14
   4070.0000   5.963E-14
   4072.0000   5.947E-14
   4074.0000   5.930E-14
   4076.0000   5.913E-14
   4078.0000   5.896E-14
   4080.0000   5.877E-14
   4082.0000   5.858E-14
   4084.0000   5.838E-14
   4086.0000   5.816E-14
   4088.0000   5.794E-14
   4090.0000   5.770E-14
   4092.0000   5.745E-14
   4094.0000   5.718E-14
   4096.0000   5.690E-14
   4098.0000   5.661E-14
   4100.0000   5.630E-14
   4102.0000   5.597E-14
   4104.0000   5.563E-14
   4106.0000   5.527E-14
   4108.0000   5.489E-14
   4110.0000   5.450E-14
   4112.0000   5.410E-14
   4114.0000   5.368E-14
   4116.0000   5.324E-14
   4118.0000   5.279E-14
   4120.0000   5.233E-14
   4122.0000   5.185E-14
   4124.0000   5.136E-14
   4126.0000   5.086E-14
   4128.0000   5.035E-14
   4130.0000   4.983E-14
   4132.0000   4.930E-14
   4134.0000   4.877E-14
   4136.0000   4.823E-14
   4138.0000   4.768E-14
   4140.0000   4.713E-14
   4142.0000   4.657E-14
   4144.0000   4.601E-14
   4146.0000   4.545E-14
   4148.0000   4.489E-14
   4150.0000   4.433E-14
   4152.0000   4.377E-14
   4154.0000   4.320E-14
   4156.0000   4.265E-14
   4158.0000   4.209E-14
   4160.0000   4.154E-14
   4162.0000   4.099E-14
   4164.0000   4.044E-14
   4166.0000   3.991E-14
   4168.0000   3.937E-14
   4170.0000   3.884E-14
   4172.0000   3.832E-14
   4174.0000   3.780E-14
   4176.0000   3.729E-14
   4178.0000   3.679E-14
   4180.0000   3.629E-14
   4182.0000   3.580E-14
   4184.0000   3.532E-14
   4186.0000   3.485E-14
   4188.0000   3.438E-14
   4190.0000   3.392E-14
   4192.0000   3.347E-14
   4194.0000   3.303E-14
   4196.0000   3.259E-14
   4198.0000   3.216E-14
   4200.0000   3.174E-14
   4202.0000   3.133E-14
   4204.0000   3.092E-14
   4206.0000   3.052E-14
   4208.0000   3.013E-14
   4210.0000   2.975E-14
   4212.0000   2.937E-14
   4214.0000   2.900E-14
   4216.0000   2.864E-14
   4218.0000   2.829E-14
   4220.0000   2.794E-14
   4222.0000   2.760E-14
   4224.0000   2.726E-14
   4226.0000   2.693E-14
   4228.0000   2.661E-14
   4230.0000   2.630E-14
   4232.0000   2.599E-14
   4234.0000   2.569E-14
   4236.0000   2.539E-14
   4238.0000   2.510E-14
   4240.0000   2.481E-14
   4242.0000   2.453E-14
   4244.0000   2.426E-14
   4246.0000   2.399E-14
   4248.0000   2.372E-14
   4250.0000   2.346E-14
   4252.0000   2.321E-14
   4254.0000   2.296E-14
   4256.0000   2.271E-14
   4258.0000   2.247E-14
   4260.0000   2.224E-14
   4262.0000   2.201E-14
   4264.0000   2.178E-14
   4266.0000   2.156E-14
   4268.0000   2.134E-14
   4270.0000   2.113E-14
   4272.0000   2.092E-14
   4274.0000   2.071E-14
   4276.0000   2.051E-14
   4278.0000   2.031E-14
   4280.0000   2.011E-14
   4282.0000   1.992E-14
   4284.0000   1.973E-14
   4286.0000   1.955E-14
   4288.0000   1.936E-14
   4290.0000   1.918E-14
   4292.0000   1.901E-14
   4294.0000   1.884E-14
   4296.0000   1.867E-14
   4298.0000   1.850E-14
   4300.0000   1.834E-14
   4302.0000   1.817E-14
   4304.0000   1.801E-14
   4306.0000   1.786E-14
   4308.0000   1.771E-14
   4310.0000   1.755E-14
   4312.0000   1.741E-14
   4314.0000   1.726E-14
   4316.0000   1.712E-14
   4318.0000   1.697E-14
   4320.0000   1.684E-14
   4322.0000   1.670E-14
   4324.0000   1.656E-14
   4326.0000   1.643E-14
   4328.0000   1.630E-14
   4330.0000   1.617E-14
   4332.0000   1.604E-14
   4334.0000   1.592E-14
   4336.0000   1.580E-14
   4338.0000   1.568E-14
   4340.0000   1.556E-14
   4342.0000   1.544E-14
   4344.0000   1.532E-14
   4346.0000   1.521E-14
   4348.0000   1.510E-14
   4350.0000   1.498E-14
   4352.0000   1.488E-14
   4354.0000   1.477E-14
   4356.0000   1.466E-14
   4358.0000   1.456E-14
   4360.0000   1.445E-14
   4362.0000   1.435E-14
   4364.0000   1.425E-14
   4366.0000   1.415E-14
   4368.0000   1.405E-14
   4370.0000   1.396E-14
   4372.0000   1.386E-14
   4374.0000   1.377E-14
   4376.0000   1.368E-14
   4378.0000   1.358E-14
   4380.0000   1.349E-14
   4382.0000   1.340E-14
   4384.0000   1.332E-14
   4386.0000   1.323E-14
   4388.0000   1.314E-14
   4390.0000   1.306E-14
   4392.0000   1.298E-14
   4394.0000   1.289E-14
   4396.0000   1.281E-14
   4398.0000   1.273E-14
   4400.0000   1.265E-14
   4402.0000   1.257E-14
   4404.0000   1.250E-14
   4406.0000   1.242E-14
   4408.0000   1.234E-14
   4410.0000   1.227E-14
   4412.0000   1.219E-14
   4414.0000   1.212E-14
   4416.0000   1.205E-14
   4418.0000   1.198E-14
   4420.0000   1.191E-14
   4422.0000   1.184E-14
   4424.0000   1.177E-14
   4426.0000   1.170E-14
   4428.0000   1.163E-14
   4430.0000   1.157E-14
   4432.0000   1.150E-14
   4434.0000   1.144E-14
   4436.0000   1.137E-14
   4438.0000   1.131E-14
   4440.0000   1.124E-14
   4442.0000   1.118E-14
   4444.0000   1.112E-14
   4446.0000   1.106E-14
   4448.0000   1.100E-14
   4450.0000   1.094E-14
   4452.0000   1.088E-14
   4454.0000   1.082E-14
   4456.0000   1.076E-14
   4458.0000   1.071E-14
   4460.0000   1.065E-14
   4462.0000   1.059E-14
   4464.0000   1.054E-14
   4466.0000   1.048E-14
   4468.0000   1.043E-14
   4470.0000   1.037E-14
   4472.0000   1.032E-14
   4474.0000   1.027E-14
   4476.0000   1.022E-14
   4478.0000   1.016E-14
   4480.0000   1.011E-14
   4482.0000   1.006E-14
   4484.0000   1.001E-14
   4486.0000   9.962E-15
   4488.0000   9.912E-15
   4490.0000   9.863E-15
   4492.0000   9.815E-15
   4494.0000   9.767E-15
   4496.0000   9.720E-15
   4498.0000   9.673E-15
   4500.0000   9.626E-15
   4502.0000   9.580E-15
   4504.0000   9.534E-15
   4506.0000   9.489E-15
   4508.0000   9.444E-15
   4510.0000   9.399E-15
   4512.0000   9.355E-15
   4514.0000   9.312E-15
   4516.0000   9.268E-15
   4518.0000   9.225E-15
   4520.0000   9.183E-15
   4522.0000   9.141E-15
   4524.0000   9.099E-15
   4526.0000   9.058E-15
   4528.0000   9.016E-15
   4530.0000   8.976E-15
   4532.0000   8.935E-15
   4534.0000   8.895E-15
   4536.0000   8.856E-15
   4538.0000   8.816E-15
   4540.0000   8.777E-15
   4542.0000   8.739E-15
   4544.0000   8.700E-15
   4546.0000   8.662E-15
   4548.0000   8.625E-15
   4550.0000   8.587E-15
   4552.0000   8.550E-15
   4554.0000   8.513E-15
   4556.0000   8.477E-15
   4558.0000   8.441E-15
   4560.0000   8.405E-15
   4562.0000   8.369E-15
   4564.0000   8.334E-15
   4566.0000   8.299E-15
   4568.0000   8.264E-15
   4570.0000   8.230E-15
   4572.0000   8.196E-15
   4574.0000   8.162E-15
   4576.0000   8.128E-15
   4578.0000   8.095E-15
   4580.0000   8.061E-15
   4582.0000   8.029E-15
   4584.0000   7.996E-15
   4586.0000   7.964E-15
   4588.0000   7.931E-15
   4590.0000   7.900E-15
   4592.0000   7.868E-15
   4594.0000   7.836E-15
   4596.0000   7.805E-15
   4598.0000   7.774E-15
   4600.0000   7.744E-15
   4602.0000   7.713E-15
   4604.0000   7.683E-15
   4606.0000   7.653E-15
   4608.0000   7.623E-15
   4610.0000   7.594E-15
   4612.0000   7.564E-15
   4614.0000   7.535E-15
   4616.0000   7.506E-15
   4618.0000   7.477E-15
   4620.0000   7.449E-15
   4622.0000   7.421E-15
   4624.0000   7.392E-15
   4626.0000   7.364E-15
   4628.0000   7.337E-15
   4630.0000   7.309E-15
   4632.0000   7.282E-15
   4634.0000   7.255E-15
   4636.0000   7.228E-15
   4638.0000   7.201E-15
   4640.0000   7.174E-15
   4642.0000   7.148E-15
   4644.0000   7.122E-15
   4646.0000   7.096E-15
   4648.0000   7.070E-15
   4650.0000   7.044E-15
   4652.0000   7.019E-15
   4654.0000   6.993E-15
   4656.0000   6.968E-15
   4658.0000   6.943E-15
   4660.0000   6.918E-15
   4662.0000   6.894E-15
   4664.0000   6.869E-15
   4666.0000   6.845E-15
   4668.0000   6.821E-15
   4670.0000   6.797E-15
   4672.0000   6.773E-15
   4674.0000   6.749E-15
   4676.0000   6.726E-15
   4678.0000   6.702E-15
   4680.0000   6.679E-15
   4682.0000   6.656E-15
   4684.0000   6.633E-15
   4686.0000   6.610E-15
   4688.0000   6.588E-15
   4690.0000   6.565E-15
   4692.0000   6.543E-15
   4694.0000   6.520E-15
   4696.0000   6.498E-15
   4698.0000   6.476E-15
   4700.0000   6.455E-15
   4702.0000   6.433E-15
   4704.0000   6.411E-15
   4706.0000   6.390E-15
   4708.0000   6.369E-15
   4710.0000   6.348E-15
   4712.0000   6.327E-15
   4714.0000   6.306E-15
   4716.0000   6.285E-15
   4718.0000   6.264E-15
   4720.0000   6.244E-15
   4722.0000   6.223E-15
   4724.0000   6.203E-15
   4726.0000   6.183E-15
   4728.0000   6.163E-15
   4730.0000   6.143E-15
   4732.0000   6.123E-15
   4734.0000   6.104E-15
   4736.0000   6.084E-15
   4738.0000   6.065E-15
   4740.0000   6.045E-15
   4742.0000   6.026E-15
   4744.0000   6.007E-15
   4746.0000   5.988E-15
   4748.0000   5.969E-15
   4750.0000   5.950E-15
   4752.0000   5.932E-15
   4754.0000   5.913E-15
   4756.0000   5.895E-15
   4758.0000   5.876E-15
   4760.0000   5.858E-15
   4762.0000   5.840E-15
   4764.0000   5.822E-15
   4766.0000   5.804E-15
   4768.0000   5.786E-15
   4770.0000   5.768E-15
   4772.0000   5.751E-15
   4774.0000   5.733E-15
   4776.0000   5.716E-15
   4778.0000   5.699E-15
   4780.0000   5.681E-15
   4782.0000   5.664E-15
   4784.0000   5.647E-15
   4786.0000   5.630E-15
   4788.0000   5.613E-15
   4790.0000   5.597E-15
   4792.0000   5.580E-15
   4794.0000   5.563E-15
   4796.0000   5.547E-15
   4798.0000   5.530E-15
   4800.0000   5.514E-15
   4802.0000   5.498E-15
   4804.0000   5.482E-15
   4806.0000   5.466E-15
   4808.0000   5.450E-15
   4810.0000   5.434E-15
   4812.0000   5.418E-15
   4814.0000   5.402E-15
   4816.0000   5.387E-15
   4818.0000   5.371E-15
   4820.0000   5.355E-15
   4822.0000   5.340E-15
   4824.0000   5.325E-15
   4826.0000   5.310E-15
   4828.0000   5.294E-15
   4830.0000   5.279E-15
   4832.0000   5.264E-15
   4834.0000   5.249E-15
   4836.0000   5.235E-15
   4838.0000   5.220E-15
   4840.0000   5.205E-15
   4842.0000   5.190E-15
   4844.0000   5.176E-15
   4846.0000   5.161E-15
   4848.0000   5.147E-15
   4850.0000   5.133E-15
   4852.0000   5.118E-15
   4854.0000   5.104E-15
   4856.0000   5.090E-15
   4858.0000   5.076E-15
   4860.0000   5.062E-15
   4862.0000   5.048E-15
   4864.0000   5.034E-15
   4866.0000   5.020E-15
   4868.0000   5.007E-15
   4870.0000   4.993E-15
   4872.0000   4.980E-15
   4874.0000   4.966E-15
   4876.0000   4.953E-15
   4878.0000   4.939E-15
   4880.0000   4.926E-15
   4882.0000   4.913E-15
   4884.0000   4.900E-15
   4886.0000   4.886E-15
   4888.0000   4.873E-15
   4890.0000   4.860E-15
   4892.0000   4.847E-15
   4894.0000   4.835E-15
   4896.0000   4.822E-15
   4898.0000   4.809E-15
   4900.0000   4.796E-15
   4902.0000   4.784E-15
   4904.0000   4.771E-15
   4906.0000   4.759E-15
   4908.0000   4.746E-15
   4910.0000   4.734E-15
   4912.0000   4.721E-15
   4914.0000   4.709E-15
   4916.0000   4.697E-15
   4918.0000   4.685E-15
   4920.0000   4.673E-15
   4922.0000   4.661E-15
   4924.0000   4.649E-15
   4926.0000   4.637E-15
   4928.0000   4.625E-15
   4930.0000   4.613E-15
   4932.0000   4.601E-15
   4934.0000   4.589E-15
   4936.0000   4.578E-15
   4938.0000   4.566E-15
   4940.0000   4.555E-15
   4942.0000   4.543E-15
   4944.0000   4.532E-15
   4946.0000   4.520E-15
   4948.0000   4.509E-15
   4950.0000   4.497E-15
   4952.0000   4.486E-15
   4954.0000   4.475E-15
   4956.0000   4.464E-15
   4958.0000   4.453E-15
   4960.0000   4.442E-15
   4962.0000   4.431E-15
   4964.0000   4.420E-15
   4966.0000   4.409E-15
   4968.0000   4.398E-15
   4970.0000   4.387E-15
   4972.0000   4.376E-15
   4974.0000   4.365E-15
   4976.0000   4.355E-15
   4978.0000   4.344E-15
   4980.0000   4.334E-15
   4982.0000   4.323E-15
   4984.0000   4.313E-15
   4986.0000   4.302E-15
   4988.0000   4.292E-15
   4990.0000   4.281E-15
   4992.0000   4.271E-15
   4994.0000   4.261E-15
   4996.0000   4.250E-15
   4998.0000   4.240E-15
   5000.0000   4.230E-15
   5002.0000   4.220E-15
   5004.0000   4.210E-15
   5006.0000   4.200E-15
   5008.0000   4.190E-15
   5010.0000   4.180E-15
   5012.0000   4.170E-15
   5014.0000   4.160E-15
   5016.0000   4.150E-15
   5018.0000   4.141E-15
   5020.0000   4.131E-15
   5022.0000   4.121E-15
   5024.0000   4.111E-15
   5026.0000   4.102E-15
   5028.0000   4.092E-15
   5030.0000   4.083E-15
   5032.0000   4.073E-15
   5034.0000   4.064E-15
   5036.0000   4.054E-15
   5038.0000   4.045E-15
   5040.0000   4.036E-15
   5042.0000   4.026E-15
   5044.0000   4.017E-15
   5046.0000   4.008E-15
   5048.0000   3.999E-15
   5050.0000   3.989E-15
   5052.0000   3.980E-15
   5054.0000   3.971E-15
   5056.0000   3.962E-15
   5058.0000   3.953E-15
   5060.0000   3.944E-15
   5062.0000   3.935E-15
   5064.0000   3.926E-15
   5066.0000   3.917E-15
   5068.0000   3.908E-15
   5070.0000   3.900E-15
   5072.0000   3.891E-15
   5074.0000   3.882E-15
   5076.0000   3.873E-15
   5078.0000   3.865E-15
   5080.0000   3.856E-15
   5082.0000   3.848E-15
   5084.0000   3.839E-15
   5086.0000   3.830E-15
   5088.0000   3.822E-15
   5090.0000   3.813E-15
   5092.0000   3.805E-15
   5094.0000   3.797E-15
   5096.0000   3.788E-15
   5098.0000   3.780E-15
   5100.0000   3.772E-15
   5102.0000   3.763E-15
   5104.0000   3.755E-15
   5106.0000   3.747E-15
   5108.0000   3.739E-15
   5110.0000   3.730E-15
   5112.0000   3.722E-15
   5114.0000   3.714E-15
   5116.0000   3.706E-15
   5118.0000   3.698E-15
   5120.0000   3.690E-15
   5122.0000   3.682E-15
   5124.0000   3.674E-15
   5126.0000   3.666E-15
   5128.0000   3.658E-15
   5130.0000   3.650E-15
   5132.0000   3.643E-15
   5134.0000   3.635E-15
   5136.0000   3.627E-15
   5138.0000   3.619E-15
   5140.0000   3.612E-15
   5142.0000   3.604E-15
   5144.0000   3.596E-15
   5146.0000   3.589E-15
   5148.0000   3.581E-15
   5150.0000   3.573E-15
   5152.0000   3.566E-15
   5154.0000   3.558E-15
   5156.0000   3.551E-15
   5158.0000   3.543E-15
   5160.0000   3.536E-15
   5162.0000   3.528E-15
   5164.0000   3.521E-15
   5166.0000   3.514E-15
   5168.0000   3.506E-15
   5170.0000   3.499E-15
   5172.0000   3.492E-15
   5174.0000   3.484E-15
   5176.0000   3.477E-15
   5178.0000   3.470E-15
   5180.0000   3.463E-15
   5182.0000   3.456E-15
   5184.0000   3.449E-15
   5186.0000   3.441E-15
   5188.0000   3.434E-15
   5190.0000   3.427E-15
   5192.0000   3.420E-15
   5194.0000   3.413E-15
   5196.0000   3.406E-15
   5198.0000   3.399E-15
   5200.0000   3.392E-15
   5202.0000   3.385E-15
   5204.0000   3.379E-15
   5206.0000   3.372E-15
   5208.0000   3.365E-15
   5210.0000   3.358E-15
   5212.0000   3.351E-15
   5214.0000   3.344E-15
   5216.0000   3.338E-15
   5218.0000   3.331E-15
   5220.0000   3.324E-15
   5222.0000   3.318E-15
   5224.0000   3.311E-15
   5226.0000   3.304E-15
   5228.0000   3.298E-15
   5230.0000   3.291E-15
   5232.0000   3.284E-15
   5234.0000   3.278E-15
   5236.0000   3.271E-15
   5238.0000   3.265E-15
   5240.0000   3.258E-15
   5242.0000   3.252E-15
   5244.0000   3.245E-15
   5246.0000   3.239E-15
   5248.0000   3.233E-15
   5250.0000   3.226E-15
   5252.0000   3.220E-15
   5254.0000   3.214E-15
   5256.0000   3.207E-15
   5258.0000   3.201E-15
   5260.0000   3.195E-15
   5262.0000   3.188E-15
   5264.0000   3.182E-15
   5266.0000   3.176E-15
   5268.0000   3.170E-15
   5270.0000   3.164E-15
   5272.0000   3.157E-15
   5274.0000   3.151E-15
   5276.0000   3.145E-15
   5278.0000   3.139E-15
   5280.0000   3.133E-15
   5282.0000   3.127E-15
   5284.0000   3.121E-15
   5286.0000   3.115E-15
   5288.0000   3.109E-15
   5290.0000   3.103E-15
   5292.0000   3.097E-15
   5294.0000   3.091E-15
   5296.0000   3.085E-15
   5298.0000   3.079E-15
   5300.0000   3.073E-15
   5302.0000   3.067E-15
   5304.0000   3.062E-15
   5306.0000   3.056E-15
   5308.0000   3.050E-15
   5310.0000   3.044E-15
   5312.0000   3.038E-15
   5314.0000   3.033E-15
   5316.0000   3.027E-15
   5318.0000   3.021E-15
   5320.0000   3.015E-15
   5322.0000   3.010E-15
   5324.0000   3.004E-15
   5326.0000   2.998E-15
   5328.0000   2.993E-15
   5330.0000   2.987E-15
   5332.0000   2.982E-15
   5334.0000   2.976E-15
   5336.0000   2.970E-15
   5338.0000   2.965E-15
   5340.0000   2.959E-15
   5342.0000   2.954E-15
   5344.0000   2.948E-15
   5346.0000   2.943E-15
   5348.0000   2.937E-15
   5350.0000   2.932E-15
   5352.0000   2.926E-15
   5354.0000   2.921E-15
   5356.0000   2.916E-15
   5358.0000   2.910E-15
   5360.0000   2.905E-15
   5362.0000   2.900E-15
   5364.0000   2.894E-15
   5366.0000   2.889E-15
   5368.0000   2.884E-15
   5370.0000   2.878E-15
   5372.0000   2.873E-15
   5374.0000   2.868E-15
   5376.0000   2.863E-15
   5378.0000   2.857E-15
   5380.0000   2.852E-15
   5382.0000   2.847E-15
   5384.0000   2.842E-15
   5386.0000   2.837E-15
   5388.0000   2.831E-15
   5390.0000   2.826E-15
   5392.0000   2.821E-15
   5394.0000   2.816E-15
   5396.0000   2.811E-15
   5398.0000   2.806E-15
   5400.0000   2.801E-15
   5402.0000   2.796E-15
   5404.0000   2.791E-15
   5406.0000   2.786E-15
   5408.0000   2.781E-15
   5410.0000   2.776E-15
   5412.0000   2.771E-15
   5414.0000   2.766E-15
   5416.0000   2.761E-15
   5418.0000   2.756E-15
   5420.0000   2.751E-15
   5422.0000   2.746E-15
   5424.0000   2.741E-15
   5426.0000   2.736E-15
   5428.0000   2.732E-15
   5430.0000   2.727E-15
   5432.0000   2.722E-15
   5434.0000   2.717E-15
   5436.0000   2.712E-15
   5438.0000   2.707E-15
   5440.0000   2.703E-15
   5442.0000   2.698E-15
   5444.0000   2.693E-15
   5446.0000   2.688E-15
   5448.0000   2.684E-15
   5450.0000   2.679E-15
   5452.0000   2.674E-15
   5454.0000   2.670E-15
   5456.0000   2.665E-15
   5458.0000   2.660E-15
   5460.0000   2.656E-15
   5462.0000   2.651E-15
   5464.0000   2.646E-15
   5466.0000   2.642E-15
   5468.0000   2.637E-15
   5470.0000   2.633E-15
   5472.0000   2.628E-15
   5474.0000   2.623E-15
   5476.0000   2.619E-15
   5478.0000   2.614E-15
   5480.0000   2.610E-15
   5482.0000   2.605E-15
   5484.0000   2.601E-15
   5486.0000   2.596E-15
   5488.0000   2.592E-15
   5490.0000   2.587E-15
   5492.0000   2.583E-15
   5494.0000   2.578E-15
   5496.0000   2.574E-15
   5498.0000   2.570E-15
   5500.0000   2.565E-15
   5502.0000   2.561E-15
   5504.0000   2.556E-15
   5506.0000   2.552E-15
   5508.0000   2.548E-15
   5510.0000   2.543E-15
   5512.0000   2.539E-15
   5514.0000   2.535E-15
   5516.0000   2.530E-15
   5518.0000   2.526E-15
   5520.0000   2.522E-15
   5522.0000   2.518E-15
   5524.0000   2.513E-15
   5526.0000   2.509E-15
   5528.0000   2.505E-15
   5530.0000   2.501E-15
   5532.0000   2.496E-15
   5534.0000   2.492E-15
   5536.0000   2.488E-15
   5538.0000   2.484E-15
   5540.0000   2.480E-15
   5542.0000   2.475E-15
   5544.0000   2.471E-15
   5546.0000   2.467E-15
   5548.0000   2.463E-15
   5550.0000   2.459E-15
   5552.0000   2.455E-15
   5554.0000   2.451E-15
   5556.0000   2.447E-15
   5558.0000   2.442E-15
   5560.0000   2.438E-15
   5562.0000   2.434E-15
   5564.0000   2.430E-15
   5566.0000   2.426E-15
   5568.0000   2.422E-15
   5570.0000   2.418E-15
   5572.0000   2.414E-15
   5574.0000   2.410E-15
   5576.0000   2.406E-15
   5578.0000   2.402E-15
   5580.0000   2.398E-15
   5582.0000   2.394E-15
   5584.0000   2.390E-15
   5586.0000   2.386E-15
   5588.0000   2.383E-15
   5590.0000   2.379E-15
   5592.0000   2.375E-15
   5594.0000   2.371E-15
   5596.0000   2.367E-15
   5598.0000   2.363E-15
   5600.0000   2.359E-15
   5602.0000   2.355E-15
   5604.0000   2.351E-15
   5606.0000   2.348E-15
   5608.0000   2.344E-15
   5610.0000   2.340E-15
   5612.0000   2.336E-15
   5614.0000   2.332E-15
   5616.0000   2.329E-15
   5618.0000   2.325E-15
   5620.0000   2.321E-15
   5622.0000   2.317E-15
   5624.0000   2.313E-15
   5626.0000   2.310E-15
   5628.0000   2.306E-15
   5630.0000   2.302E-15
   5632.0000   2.299E-15
   5634.0000   2.295E-15
   5636.0000   2.291E-15
   5638.0000   2.287E-15
   5640.0000   2.284E-15
   5642.0000   2.280E-15
   5644.0000   2.276E-15
   5646.0000   2.273E-15
   5648.0000   2.269E-15
   5650.0000   2.265E-15
   5652.0000   2.262E-15
   5654.0000   2.258E-15
   5656.0000   2.255E-15
   5658.0000   2.251E-15
   5660.0000   2.247E-15
   5662.0000   2.244E-15
   5664.0000   2.240E-15
   5666.0000   2.237E-15
   5668.0000   2.233E-15
   5670.0000   2.230E-15
   5672.0000   2.226E-15
   5674.0000   2.222E-15
   5676.0000   2.219E-15
   5678.0000   2.215E-15
   5680.0000   2.212E-15
   5682.0000   2.208E-15
   5684.0000   2.205E-15
   5686.0000   2.201E-15
   5688.0000   2.198E-15
   5690.0000   2.194E-15
   5692.0000   2.191E-15
   5694.0000   2.188E-15
   5696.0000   2.184E-15
   5698.0000   2.181E-15
   5700.0000   2.177E-15
   5702.0000   2.174E-15
   5704.0000   2.170E-15
   5706.0000   2.167E-15
   5708.0000   2.164E-15
   5710.0000   2.160E-15
   5712.0000   2.157E-15
   5714.0000   2.153E-15
   5716.0000   2.150E-15
   5718.0000   2.147E-15
   5720.0000   2.143E-15
   5722.0000   2.140E-15
   5724.0000   2.137E-15
   5726.0000   2.133E-15
   5728.0000   2.130E-15
   5730.0000   2.127E-15
   5732.0000   2.123E-15
   5734.0000   2.120E-15
   5736.0000   2.117E-15
   5738.0000   2.113E-15
   5740.0000   2.110E-15
   5742.0000   2.107E-15
   5744.0000   2.104E-15
   5746.0000   2.100E-15
   5748.0000   2.097E-15
   5750.0000   2.094E-15
   5752.0000   2.091E-15
   5754.0000   2.087E-15
   5756.0000   2.084E-15
   5758.0000   2.081E-15
   5760.0000   2.078E-15
   5762.0000   2.075E-15
   5764.0000   2.071E-15
   5766.0000   2.068E-15
   5768.0000   2.065E-15
   5770.0000   2.062E-15
   5772.0000   2.059E-15
   5774.0000   2.056E-15
   5776.0000   2.052E-15
   5778.0000   2.049E-15
   5780.0000   2.046E-15
   5782.0000   2.043E-15
   5784.0000   2.040E-15
   5786.0000   2.037E-15
   5788.0000   2.034E-15
   5790.0000   2.031E-15
   5792.0000   2.027E-15
   5794.0000   2.024E-15
   5796.0000   2.021E-15
   5798.0000   2.018E-15
   5800.0000   2.015E-15
   5802.0000   2.012E-15
   5804.0000   2.009E-15
   5806.0000   2.006E-15
   5808.0000   2.003E-15
   5810.0000   2.000E-15
   5812.0000   1.997E-15
   5814.0000   1.994E-15
   5816.0000   1.991E-15
   5818.0000   1.988E-15
   5820.0000   1.985E-15
   5822.0000   1.982E-15
   5824.0000   1.979E-15
   5826.0000   1.976E-15
   5828.0000   1.973E-15
   5830.0000   1.970E-15
   5832.0000   1.967E-15
   5834.0000   1.964E-15
   5836.0000   1.961E-15
   5838.0000   1.958E-15
   5840.0000   1.955E-15
   5842.0000   1.952E-15
   5844.0000   1.949E-15
   5846.0000   1.946E-15
   5848.0000   1.943E-15
   5850.0000   1.940E-15
   5852.0000   1.938E-15
   5854.0000   1.935E-15
   5856.0000   1.932E-15
   5858.0000   1.929E-15
   5860.0000   1.926E-15
   5862.0000   1.923E-15
   5864.0000   1.920E-15
   5866.0000   1.917E-15
   5868.0000   1.915E-15
   5870.0000   1.912E-15
   5872.0000   1.909E-15
   5874.0000   1.906E-15
   5876.0000   1.903E-15
   5878.0000   1.900E-15
   5880.0000   1.897E-15
   5882.0000   1.895E-15
   5884.0000   1.892E-15
   5886.0000   1.889E-15
   5888.0000   1.886E-15
   5890.0000   1.883E-15
   5892.0000   1.881E-15
   5894.0000   1.878E-15
   5896.0000   1.875E-15
   5898.0000   1.872E-15
   5900.0000   1.870E-15
   5902.0000   1.867E-15
   5904.0000   1.864E-15
   5906.0000   1.861E-15
   5908.0000   1.859E-15
   5910.0000   1.856E-15
   5912.0000   1.853E-15
   5914.0000   1.850E-15
   5916.0000   1.848E-15
   5918.0000   1.845E-15
   5920.0000   1.842E-15
   5922.0000   1.840E-15
   5924.0000   1.837E-15
   5926.0000   1.834E-15
   5928.0000   1.831E-15
   5930.0000   1.829E-15
   5932.0000   1.826E-15
   5934.0000   1.823E-15
   5936.0000   1.821E-15
   5938.0000   1.818E-15
   5940.0000   1.815E-15
   5942.0000   1.813E-15
   5944.0000   1.810E-15
   5946.0000   1.807E-15
   5948.0000   1.805E-15
   5950.0000   1.802E-15
   5952.0000   1.800E-15
   5954.0000   1.797E-15
   5956.0000   1.794E-15
   5958.0000   1.792E-15
   5960.0000   1.789E-15
   5962.0000   1.786E-15
   5964.0000   1.784E-15
   5966.0000   1.781E-15
   5968.0000   1.779E-15
   5970.0000   1.776E-15
   5972.0000   1.774E-15
   5974.0000   1.771E-15
   5976.0000   1.768E-15
   5978.0000   1.766E-15
   5980.0000   1.763E-15
   5982.0000   1.761E-15
   5984.0000   1.758E-15
   5986.0000   1.756E-15
   5988.0000   1.753E-15
   5990.0000   1.751E-15
   5992.0000   1.748E-15
   5994.0000   1.746E-15
   5996.0000   1.743E-15
   5998.0000   1.740E-15
   6000.0000   1.738E-15
   6002.0000   1.735E-15
   6004.0000   1.733E-15
   6006.0000   1.730E-15
   6008.0000   1.728E-15
   6010.0000   1.725E-15
   6012.0000   1.723E-15
   6014.0000   1.721E-15
   6016.0000   1.718E-15
   6018.0000   1.716E-15
   6020.0000   1.713E-15
   6022.0000   1.711E-15
   6024.0000   1.708E-15
   6026.0000   1.706E-15
   6028.0000   1.703E-15
   6030.0000   1.701E-15
   6032.0000   1.698E-15
   6034.0000   1.696E-15
   6036.0000   1.694E-15
   6038.0000   1.691E-15
   6040.0000   1.689E-15
   6042.0000   1.686E-15
   6044.0000   1.684E-15
   6046.0000   1.682E-15
   6048.0000   1.679E-15
   6050.0000   1.677E-15
   6052.0000   1.674E-15
   6054.0000   1.672E-15
   6056.0000   1.670E-15
   6058.0000   1.667E-15
   6060.0000   1.665E-15
   6062.0000   1.662E-15
   6064.0000   1.660E-15
   6066.0000   1.658E-15
   6068.0000   1.655E-15
   6070.0000   1.653E-15
   6072.0000   1.651E-15
   6074.0000   1.648E-15
   6076.0000   1.646E-15
   6078.0000   1.644E-15
   6080.0000   1.641E-15
   6082.0000   1.639E-15
   6084.0000   1.637E-15
   6086.0000   1.634E-15
   6088.0000   1.632E-15
   6090.0000   1.630E-15
   6092.0000   1.627E-15
   6094.0000   1.625E-15
   6096.0000   1.623E-15
   6098.0000   1.620E-15
   6100.0000   1.618E-15
   6102.0000   1.616E-15
   6104.0000   1.614E-15
   6106.0000   1.611E-15
   6108.0000   1.609E-15
   6110.0000   1.607E-15
   6112.0000   1.605E-15
   6114.0000   1.602E-15
   6116.0000   1.600E-15
   6118.0000   1.598E-15
   6120.0000   1.595E-15
   6122.0000   1.593E-15
   6124.0000   1.591E-15
   6126.0000   1.589E-15
   6128.0000   1.587E-15
   6130.0000   1.584E-15
   6132.0000   1.582E-15
   6134.0000   1.580E-15
   6136.0000   1.578E-15
   6138.0000   1.575E-15
   6140.0000   1.573E-15
   6142.0000   1.571E-15
   6144.0000   1.569E-15
   6146.0000   1.567E-15
   6148.0000   1.564E-15
   6150.0000   1.562E-15
   6152.0000   1.560E-15
   6154.0000   1.558E-15
   6156.0000   1.556E-15
   6158.0000   1.553E-15
   6160.0000   1.551E-15
   6162.0000   1.549E-15
   6164.0000   1.547E-15
   6166.0000   1.545E-15
   6168.0000   1.543E-15
   6170.0000   1.540E-15
   6172.0000   1.538E-15
   6174.0000   1.536E-15
   6176.0000   1.534E-15
   6178.0000   1.532E-15
   6180.0000   1.530E-15
   6182.0000   1.528E-15
   6184.0000   1.525E-15
   6186.0000   1.523E-15
   6188.0000   1.521E-15
   6190.0000   1.519E-15
   6192.0000   1.517E-15
   6194.0000   1.515E-15
   6196.0000   1.513E-15
   6198.0000   1.511E-15
   6200.0000   1.509E-15
   6202.0000   1.506E-15
   6204.0000   1.504E-15
   6206.0000   1.502E-15
   6208.0000   1.500E-15
   6210.0000   1.498E-15
   6212.0000   1.496E-15
   6214.0000   1.494E-15
   6216.0000   1.492E-15
   6218.0000   1.490E-15
   6220.0000   1.488E-15
   6222.0000   1.486E-15
   6224.0000   1.484E-15
   6226.0000   1.482E-15
   6228.0000   1.479E-15
   6230.0000   1.477E-15
   6232.0000   1.475E-15
   6234.0000   1.473E-15
   6236.0000   1.471E-15
   6238.0000   1.469E-15
   6240.0000   1.467E-15
   6242.0000   1.465E-15
   6244.0000   1.463E-15
   6246.0000   1.461E-15
   6248.0000   1.459E-15
   6250.0000   1.457E-15
   6252.0000   1.455E-15
   6254.0000   1.453E-15
   6256.0000   1.451E-15
   6258.0000   1.449E-15
   6260.0000   1.447E-15
   6262.0000   1.445E-15
   6264.0000   1.443E-15
   6266.0000   1.441E-15
   6268.0000   1.439E-15
   6270.0000   1.437E-15
   6272.0000   1.435E-15
   6274.0000   1.433E-15
   6276.0000   1.431E-15
   6278.0000   1.429E-15
   6280.0000   1.427E-15
   6282.0000   1.425E-15
   6284.0000   1.423E-15
   6286.0000   1.421E-15
   6288.0000   1.419E-15
   6290.0000   1.417E-15
   6292.0000   1.415E-15
   6294.0000   1.413E-15
   6296.0000   1.412E-15
   6298.0000   1.410E-15
   6300.0000   1.408E-15
   6302.0000   1.406E-15
   6304.0000   1.404E-15
   6306.0000   1.402E-15
   6308.0000   1.400E-15
   6310.0000   1.398E-15
   6312.0000   1.396E-15
   6314.0000   1.394E-15
   6316.0000   1.392E-15
   6318.0000   1.390E-15
   6320.0000   1.388E-15
   6322.0000   1.386E-15
   6324.0000   1.385E-15
   6326.0000   1.383E-15
   6328.0000   1.381E-15
   6330.0000   1.379E-15
   6332.0000   1.377E-15
   6334.0000   1.375E-15
   6336.0000   1.373E-15
   6338.0000   1.371E-15
   6340.0000   1.369E-15
   6342.0000   1.368E-15
   6344.0000   1.366E-15
   6346.0000   1.364E-15
   6348.0000   1.362E-15
   6350.0000   1.360E-15
   6352.0000   1.358E-15
   6354.0000   1.356E-15
   6356.0000   1.354E-15
   6358.0000   1.353E-15
   6360.0000   1.351E-15
   6362.0000   1.349E-15
   6364.0000   1.347E-15
   6366.0000   1.345E-15
   6368.0000   1.343E-15
   6370.0000   1.342E-15
   6372.0000   1.340E-15
   6374.0000   1.338E-15
   6376.0000   1.336E-15
   6378.0000   1.334E-15
   6380.0000   1.332E-15
   6382.0000   1.331E-15
   6384.0000   1.329E-15
   6386.0000   1.327E-15
   6388.0000   1.325E-15
   6390.0000   1.323E-15
   6392.0000   1.322E-15
   6394.0000   1.320E-15
   6396.0000   1.318E-15
   6398.0000   1.316E-15
   6400.0000   1.314E-15
   6402.0000   1.312E-15
   6404.0000   1.311E-15
   6406.0000   1.309E-15
   6408.0000   1.307E-15
   6410.0000   1.305E-15
   6412.0000   1.304E-15
   6414.0000   1.302E-15
   6416.0000   1.300E-15
   6418.0000   1.298E-15
   6420.0000   1.296E-15
   6422.0000   1.295E-15
   6424.0000   1.293E-15
   6426.0000   1.291E-15
   6428.0000   1.289E-15
   6430.0000   1.288E-15
   6432.0000   1.286E-15
   6434.0000   1.284E-15
   6436.0000   1.282E-15
   6438.0000   1.281E-15
   6440.0000   1.279E-15
   6442.0000   1.277E-15
   6444.0000   1.275E-15
   6446.0000   1.274E-15
   6448.0000   1.272E-15
   6450.0000   1.270E-15
   6452.0000   1.268E-15
   6454.0000   1.267E-15
   6456.0000   1.265E-15
   6458.0000   1.263E-15
   6460.0000   1.262E-15
   6462.0000   1.260E-15
   6464.0000   1.258E-15
   6466.0000   1.256E-15
   6468.0000   1.255E-15
   6470.0000   1.253E-15
   6472.0000   1.251E-15
   6474.0000   1.250E-15
   6476.0000   1.248E-15
   6478.0000   1.246E-15
   6480.0000   1.244E-15
   6482.0000   1.243E-15
   6484.0000   1.241E-15
   6486.0000   1.239E-15
   6488.0000   1.238E-15
   6490.0000   1.236E-15
   6492.0000   1.234E-15
   6494.0000   1.233E-15
   6496.0000   1.231E-15
   6498.0000   1.229E-15
   6500.0000   1.228E-15
   6502.0000   1.226E-15
   6504.0000   1.224E-15
   6506.0000   1.223E-15
   6508.0000   1.221E-15
   6510.0000   1.219E-15
   6512.0000   1.218E-15
   6514.0000   1.216E-15
   6516.0000   1.214E-15
   6518.0000   1.213E-15
   6520.0000   1.211E-15
   6522.0000   1.209E-15
   6524.0000   1.208E-15
   6526.0000   1.206E-15
   6528.0000   1.204E-15
   6530.0000   1.203E-15
   6532.0000   1.201E-15
   6534.0000   1.199E-15
   6536.0000   1.198E-15
   6538.0000   1.196E-15
   6540.0000   1.195E-15
   6542.0000   1.193E-15
   6544.0000   1.191E-15
   6546.0000   1.190E-15
   6548.0000   1.188E-15
   6550.0000   1.186E-15
   6552.0000   1.185E-15
   6554.0000   1.183E-15
   6556.0000   1.182E-15
   6558.0000   1.180E-15
   6560.0000   1.178E-15
   6562.0000   1.177E-15
   6564.0000   1.175E-15
   6566.0000   1.174E-15
   6568.0000   1.172E-15
   6570.0000   1.170E-15
   6572.0000   1.169E-15
   6574.0000   1.167E-15
   6576.0000   1.166E-15
   6578.0000   1.164E-15
   6580.0000   1.162E-15
   6582.0000   1.161E-15
   6584.0000   1.159E-15
   6586.0000   1.158E-15
   6588.0000   1.156E-15
   6590.0000   1.155E-15
   6592.0000   1.153E-15
   6594.0000   1.151E-15
   6596.0000   1.150E-15
   6598.0000   1.148E-15
   6600.0000   1.147E-15
   6602.0000   1.145E-15
   6604.0000   1.144E-15
   6606.0000   1.142E-15
   6608.0000   1.140E-15
   6610.0000   1.139E-15
   6612.0000   1.137E-15
   6614.0000   1.136E-15
   6616.0000   1.134E-15
   6618.0000   1.133E-15
   6620.0000   1.131E-15
   6622.0000   1.130E-15
   6624.0000   1.128E-15
   6626.0000   1.127E-15
   6628.0000   1.125E-15
   6630.0000   1.123E-15
   6632.0000   1.122E-15
   6634.0000   1.120E-15
   6636.0000   1.119E-15
   6638.0000   1.117E-15
   6640.0000   1.116E-15
   6642.0000   1.114E-15
   6644.0000   1.113E-15
   6646.0000   1.111E-15
   6648.0000   1.110E-15
   6650.0000   1.108E-15
   6652.0000   1.107E-15
   6654.0000   1.105E-15
   6656.0000   1.104E-15
   6658.0000   1.102E-15
   6660.0000   1.101E-15
   6662.0000   1.099E-15
   6664.0000   1.098E-15
   6666.0000   1.096E-15
   6668.0000   1.095E-15
   6670.0000   1.093E-15
   6672.0000   1.092E-15
   6674.0000   1.090E-15
   6676.0000   1.089E-15
   6678.0000   1.087E-15
   6680.0000   1.086E-15
   6682.0000   1.084E-15
   6684.0000   1.083E-15
   6686.0000   1.081E-15
   6688.0000   1.080E-15
   6690.0000   1.078E-15
   6692.0000   1.077E-15
   6694.0000   1.075E-15
   6696.0000   1.074E-15
   6698.0000   1.072E-15
   6700.0000   1.071E-15
   6702.0000   1.070E-15
   6704.0000   1.068E-15
   6706.0000   1.067E-15
   6708.0000   1.065E-15
   6710.0000   1.064E-15
   6712.0000   1.062E-15
   6714.0000   1.061E-15
   6716.0000   1.059E-15
   6718.0000   1.058E-15
   6720.0000   1.056E-15
   6722.0000   1.055E-15
   6724.0000   1.054E-15
   6726.0000   1.052E-15
   6728.0000   1.051E-15
   6730.0000   1.049E-15
   6732.0000   1.048E-15
   6734.0000   1.046E-15
   6736.0000   1.045E-15
   6738.0000   1.043E-15
   6740.0000   1.042E-15
   6742.0000   1.041E-15
   6744.0000   1.039E-15
   6746.0000   1.038E-15
   6748.0000   1.036E-15
   6750.0000   1.035E-15
   6752.0000   1.033E-15
   6754.0000   1.032E-15
   6756.0000   1.031E-15
   6758.0000   1.029E-15
   6760.0000   1.028E-15
   6762.0000   1.026E-15
   6764.0000   1.025E-15
   6766.0000   1.024E-15
   6768.0000   1.022E-15
   6770.0000   1.021E-15
   6772.0000   1.019E-15
   6774.0000   1.018E-15
   6776.0000   1.017E-15
   6778.0000   1.015E-15
   6780.0000   1.014E-15
   6782.0000   1.012E-15
   6784.0000   1.011E-15
   6786.0000   1.010E-15
   6788.0000   1.008E-15
   6790.0000   1.007E-15
   6792.0000   1.005E-15
   6794.0000   1.004E-15
   6796.0000   1.003E-15
   6798.0000   1.001E-15
   6800.0000   9.999E-16
   6802.0000   9.985E-16
   6804.0000   9.971E-16
   6806.0000   9.957E-16
   6808.0000   9.944E-16
   6810.0000   9.930E-16
   6812.0000   9.916E-16
   6814.0000   9.903E-16
   6816.0000   9.889E-16
   6818.0000   9.875E-16
   6820.0000   9.862E-16
   6822.0000   9.848E-16
   6824.0000   9.834E-16
   6826.0000   9.821E-16
   6828.0000   9.807E-16
   6830.0000   9.794E-16
   6832.0000   9.780E-16
   6834.0000   9.767E-16
   6836.0000   9.753E-16
   6838.0000   9.739E-16
   6840.0000   9.726E-16
   6842.0000   9.713E-16
   6844.0000   9.699E-16
   6846.0000   9.686E-16
   6848.0000   9.672E-16
   6850.0000   9.659E-16
   6852.0000   9.645E-16
   6854.0000   9.632E-16
   6856.0000   9.619E-16
   6858.0000   9.605E-16
   6860.0000   9.592E-16
   6862.0000   9.579E-16
   6864.0000   9.565E-16
   6866.0000   9.552E-16
   6868.0000   9.539E-16
   6870.0000   9.526E-16
   6872.0000   9.512E-16
   6874.0000   9.499E-16
   6876.0000   9.486E-16
   6878.0000   9.473E-16
   6880.0000   9.460E-16
   6882.0000   9.446E-16
   6884.0000   9.433E-16
   6886.0000   9.420E-16
   6888.0000   9.407E-16
   6890.0000   9.394E-16
   6892.0000   9.381E-16
   6894.0000   9.368E-16
   6896.0000   9.355E-16
   6898.0000   9.342E-16
   6900.0000   9.329E-16
   6902.0000   9.316E-16
   6904.0000   9.303E-16
   6906.0000   9.290E-16
   6908.0000   9.277E-16
   6910.0000   9.264E-16
   6912.0000   9.251E-16
   6914.0000   9.238E-16
   6916.0000   9.225E-16
   6918.0000   9.212E-16
   6920.0000   9.199E-16
   6922.0000   9.186E-16
   6924.0000   9.173E-16
   6926.0000   9.161E-16
   6928.0000   9.148E-16
   6930.0000   9.135E-16
   6932.0000   9.122E-16
   6934.0000   9.109E-16
   6936.0000   9.097E-16
   6938.0000   9.084E-16
   6940.0000   9.071E-16
   6942.0000   9.058E-16
   6944.0000   9.046E-16
   6946.0000   9.033E-16
   6948.0000   9.020E-16
   6950.0000   9.008E-16
   6952.0000   8.995E-16
   6954.0000   8.982E-16
   6956.0000   8.970E-16
   6958.0000   8.957E-16
   6960.0000   8.944E-16
   6962.0000   8.932E-16
   6964.0000   8.919E-16
   6966.0000   8.907E-16
   6968.0000   8.894E-16
   6970.0000   8.882E-16
   6972.0000   8.869E-16
   6974.0000   8.857E-16
   6976.0000   8.844E-16
   6978.0000   8.832E-16
   6980.0000   8.819E-16
   6982.0000   8.807E-16
   6984.0000   8.794E-16
   6986.0000   8.782E-16
   6988.0000   8.769E-16
   6990.0000   8.757E-16
   6992.0000   8.745E-16
   6994.0000   8.732E-16
   6996.0000   8.720E-16
   6998.0000   8.708E-16
   7000.0000   8.695E-16
   7002.0000   8.683E-16
   7004.0000   8.671E-16
   7006.0000   8.658E-16
   7008.0000   8.646E-16
   7010.0000   8.634E-16
   7012.0000   8.622E-16
   7014.0000   8.609E-16
   7016.0000   8.597E-16
   7018.0000   8.585E-16
   7020.0000   8.573E-16
   7022.0000   8.561E-16
   7024.0000   8.548E-16
   7026.0000   8.536E-16
   7028.0000   8.524E-16
   7030.0000   8.512E-16
   7032.0000   8.500E-16
   7034.0000   8.488E-16
   7036.0000   8.476E-16
   7038.0000   8.464E-16
   7040.0000   8.452E-16
   7042.0000   8.440E-16
   7044.0000   8.427E-16
   7046.0000   8.415E-16
   7048.0000   8.403E-16
   7050.0000   8.391E-16
   7052.0000   8.379E-16
   7054.0000   8.367E-16
   7056.0000   8.356E-16
   7058.0000   8.344E-16
   7060.0000   8.332E-16
   7062.0000   8.320E-16
   7064.0000   8.308E-16
   7066.0000   8.296E-16
   7068.0000   8.284E-16
   7070.0000   8.272E-16
   7072.0000   8.260E-16
   7074.0000   8.248E-16
   7076.0000   8.237E-16
   7078.0000   8.225E-16
   7080.0000   8.213E-16
   7082.0000   8.201E-16
   7084.0000   8.189E-16
   7086.0000   8.178E-16
   7088.0000   8.166E-16
   7090.0000   8.154E-16
   7092.0000   8.142E-16
   7094.0000   8.131E-16
   7096.0000   8.119E-16
   7098.0000   8.107E-16
   7100.0000   8.095E-16
   7102.0000   8.084E-16
   7104.0000   8.072E-16
   7106.0000   8.061E-16
   7108.0000   8.049E-16
   7110.0000   8.037E-16
   7112.0000   8.026E-16
   7114.0000   8.014E-16
   7116.0000   8.002E-16
   7118.0000   7.991E-16
   7120.0000   7.979E-16
   7122.0000   7.968E-16
   7124.0000   7.956E-16
   7126.0000   7.945E-16
   7128.0000   7.933E-16
   7130.0000   7.922E-16
   7132.0000   7.910E-16
   7134.0000   7.899E-16
   7136.0000   7.887E-16
   7138.0000   7.876E-16
   7140.0000   7.864E-16
   7142.0000   7.853E-16
   7144.0000   7.841E-16
   7146.0000   7.830E-16
   7148.0000   7.819E-16
   7150.0000   7.807E-16
   7152.0000   7.796E-16
   7154.0000   7.784E-16
   7156.0000   7.773E-16
   7158.0000   7.762E-16
   7160.0000   7.750E-16
   7162.0000   7.739E-16
   7164.0000   7.728E-16
   7166.0000   7.716E-16
   7168.0000   7.705E-16
   7170.0000   7.694E-16
   7172.0000   7.683E-16
   7174.0000   7.671E-16
   7176.0000   7.660E-16
   7178.0000   7.649E-16
   7180.0000   7.638E-16
   7182.0000   7.626E-16
   7184.0000   7.615E-16
   7186.0000   7.604E-16
   7188.0000   7.593E-16
   7190.0000   7.582E-16
   7192.0000   7.571E-16
   7194.0000   7.559E-16
   7196.0000   7.548E-16
   7198.0000   7.537E-16
   7200.0000   7.526E-16
   7202.0000   7.515E-16
   7204.0000   7.504E-16
   7206.0000   7.493E-16
   7208.0000   7.482E-16
   7210.0000   7.471E-16
   7212.0000   7.460E-16
   7214.0000   7.449E-16
   7216.0000   7.438E-16
   7218.0000   7.427E-16
   7220.0000   7.416E-16
   7222.0000   7.405E-16
   7224.0000   7.394E-16
   7226.0000   7.383E-16
   7228.0000   7.372E-16
   7230.0000   7.361E-16
   7232.0000   7.350E-16
   7234.0000   7.339E-16
   7236.0000   7.328E-16
   7238.0000   7.317E-16
   7240.0000   7.306E-16
   7242.0000   7.295E-16
   7244.0000   7.284E-16
   7246.0000   7.273E-16
   7248.0000   7.263E-16
   7250.0000   7.252E-16
   7252.0000   7.241E-16
   7254.0000   7.230E-16
   7256.0000   7.219E-16
   7258.0000   7.209E-16
   7260.0000   7.198E-16
   7262.0000   7.187E-16
   7264.0000   7.176E-16
   7266.0000   7.165E-16
   7268.0000   7.155E-16
   7270.0000   7.144E-16
   7272.0000   7.133E-16
   7274.0000   7.123E-16
   7276.0000   7.112E-16
   7278.0000   7.101E-16
   7280.0000   7.090E-16
   7282.0000   7.080E-16
   7284.0000   7.069E-16
   7286.0000   7.059E-16
   7288.0000   7.048E-16
   7290.0000   7.037E-16
   7292.0000   7.027E-16
   7294.0000   7.016E-16
   7296.0000   7.005E-16
   7298.0000   6.995E-16
   7300.0000   6.984E-16
   7302.0000   6.974E-16
   7304.0000   6.963E-16
   7306.0000   6.953E-16
   7308.0000   6.942E-16
   7310.0000   6.931E-16
   7312.0000   6.921E-16
   7314.0000   6.910E-16
   7316.0000   6.900E-16
   7318.0000   6.889E-16
   7320.0000   6.879E-16
   7322.0000   6.869E-16
   7324.0000   6.858E-16
   7326.0000   6.848E-16
   7328.0000   6.837E-16
   7330.0000   6.827E-16
   7332.0000   6.816E-16
   7334.0000   6.806E-16
   7336.0000   6.796E-16
   7338.0000   6.785E-16
   7340.0000   6.775E-16
   7342.0000   6.764E-16
   7344.0000   6.754E-16
   7346.0000   6.744E-16
   7348.0000   6.733E-16
   7350.0000   6.723E-16
   7352.0000   6.713E-16
   7354.0000   6.702E-16
   7356.0000   6.692E-16
   7358.0000   6.682E-16
   7360.0000   6.671E-16
   7362.0000   6.661E-16
   7364.0000   6.651E-16
   7366.0000   6.641E-16
   7368.0000   6.630E-16
   7370.0000   6.620E-16
   7372.0000   6.610E-16
   7374.0000   6.600E-16
   7376.0000   6.590E-16
   7378.0000   6.579E-16
   7380.0000   6.569E-16
   7382.0000   6.559E-16
   7384.0000   6.549E-16
   7386.0000   6.539E-16
   7388.0000   6.529E-16
   7390.0000   6.518E-16
   7392.0000   6.508E-16
   7394.0000   6.498E-16
   7396.0000   6.488E-16
   7398.0000   6.478E-16
   7400.0000   6.468E-16
   7402.0000   6.458E-16
   7404.0000   6.448E-16
   7406.0000   6.438E-16
   7408.0000   6.428E-16
   7410.0000   6.418E-16
   7412.0000   6.407E-16
   7414.0000   6.397E-16
   7416.0000   6.387E-16
   7418.0000   6.377E-16
   7420.0000   6.367E-16
   7422.0000   6.357E-16
   7424.0000   6.347E-16
   7426.0000   6.337E-16
   7428.0000   6.328E-16
   7430.0000   6.318E-16
   7432.0000   6.308E-16
   7434.0000   6.298E-16
   7436.0000   6.288E-16
   7438.0000   6.278E-16
   7440.0000   6.268E-16
   7442.0000   6.258E-16
   7444.0000   6.248E-16
   7446.0000   6.238E-16
   7448.0000   6.228E-16
   7450.0000   6.219E-16
   7452.0000   6.209E-16
   7454.0000   6.199E-16
   7456.0000   6.189E-16
   7458.0000   6.179E-16
   7460.0000   6.169E-16
   7462.0000   6.160E-16
   7464.0000   6.150E-16
   7466.0000   6.140E-16
   7468.0000   6.130E-16
   7470.0000   6.120E-16
   7472.0000   6.111E-16
   7474.0000   6.101E-16
   7476.0000   6.091E-16
   7478.0000   6.081E-16
   7480.0000   6.072E-16
   7482.0000   6.062E-16
   7484.0000   6.052E-16
   7486.0000   6.043E-16
   7488.0000   6.033E-16
   7490.0000   6.023E-16
   7492.0000   6.014E-16
   7494.0000   6.004E-16
   7496.0000   5.994E-16
   7498.0000   5.985E-16
   7500.0000   5.975E-16
   7502.0000   5.965E-16
   7504.0000   5.956E-16
   7506.0000   5.946E-16
   7508.0000   5.936E-16
   7510.0000   5.927E-16
   7512.0000   5.917E-16
   7514.0000   5.908E-16
   7516.0000   5.898E-16
   7518.0000   5.889E-16
   7520.0000   5.879E-16
   7522.0000   5.869E-16
   7524.0000   5.860E-16
   7526.0000   5.850E-16
   7528.0000   5.841E-16
   7530.0000   5.831E-16
   7532.0000   5.822E-16
   7534.0000   5.812E-16
   7536.0000   5.803E-16
   7538.0000   5.793E-16
   7540.0000   5.784E-16
   7542.0000   5.774E-16
   7544.0000   5.765E-16
   7546.0000   5.755E-16
   7548.0000   5.746E-16
   7550.0000   5.737E-16
   7552.0000   5.727E-16
   7554.0000   5.718E-16
   7556.0000   5.708E-16
   7558.0000   5.699E-16
   7560.0000   5.690E-16
   7562.0000   5.680E-16
   7564.0000   5.671E-16
   7566.0000   5.661E-16
   7568.0000   5.652E-16
   7570.0000   5.643E-16
   7572.0000   5.633E-16
   7574.0000   5.624E-16
   7576.0000   5.615E-16
   7578.0000   5.605E-16
   7580.0000   5.596E-16
   7582.0000   5.587E-16
   7584.0000   5.578E-16
   7586.0000   5.568E-16
   7588.0000   5.559E-16
   7590.0000   5.550E-16
   7592.0000   5.541E-16
   7594.0000   5.531E-16
   7596.0000   5.522E-16
   7598.0000   5.513E-16
   7600.0000   5.504E-16
   7602.0000   5.494E-16
   7604.0000   5.485E-16
   7606.0000   5.476E-16
   7608.0000   5.467E-16
   7610.0000   5.458E-16
   7612.0000   5.448E-16
   7614.0000   5.439E-16
   7616.0000   5.430E-16
   7618.0000   5.421E-16
   7620.0000   5.412E-16
   7622.0000   5.403E-16
   7624.0000   5.393E-16
   7626.0000   5.384E-16
   7628.0000   5.375E-16
   7630.0000   5.366E-16
   7632.0000   5.357E-16
   7634.0000   5.348E-16
   7636.0000   5.339E-16
   7638.0000   5.330E-16
   7640.0000   5.321E-16
   7642.0000   5.312E-16
   7644.0000   5.303E-16
   7646.0000   5.294E-16
   7648.0000   5.285E-16
   7650.0000   5.276E-16
   7652.0000   5.267E-16
   7654.0000   5.258E-16
   7656.0000   5.249E-16
   7658.0000   5.240E-16
   7660.0000   5.231E-16
   7662.0000   5.222E-16
   7664.0000   5.213E-16
   7666.0000   5.204E-16
   7668.0000   5.195E-16
   7670.0000   5.186E-16
   7672.0000   5.177E-16
   7674.0000   5.168E-16
   7676.0000   5.159E-16
   7678.0000   5.150E-16
   7680.0000   5.141E-16
   7682.0000   5.132E-16
   7684.0000   5.123E-16
   7686.0000   5.114E-16
   7688.0000   5.106E-16
   7690.0000   5.097E-16
   7692.0000   5.088E-16
   7694.0000   5.079E-16
   7696.0000   5.070E-16
   7698.0000   5.061E-16
   7700.0000   5.052E-16
   7702.0000   5.044E-16
   7704.0000   5.035E-16
   7706.0000   5.026E-16
   7708.0000   5.017E-16
   7710.0000   5.008E-16
   7712.0000   5.000E-16
   7714.0000   4.991E-16
   7716.0000   4.982E-16
   7718.0000   4.973E-16
   7720.0000   4.964E-16
   7722.0000   4.956E-16
   7724.0000   4.947E-16
   7726.0000   4.938E-16
   7728.0000   4.930E-16
   7730.0000   4.921E-16
   7732.0000   4.912E-16
   7734.0000   4.903E-16
   7736.0000   4.895E-16
   7738.0000   4.886E-16
   7740.0000   4.877E-16
   7742.0000   4.869E-16
   7744.0000   4.860E-16
   7746.0000   4.851E-16
   7748.0000   4.843E-16
   7750.0000   4.834E-16
   7752.0000   4.825E-16
   7754.0000   4.817E-16
   7756.0000   4.808E-16
   7758.0000   4.799E-16
   7760.0000   4.791E-16
   7762.0000   4.782E-16
   7764.0000   4.774E-16
   7766.0000   4.765E-16
   7768.0000   4.756E-16
   7770.0000   4.748E-16
   7772.0000   4.739E-16
   7774.0000   4.731E-16
   7776.0000   4.722E-16
   7778.0000   4.714E-16
   7780.0000   4.705E-16
   7782.0000   4.697E-16
   7784.0000   4.688E-16
   7786.0000   4.679E-16
   7788.0000   4.671E-16
   7790.0000   4.662E-16
   7792.0000   4.654E-16
   7794.0000   4.645E-16
   7796.0000   4.637E-16
   7798.0000   4.628E-16
   7800.0000   4.620E-16
   7802.0000   4.612E-16
   7804.0000   4.603E-16
   7806.0000   4.595E-16
   7808.0000   4.586E-16
   7810.0000   4.578E-16
   7812.0000   4.569E-16
   7814.0000   4.561E-16
   7816.0000   4.552E-16
   7818.0000   4.544E-16
   7820.0000   4.536E-16
   7822.0000   4.527E-16
   7824.0000   4.519E-16
   7826.0000   4.511E-16
   7828.0000   4.502E-16
   7830.0000   4.494E-16
   7832.0000   4.485E-16
   7834.0000   4.477E-16
   7836.0000   4.469E-16
   7838.0000   4.460E-16
   7840.0000   4.452E-16
   7842.0000   4.444E-16
   7844.0000   4.435E-16
   7846.0000   4.427E-16
   7848.0000   4.419E-16
   7850.0000   4.410E-16
   7852.0000   4.402E-16
   7854.0000   4.394E-16
   7856.0000   4.386E-16
   7858.0000   4.377E-16
   7860.0000   4.369E-16
   7862.0000   4.361E-16
   7864.0000   4.353E-16
   7866.0000   4.344E-16
   7868.0000   4.336E-16
   7870.0000   4.328E-16
   7872.0000   4.320E-16
   7874.0000   4.311E-16
   7876.0000   4.303E-16
   7878.0000   4.295E-16
   7880.0000   4.287E-16
   7882.0000   4.279E-16
   7884.0000   4.270E-16
   7886.0000   4.262E-16
   7888.0000   4.254E-16
   7890.0000   4.246E-16
   7892.0000   4.238E-16
   7894.0000   4.230E-16
   7896.0000   4.221E-16
   7898.0000   4.213E-16
   7900.0000   4.205E-16
   7902.0000   4.197E-16
   7904.0000   4.189E-16
   7906.0000   4.181E-16
   7908.0000   4.173E-16
   7910.0000   4.165E-16
   7912.0000   4.157E-16
   7914.0000   4.148E-16
   7916.0000   4.140E-16
   7918.0000   4.132E-16
   7920.0000   4.124E-16
   7922.0000   4.116E-16
   7924.0000   4.108E-16
   7926.0000   4.100E-16
   7928.0000   4.092E-16
   7930.0000   4.084E-16
   7932.0000   4.076E-16
   7934.0000   4.068E-16
   7936.0000   4.060E-16
   7938.0000   4.052E-16
   7940.0000   4.044E-16
   7942.0000   4.036E-16
   7944.0000   4.028E-16
   7946.0000   4.020E-16
   7948.0000   4.012E-16
   7950.0000   4.004E-16
   7952.0000   3.996E-16
   7954.0000   3.988E-16
   7956.0000   3.980E-16
   7958.0000   3.972E-16
   7960.0000   3.964E-16
   7962.0000   3.956E-16
   7964.0000   3.948E-16
   7966.0000   3.941E-16
   7968.0000   3.933E-16
   7970.0000   3.925E-16
   7972.0000   3.917E-16
   7974.0000   3.909E-16
   7976.0000   3.901E-16
   7978.0000   3.893E-16
   7980.0000   3.885E-16
   7982.0000   3.877E-16
   7984.0000   3.870E-16
   7986.0000   3.862E-16
   7988.0000   3.854E-16
   7990.0000   3.846E-16
   7992.0000   3.838E-16
   7994.0000   3.830E-16
   7996.0000   3.823E-16
   7998.0000   3.815E-16
   8000.0000   3.807E-16
   8002.0000   3.799E-16
   8004.0000   3.791E-16
   8006.0000   3.784E-16
   8008.0000   3.776E-16
   8010.0000   3.768E-16
   8012.0000   3.760E-16
   8014.0000   3.752E-16
   8016.0000   3.745E-16
   8018.0000   3.737E-16
   8020.0000   3.729E-16
   8022.0000   3.721E-16
   8024.0000   3.714E-16
   8026.0000   3.706E-16
   8028.0000   3.698E-16
   8030.0000   3.691E-16
   8032.0000   3.683E-16
   8034.0000   3.675E-16
   8036.0000   3.667E-16
   8038.0000   3.660E-16
   8040.0000   3.652E-16
   8042.0000   3.644E-16
   8044.0000   3.637E-16
   8046.0000   3.629E-16
   8048.0000   3.621E-16
   8050.0000   3.614E-16
   8052.0000   3.606E-16
   8054.0000   3.598E-16
   8056.0000   3.591E-16
   8058.0000   3.583E-16
   8060.0000   3.576E-16
   8062.0000   3.568E-16
   8064.0000   3.560E-16
   8066.0000   3.553E-16
   8068.0000   3.545E-16
   8070.0000   3.537E-16
   8072.0000   3.530E-16
   8074.0000   3.522E-16
   8076.0000   3.515E-16
   8078.0000   3.507E-16
   8080.0000   3.500E-16
   8082.0000   3.492E-16
   8084.0000   3.485E-16
   8086.0000   3.477E-16
   8088.0000   3.469E-16
   8090.0000   3.462E-16
   8092.0000   3.454E-16
   8094.0000   3.447E-16
   8096.0000   3.439E-16
   8098.0000   3.432E-16
   8100.0000   3.424E-16
   8102.0000   3.417E-16
   8104.0000   3.409E-16
   8106.0000   3.402E-16
   8108.0000   3.394E-16
   8110.0000   3.387E-16
   8112.0000   3.379E-16
   8114.0000   3.372E-16
   8116.0000   3.364E-16
   8118.0000   3.357E-16
   8120.0000   3.350E-16
   8122.0000   3.342E-16
   8124.0000   3.335E-16
   8126.0000   3.327E-16
   8128.0000   3.320E-16
   8130.0000   3.312E-16
   8132.0000   3.305E-16
   8134.0000   3.298E-16
   8136.0000   3.290E-16
   8138.0000   3.283E-16
   8140.0000   3.275E-16
   8142.0000   3.268E-16
   8144.0000   3.261E-16
   8146.0000   3.253E-16
   8148.0000   3.246E-16
   8150.0000   3.239E-16
   8152.0000   3.231E-16
   8154.0000   3.224E-16
   8156.0000   3.216E-16
   8158.0000   3.209E-16
   8160.0000   3.202E-16
   8162.0000   3.194E-16
   8164.0000   3.187E-16
   8166.0000   3.180E-16
   8168.0000   3.173E-16
   8170.0000   3.165E-16
   8172.0000   3.158E-16
   8174.0000   3.151E-16
   8176.0000   3.143E-16
   8178.0000   3.136E-16
   8180.0000   3.129E-16
   8182.0000   3.122E-16
   8184.0000   3.114E-16
   8186.0000   3.107E-16
   8188.0000   3.100E-16
   8190.0000   3.093E-16
   8192.0000   3.085E-16
   8194.0000   3.078E-16
   8196.0000   3.071E-16
   8198.0000   3.064E-16
