   4300.0000   0.0002168
   4301.2500   0.0002161
   4302.5000   0.0002154
   4303.7500   0.0002147
   4305.0000   0.0002140
   4306.2500   0.0002133
   4307.5000   0.0002126
   4308.7500   0.0002120
   4310.0000   0.0002113
   4311.2500   0.0002106
   4312.5000   0.0002099
   4313.7500   0.0002093
   4315.0000   0.0002086
   4316.2500   0.0002079
   4317.5000   0.0002073
   4318.7500   0.0002066
   4320.0000   0.0002060
   4321.2500   0.0002053
   4322.5000   0.0002047
   4323.7500   0.0002040
   4325.0000   0.0002034
   4326.2500   0.0002027
   4327.5000   0.0002021
   4328.7500   0.0002015
   4330.0000   0.0002008
   4331.2500   0.0002002
   4332.5000   0.0001996
   4333.7500   0.0001989
   4335.0000   0.0001983
   4336.2500   0.0001977
   4337.5000   0.0001970
   4338.7500   0.0001964
   4340.0000   0.0001958
   4341.2500   0.0001952
   4342.5000   0.0001946
   4343.7500   0.0001940
   4345.0000   0.0001934
   4346.2500   0.0001927
   4347.5000   0.0001921
   4348.7500   0.0001915
   4350.0000   0.0001909
   4351.2500   0.0001903
   4352.5000   0.0001897
   4353.7500   0.0001891
   4355.0000   0.0001886
   4356.2500   0.0001880
   4357.5000   0.0001874
   4358.7500   0.0001868
   4360.0000   0.0001862
   4361.2500   0.0001856
   4362.5000   0.0001850
   4363.7500   0.0001845
   4365.0000   0.0001839
   4366.2500   0.0001833
   4367.5000   0.0001827
   4368.7500   0.0001822
   4370.0000   0.0001816
   4371.2500   0.0001810
   4372.5000   0.0001805
   4373.7500   0.0001799
   4375.0000   0.0001793
   4376.2500   0.0001788
   4377.5000   0.0001782
   4378.7500   0.0001777
   4380.0000   0.0001771
   4381.2500   0.0001766
   4382.5000   0.0001760
   4383.7500   0.0001755
   4385.0000   0.0001749
   4386.2500   0.0001744
   4387.5000   0.0001738
   4388.7500   0.0001733
   4390.0000   0.0001728
   4391.2500   0.0001722
   4392.5000   0.0001717
   4393.7500   0.0001711
   4395.0000   0.0001706
   4396.2500   0.0001701
   4397.5000   0.0001696
   4398.7500   0.0001690
   4400.0000   0.0001685
   4401.2500   0.0001680
   4402.5000   0.0001675
   4403.7500   0.0001669
   4405.0000   0.0001664
   4406.2500   0.0001659
   4407.5000   0.0001654
   4408.7500   0.0001649
   4410.0000   0.0001644
   4411.2500   0.0001639
   4412.5000   0.0001634
   4413.7500   0.0001628
   4415.0000   0.0001623
   4416.2500   0.0001618
   4417.5000   0.0001613
   4418.7500   0.0001608
   4420.0000   0.0001603
   4421.2500   0.0001598
   4422.5000   0.0001593
   4423.7500   0.0001589
   4425.0000   0.0001584
   4426.2500   0.0001579
   4427.5000   0.0001574
   4428.7500   0.0001569
   4430.0000   0.0001564
   4431.2500   0.0001559
   4432.5000   0.0001554
   4433.7500   0.0001550
   4435.0000   0.0001545
   4436.2500   0.0001540
   4437.5000   0.0001535
   4438.7500   0.0001530
   4440.0000   0.0001526
   4441.2500   0.0001521
   4442.5000   0.0001516
   4443.7500   0.0001512
   4445.0000   0.0001507
   4446.2500   0.0001502
   4447.5000   0.0001498
   4448.7500   0.0001493
   4450.0000   0.0001488
   4451.2500   0.0001484
   4452.5000   0.0001479
   4453.7500   0.0001475
   4455.0000   0.0001470
   4456.2500   0.0001465
   4457.5000   0.0001461
   4458.7500   0.0001456
   4460.0000   0.0001452
   4461.2500   0.0001447
   4462.5000   0.0001443
   4463.7500   0.0001438
   4465.0000   0.0001434
   4466.2500   0.0001429
   4467.5000   0.0001425
   4468.7500   0.0001421
   4470.0000   0.0001416
   4471.2500   0.0001412
   4472.5000   0.0001407
   4473.7500   0.0001403
   4475.0000   0.0001399
   4476.2500   0.0001394
   4477.5000   0.0001390
   4478.7500   0.0001386
   4480.0000   0.0001381
   4481.2500   0.0001377
   4482.5000   0.0001373
   4483.7500   0.0001369
   4485.0000   0.0001364
   4486.2500   0.0001360
   4487.5000   0.0001356
   4488.7500   0.0001352
   4490.0000   0.0001347
   4491.2500   0.0001343
   4492.5000   0.0001339
   4493.7500   0.0001335
   4495.0000   0.0001331
   4496.2500   0.0001327
   4497.5000   0.0001322
   4498.7500   0.0001318
   4500.0000   0.0001314
   4501.2500   0.0001310
   4502.5000   0.0001306
   4503.7500   0.0001302
   4505.0000   0.0001298
   4506.2500   0.0001294
   4507.5000   0.0001290
   4508.7500   0.0001286
   4510.0000   0.0001282
   4511.2500   0.0001278
   4512.5000   0.0001274
   4513.7500   0.0001270
   4515.0000   0.0001266
   4516.2500   0.0001262
   4517.5000   0.0001258
   4518.7500   0.0001254
   4520.0000   0.0001250
   4521.2500   0.0001246
   4522.5000   0.0001242
   4523.7500   0.0001238
   4525.0000   0.0001234
   4526.2500   0.0001231
   4527.5000   0.0001227
   4528.7500   0.0001223
   4530.0000   0.0001219
   4531.2500   0.0001215
   4532.5000   0.0001211
   4533.7500   0.0001208
   4535.0000   0.0001204
   4536.2500   0.0001200
   4537.5000   0.0001196
   4538.7500   0.0001192
   4540.0000   0.0001189
   4541.2500   0.0001185
   4542.5000   0.0001181
   4543.7500   0.0001177
   4545.0000   0.0001174
   4546.2500   0.0001170
   4547.5000   0.0001166
   4548.7500   0.0001163
   4550.0000   0.0001159
   4551.2500   0.0001155
   4552.5000   0.0001152
   4553.7500   0.0001148
   4555.0000   0.0001144
   4556.2500   0.0001141
   4557.5000   0.0001137
   4558.7500   0.0001133
   4560.0000   0.0001130
   4561.2500   0.0001126
   4562.5000   0.0001123
   4563.7500   0.0001119
   4565.0000   0.0001116
   4566.2500   0.0001112
   4567.5000   0.0001108
   4568.7500   0.0001105
   4570.0000   0.0001101
   4571.2500   0.0001098
   4572.5000   0.0001094
   4573.7500   0.0001091
   4575.0000   0.0001087
   4576.2500   0.0001084
   4577.5000   0.0001080
   4578.7500   0.0001077
   4580.0000   0.0001074
   4581.2500   0.0001070
   4582.5000   0.0001067
   4583.7500   0.0001063
   4585.0000   0.0001060
   4586.2500   0.0001056
   4587.5000   0.0001053
   4588.7500   0.0001050
   4590.0000   0.0001046
   4591.2500   0.0001043
   4592.5000   0.0001040
   4593.7500   0.0001036
   4595.0000   0.0001033
   4596.2500   0.0001030
   4597.5000   0.0001026
   4598.7500   0.0001023
   4600.0000   0.0001020
   4601.2500   0.0001016
   4602.5000   0.0001013
   4603.7500   0.0001010
   4605.0000   0.0001006
   4606.2500   0.0001003
   4607.5000   9.999E-05
   4608.7500   9.967E-05
   4610.0000   9.934E-05
   4611.2500   9.902E-05
   4612.5000   9.869E-05
   4613.7500   9.837E-05
   4615.0000   9.805E-05
   4616.2500   9.773E-05
   4617.5000   9.741E-05
   4618.7500   9.709E-05
   4620.0000   9.677E-05
   4621.2500   9.646E-05
   4622.5000   9.614E-05
   4623.7500   9.583E-05
   4625.0000   9.551E-05
   4626.2500   9.520E-05
   4627.5000   9.488E-05
   4628.7500   9.457E-05
   4630.0000   9.426E-05
   4631.2500   9.395E-05
   4632.5000   9.364E-05
   4633.7500   9.333E-05
   4635.0000   9.302E-05
   4636.2500   9.271E-05
   4637.5000   9.240E-05
   4638.7500   9.210E-05
   4640.0000   9.179E-05
   4641.2500   9.149E-05
   4642.5000   9.118E-05
   4643.7500   9.088E-05
   4645.0000   9.058E-05
   4646.2500   9.028E-05
   4647.5000   8.997E-05
   4648.7500   8.967E-05
   4650.0000   8.937E-05
   4651.2500   8.908E-05
   4652.5000   8.878E-05
   4653.7500   8.848E-05
   4655.0000   8.818E-05
   4656.2500   8.789E-05
   4657.5000   8.759E-05
   4658.7500   8.730E-05
   4660.0000   8.700E-05
   4661.2500   8.671E-05
   4662.5000   8.642E-05
   4663.7500   8.612E-05
   4665.0000   8.583E-05
   4666.2500   8.554E-05
   4667.5000   8.525E-05
   4668.7500   8.496E-05
   4670.0000   8.467E-05
   4671.2500   8.439E-05
   4672.5000   8.410E-05
   4673.7500   8.381E-05
   4675.0000   8.353E-05
   4676.2500   8.324E-05
   4677.5000   8.296E-05
   4678.7500   8.267E-05
   4680.0000   8.239E-05
   4681.2500   8.211E-05
   4682.5000   8.183E-05
   4683.7500   8.154E-05
   4685.0000   8.126E-05
   4686.2500   8.098E-05
   4687.5000   8.070E-05
   4688.7500   8.043E-05
   4690.0000   8.015E-05
   4691.2500   7.987E-05
   4692.5000   7.959E-05
   4693.7500   7.932E-05
   4695.0000   7.904E-05
   4696.2500   7.877E-05
   4697.5000   7.849E-05
   4698.7500   7.822E-05
   4700.0000   7.795E-05
   4701.2500   7.768E-05
   4702.5000   7.740E-05
   4703.7500   7.713E-05
   4705.0000   7.686E-05
   4706.2500   7.659E-05
   4707.5000   7.632E-05
   4708.7500   7.605E-05
   4710.0000   7.579E-05
   4711.2500   7.552E-05
   4712.5000   7.525E-05
   4713.7500   7.499E-05
   4715.0000   7.472E-05
   4716.2500   7.446E-05
   4717.5000   7.419E-05
   4718.7500   7.393E-05
   4720.0000   7.366E-05
   4721.2500   7.340E-05
   4722.5000   7.314E-05
   4723.7500   7.288E-05
   4725.0000   7.262E-05
   4726.2500   7.236E-05
   4727.5000   7.210E-05
   4728.7500   7.184E-05
   4730.0000   7.158E-05
   4731.2500   7.132E-05
   4732.5000   7.107E-05
   4733.7500   7.081E-05
   4735.0000   7.055E-05
   4736.2500   7.030E-05
   4737.5000   7.004E-05
   4738.7500   6.979E-05
   4740.0000   6.953E-05
   4741.2500   6.928E-05
   4742.5000   6.903E-05
   4743.7500   6.877E-05
   4745.0000   6.852E-05
   4746.2500   6.827E-05
   4747.5000   6.802E-05
   4748.7500   6.777E-05
   4750.0000   6.752E-05
   4751.2500   6.727E-05
   4752.5000   6.702E-05
   4753.7500   6.678E-05
   4755.0000   6.653E-05
   4756.2500   6.628E-05
   4757.5000   6.604E-05
   4758.7500   6.579E-05
   4760.0000   6.555E-05
   4761.2500   6.530E-05
   4762.5000   6.506E-05
   4763.7500   6.481E-05
   4765.0000   6.457E-05
   4766.2500   6.433E-05
   4767.5000   6.408E-05
   4768.7500   6.384E-05
   4770.0000   6.360E-05
   4771.2500   6.336E-05
   4772.5000   6.312E-05
   4773.7500   6.288E-05
   4775.0000   6.264E-05
   4776.2500   6.241E-05
   4777.5000   6.217E-05
   4778.7500   6.193E-05
   4780.0000   6.169E-05
   4781.2500   6.146E-05
   4782.5000   6.122E-05
   4783.7500   6.098E-05
   4785.0000   6.075E-05
   4786.2500   6.051E-05
   4787.5000   6.028E-05
   4788.7500   6.005E-05
   4790.0000   5.981E-05
   4791.2500   5.958E-05
   4792.5000   5.935E-05
   4793.7500   5.912E-05
   4795.0000   5.889E-05
   4796.2500   5.866E-05
   4797.5000   5.843E-05
   4798.7500   5.820E-05
   4800.0000   5.797E-05
   4801.2500   5.774E-05
   4802.5000   5.751E-05
   4803.7500   5.728E-05
   4805.0000   5.706E-05
   4806.2500   5.683E-05
   4807.5000   5.660E-05
   4808.7500   5.638E-05
   4810.0000   5.615E-05
   4811.2500   5.593E-05
   4812.5000   5.570E-05
   4813.7500   5.548E-05
   4815.0000   5.526E-05
   4816.2500   5.503E-05
   4817.5000   5.481E-05
   4818.7500   5.459E-05
   4820.0000   5.437E-05
   4821.2500   5.414E-05
   4822.5000   5.392E-05
   4823.7500   5.370E-05
   4825.0000   5.348E-05
   4826.2500   5.326E-05
   4827.5000   5.305E-05
   4828.7500   5.283E-05
   4830.0000   5.261E-05
   4831.2500   5.239E-05
   4832.5000   5.217E-05
   4833.7500   5.196E-05
   4835.0000   5.174E-05
   4836.2500   5.152E-05
   4837.5000   5.131E-05
   4838.7500   5.109E-05
   4840.0000   5.088E-05
   4841.2500   5.067E-05
   4842.5000   5.045E-05
   4843.7500   5.024E-05
   4845.0000   5.003E-05
   4846.2500   4.981E-05
   4847.5000   4.960E-05
   4848.7500   4.939E-05
   4850.0000   4.918E-05
   4851.2500   4.897E-05
   4852.5000   4.876E-05
   4853.7500   4.855E-05
   4855.0000   4.834E-05
   4856.2500   4.813E-05
   4857.5000   4.792E-05
   4858.7500   4.771E-05
   4860.0000   4.750E-05
   4861.2500   4.730E-05
   4862.5000   4.709E-05
   4863.7500   4.688E-05
   4865.0000   4.668E-05
   4866.2500   4.647E-05
   4867.5000   4.626E-05
   4868.7500   4.606E-05
   4870.0000   4.586E-05
   4871.2500   4.565E-05
   4872.5000   4.545E-05
   4873.7500   4.524E-05
   4875.0000   4.504E-05
   4876.2500   4.484E-05
   4877.5000   4.464E-05
   4878.7500   4.443E-05
   4880.0000   4.423E-05
   4881.2500   4.403E-05
   4882.5000   4.383E-05
   4883.7500   4.363E-05
   4885.0000   4.343E-05
   4886.2500   4.323E-05
   4887.5000   4.303E-05
   4888.7500   4.283E-05
   4890.0000   4.263E-05
   4891.2500   4.244E-05
   4892.5000   4.224E-05
   4893.7500   4.204E-05
   4895.0000   4.184E-05
   4896.2500   4.165E-05
   4897.5000   4.145E-05
   4898.7500   4.126E-05
   4900.0000   4.106E-05
   4901.2500   4.087E-05
   4902.5000   4.067E-05
   4903.7500   4.048E-05
   4905.0000   4.028E-05
   4906.2500   4.009E-05
   4907.5000   3.990E-05
   4908.7500   3.970E-05
   4910.0000   3.951E-05
   4911.2500   3.932E-05
   4912.5000   3.913E-05
   4913.7500   3.894E-05
   4915.0000   3.875E-05
   4916.2500   3.856E-05
   4917.5000   3.837E-05
   4918.7500   3.818E-05
   4920.0000   3.799E-05
   4921.2500   3.780E-05
   4922.5000   3.761E-05
   4923.7500   3.742E-05
   4925.0000   3.723E-05
   4926.2500   3.704E-05
   4927.5000   3.686E-05
   4928.7500   3.667E-05
   4930.0000   3.648E-05
   4931.2500   3.630E-05
   4932.5000   3.611E-05
   4933.7500   3.592E-05
   4935.0000   3.574E-05
   4936.2500   3.555E-05
   4937.5000   3.537E-05
   4938.7500   3.519E-05
   4940.0000   3.500E-05
   4941.2500   3.482E-05
   4942.5000   3.463E-05
   4943.7500   3.445E-05
   4945.0000   3.427E-05
   4946.2500   3.409E-05
   4947.5000   3.391E-05
   4948.7500   3.372E-05
   4950.0000   3.354E-05
   4951.2500   3.336E-05
   4952.5000   3.318E-05
   4953.7500   3.300E-05
   4955.0000   3.282E-05
   4956.2500   3.264E-05
   4957.5000   3.246E-05
   4958.7500   3.228E-05
   4960.0000   3.210E-05
   4961.2500   3.193E-05
   4962.5000   3.175E-05
   4963.7500   3.157E-05
   4965.0000   3.139E-05
   4966.2500   3.122E-05
   4967.5000   3.104E-05
   4968.7500   3.086E-05
   4970.0000   3.069E-05
   4971.2500   3.051E-05
   4972.5000   3.034E-05
   4973.7500   3.016E-05
   4975.0000   2.999E-05
   4976.2500   2.981E-05
   4977.5000   2.964E-05
   4978.7500   2.946E-05
   4980.0000   2.929E-05
   4981.2500   2.912E-05
   4982.5000   2.894E-05
   4983.7500   2.877E-05
   4985.0000   2.860E-05
   4986.2500   2.843E-05
   4987.5000   2.826E-05
   4988.7500   2.808E-05
   4990.0000   2.791E-05
   4991.2500   2.774E-05
   4992.5000   2.757E-05
   4993.7500   2.740E-05
   4995.0000   2.723E-05
   4996.2500   2.706E-05
   4997.5000   2.689E-05
   4998.7500   2.672E-05
   5000.0000   2.656E-05
   5001.2500   2.639E-05
   5002.5000   2.622E-05
   5003.7500   2.605E-05
   5005.0000   2.588E-05
   5006.2500   2.572E-05
   5007.5000   2.555E-05
   5008.7500   2.538E-05
   5010.0000   2.522E-05
   5011.2500   2.505E-05
   5012.5000   2.489E-05
   5013.7500   2.472E-05
   5015.0000   2.456E-05
   5016.2500   2.439E-05
   5017.5000   2.423E-05
   5018.7500   2.406E-05
   5020.0000   2.390E-05
   5021.2500   2.373E-05
   5022.5000   2.357E-05
   5023.7500   2.341E-05
   5025.0000   2.325E-05
   5026.2500   2.308E-05
   5027.5000   2.292E-05
   5028.7500   2.276E-05
   5030.0000   2.260E-05
   5031.2500   2.244E-05
   5032.5000   2.227E-05
   5033.7500   2.211E-05
   5035.0000   2.195E-05
   5036.2500   2.179E-05
   5037.5000   2.163E-05
   5038.7500   2.147E-05
   5040.0000   2.131E-05
   5041.2500   2.115E-05
   5042.5000   2.100E-05
   5043.7500   2.084E-05
   5045.0000   2.068E-05
   5046.2500   2.052E-05
   5047.5000   2.036E-05
   5048.7500   2.020E-05
   5050.0000   2.005E-05
   5051.2500   1.989E-05
   5052.5000   1.973E-05
   5053.7500   1.958E-05
   5055.0000   1.942E-05
   5056.2500   1.926E-05
   5057.5000   1.911E-05
   5058.7500   1.895E-05
   5060.0000   1.880E-05
   5061.2500   1.864E-05
   5062.5000   1.849E-05
   5063.7500   1.833E-05
   5065.0000   1.818E-05
   5066.2500   1.803E-05
   5067.5000   1.787E-05
   5068.7500   1.772E-05
   5070.0000   1.757E-05
   5071.2500   1.741E-05
   5072.5000   1.726E-05
   5073.7500   1.711E-05
   5075.0000   1.696E-05
   5076.2500   1.680E-05
   5077.5000   1.665E-05
   5078.7500   1.650E-05
   5080.0000   1.635E-05
   5081.2500   1.620E-05
   5082.5000   1.605E-05
   5083.7500   1.590E-05
   5085.0000   1.575E-05
   5086.2500   1.560E-05
   5087.5000   1.545E-05
   5088.7500   1.530E-05
   5090.0000   1.515E-05
   5091.2500   1.500E-05
   5092.5000   1.485E-05
   5093.7500   1.471E-05
   5095.0000   1.456E-05
   5096.2500   1.441E-05
   5097.5000   1.426E-05
   5098.7500   1.412E-05
   5100.0000   1.397E-05
   5101.2500   1.382E-05
   5102.5000   1.367E-05
   5103.7500   1.353E-05
   5105.0000   1.338E-05
   5106.2500   1.324E-05
   5107.5000   1.309E-05
   5108.7500   1.295E-05
   5110.0000   1.280E-05
   5111.2500   1.266E-05
   5112.5000   1.251E-05
   5113.7500   1.237E-05
   5115.0000   1.222E-05
   5116.2500   1.208E-05
   5117.5000   1.193E-05
   5118.7500   1.179E-05
   5120.0000   1.165E-05
   5121.2500   1.150E-05
   5122.5000   1.136E-05
   5123.7500   1.122E-05
   5125.0000   1.108E-05
   5126.2500   1.093E-05
   5127.5000   1.079E-05
   5128.7500   1.065E-05
   5130.0000   1.051E-05
   5131.2500   1.037E-05
   5132.5000   1.023E-05
   5133.7500   1.009E-05
   5135.0000   9.946E-06
   5136.2500   9.806E-06
   5137.5000   9.666E-06
   5138.7500   9.526E-06
   5140.0000   9.386E-06
   5141.2500   9.247E-06
   5142.5000   9.108E-06
   5143.7500   8.969E-06
   5145.0000   8.830E-06
   5146.2500   8.692E-06
   5147.5000   8.553E-06
   5148.7500   8.416E-06
   5150.0000   8.278E-06
   5151.2500   8.140E-06
   5152.5000   8.003E-06
   5153.7500   7.866E-06
   5155.0000   7.729E-06
   5156.2500   7.592E-06
   5157.5000   7.455E-06
   5158.7500   7.319E-06
   5160.0000   7.183E-06
   5161.2500   7.047E-06
   5162.5000   6.912E-06
   5163.7500   6.776E-06
   5165.0000   6.641E-06
   5166.2500   6.506E-06
   5167.5000   6.371E-06
   5168.7500   6.237E-06
   5170.0000   6.102E-06
   5171.2500   5.968E-06
   5172.5000   5.834E-06
   5173.7500   5.700E-06
   5175.0000   5.567E-06
   5176.2500   5.434E-06
   5177.5000   5.300E-06
   5178.7500   5.168E-06
   5180.0000   5.035E-06
   5181.2500   4.902E-06
   5182.5000   4.770E-06
   5183.7500   4.638E-06
   5185.0000   4.506E-06
   5186.2500   4.375E-06
   5187.5000   4.243E-06
   5188.7500   4.112E-06
   5190.0000   3.981E-06
   5191.2500   3.850E-06
   5192.5000   3.720E-06
   5193.7500   3.589E-06
   5195.0000   3.459E-06
   5196.2500   3.329E-06
   5197.5000   3.199E-06
   5198.7500   3.070E-06
   5200.0000   2.940E-06
   5201.2500   2.811E-06
   5202.5000   2.682E-06
   5203.7500   2.553E-06
   5205.0000   2.424E-06
   5206.2500   2.296E-06
   5207.5000   2.168E-06
   5208.7500   2.040E-06
   5210.0000   1.912E-06
   5211.2500   1.785E-06
   5212.5000   1.657E-06
   5213.7500   1.530E-06
   5215.0000   1.403E-06
   5216.2500   1.276E-06
   5217.5000   1.149E-06
   5218.7500   1.023E-06
   5220.0000   8.968E-07
   5221.2500   7.707E-07
   5222.5000   6.447E-07
   5223.7500   5.192E-07
   5225.0000   3.936E-07
   5226.2500   2.686E-07
   5227.5000   1.433E-07
   5228.7500   1.899E-08
   5230.0000       0.000
   5231.2500       0.000
   5232.5000       0.000
   5233.7500       0.000
   5235.0000       0.000
   5236.2500       0.000
   5237.5000       0.000
   5238.7500       0.000
   5240.0000       0.000
   5241.2500       0.000
   5242.5000       0.000
   5243.7500       0.000
   5245.0000       0.000
   5246.2500       0.000
   5247.5000       0.000
   5248.7500       0.000
   5250.0000       0.000
   5251.2500       0.000
   5252.5000       0.000
   5253.7500       0.000
   5255.0000       0.000
   5256.2500       0.000
   5257.5000       0.000
   5258.7500       0.000
   5260.0000       0.000
   5261.2500       0.000
   5262.5000       0.000
   5263.7500       0.000
   5265.0000       0.000
   5266.2500       0.000
   5267.5000       0.000
   5268.7500       0.000
   5270.0000       0.000
   5271.2500       0.000
   5272.5000       0.000
   5273.7500       0.000
   5275.0000       0.000
   5276.2500       0.000
   5277.5000       0.000
   5278.7500       0.000
   5280.0000       0.000
   5281.2500       0.000
   5282.5000       0.000
   5283.7500       0.000
   5285.0000       0.000
   5286.2500       0.000
   5287.5000       0.000
   5288.7500       0.000
   5290.0000       0.000
   5291.2500       0.000
   5292.5000       0.000
   5293.7500       0.000
   5295.0000       0.000
   5296.2500       0.000
   5297.5000       0.000
   5298.7500       0.000
   5300.0000       0.000
   5301.2500       0.000
   5302.5000       0.000
   5303.7500       0.000
   5305.0000       0.000
   5306.2500       0.000
   5307.5000       0.000
   5308.7500       0.000
   5310.0000       0.000
   5311.2500       0.000
   5312.5000       0.000
   5313.7500       0.000
   5315.0000       0.000
   5316.2500       0.000
   5317.5000       0.000
   5318.7500       0.000
   5320.0000       0.000
   5321.2500       0.000
   5322.5000       0.000
   5323.7500       0.000
   5325.0000       0.000
   5326.2500       0.000
   5327.5000       0.000
   5328.7500       0.000
   5330.0000       0.000
   5331.2500       0.000
   5332.5000       0.000
   5333.7500       0.000
   5335.0000       0.000
   5336.2500       0.000
   5337.5000       0.000
   5338.7500       0.000
   5340.0000       0.000
   5341.2500       0.000
   5342.5000       0.000
   5343.7500       0.000
   5345.0000       0.000
   5346.2500       0.000
   5347.5000       0.000
   5348.7500       0.000
   5350.0000       0.000
   5351.2500       0.000
   5352.5000       0.000
   5353.7500       0.000
   5355.0000       0.000
   5356.2500       0.000
   5357.5000       0.000
   5358.7500       0.000
   5360.0000       0.000
   5361.2500       0.000
   5362.5000       0.000
   5363.7500       0.000
   5365.0000       0.000
   5366.2500       0.000
   5367.5000       0.000
   5368.7500       0.000
   5370.0000       0.000
   5371.2500       0.000
   5372.5000       0.000
   5373.7500       0.000
   5375.0000       0.000
   5376.2500       0.000
   5377.5000       0.000
   5378.7500       0.000
   5380.0000       0.000
   5381.2500       0.000
   5382.5000       0.000
   5383.7500       0.000
   5385.0000       0.000
   5386.2500       0.000
   5387.5000       0.000
   5388.7500       0.000
   5390.0000       0.000
   5391.2500       0.000
   5392.5000       0.000
   5393.7500       0.000
   5395.0000       0.000
   5396.2500       0.000
   5397.5000       0.000
   5398.7500       0.000
   5400.0000       0.000
   5401.2500       0.000
   5402.5000       0.000
   5403.7500       0.000
   5405.0000       0.000
   5406.2500       0.000
   5407.5000       0.000
   5408.7500       0.000
   5410.0000       0.000
   5411.2500       0.000
   5412.5000       0.000
   5413.7500       0.000
   5415.0000       0.000
   5416.2500       0.000
   5417.5000       0.000
   5418.7500       0.000
   5420.0000       0.000
   5421.2500       0.000
   5422.5000       0.000
   5423.7500       0.000
   5425.0000       0.000
   5426.2500       0.000
   5427.5000       0.000
   5428.7500       0.000
   5430.0000       0.000
   5431.2500       0.000
   5432.5000       0.000
   5433.7500       0.000
   5435.0000       0.000
   5436.2500       0.000
   5437.5000       0.000
   5438.7500       0.000
   5440.0000       0.000
   5441.2500       0.000
   5442.5000       0.000
   5443.7500       0.000
   5445.0000       0.000
   5446.2500       0.000
   5447.5000       0.000
   5448.7500       0.000
   5450.0000       0.000
   5451.2500       0.000
   5452.5000       0.000
   5453.7500       0.000
   5455.0000       0.000
   5456.2500       0.000
   5457.5000       0.000
   5458.7500       0.000
   5460.0000       0.000
   5461.2500       0.000
   5462.5000       0.000
   5463.7500       0.000
   5465.0000       0.000
   5466.2500       0.000
   5467.5000       0.000
   5468.7500       0.000
   5470.0000       0.000
   5471.2500       0.000
   5472.5000       0.000
   5473.7500       0.000
   5475.0000       0.000
   5476.2500       0.000
   5477.5000       0.000
   5478.7500       0.000
   5480.0000       0.000
   5481.2500       0.000
   5482.5000       0.000
   5483.7500       0.000
   5485.0000       0.000
   5486.2500       0.000
   5487.5000       0.000
   5488.7500       0.000
   5490.0000       0.000
   5491.2500       0.000
   5492.5000       0.000
   5493.7500       0.000
   5495.0000       0.000
   5496.2500       0.000
   5497.5000       0.000
   5498.7500       0.000
   5500.0000       0.000
   5501.2500       0.000
   5502.5000       0.000
   5503.7500       0.000
   5505.0000       0.000
   5506.2500       0.000
   5507.5000       0.000
   5508.7500       0.000
   5510.0000       0.000
   5511.2500       0.000
   5512.5000       0.000
   5513.7500       0.000
   5515.0000       0.000
   5516.2500       0.000
   5517.5000       0.000
   5518.7500       0.000
   5520.0000       0.000
   5521.2500       0.000
   5522.5000       0.000
   5523.7500       0.000
   5525.0000       0.000
   5526.2500       0.000
   5527.5000       0.000
   5528.7500       0.000
   5530.0000       0.000
   5531.2500       0.000
   5532.5000       0.000
   5533.7500       0.000
   5535.0000       0.000
   5536.2500       0.000
   5537.5000       0.000
   5538.7500       0.000
   5540.0000       0.000
   5541.2500       0.000
   5542.5000       0.000
   5543.7500       0.000
   5545.0000       0.000
   5546.2500       0.000
   5547.5000       0.000
   5548.7500       0.000
   5550.0000       0.000
   5551.2500       0.000
   5552.5000       0.000
   5553.7500       0.000
   5555.0000       0.000
   5556.2500       0.000
   5557.5000       0.000
   5558.7500       0.000
   5560.0000       0.000
   5561.2500       0.000
   5562.5000       0.000
   5563.7500       0.000
   5565.0000       0.000
   5566.2500       0.000
   5567.5000       0.000
   5568.7500       0.000
   5570.0000       0.000
   5571.2500       0.000
   5572.5000       0.000
   5573.7500       0.000
   5575.0000       0.000
   5576.2500       0.000
   5577.5000       0.000
   5578.7500       0.000
   5580.0000       0.000
   5581.2500       0.000
   5582.5000       0.000
   5583.7500       0.000
   5585.0000       0.000
   5586.2500       0.000
   5587.5000       0.000
   5588.7500       0.000
   5590.0000       0.000
   5591.2500       0.000
   5592.5000       0.000
   5593.7500       0.000
   5595.0000       0.000
   5596.2500       0.000
   5597.5000       0.000
   5598.7500       0.000
   5600.0000       0.000
   5601.2500       0.000
   5602.5000       0.000
   5603.7500       0.000
   5605.0000       0.000
   5606.2500       0.000
   5607.5000       0.000
   5608.7500       0.000
   5610.0000       0.000
   5611.2500       0.000
   5612.5000       0.000
   5613.7500       0.000
   5615.0000       0.000
   5616.2500       0.000
   5617.5000       0.000
   5618.7500       0.000
   5620.0000       0.000
   5621.2500       0.000
   5622.5000       0.000
   5623.7500       0.000
   5625.0000       0.000
   5626.2500       0.000
   5627.5000       0.000
   5628.7500       0.000
   5630.0000       0.000
   5631.2500       0.000
   5632.5000       0.000
   5633.7500       0.000
   5635.0000       0.000
   5636.2500       0.000
   5637.5000       0.000
   5638.7500       0.000
   5640.0000       0.000
   5641.2500       0.000
   5642.5000       0.000
   5643.7500       0.000
   5645.0000       0.000
   5646.2500       0.000
   5647.5000       0.000
   5648.7500       0.000
   5650.0000       0.000
   5651.2500       0.000
   5652.5000       0.000
   5653.7500       0.000
   5655.0000       0.000
   5656.2500       0.000
   5657.5000       0.000
   5658.7500       0.000
   5660.0000       0.000
   5661.2500       0.000
   5662.5000       0.000
   5663.7500       0.000
   5665.0000       0.000
   5666.2500       0.000
   5667.5000       0.000
   5668.7500       0.000
   5670.0000       0.000
   5671.2500       0.000
   5672.5000       0.000
   5673.7500       0.000
   5675.0000       0.000
   5676.2500       0.000
   5677.5000       0.000
   5678.7500       0.000
   5680.0000       0.000
   5681.2500       0.000
   5682.5000       0.000
   5683.7500       0.000
   5685.0000       0.000
   5686.2500       0.000
   5687.5000       0.000
   5688.7500       0.000
   5690.0000       0.000
   5691.2500       0.000
   5692.5000       0.000
   5693.7500       0.000
   5695.0000       0.000
   5696.2500       0.000
   5697.5000       0.000
   5698.7500       0.000
   5700.0000       0.000
   5701.2500       0.000
   5702.5000       0.000
   5703.7500       0.000
   5705.0000       0.000
   5706.2500       0.000
   5707.5000       0.000
   5708.7500       0.000
   5710.0000       0.000
   5711.2500       0.000
   5712.5000       0.000
   5713.7500       0.000
   5715.0000       0.000
   5716.2500       0.000
   5717.5000       0.000
   5718.7500       0.000
   5720.0000       0.000
   5721.2500       0.000
   5722.5000       0.000
   5723.7500       0.000
   5725.0000       0.000
   5726.2500       0.000
   5727.5000       0.000
   5728.7500       0.000
   5730.0000       0.000
   5731.2500       0.000
   5732.5000       0.000
   5733.7500       0.000
   5735.0000       0.000
   5736.2500       0.000
   5737.5000       0.000
   5738.7500       0.000
   5740.0000       0.000
   5741.2500       0.000
   5742.5000       0.000
   5743.7500       0.000
   5745.0000       0.000
   5746.2500       0.000
   5747.5000       0.000
   5748.7500       0.000
   5750.0000       0.000
   5751.2500       0.000
   5752.5000       0.000
   5753.7500       0.000
   5755.0000       0.000
   5756.2500       0.000
   5757.5000       0.000
   5758.7500       0.000
   5760.0000       0.000
   5761.2500       0.000
   5762.5000       0.000
   5763.7500       0.000
   5765.0000       0.000
   5766.2500       0.000
   5767.5000       0.000
   5768.7500       0.000
   5770.0000       0.000
   5771.2500       0.000
   5772.5000       0.000
   5773.7500       0.000
   5775.0000       0.000
   5776.2500       0.000
   5777.5000       0.000
   5778.7500       0.000
   5780.0000       0.000
   5781.2500       0.000
   5782.5000       0.000
   5783.7500       0.000
   5785.0000       0.000
   5786.2500       0.000
   5787.5000       0.000
   5788.7500       0.000
   5790.0000       0.000
   5791.2500       0.000
   5792.5000       0.000
   5793.7500       0.000
   5795.0000       0.000
   5796.2500       0.000
   5797.5000       0.000
   5798.7500       0.000
