   1400.0000   7.786E-16
   1403.0000   7.880E-16
   1406.0000   7.975E-16
   1409.0000   8.071E-16
   1412.0000   8.168E-16
   1415.0000   8.265E-16
   1418.0000   8.363E-16
   1421.0000   8.461E-16
   1424.0000   8.561E-16
   1427.0000   8.661E-16
   1430.0000   8.761E-16
   1433.0000   8.863E-16
   1436.0000   8.965E-16
   1439.0000   9.068E-16
   1442.0000   9.171E-16
   1445.0000   9.276E-16
   1448.0000   9.380E-16
   1451.0000   9.486E-16
   1454.0000   9.592E-16
   1457.0000   9.699E-16
   1460.0000   9.807E-16
   1463.0000   9.915E-16
   1466.0000   1.002E-15
   1469.0000   1.013E-15
   1472.0000   1.024E-15
   1475.0000   1.036E-15
   1478.0000   1.047E-15
   1481.0000   1.058E-15
   1484.0000   1.069E-15
   1487.0000   1.081E-15
   1490.0000   1.092E-15
   1493.0000   1.104E-15
   1496.0000   1.115E-15
   1499.0000   1.127E-15
   1502.0000   1.139E-15
   1505.0000   1.151E-15
   1508.0000   1.162E-15
   1511.0000   1.174E-15
   1514.0000   1.186E-15
   1517.0000   1.198E-15
   1520.0000   1.211E-15
   1523.0000   1.223E-15
   1526.0000   1.235E-15
   1529.0000   1.247E-15
   1532.0000   1.260E-15
   1535.0000   1.272E-15
   1538.0000   1.285E-15
   1541.0000   1.298E-15
   1544.0000   1.310E-15
   1547.0000   1.323E-15
   1550.0000   1.336E-15
   1553.0000   1.349E-15
   1556.0000   1.362E-15
   1559.0000   1.375E-15
   1562.0000   1.388E-15
   1565.0000   1.401E-15
   1568.0000   1.414E-15
   1571.0000   1.427E-15
   1574.0000   1.441E-15
   1577.0000   1.454E-15
   1580.0000   1.468E-15
   1583.0000   1.481E-15
   1586.0000   1.495E-15
   1589.0000   1.508E-15
   1592.0000   1.522E-15
   1595.0000   1.536E-15
   1598.0000   1.550E-15
   1601.0000   1.564E-15
   1604.0000   1.578E-15
   1607.0000   1.592E-15
   1610.0000   1.606E-15
   1613.0000   1.620E-15
   1616.0000   1.634E-15
   1619.0000   1.648E-15
   1622.0000   1.663E-15
   1625.0000   1.677E-15
   1628.0000   1.692E-15
   1631.0000   1.706E-15
   1634.0000   1.721E-15
   1637.0000   1.736E-15
   1640.0000   1.750E-15
   1643.0000   1.765E-15
   1646.0000   1.780E-15
   1649.0000   1.795E-15
   1652.0000   1.810E-15
   1655.0000   1.825E-15
   1658.0000   1.840E-15
   1661.0000   1.855E-15
   1664.0000   1.870E-15
   1667.0000   1.885E-15
   1670.0000   1.901E-15
   1673.0000   1.916E-15
   1676.0000   1.931E-15
   1679.0000   1.947E-15
   1682.0000   1.963E-15
   1685.0000   1.978E-15
   1688.0000   1.994E-15
   1691.0000   2.009E-15
   1694.0000   2.025E-15
   1697.0000   2.041E-15
   1700.0000   2.057E-15
   1703.0000   2.073E-15
   1706.0000   2.089E-15
   1709.0000   2.104E-15
   1712.0000   2.121E-15
   1715.0000   2.137E-15
   1718.0000   2.153E-15
   1721.0000   2.169E-15
   1724.0000   2.185E-15
   1727.0000   2.201E-15
   1730.0000   2.218E-15
   1733.0000   2.234E-15
   1736.0000   2.250E-15
   1739.0000   2.267E-15
   1742.0000   2.284E-15
   1745.0000   2.300E-15
   1748.0000   2.317E-15
   1751.0000   2.333E-15
   1754.0000   2.350E-15
   1757.0000   2.367E-15
   1760.0000   2.384E-15
   1763.0000   2.400E-15
   1766.0000   2.417E-15
   1769.0000   2.434E-15
   1772.0000   2.451E-15
   1775.0000   2.468E-15
   1778.0000   2.485E-15
   1781.0000   2.502E-15
   1784.0000   2.520E-15
   1787.0000   2.537E-15
   1790.0000   2.554E-15
   1793.0000   2.571E-15
   1796.0000   2.588E-15
   1799.0000   2.606E-15
   1802.0000   2.623E-15
   1805.0000   2.640E-15
   1808.0000   2.658E-15
   1811.0000   2.675E-15
   1814.0000   2.693E-15
   1817.0000   2.710E-15
   1820.0000   2.729E-15
   1823.0000   2.747E-15
   1826.0000   2.764E-15
   1829.0000   2.782E-15
   1832.0000   2.800E-15
   1835.0000   2.818E-15
   1838.0000   2.836E-15
   1841.0000   2.853E-15
   1844.0000   2.871E-15
   1847.0000   2.889E-15
   1850.0000   2.907E-15
   1853.0000   2.925E-15
   1856.0000   2.944E-15
   1859.0000   2.962E-15
   1862.0000   2.980E-15
   1865.0000   2.998E-15
   1868.0000   3.016E-15
   1871.0000   3.035E-15
   1874.0000   3.053E-15
   1877.0000   3.071E-15
   1880.0000   3.091E-15
   1883.0000   3.109E-15
   1886.0000   3.128E-15
   1889.0000   3.146E-15
   1892.0000   3.165E-15
   1895.0000   3.183E-15
   1898.0000   3.202E-15
   1901.0000   3.220E-15
   1904.0000   3.239E-15
   1907.0000   3.258E-15
   1910.0000   3.277E-15
   1913.0000   3.295E-15
   1916.0000   3.314E-15
   1919.0000   3.333E-15
   1922.0000   3.352E-15
   1925.0000   3.371E-15
   1928.0000   3.389E-15
   1931.0000   3.408E-15
   1934.0000   3.427E-15
   1937.0000   3.446E-15
   1940.0000   3.465E-15
   1943.0000   3.484E-15
   1946.0000   3.503E-15
   1949.0000   3.523E-15
   1952.0000   3.542E-15
   1955.0000   3.561E-15
   1958.0000   3.580E-15
   1961.0000   3.599E-15
   1964.0000   3.619E-15
   1967.0000   3.638E-15
   1970.0000   3.657E-15
   1973.0000   3.676E-15
   1976.0000   3.696E-15
   1979.0000   3.715E-15
   1982.0000   3.734E-15
   1985.0000   3.754E-15
   1988.0000   3.773E-15
   1991.0000   3.793E-15
   1994.0000   3.812E-15
   1997.0000   3.832E-15
   2000.0000   3.851E-15
   2003.0000   3.871E-15
   2006.0000   3.890E-15
   2009.0000   3.910E-15
   2012.0000   3.929E-15
   2015.0000   3.949E-15
   2018.0000   3.969E-15
   2021.0000   3.988E-15
   2024.0000   4.008E-15
   2027.0000   4.028E-15
   2030.0000   4.047E-15
   2033.0000   4.067E-15
   2036.0000   4.087E-15
   2039.0000   4.107E-15
   2042.0000   4.126E-15
   2045.0000   4.146E-15
   2048.0000   4.166E-15
   2051.0000   4.186E-15
   2054.0000   4.206E-15
   2057.0000   4.225E-15
   2060.0000   4.245E-15
   2063.0000   4.265E-15
   2066.0000   4.285E-15
   2069.0000   4.305E-15
   2072.0000   4.325E-15
   2075.0000   4.345E-15
   2078.0000   4.365E-15
   2081.0000   4.385E-15
   2084.0000   4.405E-15
   2087.0000   4.425E-15
   2090.0000   4.445E-15
   2093.0000   4.465E-15
   2096.0000   4.485E-15
   2099.0000   4.505E-15
   2102.0000   4.525E-15
   2105.0000   4.545E-15
   2108.0000   4.565E-15
   2111.0000   4.585E-15
   2114.0000   4.605E-15
   2117.0000   4.625E-15
   2120.0000   4.645E-15
   2123.0000   4.665E-15
   2126.0000   4.685E-15
   2129.0000   4.705E-15
   2132.0000   4.725E-15
   2135.0000   4.745E-15
   2138.0000   4.766E-15
   2141.0000   4.786E-15
   2144.0000   4.806E-15
   2147.0000   4.826E-15
   2150.0000   4.846E-15
   2153.0000   4.866E-15
   2156.0000   4.886E-15
   2159.0000   4.906E-15
   2162.0000   4.927E-15
   2165.0000   4.947E-15
   2168.0000   4.967E-15
   2171.0000   4.987E-15
   2174.0000   5.007E-15
   2177.0000   5.027E-15
   2180.0000   5.047E-15
   2183.0000   5.068E-15
   2186.0000   5.088E-15
   2189.0000   5.108E-15
   2192.0000   5.128E-15
   2195.0000   5.148E-15
   2198.0000   5.168E-15
   2201.0000   5.189E-15
   2204.0000   5.209E-15
   2207.0000   5.229E-15
   2210.0000   5.249E-15
   2213.0000   5.269E-15
   2216.0000   5.289E-15
   2219.0000   5.309E-15
   2222.0000   5.329E-15
   2225.0000   5.350E-15
   2228.0000   5.370E-15
   2231.0000   5.390E-15
   2234.0000   5.410E-15
   2237.0000   5.430E-15
   2240.0000   5.450E-15
   2243.0000   5.470E-15
   2246.0000   5.490E-15
   2249.0000   5.510E-15
   2252.0000   5.530E-15
   2255.0000   5.550E-15
   2258.0000   5.571E-15
   2261.0000   5.591E-15
   2264.0000   5.611E-15
   2267.0000   5.631E-15
   2270.0000   5.651E-15
   2273.0000   5.671E-15
   2276.0000   5.691E-15
   2279.0000   5.711E-15
   2282.0000   5.731E-15
   2285.0000   5.751E-15
   2288.0000   5.771E-15
   2291.0000   5.791E-15
   2294.0000   5.810E-15
   2297.0000   5.830E-15
   2300.0000   5.850E-15
   2303.0000   5.870E-15
   2306.0000   5.890E-15
   2309.0000   5.910E-15
   2312.0000   5.930E-15
   2315.0000   5.950E-15
   2318.0000   5.970E-15
   2321.0000   5.989E-15
   2324.0000   6.009E-15
   2327.0000   6.029E-15
   2330.0000   6.049E-15
   2333.0000   6.069E-15
   2336.0000   6.088E-15
   2339.0000   6.108E-15
   2342.0000   6.128E-15
   2345.0000   6.147E-15
   2348.0000   6.167E-15
   2351.0000   6.187E-15
   2354.0000   6.206E-15
   2357.0000   6.226E-15
   2360.0000   6.246E-15
   2363.0000   6.265E-15
   2366.0000   6.285E-15
   2369.0000   6.304E-15
   2372.0000   6.324E-15
   2375.0000   6.344E-15
   2378.0000   6.363E-15
   2381.0000   6.383E-15
   2384.0000   6.402E-15
   2387.0000   6.422E-15
   2390.0000   6.441E-15
   2393.0000   6.460E-15
   2396.0000   6.480E-15
   2399.0000   6.499E-15
   2402.0000   6.518E-15
   2405.0000   6.538E-15
   2408.0000   6.557E-15
   2411.0000   6.576E-15
   2414.0000   6.596E-15
   2417.0000   6.615E-15
   2420.0000   6.634E-15
   2423.0000   6.653E-15
   2426.0000   6.672E-15
   2429.0000   6.692E-15
   2432.0000   6.711E-15
   2435.0000   6.730E-15
   2438.0000   6.749E-15
   2441.0000   6.768E-15
   2444.0000   6.787E-15
   2447.0000   6.806E-15
   2450.0000   6.825E-15
   2453.0000   6.844E-15
   2456.0000   6.863E-15
   2459.0000   6.882E-15
   2462.0000   6.901E-15
   2465.0000   6.920E-15
   2468.0000   6.938E-15
   2471.0000   6.957E-15
   2474.0000   6.976E-15
   2477.0000   6.995E-15
   2480.0000   7.013E-15
   2483.0000   7.032E-15
   2486.0000   7.051E-15
   2489.0000   7.069E-15
   2492.0000   7.088E-15
   2495.0000   7.107E-15
   2498.0000   7.125E-15
   2501.0000   7.144E-15
   2504.0000   7.162E-15
   2507.0000   7.181E-15
   2510.0000   7.199E-15
   2513.0000   7.217E-15
   2516.0000   7.236E-15
   2519.0000   7.254E-15
   2522.0000   7.272E-15
   2525.0000   7.291E-15
   2528.0000   7.309E-15
   2531.0000   7.327E-15
   2534.0000   7.345E-15
   2537.0000   7.363E-15
   2540.0000   7.382E-15
   2543.0000   7.400E-15
   2546.0000   7.418E-15
   2549.0000   7.436E-15
   2552.0000   7.454E-15
   2555.0000   7.472E-15
   2558.0000   7.490E-15
   2561.0000   7.508E-15
   2564.0000   7.525E-15
   2567.0000   7.543E-15
   2570.0000   7.561E-15
   2573.0000   7.579E-15
   2576.0000   7.596E-15
   2579.0000   7.614E-15
   2582.0000   7.632E-15
   2585.0000   7.649E-15
   2588.0000   7.667E-15
   2591.0000   7.685E-15
   2594.0000   7.702E-15
   2597.0000   7.720E-15
   2600.0000   7.737E-15
   2603.0000   7.754E-15
   2606.0000   7.772E-15
   2609.0000   7.789E-15
   2612.0000   7.806E-15
   2615.0000   7.824E-15
   2618.0000   7.841E-15
   2621.0000   7.858E-15
   2624.0000   7.875E-15
   2627.0000   7.892E-15
   2630.0000   7.909E-15
   2633.0000   7.926E-15
   2636.0000   7.943E-15
   2639.0000   7.960E-15
   2642.0000   7.977E-15
   2645.0000   7.994E-15
   2648.0000   8.011E-15
   2651.0000   8.028E-15
   2654.0000   8.045E-15
   2657.0000   8.061E-15
   2660.0000   8.078E-15
   2663.0000   8.095E-15
   2666.0000   8.111E-15
   2669.0000   8.128E-15
   2672.0000   8.144E-15
   2675.0000   8.161E-15
   2678.0000   8.177E-15
   2681.0000   8.194E-15
   2684.0000   8.210E-15
   2687.0000   8.226E-15
   2690.0000   8.243E-15
   2693.0000   8.259E-15
   2696.0000   8.275E-15
   2699.0000   8.291E-15
   2702.0000   8.307E-15
   2705.0000   8.323E-15
   2708.0000   8.339E-15
   2711.0000   8.355E-15
   2714.0000   8.371E-15
   2717.0000   8.387E-15
   2720.0000   8.403E-15
   2723.0000   8.419E-15
   2726.0000   8.435E-15
   2729.0000   8.450E-15
   2732.0000   8.466E-15
   2735.0000   8.482E-15
   2738.0000   8.497E-15
   2741.0000   8.513E-15
   2744.0000   8.528E-15
   2747.0000   8.544E-15
   2750.0000   8.559E-15
   2753.0000   8.575E-15
   2756.0000   8.590E-15
   2759.0000   8.605E-15
   2762.0000   8.620E-15
   2765.0000   8.636E-15
   2768.0000   8.651E-15
   2771.0000   8.666E-15
   2774.0000   8.681E-15
   2777.0000   8.696E-15
   2780.0000   8.711E-15
   2783.0000   8.726E-15
   2786.0000   8.741E-15
   2789.0000   8.755E-15
   2792.0000   8.770E-15
   2795.0000   8.785E-15
   2798.0000   8.800E-15
   2801.0000   8.814E-15
   2804.0000   8.829E-15
   2807.0000   8.843E-15
   2810.0000   8.858E-15
   2813.0000   8.872E-15
   2816.0000   8.887E-15
   2819.0000   8.901E-15
   2822.0000   8.915E-15
   2825.0000   8.930E-15
   2828.0000   8.944E-15
   2831.0000   8.958E-15
   2834.0000   8.972E-15
   2837.0000   8.986E-15
   2840.0000   9.000E-15
   2843.0000   9.014E-15
   2846.0000   9.028E-15
   2849.0000   9.042E-15
   2852.0000   9.056E-15
   2855.0000   9.069E-15
   2858.0000   9.083E-15
   2861.0000   9.097E-15
   2864.0000   9.110E-15
   2867.0000   9.124E-15
   2870.0000   9.137E-15
   2873.0000   9.151E-15
   2876.0000   9.164E-15
   2879.0000   9.178E-15
   2882.0000   9.191E-15
   2885.0000   9.204E-15
   2888.0000   9.217E-15
   2891.0000   9.231E-15
   2894.0000   9.244E-15
   2897.0000   9.257E-15
   2900.0000   9.270E-15
   2903.0000   9.283E-15
   2906.0000   9.296E-15
   2909.0000   9.308E-15
   2912.0000   9.321E-15
   2915.0000   9.334E-15
   2918.0000   9.347E-15
   2921.0000   9.359E-15
   2924.0000   9.372E-15
   2927.0000   9.384E-15
   2930.0000   9.397E-15
   2933.0000   9.409E-15
   2936.0000   9.422E-15
   2939.0000   9.434E-15
   2942.0000   9.446E-15
   2945.0000   9.458E-15
   2948.0000   9.470E-15
   2951.0000   9.483E-15
   2954.0000   9.495E-15
   2957.0000   9.507E-15
   2960.0000   9.518E-15
   2963.0000   9.530E-15
   2966.0000   9.542E-15
   2969.0000   9.554E-15
   2972.0000   9.566E-15
   2975.0000   9.577E-15
   2978.0000   9.589E-15
   2981.0000   9.600E-15
   2984.0000   9.612E-15
   2987.0000   9.623E-15
   2990.0000   9.635E-15
   2993.0000   9.646E-15
   2996.0000   9.657E-15
   2999.0000   9.668E-15
   3002.0000   9.680E-15
   3005.0000   9.691E-15
   3008.0000   9.702E-15
   3011.0000   9.713E-15
   3014.0000   9.724E-15
   3017.0000   9.734E-15
   3020.0000   9.745E-15
   3023.0000   9.756E-15
   3026.0000   9.767E-15
   3029.0000   9.777E-15
   3032.0000   9.788E-15
   3035.0000   9.798E-15
   3038.0000   9.809E-15
   3041.0000   9.819E-15
   3044.0000   9.829E-15
   3047.0000   9.840E-15
   3050.0000   9.850E-15
   3053.0000   9.860E-15
   3056.0000   9.870E-15
   3059.0000   9.880E-15
   3062.0000   9.890E-15
   3065.0000   9.900E-15
   3068.0000   9.910E-15
   3071.0000   9.920E-15
   3074.0000   9.929E-15
   3077.0000   9.939E-15
   3080.0000   9.949E-15
   3083.0000   9.958E-15
   3086.0000   9.968E-15
   3089.0000   9.977E-15
   3092.0000   9.986E-15
   3095.0000   9.996E-15
   3098.0000   1.000E-14
   3101.0000   1.001E-14
   3104.0000   1.002E-14
   3107.0000   1.003E-14
   3110.0000   1.004E-14
   3113.0000   1.005E-14
   3116.0000   1.006E-14
   3119.0000   1.007E-14
   3122.0000   1.008E-14
   3125.0000   1.008E-14
   3128.0000   1.009E-14
   3131.0000   1.010E-14
   3134.0000   1.011E-14
   3137.0000   1.012E-14
   3140.0000   1.013E-14
   3143.0000   1.014E-14
   3146.0000   1.014E-14
   3149.0000   1.015E-14
   3152.0000   1.016E-14
   3155.0000   1.017E-14
   3158.0000   1.018E-14
   3161.0000   1.018E-14
   3164.0000   1.019E-14
   3167.0000   1.020E-14
   3170.0000   1.021E-14
   3173.0000   1.021E-14
   3176.0000   1.022E-14
   3179.0000   1.023E-14
   3182.0000   1.024E-14
   3185.0000   1.024E-14
   3188.0000   1.025E-14
   3191.0000   1.026E-14
   3194.0000   1.027E-14
   3197.0000   1.027E-14
   3200.0000   1.028E-14
   3203.0000   1.029E-14
   3206.0000   1.029E-14
   3209.0000   1.030E-14
   3212.0000   1.031E-14
   3215.0000   1.031E-14
   3218.0000   1.032E-14
   3221.0000   1.033E-14
   3224.0000   1.033E-14
   3227.0000   1.034E-14
   3230.0000   1.034E-14
   3233.0000   1.035E-14
   3236.0000   1.036E-14
   3239.0000   1.036E-14
   3242.0000   1.037E-14
   3245.0000   1.037E-14
   3248.0000   1.038E-14
   3251.0000   1.038E-14
   3254.0000   1.039E-14
   3257.0000   1.040E-14
   3260.0000   1.040E-14
   3263.0000   1.041E-14
   3266.0000   1.041E-14
   3269.0000   1.042E-14
   3272.0000   1.042E-14
   3275.0000   1.043E-14
   3278.0000   1.043E-14
   3281.0000   1.044E-14
   3284.0000   1.044E-14
   3287.0000   1.045E-14
   3290.0000   1.045E-14
   3293.0000   1.045E-14
   3296.0000   1.046E-14
   3299.0000   1.046E-14
   3302.0000   1.047E-14
   3305.0000   1.047E-14
   3308.0000   1.047E-14
   3311.0000   1.048E-14
   3314.0000   1.048E-14
   3317.0000   1.049E-14
   3320.0000   1.049E-14
   3323.0000   1.049E-14
   3326.0000   1.050E-14
   3329.0000   1.050E-14
   3332.0000   1.050E-14
   3335.0000   1.050E-14
   3338.0000   1.051E-14
   3341.0000   1.051E-14
   3344.0000   1.051E-14
   3347.0000   1.052E-14
   3350.0000   1.052E-14
   3353.0000   1.052E-14
   3356.0000   1.052E-14
   3359.0000   1.052E-14
   3362.0000   1.053E-14
   3365.0000   1.053E-14
   3368.0000   1.053E-14
   3371.0000   1.053E-14
   3374.0000   1.053E-14
   3377.0000   1.053E-14
   3380.0000   1.054E-14
   3383.0000   1.054E-14
   3386.0000   1.054E-14
   3389.0000   1.054E-14
   3392.0000   1.054E-14
   3395.0000   1.054E-14
   3398.0000   1.054E-14
   3401.0000   1.054E-14
   3404.0000   1.054E-14
   3407.0000   1.054E-14
   3410.0000   1.054E-14
   3413.0000   1.054E-14
   3416.0000   1.054E-14
   3419.0000   1.054E-14
   3422.0000   1.054E-14
   3425.0000   1.054E-14
   3428.0000   1.053E-14
   3431.0000   1.053E-14
   3434.0000   1.053E-14
   3437.0000   1.053E-14
   3440.0000   1.053E-14
   3443.0000   1.053E-14
   3446.0000   1.052E-14
   3449.0000   1.052E-14
   3452.0000   1.052E-14
   3455.0000   1.051E-14
   3458.0000   1.051E-14
   3461.0000   1.051E-14
   3464.0000   1.050E-14
   3467.0000   1.050E-14
   3470.0000   1.050E-14
   3473.0000   1.049E-14
   3476.0000   1.049E-14
   3479.0000   1.048E-14
   3482.0000   1.048E-14
   3485.0000   1.047E-14
   3488.0000   1.047E-14
   3491.0000   1.046E-14
   3494.0000   1.045E-14
   3497.0000   1.045E-14
   3500.0000   1.044E-14
   3503.0000   1.043E-14
   3506.0000   1.042E-14
   3509.0000   1.041E-14
   3512.0000   1.041E-14
   3515.0000   1.040E-14
   3518.0000   1.039E-14
   3521.0000   1.038E-14
   3524.0000   1.037E-14
   3527.0000   1.036E-14
   3530.0000   1.035E-14
   3533.0000   1.033E-14
   3536.0000   1.032E-14
   3539.0000   1.031E-14
   3542.0000   1.030E-14
   3545.0000   1.028E-14
   3548.0000   1.027E-14
   3551.0000   1.025E-14
   3554.0000   1.024E-14
   3557.0000   1.022E-14
   3560.0000   1.021E-14
   3563.0000   1.019E-14
   3566.0000   1.017E-14
   3569.0000   1.015E-14
   3572.0000   1.013E-14
   3575.0000   1.011E-14
   3578.0000   1.009E-14
   3581.0000   1.007E-14
   3584.0000   1.004E-14
   3587.0000   1.002E-14
   3590.0000   9.996E-15
   3593.0000   9.971E-15
   3596.0000   9.944E-15
   3599.0000   9.917E-15
   3602.0000   9.888E-15
   3605.0000   9.859E-15
   3608.0000   9.828E-15
   3611.0000   9.797E-15
   3614.0000   9.764E-15
   3617.0000   9.731E-15
   3620.0000   9.697E-15
   3623.0000   9.661E-15
   3626.0000   9.625E-15
   3629.0000   9.587E-15
   3632.0000   9.548E-15
   3635.0000   9.509E-15
   3638.0000   9.468E-15
   3641.0000   9.426E-15
   3644.0000   9.383E-15
   3647.0000   9.339E-15
   3650.0000   9.294E-15
   3653.0000   9.248E-15
   3656.0000   9.200E-15
   3659.0000   9.151E-15
   3662.0000   9.101E-15
   3665.0000   9.050E-15
   3668.0000   8.997E-15
   3671.0000   8.943E-15
   3674.0000   8.888E-15
   3677.0000   8.831E-15
   3680.0000   8.774E-15
   3683.0000   8.715E-15
   3686.0000   8.655E-15
   3689.0000   8.594E-15
   3692.0000   8.532E-15
   3695.0000   8.469E-15
   3698.0000   8.405E-15
   3701.0000   8.341E-15
   3704.0000   8.275E-15
   3707.0000   8.210E-15
   3710.0000   8.143E-15
   3713.0000   8.077E-15
   3716.0000   8.010E-15
   3719.0000   7.943E-15
   3722.0000   7.875E-15
   3725.0000   7.808E-15
   3728.0000   7.741E-15
   3731.0000   7.673E-15
   3734.0000   7.606E-15
   3737.0000   7.539E-15
   3740.0000   7.473E-15
   3743.0000   7.406E-15
   3746.0000   7.340E-15
   3749.0000   7.275E-15
   3752.0000   7.209E-15
   3755.0000   7.145E-15
   3758.0000   7.080E-15
   3761.0000   7.017E-15
   3764.0000   6.954E-15
   3767.0000   6.891E-15
   3770.0000   6.830E-15
   3773.0000   6.768E-15
   3776.0000   6.708E-15
   3779.0000   6.648E-15
   3782.0000   6.589E-15
   3785.0000   6.530E-15
   3788.0000   6.473E-15
   3791.0000   6.415E-15
   3794.0000   6.359E-15
   3797.0000   6.303E-15
   3800.0000   6.248E-15
   3803.0000   6.194E-15
   3806.0000   6.141E-15
   3809.0000   6.088E-15
   3812.0000   6.036E-15
   3815.0000   5.984E-15
   3818.0000   5.934E-15
   3821.0000   5.884E-15
   3824.0000   5.834E-15
   3827.0000   5.785E-15
   3830.0000   5.737E-15
   3833.0000   5.690E-15
   3836.0000   5.643E-15
   3839.0000   5.597E-15
   3842.0000   5.552E-15
   3845.0000   5.507E-15
   3848.0000   5.463E-15
   3851.0000   5.419E-15
   3854.0000   5.376E-15
   3857.0000   5.334E-15
   3860.0000   5.293E-15
   3863.0000   5.252E-15
   3866.0000   5.212E-15
   3869.0000   5.172E-15
   3872.0000   5.132E-15
   3875.0000   5.093E-15
   3878.0000   5.054E-15
   3881.0000   5.016E-15
   3884.0000   4.978E-15
   3887.0000   4.940E-15
   3890.0000   4.902E-15
   3893.0000   4.865E-15
   3896.0000   4.828E-15
   3899.0000   4.791E-15
   3902.0000   4.755E-15
   3905.0000   4.720E-15
   3908.0000   4.685E-15
   3911.0000   4.651E-15
   3914.0000   4.617E-15
   3917.0000   4.585E-15
   3920.0000   4.553E-15
   3923.0000   4.522E-15
   3926.0000   4.493E-15
   3929.0000   4.464E-15
   3932.0000   4.436E-15
   3935.0000   4.409E-15
   3938.0000   4.382E-15
   3941.0000   4.356E-15
   3944.0000   4.330E-15
   3947.0000   4.304E-15
   3950.0000   4.278E-15
   3953.0000   4.251E-15
   3956.0000   4.224E-15
   3959.0000   4.196E-15
   3962.0000   4.168E-15
   3965.0000   4.138E-15
   3968.0000   4.107E-15
   3971.0000   4.075E-15
   3974.0000   4.041E-15
   3977.0000   4.007E-15
   3980.0000   3.971E-15
   3983.0000   3.935E-15
   3986.0000   3.898E-15
   3989.0000   3.860E-15
   3992.0000   3.821E-15
   3995.0000   3.783E-15
   3998.0000   3.745E-15
   4001.0000   3.707E-15
   4004.0000   3.670E-15
   4007.0000   3.633E-15
   4010.0000   3.598E-15
   4013.0000   3.564E-15
   4016.0000   3.532E-15
   4019.0000   3.501E-15
   4022.0000   3.472E-15
   4025.0000   3.445E-15
   4028.0000   3.420E-15
   4031.0000   3.397E-15
   4034.0000   3.376E-15
   4037.0000   3.357E-15
   4040.0000   3.340E-15
   4043.0000   3.325E-15
   4046.0000   3.312E-15
   4049.0000   3.300E-15
   4052.0000   3.290E-15
   4055.0000   3.281E-15
   4058.0000   3.274E-15
   4061.0000   3.267E-15
   4064.0000   3.261E-15
   4067.0000   3.255E-15
   4070.0000   3.249E-15
   4073.0000   3.242E-15
   4076.0000   3.235E-15
   4079.0000   3.226E-15
   4082.0000   3.217E-15
   4085.0000   3.205E-15
   4088.0000   3.192E-15
   4091.0000   3.176E-15
   4094.0000   3.158E-15
   4097.0000   3.137E-15
   4100.0000   3.114E-15
   4103.0000   3.088E-15
   4106.0000   3.058E-15
   4109.0000   3.026E-15
   4112.0000   2.991E-15
   4115.0000   2.954E-15
   4118.0000   2.914E-15
   4121.0000   2.871E-15
   4124.0000   2.827E-15
   4127.0000   2.780E-15
   4130.0000   2.732E-15
   4133.0000   2.683E-15
   4136.0000   2.633E-15
   4139.0000   2.581E-15
   4142.0000   2.530E-15
   4145.0000   2.478E-15
   4148.0000   2.426E-15
   4151.0000   2.374E-15
   4154.0000   2.322E-15
   4157.0000   2.271E-15
   4160.0000   2.220E-15
   4163.0000   2.171E-15
   4166.0000   2.122E-15
   4169.0000   2.074E-15
   4172.0000   2.027E-15
   4175.0000   1.981E-15
   4178.0000   1.937E-15
   4181.0000   1.893E-15
   4184.0000   1.851E-15
   4187.0000   1.810E-15
   4190.0000   1.770E-15
   4193.0000   1.731E-15
   4196.0000   1.693E-15
   4199.0000   1.657E-15
   4202.0000   1.622E-15
   4205.0000   1.588E-15
   4208.0000   1.555E-15
   4211.0000   1.523E-15
   4214.0000   1.492E-15
   4217.0000   1.462E-15
   4220.0000   1.433E-15
   4223.0000   1.405E-15
   4226.0000   1.378E-15
   4229.0000   1.352E-15
   4232.0000   1.327E-15
   4235.0000   1.302E-15
   4238.0000   1.279E-15
   4241.0000   1.256E-15
   4244.0000   1.233E-15
   4247.0000   1.212E-15
   4250.0000   1.191E-15
   4253.0000   1.171E-15
   4256.0000   1.151E-15
   4259.0000   1.132E-15
   4262.0000   1.114E-15
   4265.0000   1.096E-15
   4268.0000   1.079E-15
   4271.0000   1.062E-15
   4274.0000   1.046E-15
   4277.0000   1.030E-15
   4280.0000   1.014E-15
   4283.0000   9.995E-16
   4286.0000   9.849E-16
   4289.0000   9.708E-16
   4292.0000   9.571E-16
   4295.0000   9.437E-16
   4298.0000   9.307E-16
   4301.0000   9.180E-16
   4304.0000   9.057E-16
   4307.0000   8.937E-16
   4310.0000   8.820E-16
   4313.0000   8.706E-16
   4316.0000   8.595E-16
   4319.0000   8.487E-16
   4322.0000   8.381E-16
   4325.0000   8.278E-16
   4328.0000   8.177E-16
   4331.0000   8.079E-16
   4334.0000   7.983E-16
   4337.0000   7.889E-16
   4340.0000   7.797E-16
   4343.0000   7.708E-16
   4346.0000   7.620E-16
   4349.0000   7.535E-16
   4352.0000   7.451E-16
   4355.0000   7.369E-16
   4358.0000   7.289E-16
   4361.0000   7.211E-16
   4364.0000   7.134E-16
   4367.0000   7.059E-16
   4370.0000   6.986E-16
   4373.0000   6.914E-16
   4376.0000   6.843E-16
   4379.0000   6.774E-16
   4382.0000   6.706E-16
   4385.0000   6.640E-16
   4388.0000   6.575E-16
   4391.0000   6.511E-16
   4394.0000   6.448E-16
   4397.0000   6.387E-16
   4400.0000   6.326E-16
   4403.0000   6.267E-16
   4406.0000   6.209E-16
   4409.0000   6.152E-16
   4412.0000   6.096E-16
   4415.0000   6.041E-16
   4418.0000   5.987E-16
   4421.0000   5.934E-16
   4424.0000   5.882E-16
   4427.0000   5.830E-16
   4430.0000   5.780E-16
   4433.0000   5.730E-16
   4436.0000   5.682E-16
   4439.0000   5.634E-16
   4442.0000   5.586E-16
   4445.0000   5.540E-16
   4448.0000   5.494E-16
   4451.0000   5.450E-16
   4454.0000   5.405E-16
   4457.0000   5.362E-16
   4460.0000   5.319E-16
   4463.0000   5.277E-16
   4466.0000   5.235E-16
   4469.0000   5.195E-16
   4472.0000   5.154E-16
   4475.0000   5.115E-16
   4478.0000   5.076E-16
   4481.0000   5.037E-16
   4484.0000   4.999E-16
   4487.0000   4.962E-16
   4490.0000   4.925E-16
   4493.0000   4.889E-16
   4496.0000   4.853E-16
   4499.0000   4.818E-16
   4502.0000   4.783E-16
   4505.0000   4.749E-16
   4508.0000   4.715E-16
   4511.0000   4.681E-16
   4514.0000   4.648E-16
   4517.0000   4.616E-16
   4520.0000   4.584E-16
   4523.0000   4.552E-16
   4526.0000   4.521E-16
   4529.0000   4.490E-16
   4532.0000   4.460E-16
   4535.0000   4.430E-16
   4538.0000   4.400E-16
   4541.0000   4.371E-16
   4544.0000   4.342E-16
   4547.0000   4.314E-16
   4550.0000   4.285E-16
   4553.0000   4.258E-16
   4556.0000   4.230E-16
   4559.0000   4.203E-16
   4562.0000   4.176E-16
   4565.0000   4.150E-16
   4568.0000   4.123E-16
   4571.0000   4.098E-16
   4574.0000   4.072E-16
   4577.0000   4.047E-16
   4580.0000   4.022E-16
   4583.0000   3.997E-16
   4586.0000   3.973E-16
   4589.0000   3.949E-16
   4592.0000   3.925E-16
   4595.0000   3.901E-16
   4598.0000   3.878E-16
   4601.0000   3.855E-16
   4604.0000   3.832E-16
   4607.0000   3.810E-16
   4610.0000   3.787E-16
   4613.0000   3.765E-16
   4616.0000   3.743E-16
   4619.0000   3.722E-16
   4622.0000   3.700E-16
   4625.0000   3.679E-16
   4628.0000   3.658E-16
   4631.0000   3.638E-16
   4634.0000   3.617E-16
   4637.0000   3.597E-16
   4640.0000   3.577E-16
   4643.0000   3.557E-16
   4646.0000   3.538E-16
   4649.0000   3.518E-16
   4652.0000   3.499E-16
   4655.0000   3.480E-16
   4658.0000   3.461E-16
   4661.0000   3.442E-16
   4664.0000   3.424E-16
   4667.0000   3.406E-16
   4670.0000   3.387E-16
   4673.0000   3.369E-16
   4676.0000   3.352E-16
   4679.0000   3.334E-16
   4682.0000   3.317E-16
   4685.0000   3.299E-16
   4688.0000   3.282E-16
   4691.0000   3.265E-16
   4694.0000   3.249E-16
   4697.0000   3.232E-16
   4700.0000   3.215E-16
   4703.0000   3.199E-16
   4706.0000   3.183E-16
   4709.0000   3.167E-16
   4712.0000   3.151E-16
   4715.0000   3.135E-16
   4718.0000   3.120E-16
   4721.0000   3.104E-16
   4724.0000   3.089E-16
   4727.0000   3.074E-16
   4730.0000   3.059E-16
   4733.0000   3.044E-16
   4736.0000   3.029E-16
   4739.0000   3.014E-16
   4742.0000   3.000E-16
   4745.0000   2.986E-16
   4748.0000   2.971E-16
   4751.0000   2.957E-16
   4754.0000   2.943E-16
   4757.0000   2.929E-16
   4760.0000   2.915E-16
   4763.0000   2.902E-16
   4766.0000   2.888E-16
   4769.0000   2.875E-16
   4772.0000   2.861E-16
   4775.0000   2.848E-16
   4778.0000   2.835E-16
   4781.0000   2.822E-16
   4784.0000   2.809E-16
   4787.0000   2.796E-16
   4790.0000   2.784E-16
   4793.0000   2.771E-16
   4796.0000   2.758E-16
   4799.0000   2.746E-16
   4802.0000   2.734E-16
   4805.0000   2.722E-16
   4808.0000   2.709E-16
   4811.0000   2.697E-16
   4814.0000   2.685E-16
   4817.0000   2.674E-16
   4820.0000   2.662E-16
   4823.0000   2.650E-16
   4826.0000   2.639E-16
   4829.0000   2.627E-16
   4832.0000   2.616E-16
   4835.0000   2.605E-16
   4838.0000   2.593E-16
   4841.0000   2.582E-16
   4844.0000   2.571E-16
   4847.0000   2.560E-16
   4850.0000   2.549E-16
   4853.0000   2.538E-16
   4856.0000   2.528E-16
   4859.0000   2.517E-16
   4862.0000   2.507E-16
   4865.0000   2.496E-16
   4868.0000   2.486E-16
   4871.0000   2.475E-16
   4874.0000   2.465E-16
   4877.0000   2.455E-16
   4880.0000   2.445E-16
   4883.0000   2.435E-16
   4886.0000   2.425E-16
   4889.0000   2.415E-16
   4892.0000   2.405E-16
   4895.0000   2.395E-16
   4898.0000   2.386E-16
   4901.0000   2.376E-16
   4904.0000   2.366E-16
   4907.0000   2.357E-16
   4910.0000   2.347E-16
   4913.0000   2.338E-16
   4916.0000   2.329E-16
   4919.0000   2.319E-16
   4922.0000   2.310E-16
   4925.0000   2.301E-16
   4928.0000   2.292E-16
   4931.0000   2.283E-16
   4934.0000   2.274E-16
   4937.0000   2.265E-16
   4940.0000   2.256E-16
   4943.0000   2.248E-16
   4946.0000   2.239E-16
   4949.0000   2.230E-16
   4952.0000   2.222E-16
   4955.0000   2.213E-16
   4958.0000   2.205E-16
   4961.0000   2.196E-16
   4964.0000   2.188E-16
   4967.0000   2.180E-16
   4970.0000   2.171E-16
   4973.0000   2.163E-16
   4976.0000   2.155E-16
   4979.0000   2.147E-16
   4982.0000   2.139E-16
   4985.0000   2.131E-16
   4988.0000   2.123E-16
   4991.0000   2.115E-16
   4994.0000   2.107E-16
   4997.0000   2.099E-16
   5000.0000   2.092E-16
   5003.0000   2.084E-16
   5006.0000   2.076E-16
   5009.0000   2.069E-16
   5012.0000   2.061E-16
   5015.0000   2.054E-16
   5018.0000   2.046E-16
   5021.0000   2.039E-16
   5024.0000   2.031E-16
   5027.0000   2.024E-16
   5030.0000   2.017E-16
   5033.0000   2.009E-16
   5036.0000   2.002E-16
   5039.0000   1.995E-16
   5042.0000   1.988E-16
   5045.0000   1.981E-16
   5048.0000   1.974E-16
   5051.0000   1.967E-16
   5054.0000   1.960E-16
   5057.0000   1.953E-16
   5060.0000   1.946E-16
   5063.0000   1.939E-16
   5066.0000   1.932E-16
   5069.0000   1.925E-16
   5072.0000   1.919E-16
   5075.0000   1.912E-16
   5078.0000   1.905E-16
   5081.0000   1.899E-16
   5084.0000   1.892E-16
   5087.0000   1.886E-16
   5090.0000   1.879E-16
   5093.0000   1.873E-16
   5096.0000   1.866E-16
   5099.0000   1.860E-16
   5102.0000   1.853E-16
   5105.0000   1.847E-16
   5108.0000   1.841E-16
   5111.0000   1.835E-16
   5114.0000   1.828E-16
   5117.0000   1.822E-16
   5120.0000   1.816E-16
   5123.0000   1.810E-16
   5126.0000   1.804E-16
   5129.0000   1.798E-16
   5132.0000   1.792E-16
   5135.0000   1.786E-16
   5138.0000   1.780E-16
   5141.0000   1.774E-16
   5144.0000   1.768E-16
   5147.0000   1.762E-16
   5150.0000   1.756E-16
   5153.0000   1.750E-16
   5156.0000   1.745E-16
   5159.0000   1.739E-16
   5162.0000   1.733E-16
   5165.0000   1.728E-16
   5168.0000   1.722E-16
   5171.0000   1.716E-16
   5174.0000   1.711E-16
   5177.0000   1.705E-16
   5180.0000   1.700E-16
   5183.0000   1.694E-16
   5186.0000   1.689E-16
   5189.0000   1.683E-16
   5192.0000   1.678E-16
   5195.0000   1.672E-16
   5198.0000   1.667E-16
   5201.0000   1.662E-16
   5204.0000   1.656E-16
   5207.0000   1.651E-16
   5210.0000   1.646E-16
   5213.0000   1.641E-16
   5216.0000   1.635E-16
   5219.0000   1.630E-16
   5222.0000   1.625E-16
   5225.0000   1.620E-16
   5228.0000   1.615E-16
   5231.0000   1.610E-16
   5234.0000   1.605E-16
   5237.0000   1.600E-16
   5240.0000   1.595E-16
   5243.0000   1.590E-16
   5246.0000   1.585E-16
   5249.0000   1.580E-16
   5252.0000   1.575E-16
   5255.0000   1.570E-16
   5258.0000   1.565E-16
   5261.0000   1.560E-16
   5264.0000   1.555E-16
   5267.0000   1.550E-16
   5270.0000   1.546E-16
   5273.0000   1.541E-16
   5276.0000   1.536E-16
   5279.0000   1.531E-16
   5282.0000   1.527E-16
   5285.0000   1.522E-16
   5288.0000   1.517E-16
   5291.0000   1.513E-16
   5294.0000   1.508E-16
   5297.0000   1.504E-16
   5300.0000   1.499E-16
   5303.0000   1.495E-16
   5306.0000   1.490E-16
   5309.0000   1.486E-16
   5312.0000   1.481E-16
   5315.0000   1.477E-16
   5318.0000   1.472E-16
   5321.0000   1.468E-16
   5324.0000   1.463E-16
   5327.0000   1.459E-16
   5330.0000   1.455E-16
   5333.0000   1.450E-16
   5336.0000   1.446E-16
   5339.0000   1.442E-16
   5342.0000   1.437E-16
   5345.0000   1.433E-16
   5348.0000   1.429E-16
   5351.0000   1.425E-16
   5354.0000   1.420E-16
   5357.0000   1.416E-16
   5360.0000   1.412E-16
   5363.0000   1.408E-16
   5366.0000   1.404E-16
   5369.0000   1.400E-16
   5372.0000   1.396E-16
   5375.0000   1.392E-16
   5378.0000   1.387E-16
   5381.0000   1.383E-16
   5384.0000   1.379E-16
   5387.0000   1.375E-16
   5390.0000   1.371E-16
   5393.0000   1.367E-16
   5396.0000   1.363E-16
   5399.0000   1.359E-16
   5402.0000   1.356E-16
   5405.0000   1.352E-16
   5408.0000   1.348E-16
   5411.0000   1.344E-16
   5414.0000   1.340E-16
   5417.0000   1.336E-16
   5420.0000   1.332E-16
   5423.0000   1.329E-16
   5426.0000   1.325E-16
   5429.0000   1.321E-16
   5432.0000   1.317E-16
   5435.0000   1.313E-16
   5438.0000   1.310E-16
   5441.0000   1.306E-16
   5444.0000   1.302E-16
   5447.0000   1.299E-16
   5450.0000   1.295E-16
   5453.0000   1.291E-16
   5456.0000   1.288E-16
   5459.0000   1.284E-16
   5462.0000   1.280E-16
   5465.0000   1.277E-16
   5468.0000   1.273E-16
   5471.0000   1.270E-16
   5474.0000   1.266E-16
   5477.0000   1.262E-16
   5480.0000   1.259E-16
   5483.0000   1.255E-16
   5486.0000   1.252E-16
   5489.0000   1.248E-16
   5492.0000   1.245E-16
   5495.0000   1.241E-16
   5498.0000   1.238E-16
   5501.0000   1.235E-16
   5504.0000   1.231E-16
   5507.0000   1.228E-16
   5510.0000   1.224E-16
   5513.0000   1.221E-16
   5516.0000   1.218E-16
   5519.0000   1.214E-16
   5522.0000   1.211E-16
   5525.0000   1.208E-16
   5528.0000   1.204E-16
   5531.0000   1.201E-16
   5534.0000   1.198E-16
   5537.0000   1.194E-16
   5540.0000   1.191E-16
   5543.0000   1.188E-16
   5546.0000   1.185E-16
   5549.0000   1.181E-16
   5552.0000   1.178E-16
   5555.0000   1.175E-16
   5558.0000   1.172E-16
   5561.0000   1.169E-16
   5564.0000   1.165E-16
   5567.0000   1.162E-16
   5570.0000   1.159E-16
   5573.0000   1.156E-16
   5576.0000   1.153E-16
   5579.0000   1.150E-16
   5582.0000   1.147E-16
   5585.0000   1.144E-16
   5588.0000   1.140E-16
   5591.0000   1.137E-16
   5594.0000   1.134E-16
   5597.0000   1.131E-16
   5600.0000   1.128E-16
   5603.0000   1.125E-16
   5606.0000   1.122E-16
   5609.0000   1.119E-16
   5612.0000   1.116E-16
   5615.0000   1.113E-16
   5618.0000   1.110E-16
   5621.0000   1.107E-16
   5624.0000   1.104E-16
   5627.0000   1.101E-16
   5630.0000   1.098E-16
   5633.0000   1.096E-16
   5636.0000   1.093E-16
   5639.0000   1.090E-16
   5642.0000   1.087E-16
   5645.0000   1.084E-16
   5648.0000   1.081E-16
   5651.0000   1.078E-16
   5654.0000   1.075E-16
   5657.0000   1.073E-16
   5660.0000   1.070E-16
   5663.0000   1.067E-16
   5666.0000   1.064E-16
   5669.0000   1.061E-16
   5672.0000   1.059E-16
   5675.0000   1.056E-16
   5678.0000   1.053E-16
   5681.0000   1.050E-16
   5684.0000   1.047E-16
   5687.0000   1.045E-16
   5690.0000   1.042E-16
   5693.0000   1.039E-16
   5696.0000   1.037E-16
   5699.0000   1.034E-16
   5702.0000   1.031E-16
   5705.0000   1.028E-16
   5708.0000   1.026E-16
   5711.0000   1.023E-16
   5714.0000   1.020E-16
   5717.0000   1.018E-16
   5720.0000   1.015E-16
   5723.0000   1.012E-16
   5726.0000   1.010E-16
   5729.0000   1.007E-16
   5732.0000   1.005E-16
   5735.0000   1.002E-16
   5738.0000   9.994E-17
   5741.0000   9.968E-17
   5744.0000   9.943E-17
   5747.0000   9.917E-17
   5750.0000   9.891E-17
   5753.0000   9.866E-17
   5756.0000   9.841E-17
   5759.0000   9.815E-17
   5762.0000   9.790E-17
   5765.0000   9.765E-17
   5768.0000   9.740E-17
   5771.0000   9.715E-17
   5774.0000   9.690E-17
   5777.0000   9.665E-17
   5780.0000   9.640E-17
   5783.0000   9.615E-17
   5786.0000   9.591E-17
   5789.0000   9.566E-17
   5792.0000   9.542E-17
   5795.0000   9.517E-17
   5798.0000   9.493E-17
   5801.0000   9.469E-17
   5804.0000   9.445E-17
   5807.0000   9.421E-17
   5810.0000   9.396E-17
   5813.0000   9.373E-17
   5816.0000   9.349E-17
   5819.0000   9.325E-17
   5822.0000   9.301E-17
   5825.0000   9.278E-17
   5828.0000   9.254E-17
   5831.0000   9.230E-17
   5834.0000   9.207E-17
   5837.0000   9.184E-17
   5840.0000   9.160E-17
   5843.0000   9.137E-17
   5846.0000   9.114E-17
   5849.0000   9.091E-17
   5852.0000   9.068E-17
   5855.0000   9.045E-17
   5858.0000   9.022E-17
   5861.0000   8.999E-17
   5864.0000   8.977E-17
   5867.0000   8.954E-17
   5870.0000   8.931E-17
   5873.0000   8.909E-17
   5876.0000   8.886E-17
   5879.0000   8.864E-17
   5882.0000   8.842E-17
   5885.0000   8.819E-17
   5888.0000   8.797E-17
   5891.0000   8.775E-17
   5894.0000   8.753E-17
   5897.0000   8.731E-17
   5900.0000   8.709E-17
   5903.0000   8.687E-17
   5906.0000   8.665E-17
   5909.0000   8.644E-17
   5912.0000   8.622E-17
   5915.0000   8.600E-17
   5918.0000   8.579E-17
   5921.0000   8.557E-17
   5924.0000   8.536E-17
   5927.0000   8.515E-17
   5930.0000   8.493E-17
   5933.0000   8.472E-17
   5936.0000   8.451E-17
   5939.0000   8.430E-17
   5942.0000   8.409E-17
   5945.0000   8.388E-17
   5948.0000   8.367E-17
   5951.0000   8.346E-17
   5954.0000   8.325E-17
   5957.0000   8.304E-17
   5960.0000   8.284E-17
   5963.0000   8.263E-17
   5966.0000   8.242E-17
   5969.0000   8.222E-17
   5972.0000   8.201E-17
   5975.0000   8.181E-17
   5978.0000   8.161E-17
   5981.0000   8.140E-17
   5984.0000   8.120E-17
   5987.0000   8.100E-17
   5990.0000   8.080E-17
   5993.0000   8.060E-17
   5996.0000   8.040E-17
   5999.0000   8.020E-17
   6002.0000   8.000E-17
   6005.0000   7.980E-17
   6008.0000   7.960E-17
   6011.0000   7.940E-17
   6014.0000   7.921E-17
   6017.0000   7.901E-17
   6020.0000   7.881E-17
   6023.0000   7.862E-17
   6026.0000   7.842E-17
   6029.0000   7.823E-17
   6032.0000   7.804E-17
   6035.0000   7.784E-17
   6038.0000   7.765E-17
   6041.0000   7.746E-17
   6044.0000   7.727E-17
   6047.0000   7.708E-17
   6050.0000   7.688E-17
   6053.0000   7.669E-17
   6056.0000   7.650E-17
   6059.0000   7.632E-17
   6062.0000   7.613E-17
   6065.0000   7.594E-17
   6068.0000   7.575E-17
   6071.0000   7.556E-17
   6074.0000   7.538E-17
   6077.0000   7.519E-17
   6080.0000   7.501E-17
   6083.0000   7.482E-17
   6086.0000   7.464E-17
   6089.0000   7.445E-17
   6092.0000   7.427E-17
   6095.0000   7.408E-17
   6098.0000   7.390E-17
   6101.0000   7.372E-17
   6104.0000   7.354E-17
   6107.0000   7.336E-17
   6110.0000   7.318E-17
   6113.0000   7.300E-17
   6116.0000   7.282E-17
   6119.0000   7.264E-17
   6122.0000   7.246E-17
   6125.0000   7.228E-17
   6128.0000   7.210E-17
   6131.0000   7.192E-17
   6134.0000   7.174E-17
   6137.0000   7.157E-17
   6140.0000   7.139E-17
   6143.0000   7.122E-17
   6146.0000   7.104E-17
   6149.0000   7.087E-17
   6152.0000   7.069E-17
   6155.0000   7.052E-17
   6158.0000   7.034E-17
   6161.0000   7.017E-17
   6164.0000   7.000E-17
   6167.0000   6.982E-17
   6170.0000   6.965E-17
   6173.0000   6.948E-17
   6176.0000   6.931E-17
   6179.0000   6.914E-17
   6182.0000   6.897E-17
   6185.0000   6.880E-17
   6188.0000   6.863E-17
   6191.0000   6.846E-17
   6194.0000   6.829E-17
   6197.0000   6.812E-17
   6200.0000   6.796E-17
   6203.0000   6.779E-17
   6206.0000   6.762E-17
   6209.0000   6.746E-17
   6212.0000   6.729E-17
   6215.0000   6.712E-17
   6218.0000   6.696E-17
   6221.0000   6.679E-17
   6224.0000   6.663E-17
   6227.0000   6.647E-17
   6230.0000   6.630E-17
   6233.0000   6.614E-17
   6236.0000   6.598E-17
   6239.0000   6.581E-17
   6242.0000   6.565E-17
   6245.0000   6.549E-17
   6248.0000   6.533E-17
   6251.0000   6.517E-17
   6254.0000   6.501E-17
   6257.0000   6.485E-17
   6260.0000   6.469E-17
   6263.0000   6.453E-17
   6266.0000   6.437E-17
   6269.0000   6.421E-17
   6272.0000   6.405E-17
   6275.0000   6.389E-17
   6278.0000   6.373E-17
   6281.0000   6.358E-17
   6284.0000   6.342E-17
   6287.0000   6.326E-17
   6290.0000   6.311E-17
   6293.0000   6.295E-17
   6296.0000   6.280E-17
   6299.0000   6.264E-17
   6302.0000   6.249E-17
   6305.0000   6.233E-17
   6308.0000   6.218E-17
   6311.0000   6.202E-17
   6314.0000   6.187E-17
   6317.0000   6.172E-17
   6320.0000   6.157E-17
   6323.0000   6.141E-17
   6326.0000   6.126E-17
   6329.0000   6.111E-17
   6332.0000   6.096E-17
   6335.0000   6.081E-17
   6338.0000   6.066E-17
   6341.0000   6.051E-17
   6344.0000   6.036E-17
   6347.0000   6.021E-17
   6350.0000   6.006E-17
   6353.0000   5.991E-17
   6356.0000   5.976E-17
   6359.0000   5.961E-17
   6362.0000   5.947E-17
   6365.0000   5.932E-17
   6368.0000   5.917E-17
   6371.0000   5.903E-17
   6374.0000   5.888E-17
   6377.0000   5.873E-17
   6380.0000   5.859E-17
   6383.0000   5.844E-17
   6386.0000   5.830E-17
   6389.0000   5.815E-17
   6392.0000   5.801E-17
   6395.0000   5.786E-17
   6398.0000   5.772E-17
   6401.0000   5.757E-17
   6404.0000   5.743E-17
   6407.0000   5.729E-17
   6410.0000   5.715E-17
   6413.0000   5.700E-17
   6416.0000   5.686E-17
   6419.0000   5.672E-17
   6422.0000   5.658E-17
   6425.0000   5.644E-17
   6428.0000   5.630E-17
   6431.0000   5.616E-17
   6434.0000   5.602E-17
   6437.0000   5.588E-17
   6440.0000   5.574E-17
   6443.0000   5.560E-17
   6446.0000   5.546E-17
   6449.0000   5.532E-17
   6452.0000   5.518E-17
   6455.0000   5.504E-17
   6458.0000   5.491E-17
   6461.0000   5.477E-17
   6464.0000   5.463E-17
   6467.0000   5.449E-17
   6470.0000   5.436E-17
   6473.0000   5.422E-17
   6476.0000   5.409E-17
   6479.0000   5.395E-17
   6482.0000   5.381E-17
   6485.0000   5.368E-17
   6488.0000   5.354E-17
   6491.0000   5.341E-17
   6494.0000   5.327E-17
   6497.0000   5.314E-17
   6500.0000   5.301E-17
   6503.0000   5.287E-17
   6506.0000   5.274E-17
   6509.0000   5.261E-17
   6512.0000   5.247E-17
   6515.0000   5.234E-17
   6518.0000   5.221E-17
   6521.0000   5.208E-17
   6524.0000   5.195E-17
   6527.0000   5.182E-17
   6530.0000   5.168E-17
   6533.0000   5.155E-17
   6536.0000   5.142E-17
   6539.0000   5.129E-17
   6542.0000   5.116E-17
   6545.0000   5.103E-17
   6548.0000   5.090E-17
   6551.0000   5.078E-17
   6554.0000   5.065E-17
   6557.0000   5.052E-17
   6560.0000   5.039E-17
   6563.0000   5.026E-17
   6566.0000   5.013E-17
   6569.0000   5.001E-17
   6572.0000   4.988E-17
   6575.0000   4.975E-17
   6578.0000   4.963E-17
   6581.0000   4.950E-17
   6584.0000   4.937E-17
   6587.0000   4.925E-17
   6590.0000   4.912E-17
   6593.0000   4.899E-17
   6596.0000   4.887E-17
   6599.0000   4.874E-17
   6602.0000   4.862E-17
   6605.0000   4.850E-17
   6608.0000   4.837E-17
   6611.0000   4.825E-17
   6614.0000   4.812E-17
   6617.0000   4.800E-17
   6620.0000   4.788E-17
   6623.0000   4.775E-17
   6626.0000   4.763E-17
   6629.0000   4.751E-17
   6632.0000   4.739E-17
   6635.0000   4.726E-17
   6638.0000   4.714E-17
   6641.0000   4.702E-17
   6644.0000   4.690E-17
   6647.0000   4.678E-17
   6650.0000   4.666E-17
   6653.0000   4.654E-17
   6656.0000   4.642E-17
   6659.0000   4.630E-17
   6662.0000   4.618E-17
   6665.0000   4.606E-17
   6668.0000   4.594E-17
   6671.0000   4.582E-17
   6674.0000   4.570E-17
   6677.0000   4.558E-17
   6680.0000   4.546E-17
   6683.0000   4.534E-17
   6686.0000   4.522E-17
   6689.0000   4.511E-17
   6692.0000   4.499E-17
   6695.0000   4.487E-17
   6698.0000   4.475E-17
   6701.0000   4.464E-17
   6704.0000   4.452E-17
   6707.0000   4.440E-17
   6710.0000   4.429E-17
   6713.0000   4.417E-17
   6716.0000   4.406E-17
   6719.0000   4.394E-17
   6722.0000   4.383E-17
   6725.0000   4.371E-17
   6728.0000   4.359E-17
   6731.0000   4.348E-17
   6734.0000   4.337E-17
   6737.0000   4.325E-17
   6740.0000   4.314E-17
   6743.0000   4.302E-17
   6746.0000   4.291E-17
   6749.0000   4.280E-17
   6752.0000   4.268E-17
   6755.0000   4.257E-17
   6758.0000   4.246E-17
   6761.0000   4.234E-17
   6764.0000   4.223E-17
   6767.0000   4.212E-17
   6770.0000   4.201E-17
   6773.0000   4.190E-17
   6776.0000   4.178E-17
   6779.0000   4.167E-17
   6782.0000   4.156E-17
   6785.0000   4.145E-17
   6788.0000   4.134E-17
   6791.0000   4.123E-17
   6794.0000   4.112E-17
   6797.0000   4.101E-17
   6800.0000   4.090E-17
   6803.0000   4.079E-17
   6806.0000   4.068E-17
   6809.0000   4.057E-17
   6812.0000   4.046E-17
   6815.0000   4.035E-17
   6818.0000   4.024E-17
   6821.0000   4.013E-17
   6824.0000   4.003E-17
   6827.0000   3.992E-17
   6830.0000   3.981E-17
   6833.0000   3.970E-17
   6836.0000   3.959E-17
   6839.0000   3.949E-17
   6842.0000   3.938E-17
   6845.0000   3.927E-17
   6848.0000   3.917E-17
   6851.0000   3.906E-17
   6854.0000   3.895E-17
   6857.0000   3.885E-17
   6860.0000   3.874E-17
   6863.0000   3.864E-17
   6866.0000   3.853E-17
   6869.0000   3.842E-17
   6872.0000   3.832E-17
   6875.0000   3.821E-17
   6878.0000   3.811E-17
   6881.0000   3.800E-17
   6884.0000   3.790E-17
   6887.0000   3.780E-17
   6890.0000   3.769E-17
   6893.0000   3.759E-17
   6896.0000   3.748E-17
   6899.0000   3.738E-17
   6902.0000   3.728E-17
   6905.0000   3.717E-17
   6908.0000   3.707E-17
   6911.0000   3.697E-17
   6914.0000   3.686E-17
   6917.0000   3.676E-17
   6920.0000   3.666E-17
   6923.0000   3.656E-17
   6926.0000   3.646E-17
   6929.0000   3.635E-17
   6932.0000   3.625E-17
   6935.0000   3.615E-17
   6938.0000   3.605E-17
   6941.0000   3.595E-17
   6944.0000   3.585E-17
   6947.0000   3.575E-17
   6950.0000   3.565E-17
   6953.0000   3.555E-17
   6956.0000   3.545E-17
   6959.0000   3.535E-17
   6962.0000   3.525E-17
   6965.0000   3.515E-17
   6968.0000   3.505E-17
   6971.0000   3.495E-17
   6974.0000   3.485E-17
   6977.0000   3.475E-17
   6980.0000   3.465E-17
   6983.0000   3.455E-17
   6986.0000   3.445E-17
   6989.0000   3.435E-17
   6992.0000   3.426E-17
   6995.0000   3.416E-17
   6998.0000   3.406E-17
   7001.0000   3.396E-17
   7004.0000   3.386E-17
   7007.0000   3.377E-17
   7010.0000   3.367E-17
   7013.0000   3.357E-17
   7016.0000   3.348E-17
   7019.0000   3.338E-17
   7022.0000   3.328E-17
   7025.0000   3.319E-17
   7028.0000   3.309E-17
   7031.0000   3.299E-17
   7034.0000   3.290E-17
   7037.0000   3.280E-17
   7040.0000   3.271E-17
   7043.0000   3.261E-17
   7046.0000   3.252E-17
   7049.0000   3.242E-17
   7052.0000   3.233E-17
   7055.0000   3.223E-17
   7058.0000   3.214E-17
   7061.0000   3.204E-17
   7064.0000   3.195E-17
   7067.0000   3.185E-17
   7070.0000   3.176E-17
   7073.0000   3.167E-17
   7076.0000   3.157E-17
   7079.0000   3.148E-17
   7082.0000   3.139E-17
   7085.0000   3.129E-17
   7088.0000   3.120E-17
   7091.0000   3.111E-17
   7094.0000   3.101E-17
   7097.0000   3.092E-17
   7100.0000   3.083E-17
   7103.0000   3.074E-17
   7106.0000   3.064E-17
   7109.0000   3.055E-17
   7112.0000   3.046E-17
   7115.0000   3.037E-17
   7118.0000   3.028E-17
   7121.0000   3.019E-17
   7124.0000   3.010E-17
   7127.0000   3.000E-17
   7130.0000   2.991E-17
   7133.0000   2.982E-17
   7136.0000   2.973E-17
   7139.0000   2.964E-17
   7142.0000   2.955E-17
   7145.0000   2.946E-17
   7148.0000   2.937E-17
   7151.0000   2.928E-17
   7154.0000   2.919E-17
   7157.0000   2.910E-17
   7160.0000   2.901E-17
   7163.0000   2.892E-17
   7166.0000   2.883E-17
   7169.0000   2.874E-17
   7172.0000   2.866E-17
   7175.0000   2.857E-17
   7178.0000   2.848E-17
   7181.0000   2.839E-17
   7184.0000   2.830E-17
   7187.0000   2.821E-17
   7190.0000   2.813E-17
   7193.0000   2.804E-17
   7196.0000   2.795E-17
   7199.0000   2.786E-17
   7202.0000   2.777E-17
   7205.0000   2.769E-17
   7208.0000   2.760E-17
   7211.0000   2.751E-17
   7214.0000   2.743E-17
   7217.0000   2.734E-17
   7220.0000   2.725E-17
   7223.0000   2.717E-17
   7226.0000   2.708E-17
   7229.0000   2.699E-17
   7232.0000   2.691E-17
   7235.0000   2.682E-17
   7238.0000   2.674E-17
   7241.0000   2.665E-17
   7244.0000   2.656E-17
   7247.0000   2.648E-17
   7250.0000   2.639E-17
   7253.0000   2.631E-17
   7256.0000   2.622E-17
   7259.0000   2.614E-17
   7262.0000   2.605E-17
   7265.0000   2.597E-17
   7268.0000   2.588E-17
   7271.0000   2.580E-17
   7274.0000   2.572E-17
   7277.0000   2.563E-17
   7280.0000   2.555E-17
   7283.0000   2.546E-17
   7286.0000   2.538E-17
   7289.0000   2.530E-17
   7292.0000   2.521E-17
   7295.0000   2.513E-17
   7298.0000   2.505E-17
   7301.0000   2.496E-17
   7304.0000   2.488E-17
   7307.0000   2.480E-17
   7310.0000   2.471E-17
   7313.0000   2.463E-17
   7316.0000   2.455E-17
   7319.0000   2.447E-17
   7322.0000   2.439E-17
   7325.0000   2.430E-17
   7328.0000   2.422E-17
   7331.0000   2.414E-17
   7334.0000   2.406E-17
   7337.0000   2.398E-17
   7340.0000   2.389E-17
   7343.0000   2.381E-17
   7346.0000   2.373E-17
   7349.0000   2.365E-17
   7352.0000   2.357E-17
   7355.0000   2.349E-17
   7358.0000   2.341E-17
   7361.0000   2.333E-17
   7364.0000   2.325E-17
   7367.0000   2.317E-17
   7370.0000   2.309E-17
   7373.0000   2.301E-17
   7376.0000   2.293E-17
   7379.0000   2.285E-17
   7382.0000   2.277E-17
   7385.0000   2.269E-17
   7388.0000   2.261E-17
   7391.0000   2.253E-17
   7394.0000   2.245E-17
   7397.0000   2.237E-17
   7400.0000   2.229E-17
   7403.0000   2.221E-17
   7406.0000   2.213E-17
   7409.0000   2.206E-17
   7412.0000   2.198E-17
   7415.0000   2.190E-17
   7418.0000   2.182E-17
   7421.0000   2.174E-17
   7424.0000   2.166E-17
   7427.0000   2.159E-17
   7430.0000   2.151E-17
   7433.0000   2.143E-17
   7436.0000   2.135E-17
   7439.0000   2.128E-17
   7442.0000   2.120E-17
   7445.0000   2.112E-17
   7448.0000   2.104E-17
   7451.0000   2.097E-17
   7454.0000   2.089E-17
   7457.0000   2.081E-17
   7460.0000   2.074E-17
   7463.0000   2.066E-17
   7466.0000   2.058E-17
   7469.0000   2.051E-17
   7472.0000   2.043E-17
   7475.0000   2.036E-17
   7478.0000   2.028E-17
   7481.0000   2.020E-17
   7484.0000   2.013E-17
   7487.0000   2.005E-17
   7490.0000   1.998E-17
   7493.0000   1.990E-17
   7496.0000   1.983E-17
   7499.0000   1.975E-17
   7502.0000   1.968E-17
   7505.0000   1.960E-17
   7508.0000   1.953E-17
   7511.0000   1.945E-17
   7514.0000   1.938E-17
   7517.0000   1.930E-17
   7520.0000   1.923E-17
   7523.0000   1.915E-17
   7526.0000   1.908E-17
   7529.0000   1.901E-17
   7532.0000   1.893E-17
   7535.0000   1.886E-17
   7538.0000   1.878E-17
   7541.0000   1.871E-17
   7544.0000   1.864E-17
   7547.0000   1.856E-17
   7550.0000   1.849E-17
   7553.0000   1.842E-17
   7556.0000   1.834E-17
   7559.0000   1.827E-17
   7562.0000   1.820E-17
   7565.0000   1.812E-17
   7568.0000   1.805E-17
   7571.0000   1.798E-17
   7574.0000   1.791E-17
   7577.0000   1.783E-17
   7580.0000   1.776E-17
   7583.0000   1.769E-17
   7586.0000   1.762E-17
   7589.0000   1.755E-17
   7592.0000   1.747E-17
   7595.0000   1.740E-17
   7598.0000   1.733E-17
   7601.0000   1.726E-17
   7604.0000   1.719E-17
   7607.0000   1.712E-17
   7610.0000   1.704E-17
   7613.0000   1.697E-17
   7616.0000   1.690E-17
   7619.0000   1.683E-17
   7622.0000   1.676E-17
   7625.0000   1.669E-17
   7628.0000   1.662E-17
   7631.0000   1.655E-17
   7634.0000   1.648E-17
   7637.0000   1.641E-17
   7640.0000   1.634E-17
   7643.0000   1.627E-17
   7646.0000   1.620E-17
   7649.0000   1.613E-17
   7652.0000   1.606E-17
   7655.0000   1.599E-17
   7658.0000   1.592E-17
   7661.0000   1.585E-17
   7664.0000   1.578E-17
   7667.0000   1.571E-17
   7670.0000   1.564E-17
   7673.0000   1.557E-17
   7676.0000   1.550E-17
   7679.0000   1.543E-17
   7682.0000   1.537E-17
   7685.0000   1.530E-17
   7688.0000   1.523E-17
   7691.0000   1.516E-17
   7694.0000   1.509E-17
   7697.0000   1.502E-17
   7700.0000   1.495E-17
   7703.0000   1.489E-17
   7706.0000   1.482E-17
   7709.0000   1.475E-17
   7712.0000   1.468E-17
   7715.0000   1.461E-17
   7718.0000   1.455E-17
   7721.0000   1.448E-17
   7724.0000   1.441E-17
   7727.0000   1.434E-17
   7730.0000   1.428E-17
   7733.0000   1.421E-17
   7736.0000   1.414E-17
   7739.0000   1.408E-17
   7742.0000   1.401E-17
   7745.0000   1.394E-17
   7748.0000   1.387E-17
   7751.0000   1.381E-17
   7754.0000   1.374E-17
   7757.0000   1.368E-17
   7760.0000   1.361E-17
   7763.0000   1.354E-17
   7766.0000   1.348E-17
   7769.0000   1.341E-17
   7772.0000   1.334E-17
   7775.0000   1.328E-17
   7778.0000   1.321E-17
   7781.0000   1.315E-17
   7784.0000   1.308E-17
   7787.0000   1.302E-17
   7790.0000   1.295E-17
   7793.0000   1.288E-17
   7796.0000   1.282E-17
   7799.0000   1.275E-17
   7802.0000   1.269E-17
   7805.0000   1.262E-17
   7808.0000   1.256E-17
   7811.0000   1.249E-17
   7814.0000   1.243E-17
   7817.0000   1.236E-17
   7820.0000   1.230E-17
   7823.0000   1.224E-17
   7826.0000   1.217E-17
   7829.0000   1.211E-17
   7832.0000   1.204E-17
   7835.0000   1.198E-17
   7838.0000   1.192E-17
   7841.0000   1.185E-17
   7844.0000   1.179E-17
   7847.0000   1.172E-17
   7850.0000   1.166E-17
   7853.0000   1.160E-17
   7856.0000   1.153E-17
   7859.0000   1.147E-17
   7862.0000   1.141E-17
   7865.0000   1.134E-17
   7868.0000   1.128E-17
   7871.0000   1.122E-17
   7874.0000   1.115E-17
   7877.0000   1.109E-17
   7880.0000   1.103E-17
   7883.0000   1.097E-17
   7886.0000   1.090E-17
   7889.0000   1.084E-17
   7892.0000   1.078E-17
   7895.0000   1.072E-17
   7898.0000   1.065E-17
   7901.0000   1.059E-17
   7904.0000   1.053E-17
   7907.0000   1.047E-17
   7910.0000   1.040E-17
   7913.0000   1.034E-17
   7916.0000   1.028E-17
   7919.0000   1.022E-17
   7922.0000   1.016E-17
   7925.0000   1.010E-17
   7928.0000   1.003E-17
   7931.0000   9.973E-18
   7934.0000   9.912E-18
   7937.0000   9.851E-18
   7940.0000   9.790E-18
   7943.0000   9.729E-18
   7946.0000   9.668E-18
   7949.0000   9.607E-18
   7952.0000   9.544E-18
   7955.0000   9.476E-18
   7958.0000   9.410E-18
   7961.0000   9.367E-18
   7964.0000   9.356E-18
   7967.0000   9.346E-18
   7970.0000   9.336E-18
   7973.0000   9.319E-18
   7976.0000   9.273E-18
   7979.0000   9.197E-18
   7982.0000   9.110E-18
   7985.0000   9.029E-18
   7988.0000   8.954E-18
   7991.0000   8.881E-18
   7994.0000   8.811E-18
   7997.0000   8.742E-18
   8000.0000   8.676E-18
   8003.0000   8.611E-18
   8006.0000   8.548E-18
   8009.0000   8.485E-18
   8012.0000   8.425E-18
   8015.0000   8.366E-18
   8018.0000   8.307E-18
   8021.0000   8.250E-18
   8024.0000   8.192E-18
   8027.0000   8.135E-18
   8030.0000   8.077E-18
   8033.0000   8.027E-18
   8036.0000   7.962E-18
   8039.0000   7.927E-18
   8042.0000   7.853E-18
   8045.0000   7.803E-18
   8048.0000   7.774E-18
   8051.0000   7.692E-18
   8054.0000   7.640E-18
   8057.0000   7.623E-18
   8060.0000   7.556E-18
   8063.0000   7.467E-18
   8066.0000   7.447E-18
   8069.0000   7.433E-18
   8072.0000   7.365E-18
   8075.0000   7.266E-18
   8078.0000   7.236E-18
   8081.0000   7.228E-18
   8084.0000   7.210E-18
   8087.0000   7.121E-18
   8090.0000   7.017E-18
   8093.0000   6.991E-18
   8096.0000   6.983E-18
   8099.0000   6.976E-18
   8102.0000   6.957E-18
   8105.0000   6.842E-18
   8108.0000   6.727E-18
   8111.0000   6.706E-18
   8114.0000   6.699E-18
   8117.0000   6.692E-18
   8120.0000   6.685E-18
   8123.0000   6.671E-18
   8126.0000   6.574E-18
   8129.0000   6.423E-18
   8132.0000   6.378E-18
   8135.0000   6.371E-18
   8138.0000   6.364E-18
   8141.0000   6.358E-18
   8144.0000   6.351E-18
   8147.0000   6.345E-18
   8150.0000   6.330E-18
   8153.0000   6.229E-18
   8156.0000   6.046E-18
   8159.0000   5.993E-18
   8162.0000   5.985E-18
   8165.0000   5.979E-18
   8168.0000   5.973E-18
   8171.0000   5.967E-18
   8174.0000   5.961E-18
   8177.0000   5.955E-18
   8180.0000   5.949E-18
   8183.0000   5.942E-18
   8186.0000   5.893E-18
   8189.0000   5.695E-18
   8192.0000   5.551E-18
   8195.0000   5.534E-18
   8198.0000   5.528E-18
   8201.0000   5.523E-18
   8204.0000   5.517E-18
   8207.0000   5.512E-18
   8210.0000   5.506E-18
   8213.0000   5.501E-18
   8216.0000   5.495E-18
   8219.0000   5.490E-18
   8222.0000   5.484E-18
   8225.0000   5.479E-18
   8228.0000   5.472E-18
   8231.0000   5.397E-18
   8234.0000   5.155E-18
   8237.0000   5.014E-18
   8240.0000   4.995E-18
   8243.0000   4.990E-18
   8246.0000   4.985E-18
   8249.0000   4.980E-18
   8252.0000   4.976E-18
   8255.0000   4.971E-18
   8258.0000   4.966E-18
   8261.0000   4.961E-18
   8264.0000   4.956E-18
   8267.0000   4.951E-18
   8270.0000   4.946E-18
   8273.0000   4.941E-18
   8276.0000   4.936E-18
   8279.0000   4.932E-18
   8282.0000   4.927E-18
   8285.0000   4.922E-18
   8288.0000   4.910E-18
   8291.0000   4.805E-18
   8294.0000   4.498E-18
   8297.0000   4.361E-18
   8300.0000   4.349E-18
   8303.0000   4.345E-18
   8306.0000   4.340E-18
   8309.0000   4.336E-18
   8312.0000   4.332E-18
   8315.0000   4.328E-18
   8318.0000   4.323E-18
   8321.0000   4.319E-18
   8324.0000   4.315E-18
   8327.0000   4.311E-18
   8330.0000   4.307E-18
   8333.0000   4.302E-18
   8336.0000   4.298E-18
   8339.0000   4.294E-18
   8342.0000   4.290E-18
   8345.0000   4.286E-18
   8348.0000   4.281E-18
   8351.0000   4.277E-18
   8354.0000   4.273E-18
   8357.0000   4.269E-18
   8360.0000   4.265E-18
   8363.0000   4.261E-18
   8366.0000   4.257E-18
   8369.0000   4.251E-18
   8372.0000   4.170E-18
   8375.0000   3.838E-18
   8378.0000   3.603E-18
   8381.0000   3.569E-18
   8384.0000   3.565E-18
   8387.0000   3.562E-18
   8390.0000   3.558E-18
   8393.0000   3.555E-18
   8396.0000   3.551E-18
   8399.0000   3.548E-18
   8402.0000   3.544E-18
   8405.0000   3.541E-18
   8408.0000   3.538E-18
   8411.0000   3.534E-18
   8414.0000   3.531E-18
   8417.0000   3.527E-18
   8420.0000   3.524E-18
   8423.0000   3.521E-18
   8426.0000   3.517E-18
   8429.0000   3.514E-18
   8432.0000   3.511E-18
   8435.0000   3.507E-18
   8438.0000   3.504E-18
   8441.0000   3.501E-18
   8444.0000   3.497E-18
   8447.0000   3.494E-18
   8450.0000   3.491E-18
   8453.0000   3.487E-18
   8456.0000   3.484E-18
   8459.0000   3.481E-18
   8462.0000   3.477E-18
   8465.0000   3.474E-18
   8468.0000   3.471E-18
   8471.0000   3.467E-18
   8474.0000   3.464E-18
   8477.0000   3.461E-18
   8480.0000   3.458E-18
   8483.0000   3.454E-18
   8486.0000   3.449E-18
   8489.0000   3.361E-18
   8492.0000   2.978E-18
   8495.0000   2.659E-18
   8498.0000   2.607E-18
   8501.0000   2.604E-18
   8504.0000   2.601E-18
   8507.0000   2.599E-18
   8510.0000   2.596E-18
   8513.0000   2.594E-18
   8516.0000   2.591E-18
   8519.0000   2.589E-18
   8522.0000   2.586E-18
   8525.0000   2.584E-18
   8528.0000   2.581E-18
   8531.0000   2.579E-18
   8534.0000   2.577E-18
   8537.0000   2.574E-18
   8540.0000   2.572E-18
   8543.0000   2.569E-18
   8546.0000   2.567E-18
   8549.0000   2.565E-18
   8552.0000   2.562E-18
   8555.0000   2.560E-18
   8558.0000   2.557E-18
   8561.0000   2.555E-18
   8564.0000   2.553E-18
   8567.0000   2.550E-18
   8570.0000   2.548E-18
   8573.0000   2.545E-18
   8576.0000   2.543E-18
   8579.0000   2.541E-18
   8582.0000   2.538E-18
   8585.0000   2.536E-18
   8588.0000   2.534E-18
   8591.0000   2.531E-18
   8594.0000   2.529E-18
   8597.0000   2.527E-18
   8600.0000   2.524E-18
   8603.0000   2.522E-18
   8606.0000   2.520E-18
   8609.0000   2.517E-18
   8612.0000   2.515E-18
   8615.0000   2.513E-18
   8618.0000   2.510E-18
   8621.0000   2.508E-18
   8624.0000   2.506E-18
   8627.0000   2.503E-18
   8630.0000   2.501E-18
   8633.0000   2.499E-18
   8636.0000   2.497E-18
   8639.0000   2.494E-18
   8642.0000   2.492E-18
   8645.0000   2.490E-18
   8648.0000   2.488E-18
   8651.0000   2.485E-18
   8654.0000   2.483E-18
   8657.0000   2.481E-18
   8660.0000   2.478E-18
   8663.0000   2.472E-18
   8666.0000   2.353E-18
   8669.0000   1.837E-18
   8672.0000   1.434E-18
   8675.0000   1.380E-18
   8678.0000   1.377E-18
   8681.0000   1.376E-18
   8684.0000   1.375E-18
   8687.0000   1.374E-18
   8690.0000   1.372E-18
   8693.0000   1.371E-18
   8696.0000   1.370E-18
   8699.0000   1.368E-18
   8702.0000   1.367E-18
   8705.0000   1.366E-18
   8708.0000   1.365E-18
   8711.0000   1.363E-18
   8714.0000   1.362E-18
   8717.0000   1.361E-18
   8720.0000   1.360E-18
   8723.0000   1.359E-18
   8726.0000   1.357E-18
   8729.0000   1.356E-18
   8732.0000   1.355E-18
   8735.0000   1.354E-18
   8738.0000   1.352E-18
   8741.0000   1.351E-18
   8744.0000   1.350E-18
   8747.0000   1.349E-18
   8750.0000   1.347E-18
   8753.0000   1.346E-18
   8756.0000   1.345E-18
   8759.0000   1.344E-18
   8762.0000   1.343E-18
   8765.0000   1.341E-18
   8768.0000   1.340E-18
   8771.0000   1.339E-18
   8774.0000   1.338E-18
   8777.0000   1.337E-18
   8780.0000   1.335E-18
   8783.0000   1.334E-18
   8786.0000   1.333E-18
   8789.0000   1.332E-18
   8792.0000   1.331E-18
   8795.0000   1.329E-18
   8798.0000   1.328E-18
   8801.0000   1.327E-18
   8804.0000   1.326E-18
   8807.0000   1.325E-18
   8810.0000   1.324E-18
   8813.0000   1.322E-18
   8816.0000   1.321E-18
   8819.0000   1.320E-18
   8822.0000   1.319E-18
   8825.0000   1.318E-18
   8828.0000   1.316E-18
   8831.0000   1.315E-18
   8834.0000   1.314E-18
   8837.0000   1.313E-18
   8840.0000   1.312E-18
   8843.0000   1.311E-18
   8846.0000   1.310E-18
   8849.0000   1.308E-18
   8852.0000   1.307E-18
   8855.0000   1.306E-18
   8858.0000   1.305E-18
   8861.0000   1.304E-18
   8864.0000   1.303E-18
   8867.0000   1.301E-18
   8870.0000   1.300E-18
   8873.0000   1.299E-18
   8876.0000   1.298E-18
   8879.0000   1.297E-18
   8882.0000   1.296E-18
   8885.0000   1.295E-18
   8888.0000   1.294E-18
   8891.0000   1.292E-18
   8894.0000   1.291E-18
   8897.0000   1.290E-18
   8900.0000   1.289E-18
   8903.0000   1.288E-18
   8906.0000   1.287E-18
   8909.0000   1.286E-18
   8912.0000   1.285E-18
   8915.0000   1.283E-18
   8918.0000   1.282E-18
   8921.0000   1.281E-18
   8924.0000   1.280E-18
   8927.0000   1.279E-18
   8930.0000   1.278E-18
   8933.0000   1.277E-18
   8936.0000   1.276E-18
   8939.0000   1.275E-18
   8942.0000   1.274E-18
   8945.0000   1.272E-18
   8948.0000   1.271E-18
   8951.0000   1.259E-18
   8954.0000   1.054E-18
   8957.0000   4.254E-19
   8960.0000   3.607E-20
   8963.0000   1.141E-21
   8966.0000   5.472E-25
   8969.0000   1.039E-27
   8972.0000   2.183E-31
   8975.0000   1.444E-37
   8978.0000   2.944E-42
   8981.0000   3.000E-51
   8984.0000   4.321E-57
   8987.0000       0.000
   8990.0000       0.000
   8993.0000       0.000
   8996.0000       0.000
   8999.0000       0.000
   9002.0000       0.000
   9005.0000       0.000
   9008.0000       0.000
   9011.0000       0.000
   9014.0000       0.000
   9017.0000       0.000
   9020.0000       0.000
   9023.0000       0.000
   9026.0000       0.000
   9029.0000       0.000
   9032.0000       0.000
   9035.0000       0.000
   9038.0000       0.000
   9041.0000       0.000
   9044.0000       0.000
   9047.0000       0.000
   9050.0000       0.000
   9053.0000       0.000
   9056.0000       0.000
   9059.0000       0.000
   9062.0000       0.000
   9065.0000       0.000
   9068.0000       0.000
   9071.0000       0.000
   9074.0000       0.000
   9077.0000       0.000
   9080.0000       0.000
   9083.0000       0.000
   9086.0000       0.000
   9089.0000       0.000
   9092.0000       0.000
   9095.0000       0.000
   9098.0000       0.000
   9101.0000       0.000
   9104.0000       0.000
   9107.0000       0.000
   9110.0000       0.000
   9113.0000       0.000
   9116.0000       0.000
   9119.0000       0.000
   9122.0000       0.000
   9125.0000       0.000
   9128.0000       0.000
   9131.0000       0.000
   9134.0000       0.000
   9137.0000       0.000
   9140.0000       0.000
   9143.0000       0.000
   9146.0000       0.000
   9149.0000       0.000
   9152.0000       0.000
   9155.0000       0.000
   9158.0000       0.000
   9161.0000       0.000
   9164.0000       0.000
   9167.0000       0.000
   9170.0000       0.000
   9173.0000       0.000
   9176.0000       0.000
   9179.0000       0.000
   9182.0000       0.000
   9185.0000       0.000
   9188.0000       0.000
   9191.0000       0.000
   9194.0000       0.000
   9197.0000       0.000
   9200.0000       0.000
   9203.0000       0.000
   9206.0000       0.000
   9209.0000       0.000
   9212.0000       0.000
   9215.0000       0.000
   9218.0000       0.000
   9221.0000       0.000
   9224.0000       0.000
   9227.0000       0.000
   9230.0000       0.000
   9233.0000       0.000
   9236.0000       0.000
   9239.0000       0.000
   9242.0000       0.000
   9245.0000       0.000
   9248.0000       0.000
   9251.0000       0.000
   9254.0000       0.000
   9257.0000       0.000
   9260.0000       0.000
   9263.0000       0.000
   9266.0000       0.000
   9269.0000       0.000
   9272.0000       0.000
   9275.0000       0.000
   9278.0000       0.000
   9281.0000       0.000
   9284.0000       0.000
   9287.0000       0.000
   9290.0000       0.000
   9293.0000       0.000
   9296.0000       0.000
   9299.0000       0.000
   9302.0000       0.000
   9305.0000       0.000
   9308.0000       0.000
   9311.0000       0.000
   9314.0000       0.000
   9317.0000       0.000
   9320.0000       0.000
   9323.0000       0.000
   9326.0000       0.000
   9329.0000       0.000
   9332.0000       0.000
   9335.0000       0.000
   9338.0000       0.000
   9341.0000       0.000
   9344.0000       0.000
   9347.0000       0.000
   9350.0000       0.000
   9353.0000       0.000
   9356.0000       0.000
   9359.0000       0.000
   9362.0000       0.000
   9365.0000       0.000
   9368.0000       0.000
   9371.0000       0.000
   9374.0000       0.000
   9377.0000       0.000
   9380.0000       0.000
   9383.0000       0.000
   9386.0000       0.000
   9389.0000       0.000
   9392.0000       0.000
   9395.0000       0.000
   9398.0000       0.000
   9401.0000       0.000
   9404.0000       0.000
   9407.0000       0.000
   9410.0000       0.000
   9413.0000       0.000
   9416.0000       0.000
   9419.0000       0.000
   9422.0000       0.000
   9425.0000       0.000
   9428.0000       0.000
   9431.0000       0.000
   9434.0000       0.000
   9437.0000       0.000
   9440.0000       0.000
   9443.0000       0.000
   9446.0000       0.000
   9449.0000       0.000
   9452.0000       0.000
   9455.0000       0.000
   9458.0000       0.000
   9461.0000       0.000
   9464.0000       0.000
   9467.0000       0.000
   9470.0000       0.000
   9473.0000       0.000
   9476.0000       0.000
   9479.0000       0.000
   9482.0000       0.000
   9485.0000       0.000
   9488.0000       0.000
   9491.0000       0.000
   9494.0000       0.000
   9497.0000       0.000
   9500.0000       0.000
   9503.0000       0.000
   9506.0000       0.000
   9509.0000       0.000
   9512.0000       0.000
   9515.0000       0.000
   9518.0000       0.000
   9521.0000       0.000
   9524.0000       0.000
   9527.0000       0.000
   9530.0000       0.000
   9533.0000       0.000
   9536.0000       0.000
   9539.0000       0.000
   9542.0000       0.000
   9545.0000       0.000
   9548.0000       0.000
   9551.0000       0.000
   9554.0000       0.000
   9557.0000       0.000
   9560.0000       0.000
   9563.0000       0.000
   9566.0000       0.000
   9569.0000       0.000
   9572.0000       0.000
   9575.0000       0.000
   9578.0000       0.000
   9581.0000       0.000
   9584.0000       0.000
   9587.0000       0.000
   9590.0000       0.000
   9593.0000       0.000
   9596.0000       0.000
   9599.0000       0.000
   9602.0000       0.000
   9605.0000       0.000
   9608.0000       0.000
   9611.0000       0.000
   9614.0000       0.000
   9617.0000       0.000
   9620.0000       0.000
   9623.0000       0.000
   9626.0000       0.000
   9629.0000       0.000
   9632.0000       0.000
   9635.0000       0.000
   9638.0000       0.000
   9641.0000       0.000
   9644.0000       0.000
   9647.0000       0.000
   9650.0000       0.000
   9653.0000       0.000
   9656.0000       0.000
   9659.0000       0.000
   9662.0000       0.000
   9665.0000       0.000
   9668.0000       0.000
   9671.0000       0.000
   9674.0000       0.000
   9677.0000       0.000
   9680.0000       0.000
   9683.0000       0.000
   9686.0000       0.000
   9689.0000       0.000
   9692.0000       0.000
   9695.0000       0.000
   9698.0000       0.000
   9701.0000       0.000
   9704.0000       0.000
   9707.0000       0.000
   9710.0000       0.000
   9713.0000       0.000
   9716.0000       0.000
   9719.0000       0.000
   9722.0000       0.000
   9725.0000       0.000
   9728.0000       0.000
   9731.0000       0.000
   9734.0000       0.000
   9737.0000       0.000
   9740.0000       0.000
   9743.0000       0.000
   9746.0000       0.000
   9749.0000       0.000
   9752.0000       0.000
   9755.0000       0.000
   9758.0000       0.000
   9761.0000       0.000
   9764.0000       0.000
   9767.0000       0.000
   9770.0000       0.000
   9773.0000       0.000
   9776.0000       0.000
   9779.0000       0.000
   9782.0000       0.000
   9785.0000       0.000
   9788.0000       0.000
   9791.0000       0.000
   9794.0000       0.000
   9797.0000       0.000
   9800.0000       0.000
   9803.0000       0.000
   9806.0000       0.000
   9809.0000       0.000
   9812.0000       0.000
   9815.0000       0.000
   9818.0000       0.000
   9821.0000       0.000
   9824.0000       0.000
   9827.0000       0.000
   9830.0000       0.000
   9833.0000       0.000
   9836.0000       0.000
   9839.0000       0.000
   9842.0000       0.000
   9845.0000       0.000
   9848.0000       0.000
   9851.0000       0.000
   9854.0000       0.000
   9857.0000       0.000
   9860.0000       0.000
   9863.0000       0.000
   9866.0000       0.000
   9869.0000       0.000
   9872.0000       0.000
   9875.0000       0.000
   9878.0000       0.000
   9881.0000       0.000
   9884.0000       0.000
   9887.0000       0.000
   9890.0000       0.000
   9893.0000       0.000
   9896.0000       0.000
   9899.0000       0.000
   9902.0000       0.000
   9905.0000       0.000
   9908.0000       0.000
   9911.0000       0.000
   9914.0000       0.000
   9917.0000       0.000
   9920.0000       0.000
   9923.0000       0.000
   9926.0000       0.000
   9929.0000       0.000
   9932.0000       0.000
   9935.0000       0.000
   9938.0000       0.000
   9941.0000       0.000
   9944.0000       0.000
   9947.0000       0.000
   9950.0000       0.000
   9953.0000       0.000
   9956.0000       0.000
   9959.0000       0.000
   9962.0000       0.000
   9965.0000       0.000
   9968.0000       0.000
   9971.0000       0.000
   9974.0000       0.000
   9977.0000       0.000
   9980.0000       0.000
   9983.0000       0.000
   9986.0000       0.000
   9989.0000       0.000
   9992.0000       0.000
   9995.0000       0.000
   9998.0000       0.000
  10001.0000       0.000
  10004.0000       0.000
  10007.0000       0.000
  10010.0000       0.000
  10013.0000       0.000
  10016.0000       0.000
  10019.0000       0.000
  10022.0000       0.000
  10025.0000       0.000
  10028.0000       0.000
  10031.0000       0.000
  10034.0000       0.000
  10037.0000       0.000
  10040.0000       0.000
  10043.0000       0.000
  10046.0000       0.000
  10049.0000       0.000
  10052.0000       0.000
  10055.0000       0.000
  10058.0000       0.000
  10061.0000       0.000
  10064.0000       0.000
  10067.0000       0.000
  10070.0000       0.000
  10073.0000       0.000
  10076.0000       0.000
  10079.0000       0.000
  10082.0000       0.000
  10085.0000       0.000
  10088.0000       0.000
  10091.0000       0.000
  10094.0000       0.000
  10097.0000       0.000
  10100.0000       0.000
  10103.0000       0.000
  10106.0000       0.000
  10109.0000       0.000
  10112.0000       0.000
  10115.0000       0.000
  10118.0000       0.000
  10121.0000       0.000
  10124.0000       0.000
  10127.0000       0.000
  10130.0000       0.000
  10133.0000       0.000
  10136.0000       0.000
  10139.0000       0.000
  10142.0000       0.000
  10145.0000       0.000
  10148.0000       0.000
  10151.0000       0.000
  10154.0000       0.000
  10157.0000       0.000
  10160.0000       0.000
  10163.0000       0.000
  10166.0000       0.000
  10169.0000       0.000
  10172.0000       0.000
  10175.0000       0.000
  10178.0000       0.000
  10181.0000       0.000
  10184.0000       0.000
  10187.0000       0.000
  10190.0000       0.000
  10193.0000       0.000
  10196.0000       0.000
  10199.0000       0.000
  10202.0000       0.000
  10205.0000       0.000
  10208.0000       0.000
  10211.0000       0.000
  10214.0000       0.000
  10217.0000       0.000
  10220.0000       0.000
  10223.0000       0.000
  10226.0000       0.000
  10229.0000       0.000
  10232.0000       0.000
  10235.0000       0.000
  10238.0000       0.000
  10241.0000       0.000
  10244.0000       0.000
  10247.0000       0.000
  10250.0000       0.000
  10253.0000       0.000
  10256.0000       0.000
  10259.0000       0.000
  10262.0000       0.000
  10265.0000       0.000
  10268.0000       0.000
  10271.0000       0.000
  10274.0000       0.000
  10277.0000       0.000
  10280.0000       0.000
  10283.0000       0.000
  10286.0000       0.000
  10289.0000       0.000
  10292.0000       0.000
  10295.0000       0.000
  10298.0000       0.000
  10301.0000       0.000
  10304.0000       0.000
  10307.0000       0.000
  10310.0000       0.000
  10313.0000       0.000
  10316.0000       0.000
  10319.0000       0.000
  10322.0000       0.000
  10325.0000       0.000
  10328.0000       0.000
  10331.0000       0.000
  10334.0000       0.000
  10337.0000       0.000
  10340.0000       0.000
  10343.0000       0.000
  10346.0000       0.000
  10349.0000       0.000
  10352.0000       0.000
  10355.0000       0.000
  10358.0000       0.000
  10361.0000       0.000
  10364.0000       0.000
  10367.0000       0.000
  10370.0000       0.000
  10373.0000       0.000
  10376.0000       0.000
  10379.0000       0.000
  10382.0000       0.000
  10385.0000       0.000
  10388.0000       0.000
  10391.0000       0.000
  10394.0000       0.000
  10397.0000       0.000
  10400.0000       0.000
  10403.0000       0.000
  10406.0000       0.000
  10409.0000       0.000
  10412.0000       0.000
  10415.0000       0.000
  10418.0000       0.000
  10421.0000       0.000
  10424.0000       0.000
  10427.0000       0.000
  10430.0000       0.000
  10433.0000       0.000
  10436.0000       0.000
  10439.0000       0.000
  10442.0000       0.000
  10445.0000       0.000
  10448.0000       0.000
  10451.0000       0.000
  10454.0000       0.000
  10457.0000       0.000
  10460.0000       0.000
  10463.0000       0.000
  10466.0000       0.000
  10469.0000       0.000
  10472.0000       0.000
  10475.0000       0.000
  10478.0000       0.000
  10481.0000       0.000
  10484.0000       0.000
  10487.0000       0.000
  10490.0000       0.000
  10493.0000       0.000
  10496.0000       0.000
  10499.0000       0.000
  10502.0000       0.000
  10505.0000       0.000
  10508.0000       0.000
  10511.0000       0.000
  10514.0000       0.000
  10517.0000       0.000
  10520.0000       0.000
  10523.0000       0.000
  10526.0000       0.000
  10529.0000       0.000
  10532.0000       0.000
  10535.0000       0.000
  10538.0000       0.000
  10541.0000       0.000
  10544.0000       0.000
  10547.0000       0.000
  10550.0000       0.000
  10553.0000       0.000
  10556.0000       0.000
  10559.0000       0.000
  10562.0000       0.000
  10565.0000       0.000
  10568.0000       0.000
  10571.0000       0.000
  10574.0000       0.000
  10577.0000       0.000
  10580.0000       0.000
  10583.0000       0.000
  10586.0000       0.000
  10589.0000       0.000
  10592.0000       0.000
  10595.0000       0.000
  10598.0000       0.000
  10601.0000       0.000
  10604.0000       0.000
  10607.0000       0.000
  10610.0000       0.000
  10613.0000       0.000
  10616.0000       0.000
  10619.0000       0.000
  10622.0000       0.000
  10625.0000       0.000
  10628.0000       0.000
  10631.0000       0.000
  10634.0000       0.000
  10637.0000       0.000
  10640.0000       0.000
  10643.0000       0.000
  10646.0000       0.000
  10649.0000       0.000
  10652.0000       0.000
  10655.0000       0.000
  10658.0000       0.000
  10661.0000       0.000
  10664.0000       0.000
  10667.0000       0.000
  10670.0000       0.000
  10673.0000       0.000
  10676.0000       0.000
  10679.0000       0.000
  10682.0000       0.000
  10685.0000       0.000
  10688.0000       0.000
  10691.0000       0.000
  10694.0000       0.000
  10697.0000       0.000
  10700.0000       0.000
  10703.0000       0.000
  10706.0000       0.000
  10709.0000       0.000
  10712.0000       0.000
  10715.0000       0.000
  10718.0000       0.000
  10721.0000       0.000
  10724.0000       0.000
  10727.0000       0.000
  10730.0000       0.000
  10733.0000       0.000
  10736.0000       0.000
  10739.0000       0.000
  10742.0000       0.000
  10745.0000       0.000
  10748.0000       0.000
  10751.0000       0.000
  10754.0000       0.000
  10757.0000       0.000
  10760.0000       0.000
  10763.0000       0.000
  10766.0000       0.000
  10769.0000       0.000
  10772.0000       0.000
  10775.0000       0.000
  10778.0000       0.000
  10781.0000       0.000
  10784.0000       0.000
  10787.0000       0.000
  10790.0000       0.000
  10793.0000       0.000
  10796.0000       0.000
  10799.0000       0.000
  10802.0000       0.000
  10805.0000       0.000
  10808.0000       0.000
  10811.0000       0.000
  10814.0000       0.000
  10817.0000       0.000
  10820.0000       0.000
  10823.0000       0.000
  10826.0000       0.000
  10829.0000       0.000
  10832.0000       0.000
  10835.0000       0.000
  10838.0000       0.000
  10841.0000       0.000
  10844.0000       0.000
  10847.0000       0.000
  10850.0000       0.000
  10853.0000       0.000
  10856.0000       0.000
  10859.0000       0.000
  10862.0000       0.000
  10865.0000       0.000
  10868.0000       0.000
  10871.0000       0.000
  10874.0000       0.000
  10877.0000       0.000
  10880.0000       0.000
  10883.0000       0.000
  10886.0000       0.000
  10889.0000       0.000
  10892.0000       0.000
  10895.0000       0.000
  10898.0000       0.000
  10901.0000       0.000
  10904.0000       0.000
  10907.0000       0.000
  10910.0000       0.000
  10913.0000       0.000
  10916.0000       0.000
  10919.0000       0.000
  10922.0000       0.000
  10925.0000       0.000
  10928.0000       0.000
  10931.0000       0.000
  10934.0000       0.000
  10937.0000       0.000
  10940.0000       0.000
  10943.0000       0.000
  10946.0000       0.000
  10949.0000       0.000
  10952.0000       0.000
  10955.0000       0.000
  10958.0000       0.000
  10961.0000       0.000
  10964.0000       0.000
  10967.0000       0.000
  10970.0000       0.000
  10973.0000       0.000
  10976.0000       0.000
  10979.0000       0.000
  10982.0000       0.000
  10985.0000       0.000
  10988.0000       0.000
  10991.0000       0.000
  10994.0000       0.000
  10997.0000       0.000
  11000.0000       0.000
  11003.0000       0.000
  11006.0000       0.000
  11009.0000       0.000
  11012.0000       0.000
  11015.0000       0.000
  11018.0000       0.000
  11021.0000       0.000
  11024.0000       0.000
  11027.0000       0.000
  11030.0000       0.000
  11033.0000       0.000
  11036.0000       0.000
  11039.0000       0.000
  11042.0000       0.000
  11045.0000       0.000
  11048.0000       0.000
  11051.0000       0.000
  11054.0000       0.000
  11057.0000       0.000
  11060.0000       0.000
  11063.0000       0.000
  11066.0000       0.000
  11069.0000       0.000
  11072.0000       0.000
  11075.0000       0.000
  11078.0000       0.000
  11081.0000       0.000
  11084.0000       0.000
  11087.0000       0.000
  11090.0000       0.000
  11093.0000       0.000
  11096.0000       0.000
  11099.0000       0.000
  11102.0000       0.000
  11105.0000       0.000
  11108.0000       0.000
  11111.0000       0.000
  11114.0000       0.000
  11117.0000       0.000
  11120.0000       0.000
  11123.0000       0.000
  11126.0000       0.000
  11129.0000       0.000
  11132.0000       0.000
  11135.0000       0.000
  11138.0000       0.000
  11141.0000       0.000
  11144.0000       0.000
  11147.0000       0.000
  11150.0000       0.000
  11153.0000       0.000
  11156.0000       0.000
  11159.0000       0.000
  11162.0000       0.000
  11165.0000       0.000
  11168.0000       0.000
  11171.0000       0.000
  11174.0000       0.000
  11177.0000       0.000
  11180.0000       0.000
  11183.0000       0.000
  11186.0000       0.000
  11189.0000       0.000
  11192.0000       0.000
  11195.0000       0.000
  11198.0000       0.000
  11201.0000       0.000
  11204.0000       0.000
  11207.0000       0.000
  11210.0000       0.000
  11213.0000       0.000
  11216.0000       0.000
  11219.0000       0.000
  11222.0000       0.000
  11225.0000       0.000
  11228.0000       0.000
  11231.0000       0.000
  11234.0000       0.000
  11237.0000       0.000
  11240.0000       0.000
  11243.0000       0.000
  11246.0000       0.000
  11249.0000       0.000
  11252.0000       0.000
  11255.0000       0.000
  11258.0000       0.000
  11261.0000       0.000
  11264.0000       0.000
  11267.0000       0.000
  11270.0000       0.000
  11273.0000       0.000
  11276.0000       0.000
  11279.0000       0.000
  11282.0000       0.000
  11285.0000       0.000
  11288.0000       0.000
  11291.0000       0.000
  11294.0000       0.000
  11297.0000       0.000
  11300.0000       0.000
  11303.0000       0.000
  11306.0000       0.000
  11309.0000       0.000
  11312.0000       0.000
  11315.0000       0.000
  11318.0000       0.000
  11321.0000       0.000
  11324.0000       0.000
  11327.0000       0.000
  11330.0000       0.000
  11333.0000       0.000
  11336.0000       0.000
  11339.0000       0.000
  11342.0000       0.000
  11345.0000       0.000
  11348.0000       0.000
  11351.0000       0.000
  11354.0000       0.000
  11357.0000       0.000
  11360.0000       0.000
  11363.0000       0.000
  11366.0000       0.000
  11369.0000       0.000
  11372.0000       0.000
  11375.0000       0.000
  11378.0000       0.000
  11381.0000       0.000
  11384.0000       0.000
  11387.0000       0.000
  11390.0000       0.000
  11393.0000       0.000
  11396.0000       0.000
  11399.0000       0.000
  11402.0000       0.000
  11405.0000       0.000
  11408.0000       0.000
  11411.0000       0.000
  11414.0000       0.000
  11417.0000       0.000
  11420.0000       0.000
  11423.0000       0.000
  11426.0000       0.000
  11429.0000       0.000
  11432.0000       0.000
  11435.0000       0.000
  11438.0000       0.000
  11441.0000       0.000
  11444.0000       0.000
  11447.0000       0.000
  11450.0000       0.000
  11453.0000       0.000
  11456.0000       0.000
  11459.0000       0.000
  11462.0000       0.000
  11465.0000       0.000
  11468.0000       0.000
  11471.0000       0.000
  11474.0000       0.000
  11477.0000       0.000
  11480.0000       0.000
  11483.0000       0.000
  11486.0000       0.000
  11489.0000       0.000
  11492.0000       0.000
  11495.0000       0.000
  11498.0000       0.000
  11501.0000       0.000
  11504.0000       0.000
  11507.0000       0.000
  11510.0000       0.000
  11513.0000       0.000
  11516.0000       0.000
  11519.0000       0.000
  11522.0000       0.000
  11525.0000       0.000
  11528.0000       0.000
  11531.0000       0.000
  11534.0000       0.000
  11537.0000       0.000
  11540.0000       0.000
  11543.0000       0.000
  11546.0000       0.000
  11549.0000       0.000
  11552.0000       0.000
  11555.0000       0.000
  11558.0000       0.000
  11561.0000       0.000
  11564.0000       0.000
  11567.0000       0.000
  11570.0000       0.000
  11573.0000       0.000
  11576.0000       0.000
  11579.0000       0.000
  11582.0000       0.000
  11585.0000       0.000
  11588.0000       0.000
  11591.0000       0.000
  11594.0000       0.000
  11597.0000       0.000
  11600.0000       0.000
  11603.0000       0.000
  11606.0000       0.000
  11609.0000       0.000
  11612.0000       0.000
  11615.0000       0.000
  11618.0000       0.000
  11621.0000       0.000
  11624.0000       0.000
  11627.0000       0.000
  11630.0000       0.000
  11633.0000       0.000
  11636.0000       0.000
  11639.0000       0.000
  11642.0000       0.000
  11645.0000       0.000
  11648.0000       0.000
  11651.0000       0.000
  11654.0000       0.000
  11657.0000       0.000
  11660.0000       0.000
  11663.0000       0.000
  11666.0000       0.000
  11669.0000       0.000
  11672.0000       0.000
  11675.0000       0.000
  11678.0000       0.000
  11681.0000       0.000
  11684.0000       0.000
  11687.0000       0.000
  11690.0000       0.000
  11693.0000       0.000
  11696.0000       0.000
  11699.0000       0.000
  11702.0000       0.000
  11705.0000       0.000
  11708.0000       0.000
  11711.0000       0.000
  11714.0000       0.000
  11717.0000       0.000
  11720.0000       0.000
  11723.0000       0.000
  11726.0000       0.000
  11729.0000       0.000
  11732.0000       0.000
  11735.0000       0.000
  11738.0000       0.000
  11741.0000       0.000
  11744.0000       0.000
  11747.0000       0.000
  11750.0000       0.000
  11753.0000       0.000
  11756.0000       0.000
  11759.0000       0.000
  11762.0000       0.000
  11765.0000       0.000
  11768.0000       0.000
  11771.0000       0.000
  11774.0000       0.000
  11777.0000       0.000
  11780.0000       0.000
  11783.0000       0.000
  11786.0000       0.000
  11789.0000       0.000
  11792.0000       0.000
  11795.0000       0.000
  11798.0000       0.000
  11801.0000       0.000
  11804.0000       0.000
  11807.0000       0.000
  11810.0000       0.000
  11813.0000       0.000
  11816.0000       0.000
  11819.0000       0.000
  11822.0000       0.000
  11825.0000       0.000
  11828.0000       0.000
  11831.0000       0.000
  11834.0000       0.000
  11837.0000       0.000
  11840.0000       0.000
  11843.0000       0.000
  11846.0000       0.000
  11849.0000       0.000
  11852.0000       0.000
  11855.0000       0.000
  11858.0000       0.000
  11861.0000       0.000
  11864.0000       0.000
  11867.0000       0.000
  11870.0000       0.000
  11873.0000       0.000
  11876.0000       0.000
  11879.0000       0.000
  11882.0000       0.000
  11885.0000       0.000
  11888.0000       0.000
  11891.0000       0.000
  11894.0000       0.000
  11897.0000       0.000
  11900.0000       0.000
  11903.0000       0.000
  11906.0000       0.000
  11909.0000       0.000
  11912.0000       0.000
  11915.0000       0.000
  11918.0000       0.000
  11921.0000       0.000
  11924.0000       0.000
  11927.0000       0.000
  11930.0000       0.000
  11933.0000       0.000
  11936.0000       0.000
  11939.0000       0.000
  11942.0000       0.000
  11945.0000       0.000
  11948.0000       0.000
  11951.0000       0.000
  11954.0000       0.000
  11957.0000       0.000
  11960.0000       0.000
  11963.0000       0.000
  11966.0000       0.000
  11969.0000       0.000
  11972.0000       0.000
  11975.0000       0.000
  11978.0000       0.000
  11981.0000       0.000
  11984.0000       0.000
  11987.0000       0.000
  11990.0000       0.000
  11993.0000       0.000
  11996.0000       0.000
