   4300.0000   1.184E-14
   4301.2500   1.209E-14
   4302.5000   1.233E-14
   4303.7500   1.258E-14
   4305.0000   1.284E-14
   4306.2500   1.309E-14
   4307.5000   1.335E-14
   4308.7500   1.362E-14
   4310.0000   1.388E-14
   4311.2500   1.415E-14
   4312.5000   1.441E-14
   4313.7500   1.468E-14
   4315.0000   1.494E-14
   4316.2500   1.521E-14
   4317.5000   1.547E-14
   4318.7500   1.572E-14
   4320.0000   1.597E-14
   4321.2500   1.621E-14
   4322.5000   1.645E-14
   4323.7500   1.668E-14
   4325.0000   1.689E-14
   4326.2500   1.710E-14
   4327.5000   1.729E-14
   4328.7500   1.747E-14
   4330.0000   1.763E-14
   4331.2500   1.778E-14
   4332.5000   1.791E-14
   4333.7500   1.802E-14
   4335.0000   1.812E-14
   4336.2500   1.819E-14
   4337.5000   1.825E-14
   4338.7500   1.828E-14
   4340.0000   1.829E-14
   4341.2500   1.828E-14
   4342.5000   1.825E-14
   4343.7500   1.820E-14
   4345.0000   1.813E-14
   4346.2500   1.804E-14
   4347.5000   1.793E-14
   4348.7500   1.781E-14
   4350.0000   1.769E-14
   4351.2500   1.754E-14
   4352.5000   1.736E-14
   4353.7500   1.717E-14
   4355.0000   1.696E-14
   4356.2500   1.675E-14
   4357.5000   1.652E-14
   4358.7500   1.628E-14
   4360.0000   1.603E-14
   4361.2500   1.578E-14
   4362.5000   1.552E-14
   4363.7500   1.525E-14
   4365.0000   1.498E-14
   4366.2500   1.471E-14
   4367.5000   1.444E-14
   4368.7500   1.416E-14
   4370.0000   1.389E-14
   4371.2500   1.361E-14
   4372.5000   1.334E-14
   4373.7500   1.307E-14
   4375.0000   1.280E-14
   4376.2500   1.253E-14
   4377.5000   1.227E-14
   4378.7500   1.201E-14
   4380.0000   1.176E-14
   4381.2500   1.151E-14
   4382.5000   1.126E-14
   4383.7500   1.102E-14
   4385.0000   1.079E-14
   4386.2500   1.055E-14
   4387.5000   1.033E-14
   4388.7500   1.011E-14
   4390.0000   9.895E-15
   4391.2500   9.685E-15
   4392.5000   9.481E-15
   4393.7500   9.282E-15
   4395.0000   9.088E-15
   4396.2500   8.899E-15
   4397.5000   8.716E-15
   4398.7500   8.537E-15
   4400.0000   8.364E-15
   4401.2500   8.195E-15
   4402.5000   8.031E-15
   4403.7500   7.872E-15
   4405.0000   7.717E-15
   4406.2500   7.567E-15
   4407.5000   7.420E-15
   4408.7500   7.279E-15
   4410.0000   7.141E-15
   4411.2500   7.008E-15
   4412.5000   6.878E-15
   4413.7500   6.752E-15
   4415.0000   6.629E-15
   4416.2500   6.511E-15
   4417.5000   6.395E-15
   4418.7500   6.283E-15
   4420.0000   6.175E-15
   4421.2500   6.069E-15
   4422.5000   5.966E-15
   4423.7500   5.867E-15
   4425.0000   5.770E-15
   4426.2500   5.676E-15
   4427.5000   5.585E-15
   4428.7500   5.496E-15
   4430.0000   5.410E-15
   4431.2500   5.326E-15
   4432.5000   5.245E-15
   4433.7500   5.166E-15
   4435.0000   5.089E-15
   4436.2500   5.015E-15
   4437.5000   4.942E-15
   4438.7500   4.872E-15
   4440.0000   4.803E-15
   4441.2500   4.736E-15
   4442.5000   4.672E-15
   4443.7500   4.609E-15
   4445.0000   4.547E-15
   4446.2500   4.487E-15
   4447.5000   4.429E-15
   4448.7500   4.373E-15
   4450.0000   4.318E-15
   4451.2500   4.264E-15
   4452.5000   4.212E-15
   4453.7500   4.161E-15
   4455.0000   4.112E-15
   4456.2500   4.064E-15
   4457.5000   4.017E-15
   4458.7500   3.972E-15
   4460.0000   3.927E-15
   4461.2500   3.884E-15
   4462.5000   3.842E-15
   4463.7500   3.801E-15
   4465.0000   3.761E-15
   4466.2500   3.722E-15
   4467.5000   3.684E-15
   4468.7500   3.647E-15
   4470.0000   3.611E-15
   4471.2500   3.576E-15
   4472.5000   3.542E-15
   4473.7500   3.508E-15
   4475.0000   3.476E-15
   4476.2500   3.444E-15
   4477.5000   3.413E-15
   4478.7500   3.383E-15
   4480.0000   3.354E-15
   4481.2500   3.325E-15
   4482.5000   3.297E-15
   4483.7500   3.270E-15
   4485.0000   3.243E-15
   4486.2500   3.217E-15
   4487.5000   3.192E-15
   4488.7500   3.168E-15
   4490.0000   3.144E-15
   4491.2500   3.120E-15
   4492.5000   3.098E-15
   4493.7500   3.075E-15
   4495.0000   3.054E-15
   4496.2500   3.033E-15
   4497.5000   3.012E-15
   4498.7500   2.992E-15
   4500.0000   2.973E-15
   4501.2500   2.954E-15
   4502.5000   2.935E-15
   4503.7500   2.917E-15
   4505.0000   2.899E-15
   4506.2500   2.882E-15
   4507.5000   2.866E-15
   4508.7500   2.849E-15
   4510.0000   2.834E-15
   4511.2500   2.818E-15
   4512.5000   2.803E-15
   4513.7500   2.789E-15
   4515.0000   2.774E-15
   4516.2500   2.761E-15
   4517.5000   2.747E-15
   4518.7500   2.734E-15
   4520.0000   2.722E-15
   4521.2500   2.709E-15
   4522.5000   2.697E-15
   4523.7500   2.686E-15
   4525.0000   2.675E-15
   4526.2500   2.664E-15
   4527.5000   2.653E-15
   4528.7500   2.643E-15
   4530.0000   2.633E-15
   4531.2500   2.624E-15
   4532.5000   2.614E-15
   4533.7500   2.605E-15
   4535.0000   2.597E-15
   4536.2500   2.588E-15
   4537.5000   2.580E-15
   4538.7500   2.573E-15
   4540.0000   2.565E-15
   4541.2500   2.558E-15
   4542.5000   2.551E-15
   4543.7500   2.544E-15
   4545.0000   2.538E-15
   4546.2500   2.532E-15
   4547.5000   2.526E-15
   4548.7500   2.521E-15
   4550.0000   2.515E-15
   4551.2500   2.510E-15
   4552.5000   2.506E-15
   4553.7500   2.501E-15
   4555.0000   2.497E-15
   4556.2500   2.493E-15
   4557.5000   2.489E-15
   4558.7500   2.486E-15
   4560.0000   2.483E-15
   4561.2500   2.480E-15
   4562.5000   2.477E-15
   4563.7500   2.474E-15
   4565.0000   2.472E-15
   4566.2500   2.470E-15
   4567.5000   2.468E-15
   4568.7500   2.467E-15
   4570.0000   2.466E-15
   4571.2500   2.464E-15
   4572.5000   2.464E-15
   4573.7500   2.463E-15
   4575.0000   2.463E-15
   4576.2500   2.463E-15
   4577.5000   2.463E-15
   4578.7500   2.463E-15
   4580.0000   2.464E-15
   4581.2500   2.465E-15
   4582.5000   2.466E-15
   4583.7500   2.467E-15
   4585.0000   2.469E-15
   4586.2500   2.470E-15
   4587.5000   2.472E-15
   4588.7500   2.475E-15
   4590.0000   2.477E-15
   4591.2500   2.480E-15
   4592.5000   2.483E-15
   4593.7500   2.486E-15
   4595.0000   2.489E-15
   4596.2500   2.493E-15
   4597.5000   2.497E-15
   4598.7500   2.501E-15
   4600.0000   2.506E-15
   4601.2500   2.510E-15
   4602.5000   2.515E-15
   4603.7500   2.520E-15
   4605.0000   2.526E-15
   4606.2500   2.531E-15
   4607.5000   2.537E-15
   4608.7500   2.543E-15
   4610.0000   2.550E-15
   4611.2500   2.556E-15
   4612.5000   2.563E-15
   4613.7500   2.571E-15
   4615.0000   2.578E-15
   4616.2500   2.586E-15
   4617.5000   2.594E-15
   4618.7500   2.602E-15
   4620.0000   2.611E-15
   4621.2500   2.620E-15
   4622.5000   2.629E-15
   4623.7500   2.638E-15
   4625.0000   2.648E-15
   4626.2500   2.658E-15
   4627.5000   2.668E-15
   4628.7500   2.679E-15
   4630.0000   2.690E-15
   4631.2500   2.701E-15
   4632.5000   2.713E-15
   4633.7500   2.725E-15
   4635.0000   2.737E-15
   4636.2500   2.749E-15
   4637.5000   2.762E-15
   4638.7500   2.775E-15
   4640.0000   2.789E-15
   4641.2500   2.803E-15
   4642.5000   2.817E-15
   4643.7500   2.832E-15
   4645.0000   2.847E-15
   4646.2500   2.862E-15
   4647.5000   2.878E-15
   4648.7500   2.894E-15
   4650.0000   2.910E-15
   4651.2500   2.927E-15
   4652.5000   2.945E-15
   4653.7500   2.962E-15
   4655.0000   2.981E-15
   4656.2500   2.999E-15
   4657.5000   3.018E-15
   4658.7500   3.038E-15
   4660.0000   3.057E-15
   4661.2500   3.078E-15
   4662.5000   3.099E-15
   4663.7500   3.120E-15
   4665.0000   3.142E-15
   4666.2500   3.164E-15
   4667.5000   3.187E-15
   4668.7500   3.210E-15
   4670.0000   3.234E-15
   4671.2500   3.258E-15
   4672.5000   3.283E-15
   4673.7500   3.309E-15
   4675.0000   3.335E-15
   4676.2500   3.361E-15
   4677.5000   3.389E-15
   4678.7500   3.416E-15
   4680.0000   3.445E-15
   4681.2500   3.474E-15
   4682.5000   3.504E-15
   4683.7500   3.534E-15
   4685.0000   3.565E-15
   4686.2500   3.597E-15
   4687.5000   3.629E-15
   4688.7500   3.663E-15
   4690.0000   3.697E-15
   4691.2500   3.731E-15
   4692.5000   3.767E-15
   4693.7500   3.803E-15
   4695.0000   3.840E-15
   4696.2500   3.878E-15
   4697.5000   3.917E-15
   4698.7500   3.957E-15
   4700.0000   3.997E-15
   4701.2500   4.039E-15
   4702.5000   4.081E-15
   4703.7500   4.125E-15
   4705.0000   4.169E-15
   4706.2500   4.214E-15
   4707.5000   4.261E-15
   4708.7500   4.308E-15
   4710.0000   4.357E-15
   4711.2500   4.407E-15
   4712.5000   4.458E-15
   4713.7500   4.510E-15
   4715.0000   4.563E-15
   4716.2500   4.618E-15
   4717.5000   4.674E-15
   4718.7500   4.731E-15
   4720.0000   4.789E-15
   4721.2500   4.849E-15
   4722.5000   4.911E-15
   4723.7500   4.973E-15
   4725.0000   5.038E-15
   4726.2500   5.104E-15
   4727.5000   5.171E-15
   4728.7500   5.240E-15
   4730.0000   5.311E-15
   4731.2500   5.384E-15
   4732.5000   5.458E-15
   4733.7500   5.534E-15
   4735.0000   5.612E-15
   4736.2500   5.692E-15
   4737.5000   5.774E-15
   4738.7500   5.858E-15
   4740.0000   5.944E-15
   4741.2500   6.032E-15
   4742.5000   6.123E-15
   4743.7500   6.215E-15
   4745.0000   6.311E-15
   4746.2500   6.408E-15
   4747.5000   6.508E-15
   4748.7500   6.611E-15
   4750.0000   6.716E-15
   4751.2500   6.824E-15
   4752.5000   6.935E-15
   4753.7500   7.049E-15
   4755.0000   7.166E-15
   4756.2500   7.286E-15
   4757.5000   7.409E-15
   4758.7500   7.535E-15
   4760.0000   7.665E-15
   4761.2500   7.798E-15
   4762.5000   7.935E-15
   4763.7500   8.075E-15
   4765.0000   8.220E-15
   4766.2500   8.368E-15
   4767.5000   8.519E-15
   4768.7500   8.676E-15
   4770.0000   8.836E-15
   4771.2500   9.001E-15
   4772.5000   9.171E-15
   4773.7500   9.345E-15
   4775.0000   9.524E-15
   4776.2500   9.707E-15
   4777.5000   9.896E-15
   4778.7500   1.009E-14
   4780.0000   1.029E-14
   4781.2500   1.049E-14
   4782.5000   1.070E-14
   4783.7500   1.092E-14
   4785.0000   1.114E-14
   4786.2500   1.137E-14
   4787.5000   1.160E-14
   4788.7500   1.185E-14
   4790.0000   1.209E-14
   4791.2500   1.235E-14
   4792.5000   1.261E-14
   4793.7500   1.288E-14
   4795.0000   1.315E-14
   4796.2500   1.343E-14
   4797.5000   1.372E-14
   4798.7500   1.402E-14
   4800.0000   1.432E-14
   4801.2500   1.463E-14
   4802.5000   1.495E-14
   4803.7500   1.528E-14
   4805.0000   1.561E-14
   4806.2500   1.596E-14
   4807.5000   1.631E-14
   4808.7500   1.667E-14
   4810.0000   1.703E-14
   4811.2500   1.741E-14
   4812.5000   1.779E-14
   4813.7500   1.818E-14
   4815.0000   1.857E-14
   4816.2500   1.897E-14
   4817.5000   1.938E-14
   4818.7500   1.980E-14
   4820.0000   2.022E-14
   4821.2500   2.065E-14
   4822.5000   2.108E-14
   4823.7500   2.152E-14
   4825.0000   2.196E-14
   4826.2500   2.240E-14
   4827.5000   2.285E-14
   4828.7500   2.329E-14
   4830.0000   2.374E-14
   4831.2500   2.419E-14
   4832.5000   2.463E-14
   4833.7500   2.507E-14
   4835.0000   2.551E-14
   4836.2500   2.594E-14
   4837.5000   2.637E-14
   4838.7500   2.678E-14
   4840.0000   2.719E-14
   4841.2500   2.758E-14
   4842.5000   2.797E-14
   4843.7500   2.833E-14
   4845.0000   2.868E-14
   4846.2500   2.902E-14
   4847.5000   2.933E-14
   4848.7500   2.962E-14
   4850.0000   2.989E-14
   4851.2500   3.013E-14
   4852.5000   3.035E-14
   4853.7500   3.055E-14
   4855.0000   3.071E-14
   4856.2500   3.085E-14
   4857.5000   3.096E-14
   4858.7500   3.103E-14
   4860.0000   3.108E-14
   4861.2500   3.109E-14
   4862.5000   3.108E-14
   4863.7500   3.103E-14
   4865.0000   3.096E-14
   4866.2500   3.085E-14
   4867.5000   3.072E-14
   4868.7500   3.055E-14
   4870.0000   3.036E-14
   4871.2500   3.014E-14
   4872.5000   2.990E-14
   4873.7500   2.963E-14
   4875.0000   2.934E-14
   4876.2500   2.903E-14
   4877.5000   2.871E-14
   4878.7500   2.836E-14
   4880.0000   2.799E-14
   4881.2500   2.761E-14
   4882.5000   2.722E-14
   4883.7500   2.682E-14
   4885.0000   2.641E-14
   4886.2500   2.598E-14
   4887.5000   2.555E-14
   4888.7500   2.512E-14
   4890.0000   2.468E-14
   4891.2500   2.424E-14
   4892.5000   2.380E-14
   4893.7500   2.335E-14
   4895.0000   2.291E-14
   4896.2500   2.247E-14
   4897.5000   2.203E-14
   4898.7500   2.159E-14
   4900.0000   2.115E-14
   4901.2500   2.072E-14
   4902.5000   2.030E-14
   4903.7500   1.988E-14
   4905.0000   1.947E-14
   4906.2500   1.906E-14
   4907.5000   1.866E-14
   4908.7500   1.826E-14
   4910.0000   1.787E-14
   4911.2500   1.749E-14
   4912.5000   1.712E-14
   4913.7500   1.676E-14
   4915.0000   1.640E-14
   4916.2500   1.605E-14
   4917.5000   1.570E-14
   4918.7500   1.537E-14
   4920.0000   1.504E-14
   4921.2500   1.472E-14
   4922.5000   1.441E-14
   4923.7500   1.410E-14
   4925.0000   1.381E-14
   4926.2500   1.352E-14
   4927.5000   1.323E-14
   4928.7500   1.296E-14
   4930.0000   1.269E-14
   4931.2500   1.243E-14
   4932.5000   1.217E-14
   4933.7500   1.192E-14
   4935.0000   1.168E-14
   4936.2500   1.144E-14
   4937.5000   1.121E-14
   4938.7500   1.099E-14
   4940.0000   1.077E-14
   4941.2500   1.055E-14
   4942.5000   1.035E-14
   4943.7500   1.014E-14
   4945.0000   9.947E-15
   4946.2500   9.755E-15
   4947.5000   9.568E-15
   4948.7500   9.386E-15
   4950.0000   9.208E-15
   4951.2500   9.036E-15
   4952.5000   8.868E-15
   4953.7500   8.704E-15
   4955.0000   8.544E-15
   4956.2500   8.388E-15
   4957.5000   8.236E-15
   4958.7500   8.088E-15
   4960.0000   7.944E-15
   4961.2500   7.803E-15
   4962.5000   7.666E-15
   4963.7500   7.532E-15
   4965.0000   7.402E-15
   4966.2500   7.275E-15
   4967.5000   7.151E-15
   4968.7500   7.030E-15
   4970.0000   6.912E-15
   4971.2500   6.797E-15
   4972.5000   6.685E-15
   4973.7500   6.575E-15
   4975.0000   6.468E-15
   4976.2500   6.364E-15
   4977.5000   6.262E-15
   4978.7500   6.162E-15
   4980.0000   6.065E-15
   4981.2500   5.970E-15
   4982.5000   5.878E-15
   4983.7500   5.787E-15
   4985.0000   5.699E-15
   4986.2500   5.612E-15
   4987.5000   5.528E-15
   4988.7500   5.445E-15
   4990.0000   5.364E-15
   4991.2500   5.286E-15
   4992.5000   5.209E-15
   4993.7500   5.133E-15
   4995.0000   5.059E-15
   4996.2500   4.987E-15
   4997.5000   4.917E-15
   4998.7500   4.848E-15
   5000.0000   4.780E-15
   5001.2500   4.714E-15
   5002.5000   4.649E-15
   5003.7500   4.586E-15
   5005.0000   4.524E-15
   5006.2500   4.463E-15
   5007.5000   4.404E-15
   5008.7500   4.346E-15
   5010.0000   4.289E-15
   5011.2500   4.233E-15
   5012.5000   4.179E-15
   5013.7500   4.125E-15
   5015.0000   4.073E-15
   5016.2500   4.021E-15
   5017.5000   3.971E-15
   5018.7500   3.921E-15
   5020.0000   3.873E-15
   5021.2500   3.825E-15
   5022.5000   3.779E-15
   5023.7500   3.733E-15
   5025.0000   3.688E-15
   5026.2500   3.645E-15
   5027.5000   3.601E-15
   5028.7500   3.559E-15
   5030.0000   3.518E-15
   5031.2500   3.477E-15
   5032.5000   3.437E-15
   5033.7500   3.398E-15
   5035.0000   3.359E-15
   5036.2500   3.322E-15
   5037.5000   3.285E-15
   5038.7500   3.248E-15
   5040.0000   3.213E-15
   5041.2500   3.177E-15
   5042.5000   3.143E-15
   5043.7500   3.109E-15
   5045.0000   3.076E-15
   5046.2500   3.043E-15
   5047.5000   3.011E-15
   5048.7500   2.980E-15
   5050.0000   2.949E-15
   5051.2500   2.918E-15
   5052.5000   2.888E-15
   5053.7500   2.859E-15
   5055.0000   2.830E-15
   5056.2500   2.801E-15
   5057.5000   2.773E-15
   5058.7500   2.746E-15
   5060.0000   2.719E-15
   5061.2500   2.692E-15
   5062.5000   2.666E-15
   5063.7500   2.640E-15
   5065.0000   2.615E-15
   5066.2500   2.590E-15
   5067.5000   2.566E-15
   5068.7500   2.541E-15
   5070.0000   2.518E-15
   5071.2500   2.494E-15
   5072.5000   2.471E-15
   5073.7500   2.449E-15
   5075.0000   2.426E-15
   5076.2500   2.405E-15
   5077.5000   2.383E-15
   5078.7500   2.362E-15
   5080.0000   2.341E-15
   5081.2500   2.320E-15
   5082.5000   2.300E-15
   5083.7500   2.280E-15
   5085.0000   2.260E-15
   5086.2500   2.241E-15
   5087.5000   2.222E-15
   5088.7500   2.203E-15
   5090.0000   2.184E-15
   5091.2500   2.166E-15
   5092.5000   2.148E-15
   5093.7500   2.130E-15
   5095.0000   2.113E-15
   5096.2500   2.095E-15
   5097.5000   2.078E-15
   5098.7500   2.062E-15
   5100.0000   2.045E-15
   5101.2500   2.029E-15
   5102.5000   2.013E-15
   5103.7500   1.997E-15
   5105.0000   1.981E-15
   5106.2500   1.966E-15
   5107.5000   1.951E-15
   5108.7500   1.936E-15
   5110.0000   1.921E-15
   5111.2500   1.906E-15
   5112.5000   1.892E-15
   5113.7500   1.878E-15
   5115.0000   1.864E-15
   5116.2500   1.850E-15
   5117.5000   1.837E-15
   5118.7500   1.823E-15
   5120.0000   1.810E-15
   5121.2500   1.797E-15
   5122.5000   1.784E-15
   5123.7500   1.771E-15
   5125.0000   1.759E-15
   5126.2500   1.746E-15
   5127.5000   1.734E-15
   5128.7500   1.722E-15
   5130.0000   1.710E-15
   5131.2500   1.698E-15
   5132.5000   1.686E-15
   5133.7500   1.675E-15
   5135.0000   1.664E-15
   5136.2500   1.652E-15
   5137.5000   1.641E-15
   5138.7500   1.630E-15
   5140.0000   1.620E-15
   5141.2500   1.609E-15
   5142.5000   1.598E-15
   5143.7500   1.588E-15
   5145.0000   1.578E-15
   5146.2500   1.568E-15
   5147.5000   1.557E-15
   5148.7500   1.548E-15
   5150.0000   1.538E-15
   5151.2500   1.528E-15
   5152.5000   1.519E-15
   5153.7500   1.509E-15
   5155.0000   1.500E-15
   5156.2500   1.491E-15
   5157.5000   1.481E-15
   5158.7500   1.472E-15
   5160.0000   1.464E-15
   5161.2500   1.455E-15
   5162.5000   1.446E-15
   5163.7500   1.437E-15
   5165.0000   1.429E-15
   5166.2500   1.421E-15
   5167.5000   1.412E-15
   5168.7500   1.404E-15
   5170.0000   1.396E-15
   5171.2500   1.388E-15
   5172.5000   1.380E-15
   5173.7500   1.372E-15
   5175.0000   1.364E-15
   5176.2500   1.357E-15
   5177.5000   1.349E-15
   5178.7500   1.342E-15
   5180.0000   1.334E-15
   5181.2500   1.327E-15
   5182.5000   1.319E-15
   5183.7500   1.312E-15
   5185.0000   1.305E-15
   5186.2500   1.298E-15
   5187.5000   1.291E-15
   5188.7500   1.284E-15
   5190.0000   1.277E-15
   5191.2500   1.271E-15
   5192.5000   1.264E-15
   5193.7500   1.257E-15
   5195.0000   1.251E-15
   5196.2500   1.245E-15
   5197.5000   1.238E-15
   5198.7500   1.232E-15
   5200.0000   1.226E-15
   5201.2500   1.219E-15
   5202.5000   1.213E-15
   5203.7500   1.207E-15
   5205.0000   1.201E-15
   5206.2500   1.195E-15
   5207.5000   1.189E-15
   5208.7500   1.184E-15
   5210.0000   1.178E-15
   5211.2500   1.172E-15
   5212.5000   1.166E-15
   5213.7500   1.161E-15
   5215.0000   1.155E-15
   5216.2500   1.150E-15
   5217.5000   1.144E-15
   5218.7500   1.139E-15
   5220.0000   1.134E-15
   5221.2500   1.129E-15
   5222.5000   1.123E-15
   5223.7500   1.118E-15
   5225.0000   1.113E-15
   5226.2500   1.108E-15
   5227.5000   1.103E-15
   5228.7500   1.098E-15
   5230.0000   1.093E-15
   5231.2500   1.088E-15
   5232.5000   1.083E-15
   5233.7500   1.079E-15
   5235.0000   1.074E-15
   5236.2500   1.069E-15
   5237.5000   1.065E-15
   5238.7500   1.060E-15
   5240.0000   1.056E-15
   5241.2500   1.051E-15
   5242.5000   1.047E-15
   5243.7500   1.042E-15
   5245.0000   1.038E-15
   5246.2500   1.033E-15
   5247.5000   1.029E-15
   5248.7500   1.025E-15
   5250.0000   1.021E-15
   5251.2500   1.017E-15
   5252.5000   1.012E-15
   5253.7500   1.008E-15
   5255.0000   1.004E-15
   5256.2500   1.000E-15
   5257.5000   9.963E-16
   5258.7500   9.923E-16
   5260.0000   9.884E-16
   5261.2500   9.846E-16
   5262.5000   9.807E-16
   5263.7500   9.769E-16
   5265.0000   9.732E-16
   5266.2500   9.694E-16
   5267.5000   9.657E-16
   5268.7500   9.621E-16
   5270.0000   9.584E-16
   5271.2500   9.549E-16
   5272.5000   9.513E-16
   5273.7500   9.477E-16
   5275.0000   9.443E-16
   5276.2500   9.408E-16
   5277.5000   9.373E-16
   5278.7500   9.339E-16
   5280.0000   9.306E-16
   5281.2500   9.272E-16
   5282.5000   9.239E-16
   5283.7500   9.206E-16
   5285.0000   9.174E-16
   5286.2500   9.141E-16
   5287.5000   9.109E-16
   5288.7500   9.078E-16
   5290.0000   9.046E-16
   5291.2500   9.015E-16
   5292.5000   8.984E-16
   5293.7500   8.953E-16
   5295.0000   8.923E-16
   5296.2500   8.893E-16
   5297.5000   8.863E-16
   5298.7500   8.834E-16
   5300.0000   8.804E-16
   5301.2500   8.775E-16
   5302.5000   8.746E-16
   5303.7500   8.718E-16
   5305.0000   8.690E-16
   5306.2500   8.662E-16
   5307.5000   8.634E-16
   5308.7500   8.606E-16
   5310.0000   8.579E-16
   5311.2500   8.552E-16
   5312.5000   8.525E-16
   5313.7500   8.498E-16
   5315.0000   8.472E-16
   5316.2500   8.446E-16
   5317.5000   8.420E-16
   5318.7500   8.394E-16
   5320.0000   8.369E-16
   5321.2500   8.343E-16
   5322.5000   8.318E-16
   5323.7500   8.293E-16
   5325.0000   8.269E-16
   5326.2500   8.244E-16
   5327.5000   8.220E-16
   5328.7500   8.196E-16
   5330.0000   8.172E-16
   5331.2500   8.149E-16
   5332.5000   8.125E-16
   5333.7500   8.102E-16
   5335.0000   8.079E-16
   5336.2500   8.056E-16
   5337.5000   8.034E-16
   5338.7500   8.011E-16
   5340.0000   7.989E-16
   5341.2500   7.967E-16
   5342.5000   7.945E-16
   5343.7500   7.924E-16
   5345.0000   7.902E-16
   5346.2500   7.881E-16
   5347.5000   7.860E-16
   5348.7500   7.839E-16
   5350.0000   7.818E-16
   5351.2500   7.798E-16
   5352.5000   7.777E-16
   5353.7500   7.757E-16
   5355.0000   7.737E-16
   5356.2500   7.717E-16
   5357.5000   7.697E-16
   5358.7500   7.678E-16
   5360.0000   7.659E-16
   5361.2500   7.639E-16
   5362.5000   7.620E-16
   5363.7500   7.601E-16
   5365.0000   7.583E-16
   5366.2500   7.564E-16
   5367.5000   7.546E-16
   5368.7500   7.528E-16
   5370.0000   7.510E-16
   5371.2500   7.492E-16
   5372.5000   7.474E-16
   5373.7500   7.456E-16
   5375.0000   7.439E-16
   5376.2500   7.421E-16
   5377.5000   7.404E-16
   5378.7500   7.387E-16
   5380.0000   7.370E-16
   5381.2500   7.354E-16
   5382.5000   7.337E-16
   5383.7500   7.321E-16
   5385.0000   7.304E-16
   5386.2500   7.288E-16
   5387.5000   7.272E-16
   5388.7500   7.256E-16
   5390.0000   7.241E-16
   5391.2500   7.225E-16
   5392.5000   7.210E-16
   5393.7500   7.194E-16
   5395.0000   7.179E-16
   5396.2500   7.164E-16
   5397.5000   7.149E-16
   5398.7500   7.134E-16
   5400.0000   7.120E-16
   5401.2500   7.105E-16
   5402.5000   7.091E-16
   5403.7500   7.077E-16
   5405.0000   7.062E-16
   5406.2500   7.048E-16
   5407.5000   7.035E-16
   5408.7500   7.021E-16
   5410.0000   7.007E-16
   5411.2500   6.994E-16
   5412.5000   6.980E-16
   5413.7500   6.967E-16
   5415.0000   6.954E-16
   5416.2500   6.941E-16
   5417.5000   6.928E-16
   5418.7500   6.915E-16
   5420.0000   6.903E-16
   5421.2500   6.890E-16
   5422.5000   6.878E-16
   5423.7500   6.865E-16
   5425.0000   6.853E-16
   5426.2500   6.841E-16
   5427.5000   6.829E-16
   5428.7500   6.817E-16
   5430.0000   6.805E-16
   5431.2500   6.794E-16
   5432.5000   6.782E-16
   5433.7500   6.771E-16
   5435.0000   6.760E-16
   5436.2500   6.748E-16
   5437.5000   6.737E-16
   5438.7500   6.726E-16
   5440.0000   6.715E-16
   5441.2500   6.705E-16
   5442.5000   6.694E-16
   5443.7500   6.683E-16
   5445.0000   6.673E-16
   5446.2500   6.663E-16
   5447.5000   6.652E-16
   5448.7500   6.642E-16
   5450.0000   6.632E-16
   5451.2500   6.622E-16
   5452.5000   6.613E-16
   5453.7500   6.603E-16
   5455.0000   6.593E-16
   5456.2500   6.584E-16
   5457.5000   6.574E-16
   5458.7500   6.565E-16
   5460.0000   6.556E-16
   5461.2500   6.547E-16
   5462.5000   6.538E-16
   5463.7500   6.529E-16
   5465.0000   6.520E-16
   5466.2500   6.511E-16
   5467.5000   6.502E-16
   5468.7500   6.494E-16
   5470.0000   6.485E-16
   5471.2500   6.477E-16
   5472.5000   6.469E-16
   5473.7500   6.460E-16
   5475.0000   6.452E-16
   5476.2500   6.444E-16
   5477.5000   6.437E-16
   5478.7500   6.429E-16
   5480.0000   6.421E-16
   5481.2500   6.413E-16
   5482.5000   6.406E-16
   5483.7500   6.398E-16
   5485.0000   6.391E-16
   5486.2500   6.384E-16
   5487.5000   6.377E-16
   5488.7500   6.369E-16
   5490.0000   6.362E-16
   5491.2500   6.356E-16
   5492.5000   6.349E-16
   5493.7500   6.342E-16
   5495.0000   6.335E-16
   5496.2500   6.329E-16
   5497.5000   6.322E-16
   5498.7500   6.315E-16
   5500.0000   6.309E-16
   5501.2500   6.302E-16
   5502.5000   6.297E-16
   5503.7500   6.293E-16
   5505.0000   6.289E-16
   5506.2500   6.285E-16
   5507.5000   6.281E-16
   5508.7500   6.277E-16
   5510.0000   6.273E-16
   5511.2500   6.269E-16
   5512.5000   6.264E-16
   5513.7500   6.259E-16
   5515.0000   6.252E-16
   5516.2500   6.246E-16
   5517.5000   6.240E-16
   5518.7500   6.234E-16
   5520.0000   6.229E-16
   5521.2500   6.223E-16
   5522.5000   6.218E-16
   5523.7500   6.213E-16
   5525.0000   6.207E-16
   5526.2500   6.203E-16
   5527.5000   6.198E-16
   5528.7500   6.193E-16
   5530.0000   6.188E-16
   5531.2500   6.184E-16
   5532.5000   6.180E-16
   5533.7500   6.175E-16
   5535.0000   6.171E-16
   5536.2500   6.167E-16
   5537.5000   6.163E-16
   5538.7500   6.159E-16
   5540.0000   6.156E-16
   5541.2500   6.152E-16
   5542.5000   6.148E-16
   5543.7500   6.145E-16
   5545.0000   6.141E-16
   5546.2500   6.138E-16
   5547.5000   6.135E-16
   5548.7500   6.132E-16
   5550.0000   6.129E-16
   5551.2500   6.126E-16
   5552.5000   6.123E-16
   5553.7500   6.120E-16
   5555.0000   6.118E-16
   5556.2500   6.116E-16
   5557.5000   6.113E-16
   5558.7500   6.110E-16
   5560.0000   6.107E-16
   5561.2500   6.106E-16
   5562.5000   6.105E-16
   5563.7500   6.102E-16
   5565.0000   6.099E-16
   5566.2500   6.096E-16
   5567.5000   6.096E-16
   5568.7500   6.095E-16
   5570.0000   6.094E-16
   5571.2500   6.091E-16
   5572.5000   6.088E-16
   5573.7500   6.086E-16
   5575.0000   6.086E-16
   5576.2500   6.086E-16
   5577.5000   6.086E-16
   5578.7500   6.085E-16
   5580.0000   6.082E-16
   5581.2500   6.079E-16
   5582.5000   6.078E-16
   5583.7500   6.079E-16
   5585.0000   6.080E-16
   5586.2500   6.080E-16
   5587.5000   6.081E-16
   5588.7500   6.080E-16
   5590.0000   6.077E-16
   5591.2500   6.074E-16
   5592.5000   6.073E-16
   5593.7500   6.074E-16
   5595.0000   6.076E-16
   5596.2500   6.077E-16
   5597.5000   6.079E-16
   5598.7500   6.080E-16
   5600.0000   6.081E-16
   5601.2500   6.080E-16
   5602.5000   6.076E-16
   5603.7500   6.074E-16
   5605.0000   6.075E-16
   5606.2500   6.077E-16
   5607.5000   6.079E-16
   5608.7500   6.081E-16
   5610.0000   6.083E-16
   5611.2500   6.085E-16
   5612.5000   6.088E-16
   5613.7500   6.090E-16
   5615.0000   6.092E-16
   5616.2500   6.091E-16
   5617.5000   6.088E-16
   5618.7500   6.086E-16
   5620.0000   6.087E-16
   5621.2500   6.089E-16
   5622.5000   6.092E-16
   5623.7500   6.095E-16
   5625.0000   6.098E-16
   5626.2500   6.101E-16
   5627.5000   6.105E-16
   5628.7500   6.108E-16
   5630.0000   6.111E-16
   5631.2500   6.115E-16
   5632.5000   6.118E-16
   5633.7500   6.121E-16
   5635.0000   6.121E-16
   5636.2500   6.117E-16
   5637.5000   6.115E-16
   5638.7500   6.117E-16
   5640.0000   6.121E-16
   5641.2500   6.125E-16
   5642.5000   6.129E-16
   5643.7500   6.133E-16
   5645.0000   6.137E-16
   5646.2500   6.142E-16
   5647.5000   6.146E-16
   5648.7500   6.151E-16
   5650.0000   6.155E-16
   5651.2500   6.160E-16
   5652.5000   6.164E-16
   5653.7500   6.169E-16
   5655.0000   6.174E-16
   5656.2500   6.179E-16
   5657.5000   6.183E-16
   5658.7500   6.183E-16
   5660.0000   6.180E-16
   5661.2500   6.178E-16
   5662.5000   6.181E-16
   5663.7500   6.186E-16
   5665.0000   6.191E-16
   5666.2500   6.197E-16
   5667.5000   6.202E-16
   5668.7500   6.208E-16
   5670.0000   6.214E-16
   5671.2500   6.219E-16
   5672.5000   6.225E-16
   5673.7500   6.231E-16
   5675.0000   6.237E-16
   5676.2500   6.243E-16
   5677.5000   6.250E-16
   5678.7500   6.256E-16
   5680.0000   6.262E-16
   5681.2500   6.269E-16
   5682.5000   6.275E-16
   5683.7500   6.281E-16
   5685.0000   6.288E-16
   5686.2500   6.295E-16
   5687.5000   6.301E-16
   5688.7500   6.306E-16
   5690.0000   6.307E-16
   5691.2500   6.303E-16
   5692.5000   6.303E-16
   5693.7500   6.308E-16
   5695.0000   6.315E-16
   5696.2500   6.323E-16
   5697.5000   6.330E-16
   5698.7500   6.337E-16
   5700.0000   6.345E-16
   5701.2500   6.353E-16
   5702.5000   6.360E-16
   5703.7500   6.368E-16
   5705.0000   6.376E-16
   5706.2500   6.384E-16
   5707.5000   6.392E-16
   5708.7500   6.400E-16
   5710.0000   6.408E-16
   5711.2500   6.416E-16
   5712.5000   6.425E-16
   5713.7500   6.433E-16
   5715.0000   6.442E-16
   5716.2500   6.450E-16
   5717.5000   6.459E-16
   5718.7500   6.468E-16
   5720.0000   6.476E-16
   5721.2500   6.485E-16
   5722.5000   6.494E-16
   5723.7500   6.503E-16
   5725.0000   6.512E-16
   5726.2500   6.522E-16
   5727.5000   6.531E-16
   5728.7500   6.540E-16
   5730.0000   6.546E-16
   5731.2500   6.547E-16
   5732.5000   6.546E-16
   5733.7500   6.547E-16
   5735.0000   6.555E-16
   5736.2500   6.564E-16
   5737.5000   6.574E-16
   5738.7500   6.584E-16
   5740.0000   6.594E-16
   5741.2500   6.605E-16
   5742.5000   6.615E-16
   5743.7500   6.625E-16
   5745.0000   6.636E-16
   5746.2500   6.646E-16
   5747.5000   6.657E-16
   5748.7500   6.668E-16
   5750.0000   6.679E-16
   5751.2500   6.690E-16
   5752.5000   6.701E-16
   5753.7500   6.712E-16
   5755.0000   6.723E-16
   5756.2500   6.734E-16
   5757.5000   6.746E-16
   5758.7500   6.757E-16
   5760.0000   6.769E-16
   5761.2500   6.781E-16
   5762.5000   6.792E-16
   5763.7500   6.804E-16
   5765.0000   6.816E-16
   5766.2500   6.828E-16
   5767.5000   6.840E-16
   5768.7500   6.853E-16
   5770.0000   6.865E-16
   5771.2500   6.877E-16
   5772.5000   6.890E-16
   5773.7500   6.902E-16
   5775.0000   6.915E-16
   5776.2500   6.928E-16
   5777.5000   6.941E-16
   5778.7500   6.954E-16
   5780.0000   6.967E-16
   5781.2500   6.980E-16
   5782.5000   6.993E-16
   5783.7500   7.007E-16
   5785.0000   7.020E-16
   5786.2500   7.032E-16
   5787.5000   7.037E-16
   5788.7500   7.036E-16
   5790.0000   7.039E-16
   5791.2500   7.048E-16
   5792.5000   7.062E-16
   5793.7500   7.076E-16
   5795.0000   7.090E-16
   5796.2500   7.104E-16
   5797.5000   7.119E-16
   5798.7500   7.134E-16
