1400.00  2.581446E-14
1403.00  2.624286E-14
1406.00  2.639351E-14
1409.00  2.744539E-14
1412.00  3.189645E-14
1415.00  3.285501E-14
1418.00  3.301825E-14
1421.00  3.316371E-14
1424.00  3.331644E-14
1427.00  3.348339E-14
1430.00  3.400852E-14
1433.00  3.474724E-14
1436.00  3.495404E-14
1439.00  3.570240E-14
1442.00  3.642484E-14
1445.00  3.674450E-14
1448.00  3.703973E-14
1451.00  3.650512E-14
1454.00  3.554686E-14
1457.00  3.562967E-14
1460.00  3.456919E-14
1463.00  3.277946E-14
1466.00  3.281679E-14
1469.00  3.307988E-14
1472.00  3.376661E-14
1475.00  3.402155E-14
1478.00  3.419279E-14
1481.00  3.469451E-14
1484.00  3.504884E-14
1487.00  3.520052E-14
1490.00  3.528644E-14
1493.00  3.533370E-14
1496.00  3.547516E-14
1499.00  3.517801E-14
1502.00  3.329392E-14
1505.00  3.301396E-14
1508.00  3.219538E-14
1511.00  2.955227E-14
1514.00  2.991682E-14
1517.00  3.149116E-14
1520.00  3.158241E-14
1523.00  3.093878E-14
1526.00  3.089849E-14
1529.00  3.012717E-14
1532.00  2.621634E-14
1535.00  2.546931E-14
1538.00  2.553938E-14
1541.00  2.524904E-14
1544.00  2.511365E-14
1547.00  2.520224E-14
1550.00  2.507913E-14
1553.00  2.482183E-14
1556.00  2.489279E-14
1559.00  2.536074E-14
1562.00  2.712839E-14
1565.00  2.759293E-14
1568.00  2.778580E-14
1571.00  2.914061E-14
1574.00  3.000807E-14
1577.00  3.014257E-14
1580.00  3.086205E-14
1583.00  3.195822E-14
1586.00  3.214338E-14
1589.00  3.224530E-14
1592.00  3.230248E-14
1595.00  3.240410E-14
1598.00  3.250098E-14
1601.00  3.237507E-14
1604.00  3.234040E-14
1607.00  3.244809E-14
1610.00  3.244824E-14
1613.00  3.237847E-14
1616.00  3.247521E-14
1619.00  3.237506E-14
1622.00  3.155797E-14
1625.00  3.145161E-14
1628.00  3.166018E-14
1631.00  3.312032E-14
1634.00  3.407784E-14
1637.00  3.421338E-14
1640.00  3.446046E-14
1643.00  3.479124E-14
1646.00  3.492175E-14
1649.00  3.469703E-14
1652.00  3.333540E-14
1655.00  3.309484E-14
1658.00  3.329540E-14
1661.00  3.460726E-14
1664.00  3.548346E-14
1667.00  3.528496E-14
1670.00  3.248379E-14
1673.00  3.194726E-14
1676.00  3.575795E-14
1679.00  3.726222E-14
1682.00  3.772439E-14
1685.00  3.805754E-14
1688.00  3.806362E-14
1691.00  3.671503E-14
1694.00  3.588327E-14
1697.00  3.596015E-14
1700.00  3.562981E-14
1703.00  3.501536E-14
1706.00  3.505802E-14
1709.00  3.470310E-14
1712.00  3.283650E-14
1715.00  3.244291E-14
1718.00  3.251283E-14
1721.00  3.230619E-14
1724.00  3.220398E-14
1727.00  3.231611E-14
1730.00  3.320372E-14
1733.00  3.460459E-14
1736.00  3.482413E-14
1739.00  3.481494E-14
1742.00  3.444046E-14
1745.00  3.441958E-14
1748.00  3.460222E-14
1751.00  3.565781E-14
1754.00  3.639624E-14
1757.00  3.649698E-14
1760.00  3.572343E-14
1763.00  3.437617E-14
1766.00  3.433781E-14
1769.00  3.430626E-14
1772.00  3.386023E-14
1775.00  3.381328E-14
1778.00  3.396600E-14
1781.00  3.470280E-14
1784.00  3.523327E-14
1787.00  3.536451E-14
1790.00  3.607465E-14
1793.00  3.718341E-14
1796.00  3.738858E-14
1799.00  3.750768E-14
1802.00  3.766855E-14
1805.00  3.778912E-14
1808.00  3.768543E-14
1811.00  3.548938E-14
1814.00  3.401473E-14
1817.00  3.406821E-14
1820.00  3.452712E-14
1823.00  3.522438E-14
1826.00  3.538243E-14
1829.00  3.526408E-14
1832.00  3.448535E-14
1835.00  3.433322E-14
1838.00  3.425411E-14
1841.00  3.252497E-14
1844.00  3.135325E-14
1847.00  3.138836E-14
1850.00  3.134170E-14
1853.00  3.120942E-14
1856.00  3.127104E-14
1859.00  3.150538E-14
1862.00  3.219108E-14
1865.00  3.245135E-14
1868.00  3.270155E-14
1871.00  3.446639E-14
1874.00  3.573084E-14
1877.00  3.582771E-14
1880.00  3.457274E-14
1883.00  3.244113E-14
1886.00  3.226693E-14
1889.00  3.204251E-14
1892.00  3.090664E-14
1895.00  3.062667E-14
1898.00  3.085331E-14
1901.00  3.246557E-14
1904.00  3.363256E-14
1907.00  3.373832E-14
1910.00  3.300033E-14
1913.00  3.172832E-14
1916.00  3.164419E-14
1919.00  3.154301E-14
1922.00  3.091271E-14
1925.00  3.077643E-14
1928.00  3.097877E-14
1931.00  3.230692E-14
1934.00  3.328148E-14
1937.00  3.341732E-14
1940.00  3.375787E-14
1943.00  3.426389E-14
1946.00  3.439765E-14
1949.00  3.391045E-14
1952.00  3.178298E-14
1955.00  3.117283E-14
1958.00  3.128852E-14
1961.00  3.266925E-14
1964.00  3.488797E-14
1967.00  3.525534E-14
1970.00  3.546227E-14
1973.00  3.635922E-14
1976.00  3.681354E-14
1979.00  3.649416E-14
1982.00  3.498781E-14
1985.00  3.456371E-14
1988.00  3.453645E-14
1991.00  3.391460E-14
1994.00  3.367211E-14
1997.00  3.377077E-14
2000.00  3.444180E-14
2003.00  3.549057E-14
2006.00  3.570773E-14
2009.00  3.555886E-14
2012.00  3.475287E-14
2015.00  3.454564E-14
2018.00  3.473214E-14
2021.00  3.580313E-14
2024.00  3.661815E-14
2027.00  3.670273E-14
2030.00  3.568433E-14
2033.00  3.395533E-14
2036.00  3.377965E-14
2039.00  3.408006E-14
2042.00  3.498292E-14
2045.00  3.534170E-14
2048.00  3.523978E-14
2051.00  3.360144E-14
2054.00  3.239640E-14
2057.00  3.240751E-14
2060.00  3.271784E-14
2063.00  3.317794E-14
2066.00  3.333200E-14
2069.00  3.428493E-14
2072.00  3.663252E-14
2075.00  3.661622E-14
2078.00  3.461111E-14
2081.00  3.439173E-14
2084.00  3.556538E-14
2087.00  3.584431E-14
2090.00  3.511758E-14
2093.00  3.386542E-14
2096.00  3.373966E-14
2099.00  3.392467E-14
2102.00  3.439454E-14
2105.00  3.461289E-14
2108.00  3.472695E-14
2111.00  3.506039E-14
2114.00  3.533518E-14
2117.00  3.543265E-14
2120.00  3.556774E-14
2123.00  3.573647E-14
2126.00  3.582653E-14
2129.00  3.555279E-14
2132.00  3.435129E-14
2135.00  3.396763E-14
2138.00  3.402421E-14
2141.00  3.401888E-14
2144.00  3.403222E-14
2147.00  3.413191E-14
2150.00  3.472147E-14
2153.00  3.564211E-14
2156.00  3.586031E-14
2159.00  3.577972E-14
2162.00  3.527756E-14
2165.00  3.514231E-14
2168.00  3.519327E-14
2171.00  3.508543E-14
2174.00  3.501803E-14
2177.00  3.506277E-14
2180.00  3.468962E-14
2183.00  3.402274E-14
2186.00  3.397726E-14
2189.00  3.430863E-14
2192.00  3.528748E-14
2195.00  3.570595E-14
2198.00  3.574210E-14
2201.00  3.539769E-14
2204.00  3.514053E-14
2207.00  3.516438E-14
2210.00  3.471273E-14
2213.00  3.391563E-14
2216.00  3.383149E-14
2219.00  3.369669E-14
2222.00  3.304625E-14
2225.00  3.284198E-14
2228.00  3.298300E-14
2231.00  3.364262E-14
2234.00  3.418672E-14
2237.00  3.427826E-14
2240.00  3.398096E-14
2243.00  3.343969E-14
2246.00  3.339466E-14
2249.00  3.321186E-14
2252.00  3.240721E-14
2255.00  3.213568E-14
2258.00  3.225034E-14
2261.00  3.273709E-14
2264.00  3.314535E-14
2267.00  3.325349E-14
2270.00  3.345139E-14
2273.00  3.373062E-14
2276.00  3.384409E-14
2279.00  3.395711E-14
2282.00  3.416168E-14
2285.00  3.428655E-14
2288.00  3.418035E-14
2291.00  3.293263E-14
2294.00  3.192311E-14
2297.00  3.190875E-14
2300.00  3.214458E-14
2303.00  3.249105E-14
2306.00  3.260689E-14
2309.00  3.238336E-14
2312.00  3.146184E-14
2315.00  3.112157E-14
2318.00  3.069747E-14
2321.00  2.741028E-14
2324.00  2.469888E-14
2327.00  2.460467E-14
2330.00  2.624197E-14
2333.00  2.892700E-14
2336.00  2.951346E-14
2339.00  2.956753E-14
2342.00  2.957064E-14
2345.00  2.960945E-14
2348.00  2.973728E-14
2351.00  3.025456E-14
2354.00  3.069807E-14
2357.00  3.076028E-14
2360.00  3.026271E-14
2363.00  2.939243E-14
2366.00  2.926252E-14
2369.00  2.932252E-14
2372.00  2.939036E-14
2375.00  2.945362E-14
2378.00  2.941243E-14
2381.00  2.877798E-14
2384.00  2.825167E-14
2387.00  2.828352E-14
2390.00  2.876925E-14
2393.00  2.953775E-14
2396.00  2.974306E-14
2399.00  2.960174E-14
2402.00  2.899055E-14
2405.00  2.876168E-14
2408.00  2.884005E-14
2411.00  2.911321E-14
2414.00  2.935495E-14
2417.00  2.945435E-14
2420.00  2.978232E-14
2423.00  3.028538E-14
2426.00  3.043735E-14
2429.00  3.028078E-14
2432.00  2.962811E-14
2435.00  2.937733E-14
2438.00  2.951375E-14
2441.00  3.016894E-14
2444.00  3.073925E-14
2447.00  3.084397E-14
2450.00  3.072887E-14
2453.00  3.049586E-14
2456.00  3.048994E-14
2459.00  3.050342E-14
2462.00  3.041469E-14
2465.00  3.040788E-14
2468.00  3.038432E-14
2471.00  2.992719E-14
2474.00  2.954071E-14
2477.00  2.955746E-14
2480.00  2.971210E-14
2483.00  2.992882E-14
2486.00  2.999681E-14
2489.00  2.926193E-14
2492.00  2.680220E-14
2495.00  2.572025E-14
2498.00  2.604392E-14
2501.00  2.818398E-14
2504.00  3.004984E-14
2507.00  3.015531E-14
2510.00  2.917201E-14
2513.00  2.837477E-14
2516.00  2.885353E-14
2519.00  2.951509E-14
2522.00  2.927585E-14
2525.00  2.885264E-14
2528.00  2.885220E-14
2531.00  2.900892E-14
2534.00  2.915394E-14
2537.00  2.919408E-14
2540.00  2.890982E-14
2543.00  2.840469E-14
2546.00  2.833136E-14
2549.00  2.859104E-14
2552.00  2.929082E-14
2555.00  2.964944E-14
2558.00  2.968322E-14
2561.00  2.948116E-14
2564.00  2.930963E-14
2567.00  2.936947E-14
2570.00  2.979150E-14
2573.00  3.044846E-14
2576.00  3.065511E-14
2579.00  3.062696E-14
2582.00  3.040076E-14
2585.00  3.032344E-14
2588.00  3.034581E-14
2591.00  3.024093E-14
2594.00  3.015413E-14
2597.00  3.016968E-14
2600.00  2.995681E-14
2603.00  2.957093E-14
2606.00  2.950991E-14
2609.00  2.947642E-14
2612.00  2.926993E-14
2615.00  2.919972E-14
2618.00  2.929674E-14
2621.00  2.963330E-14
2624.00  2.994096E-14
2627.00  3.003829E-14
2630.00  3.014939E-14
2633.00  3.029337E-14
2636.00  3.038270E-14
2639.00  3.063052E-14
2642.00  3.125489E-14
2645.00  3.159352E-14
2648.00  3.167040E-14
2651.00  3.170995E-14
2654.00  3.175069E-14
2657.00  3.174136E-14
2660.00  3.108439E-14
2663.00  2.997281E-14
2666.00  2.971892E-14
2669.00  2.991578E-14
2672.00  3.042565E-14
2675.00  3.070977E-14
2678.00  3.075672E-14
2681.00  3.065851E-14
2684.00  3.057423E-14
2687.00  3.057674E-14
2690.00  3.027915E-14
2693.00  2.975684E-14
2696.00  2.965300E-14
2699.00  2.972217E-14
2702.00  2.983624E-14
2705.00  2.992037E-14
2708.00  2.991104E-14
2711.00  2.960100E-14
2714.00  2.932162E-14
2717.00  2.932918E-14
2720.00  2.941791E-14
2723.00  2.952960E-14
2726.00  2.960796E-14
2729.00  2.979639E-14
2732.00  3.023945E-14
2735.00  3.048965E-14
2738.00  3.034107E-14
2741.00  2.922505E-14
2744.00  2.820116E-14
2747.00  2.808458E-14
2750.00  2.814546E-14
2753.00  2.821834E-14
2756.00  2.828026E-14
2759.00  2.839773E-14
2762.00  2.863859E-14
2765.00  2.879221E-14
2768.00  2.893441E-14
2771.00  2.940591E-14
2774.00  2.984587E-14
2777.00  2.994111E-14
2780.00  2.978054E-14
2783.00  2.948102E-14
2786.00  2.939169E-14
2789.00  2.876584E-14
2792.00  2.687316E-14
2795.00  2.589771E-14
2798.00  2.596496E-14
2801.00  2.658386E-14
2804.00  2.716557E-14
2807.00  2.739103E-14
2810.00  2.822100E-14
2813.00  2.953908E-14
2816.00  2.998140E-14
2819.00  3.009680E-14
2822.00  3.027070E-14
2825.00  3.038491E-14
2828.00  3.030093E-14
2831.00  2.962900E-14
2834.00  2.900403E-14
2837.00  2.892745E-14
2840.00  2.888656E-14
2843.00  2.879221E-14
2846.00  2.879413E-14
2849.00  2.877250E-14
2852.00  2.862245E-14
2855.00  2.856749E-14
2858.00  2.870258E-14
2861.00  2.921912E-14
2864.00  2.970765E-14
2867.00  2.982187E-14
2870.00  2.972247E-14
2873.00  2.952308E-14
2876.00  2.949420E-14
2879.00  2.952190E-14
2882.00  2.951612E-14
2885.00  2.953508E-14
2888.00  2.953405E-14
2891.00  2.934355E-14
2894.00  2.916683E-14
2897.00  2.917675E-14
2900.00  2.927897E-14
2903.00  2.968603E-14
2906.00  3.018287E-14
2909.00  3.033988E-14
2912.00  3.039736E-14
2915.00  3.044876E-14
2918.00  3.043558E-14
2921.00  3.017161E-14
2924.00  2.992378E-14
2927.00  2.991830E-14
2930.00  2.996896E-14
2933.00  3.002155E-14
2936.00  3.006540E-14
2939.00  2.998881E-14
2942.00  2.968248E-14
2945.00  2.953316E-14
2948.00  2.956249E-14
2951.00  2.961360E-14
2954.00  2.966499E-14
2957.00  2.971062E-14
2960.00  2.971417E-14
2963.00  2.968766E-14
2966.00  2.971284E-14
2969.00  2.976262E-14
2972.00  2.981417E-14
2975.00  2.986453E-14
2978.00  2.988038E-14
2981.00  2.976751E-14
2984.00  2.966159E-14
2987.00  2.968070E-14
2990.00  2.973062E-14
2993.00  2.978187E-14
2996.00  2.982824E-14
2999.00  2.981564E-14
3002.00  2.969151E-14
3005.00  2.964218E-14
3008.00  2.968085E-14
3011.00  2.973136E-14
3014.00  2.978202E-14
3017.00  2.982320E-14
3020.00  2.980098E-14
3023.00  2.973255E-14
3026.00  2.974173E-14
3029.00  2.978957E-14
3032.00  2.984024E-14
3035.00  2.988912E-14
3038.00  2.990156E-14
3041.00  2.978143E-14
3044.00  2.966633E-14
3047.00  2.968070E-14
3050.00  2.972958E-14
3053.00  2.977965E-14
3056.00  2.982453E-14
3059.00  2.980439E-14
3062.00  2.966441E-14
3065.00  2.960337E-14
3068.00  2.963863E-14
3071.00  2.968810E-14
3074.00  2.973743E-14
3077.00  2.976913E-14
3080.00  2.968929E-14
3083.00  2.952723E-14
3086.00  2.950072E-14
3089.00  2.954427E-14
3092.00  2.959345E-14
3095.00  2.964070E-14
3098.00  2.964781E-14
3101.00  2.951420E-14
3104.00  2.938429E-14
3107.00  2.939273E-14
3110.00  2.943969E-14
3113.00  2.948843E-14
3116.00  2.952812E-14
3119.00  2.947168E-14
3122.00  2.923897E-14
3125.00  2.912002E-14
3128.00  2.914446E-14
3131.00  2.919186E-14
3134.00  2.923986E-14
3137.00  2.928089E-14
3140.00  2.928000E-14
3143.00  2.924815E-14
3146.00  2.926682E-14
3149.00  2.931230E-14
3152.00  2.936029E-14
3155.00  2.940517E-14
3158.00  2.939406E-14
3161.00  2.919320E-14
3164.00  2.899455E-14
3167.00  2.898389E-14
3170.00  2.902832E-14
3173.00  2.907528E-14
3176.00  2.910580E-14
3179.00  2.897337E-14
3182.00  2.854527E-14
3185.00  2.830382E-14
3188.00  2.830633E-14
3191.00  2.835092E-14
3194.00  2.839699E-14
3197.00  2.844765E-14
3200.00  2.852468E-14
3203.00  2.862185E-14
3206.00  2.868703E-14
3209.00  2.873503E-14
3212.00  2.878139E-14
3215.00  2.882346E-14
3218.00  2.879843E-14
3221.00  2.855267E-14
3224.00  2.830618E-14
3227.00  2.827997E-14
3230.00  2.832100E-14
3233.00  2.836618E-14
3236.00  2.841328E-14
3239.00  2.847461E-14
3242.00  2.856216E-14
3245.00  2.863370E-14
3248.00  2.868333E-14
3251.00  2.872925E-14
3254.00  2.877443E-14
3257.00  2.881101E-14
3260.00  2.879991E-14
3263.00  2.875310E-14
3266.00  2.876243E-14
3269.00  2.880435E-14
3272.00  2.884968E-14
3275.00  2.889279E-14
3278.00  2.890153E-14
3281.00  2.880020E-14
3284.00  2.869681E-14
3287.00  2.870436E-14
3290.00  2.874688E-14
3293.00  2.879176E-14
3296.00  2.883071E-14
3299.00  2.881590E-14
3302.00  2.870807E-14
3305.00  2.865592E-14
3308.00  2.868466E-14
3311.00  2.873695E-14
3314.00  2.890879E-14
3317.00  2.945184E-14
3320.00  3.001503E-14
3323.00  3.024434E-14
3326.00  3.037277E-14
3329.00  3.046150E-14
3332.00  3.046061E-14
3335.00  3.004555E-14
3338.00  2.958204E-14
3341.00  2.967077E-14
3344.00  3.011947E-14
3347.00  3.040314E-14
3350.00  2.991667E-14
3353.00  2.937096E-14
3356.00  2.916920E-14
3359.00  2.905677E-14
3362.00  2.902699E-14
3365.00  2.909632E-14
3368.00  2.879902E-14
3371.00  2.848276E-14
3374.00  2.861133E-14
3377.00  2.902240E-14
3380.00  2.929630E-14
3383.00  2.970943E-14
3386.00  3.007829E-14
3389.00  3.010065E-14
3392.00  3.007902E-14
3395.00  3.021767E-14
3398.00  3.034477E-14
3401.00  2.977076E-14
3404.00  2.909543E-14
3407.00  2.896122E-14
3410.00  2.917498E-14
3413.00  2.944147E-14
3416.00  2.961419E-14
3419.00  2.987801E-14
3422.00  3.008821E-14
3425.00  3.012909E-14
3428.00  3.025871E-14
3431.00  3.037840E-14
3434.00  3.030685E-14
3437.00  3.018390E-14
3440.00  2.970070E-14
3443.00  2.931822E-14
3446.00  2.943954E-14
3449.00  2.966988E-14
3452.00  2.937021E-14
3455.00  2.893174E-14
3458.00  2.879191E-14
3461.00  2.870851E-14
3464.00  2.881027E-14
3467.00  2.901144E-14
3470.00  2.916831E-14
3473.00  2.909098E-14
3476.00  2.891738E-14
3479.00  2.897944E-14
3482.00  2.909602E-14
3485.00  2.926830E-14
3488.00  2.944413E-14
3491.00  2.939214E-14
3494.00  2.924045E-14
3497.00  2.909158E-14
3500.00  2.898700E-14
3503.00  2.882908E-14
3506.00  2.867059E-14
3509.00  2.853994E-14
3512.00  2.844721E-14
3515.00  2.859771E-14
3518.00  2.902625E-14
3521.00  2.916283E-14
3524.00  2.897663E-14
3527.00  2.894211E-14
3530.00  2.916905E-14
3533.00  2.939880E-14
3536.00  2.960811E-14
3539.00  2.984171E-14
3542.00  3.001710E-14
3545.00  3.016420E-14
3548.00  3.018612E-14
3551.00  3.005325E-14
3554.00  2.988083E-14
3557.00  2.982453E-14
3560.00  2.987090E-14
3563.00  2.981905E-14
3566.00  2.953212E-14
3569.00  2.914446E-14
3572.00  2.862852E-14
3575.00  2.822294E-14
3578.00  2.811450E-14
3581.00  2.792208E-14
3584.00  2.761870E-14
3587.00  2.737621E-14
3590.00  2.760048E-14
3593.00  2.813894E-14
3596.00  2.854216E-14
3599.00  2.874066E-14
3602.00  2.866718E-14
3605.00  2.855756E-14
3608.00  2.857015E-14
3611.00  2.859889E-14
3614.00  2.874376E-14
3617.00  2.902225E-14
3620.00  2.928623E-14
3623.00  2.969106E-14
3626.00  3.015102E-14
3629.00  3.027426E-14
3632.00  2.983920E-14
3635.00  2.944976E-14
3638.00  2.954723E-14
3641.00  2.979683E-14
3644.00  2.970722E-14
3647.00  2.951687E-14
3650.00  2.959167E-14
3653.00  2.985920E-14
3656.00  3.008495E-14
3659.00  3.013650E-14
3662.00  2.996852E-14
3665.00  2.974084E-14
3668.00  2.959760E-14
3671.00  2.958531E-14
3674.00  2.956812E-14
3677.00  2.929185E-14
3680.00  2.902151E-14
3683.00  2.893427E-14
3686.00  2.878480E-14
3689.00  2.877339E-14
3692.00  2.894033E-14
3695.00  2.895382E-14
3698.00  2.901174E-14
3701.00  2.894063E-14
3704.00  2.798533E-14
3707.00  2.746984E-14
3710.00  2.762537E-14
3713.00  2.785127E-14
3716.00  2.905484E-14
3719.00  2.916150E-14
3722.00  2.777913E-14
3725.00  2.849668E-14
3728.00  3.057586E-14
3731.00  3.016494E-14
3734.00  2.762730E-14
3737.00  2.767974E-14
3740.00  3.108573E-14
3743.00  3.326993E-14
3746.00  3.168137E-14
3749.00  2.804710E-14
3752.00  2.716142E-14
3755.00  3.046965E-14
3758.00  3.381905E-14
3761.00  3.488101E-14
3764.00  3.396496E-14
3767.00  3.092293E-14
3770.00  2.723164E-14
3773.00  2.703773E-14
3776.00  3.095744E-14
3779.00  3.537769E-14
3782.00  3.811220E-14
3785.00  3.883612E-14
3788.00  3.793860E-14
3791.00  3.568596E-14
3794.00  3.174195E-14
3797.00  2.723415E-14
3800.00  2.635322E-14
3803.00  3.029856E-14
3806.00  3.491834E-14
3809.00  3.799237E-14
3812.00  3.955960E-14
3815.00  3.957026E-14
3818.00  3.855230E-14
3821.00  3.758456E-14
3824.00  3.715069E-14
3827.00  3.587319E-14
3830.00  3.281664E-14
3833.00  2.823285E-14
3836.00  2.501277E-14
3839.00  2.673480E-14
3842.00  3.174817E-14
3845.00  3.625389E-14
3848.00  3.901507E-14
3851.00  4.045816E-14
3854.00  4.106106E-14
3857.00  4.119483E-14
3860.00  4.127940E-14
3863.00  4.115824E-14
3866.00  4.085057E-14
3869.00  4.053712E-14
3872.00  4.006043E-14
3875.00  3.950834E-14
3878.00  3.858993E-14
3881.00  3.668170E-14
3884.00  3.321245E-14
3887.00  2.844809E-14
3890.00  2.578528E-14
3893.00  2.829093E-14
3896.00  3.321660E-14
3899.00  3.710417E-14
3902.00  3.948420E-14
3905.00  4.084035E-14
3908.00  4.187608E-14
3911.00  4.275495E-14
3914.00  4.300425E-14
3917.00  4.279450E-14
3920.00  4.251645E-14
3923.00  4.233884E-14
3926.00  4.187208E-14
3929.00  4.066851E-14
3932.00  3.880487E-14
3935.00  3.790542E-14
3938.00  3.942095E-14
3941.00  4.145361E-14
3944.00  4.221353E-14
3947.00  4.209665E-14
3950.00  4.185297E-14
3953.00  4.153790E-14
3956.00  4.086894E-14
3959.00  3.949487E-14
3962.00  3.677769E-14
3965.00  3.218205E-14
3968.00  2.671258E-14
3971.00  2.421775E-14
3974.00  2.726141E-14
3977.00  3.279813E-14
3980.00  3.717824E-14
3983.00  3.973765E-14
3986.00  4.132622E-14
3989.00  4.250327E-14
3992.00  4.326155E-14
3995.00  4.356834E-14
3998.00  4.365736E-14
4001.00  4.372491E-14
4004.00  4.359248E-14
4007.00  4.338925E-14
4010.00  4.350183E-14
4013.00  4.399822E-14
4016.00  4.457637E-14
4019.00  4.490434E-14
4022.00  4.453341E-14
4025.00  4.342761E-14
4028.00  4.301566E-14
4031.00  4.371218E-14
4034.00  4.449283E-14
4037.00  4.509987E-14
4040.00  4.536384E-14
4043.00  4.505810E-14
4046.00  4.471784E-14
4049.00  4.495381E-14
4052.00  4.518801E-14
4055.00  4.499766E-14
4058.00  4.482302E-14
4061.00  4.464614E-14
4064.00  4.409080E-14
4067.00  4.334347E-14
4070.00  4.270547E-14
4073.00  4.223411E-14
4076.00  4.184409E-14
4079.00  4.169640E-14
4082.00  4.180838E-14
4085.00  4.156264E-14
4088.00  4.085442E-14
4091.00  3.968817E-14
4094.00  3.750367E-14
4097.00  3.368618E-14
4100.00  2.894686E-14
4103.00  2.676858E-14
4106.00  2.939629E-14
4109.00  3.395741E-14
4112.00  3.744576E-14
4115.00  3.953471E-14
4118.00  4.054023E-14
4121.00  4.100996E-14
4124.00  4.154012E-14
4127.00  4.180809E-14
4130.00  4.171565E-14
4133.00  4.195163E-14
4136.00  4.268562E-14
4139.00  4.320630E-14
4142.00  4.288308E-14
4145.00  4.246935E-14
4148.00  4.280724E-14
4151.00  4.326349E-14
4154.00  4.337547E-14
4157.00  4.350849E-14
4160.00  4.377839E-14
4163.00  4.399599E-14
4166.00  4.402473E-14
4169.00  4.369099E-14
4172.00  4.309284E-14
4175.00  4.280783E-14
4178.00  4.297374E-14
4181.00  4.332051E-14
4184.00  4.362062E-14
4187.00  4.366359E-14
4190.00  4.350331E-14
4193.00  4.332184E-14
4196.00  4.293714E-14
4199.00  4.240180E-14
4202.00  4.224419E-14
4205.00  4.262503E-14
4208.00  4.315698E-14
4211.00  4.345176E-14
4214.00  4.342154E-14
4217.00  4.337621E-14
4220.00  4.346776E-14
4223.00  4.316868E-14
4226.00  4.252594E-14
4229.00  4.246787E-14
4232.00  4.276102E-14
4235.00  4.279450E-14
4238.00  4.285168E-14
4241.00  4.310483E-14
4244.00  4.329978E-14
4247.00  4.317224E-14
4250.00  4.290234E-14
4253.00  4.276561E-14
4256.00  4.273717E-14
4259.00  4.267806E-14
4262.00  4.279731E-14
4265.00  4.299092E-14
4268.00  4.274295E-14
4271.00  4.218582E-14
4274.00  4.198392E-14
4277.00  4.232670E-14
4280.00  4.265600E-14
4283.00  4.259985E-14
4286.00  4.224923E-14
4289.00  4.170217E-14
4292.00  4.129763E-14
4295.00  4.105366E-14
4298.00  4.059326E-14
4301.00  3.999510E-14
4304.00  3.972610E-14
4307.00  3.974565E-14
4310.00  3.991748E-14
4313.00  4.027804E-14
4316.00  4.087323E-14
4319.00  4.122652E-14
4322.00  4.079220E-14
4325.00  3.978698E-14
4328.00  3.897092E-14
4331.00  3.797341E-14
4334.00  3.570729E-14
4337.00  3.164181E-14
4340.00  2.774447E-14
4343.00  2.762418E-14
4346.00  3.115638E-14
4349.00  3.495448E-14
4352.00  3.734503E-14
4355.00  3.901655E-14
4358.00  4.031433E-14
4361.00  4.120520E-14
4364.00  4.173803E-14
4367.00  4.174188E-14
4370.00  4.132785E-14
4373.00  4.087857E-14
4376.00  4.071280E-14
4379.00  4.071532E-14
4382.00  4.022560E-14
4385.00  3.938792E-14
4388.00  3.910320E-14
4391.00  3.960656E-14
4394.00  4.021508E-14
4397.00  4.056423E-14
4400.00  4.062984E-14
4403.00  4.055400E-14
4406.00  4.050749E-14
4409.00  4.065666E-14
4412.00  4.077872E-14
4415.00  4.055282E-14
4418.00  4.045491E-14
4421.00  4.074317E-14
4424.00  4.104388E-14
4427.00  4.112283E-14
4430.00  4.107706E-14
4433.00  4.096640E-14
4436.00  4.096522E-14
4439.00  4.113142E-14
4442.00  4.116149E-14
4445.00  4.121527E-14
4448.00  4.142087E-14
4451.00  4.148768E-14
4454.00  4.121319E-14
4457.00  4.095278E-14
4460.00  4.094033E-14
4463.00  4.098299E-14
4466.00  4.068866E-14
4469.00  4.004917E-14
4472.00  3.985112E-14
4475.00  4.048572E-14
4478.00  4.095708E-14
4481.00  4.072806E-14
4484.00  4.086331E-14
4487.00  4.138295E-14
4490.00  4.157730E-14
4493.00  4.157227E-14
4496.00  4.166722E-14
4499.00  4.166322E-14
4502.00  4.167032E-14
4505.00  4.183860E-14
4508.00  4.192201E-14
4511.00  4.181120E-14
4514.00  4.158323E-14
4517.00  4.131925E-14
4520.00  4.110846E-14
4523.00  4.092581E-14
4526.00  4.063503E-14
4529.00  4.025937E-14
4532.00  4.005021E-14
4535.00  4.012694E-14
4538.00  4.050231E-14
4541.00  4.082553E-14
4544.00  4.086494E-14
4547.00  4.059890E-14
4550.00  4.021671E-14
4553.00  4.002903E-14
4556.00  4.018990E-14
4559.00  4.060689E-14
4562.00  4.093722E-14
4565.00  4.095604E-14
4568.00  4.094004E-14
4571.00  4.093782E-14
4574.00  4.090093E-14
4577.00  4.081501E-14
4580.00  4.053327E-14
4583.00  4.012961E-14
4586.00  3.998741E-14
4589.00  4.014561E-14
4592.00  4.031522E-14
4595.00  4.041299E-14
4598.00  4.054305E-14
4601.00  4.062214E-14
4604.00  4.061548E-14
4607.00  4.067858E-14
4610.00  4.086479E-14
4613.00  4.094996E-14
4616.00  4.084968E-14
4619.00  4.074317E-14
4622.00  4.080598E-14
4625.00  4.092433E-14
4628.00  4.086878E-14
4631.00  4.071088E-14
4634.00  4.058571E-14
4637.00  4.048661E-14
4640.00  4.043490E-14
4643.00  4.044276E-14
4646.00  4.031522E-14
4649.00  4.014265E-14
4652.00  4.019894E-14
4655.00  4.041832E-14
4658.00  4.064911E-14
4661.00  4.079813E-14
4664.00  4.061592E-14
4667.00  4.011746E-14
4670.00  3.984786E-14
4673.00  4.001170E-14
4676.00  4.026930E-14
4679.00  4.023064E-14
4682.00  4.000785E-14
4685.00  3.986386E-14
4688.00  3.988030E-14
4691.00  3.994622E-14
4694.00  3.998637E-14
4697.00  3.991067E-14
4700.00  3.969647E-14
4703.00  3.946435E-14
4706.00  3.936732E-14
4709.00  3.930614E-14
4712.00  3.921800E-14
4715.00  3.928259E-14
4718.00  3.962374E-14
4721.00  4.001422E-14
4724.00  4.014043E-14
4727.00  3.994859E-14
4730.00  3.962626E-14
4733.00  3.948805E-14
4736.00  3.957753E-14
4739.00  3.969544E-14
4742.00  3.977617E-14
4745.00  3.989185E-14
4748.00  4.009154E-14
4751.00  4.029034E-14
4754.00  4.032144E-14
4757.00  4.023715E-14
4760.00  4.011583E-14
4763.00  3.986016E-14
4766.00  3.962196E-14
4769.00  3.971943E-14
4772.00  4.003377E-14
4775.00  4.030307E-14
4778.00  4.041980E-14
4781.00  4.038217E-14
4784.00  4.023079E-14
4787.00  4.009317E-14
4790.00  4.013953E-14
4793.00  4.041136E-14
4796.00  4.068140E-14
4799.00  4.072199E-14
4802.00  4.060363E-14
4805.00  4.045950E-14
4808.00  4.033018E-14
4811.00  4.028619E-14
4814.00  4.034795E-14
4817.00  4.045046E-14
4820.00  4.045150E-14
4823.00  4.017938E-14
4826.00  3.982698E-14
4829.00  3.963233E-14
4832.00  3.952849E-14
4835.00  3.937162E-14
4838.00  3.913135E-14
4841.00  3.877450E-14
4844.00  3.827915E-14
4847.00  3.760752E-14
4850.00  3.660259E-14
4853.00  3.498944E-14
4856.00  3.243461E-14
4859.00  2.910357E-14
4862.00  2.652682E-14
4865.00  2.674562E-14
4868.00  2.952072E-14
4871.00  3.253786E-14
4874.00  3.470251E-14
4877.00  3.622131E-14
4880.00  3.732059E-14
4883.00  3.794645E-14
4886.00  3.816212E-14
4889.00  3.826048E-14
4892.00  3.852031E-14
4895.00  3.906676E-14
4898.00  3.961203E-14
4901.00  3.979839E-14
4904.00  3.977809E-14
4907.00  3.973173E-14
4910.00  3.953605E-14
4913.00  3.929844E-14
4916.00  3.905817E-14
4919.00  3.840299E-14
4922.00  3.755478E-14
4925.00  3.747109E-14
4928.00  3.830344E-14
4931.00  3.911684E-14
4934.00  3.926467E-14
4937.00  3.903936E-14
4940.00  3.896944E-14
4943.00  3.920038E-14
4946.00  3.954034E-14
4949.00  3.975231E-14
4952.00  3.973765E-14
4955.00  3.940139E-14
4958.00  3.891863E-14
4961.00  3.876443E-14
4964.00  3.890426E-14
4967.00  3.891182E-14
4970.00  3.886961E-14
4973.00  3.899759E-14
4976.00  3.909950E-14
4979.00  3.887182E-14
4982.00  3.835810E-14
4985.00  3.799207E-14
4988.00  3.807547E-14
4991.00  3.835425E-14
4994.00  3.851705E-14
4997.00  3.850179E-14
5000.00  3.819205E-14
5003.00  3.769862E-14
5006.00  3.734991E-14
5009.00  3.726519E-14
5012.00  3.715320E-14
5015.00  3.679828E-14
5018.00  3.654023E-14
5021.00  3.673458E-14
5024.00  3.720830E-14
5027.00  3.763225E-14
5030.00  3.790764E-14
5033.00  3.804036E-14
5036.00  3.792438E-14
5039.00  3.752708E-14
5042.00  3.722341E-14
5045.00  3.740428E-14
5048.00  3.775743E-14
5051.00  3.783001E-14
5054.00  3.786275E-14
5057.00  3.811338E-14
5060.00  3.845202E-14
5063.00  3.857660E-14
5066.00  3.835277E-14
5069.00  3.804643E-14
5072.00  3.788586E-14
5075.00  3.779402E-14
5078.00  3.764396E-14
5081.00  3.745569E-14
5084.00  3.743583E-14
5087.00  3.768543E-14
5090.00  3.802688E-14
5093.00  3.822152E-14
5096.00  3.808999E-14
5099.00  3.774173E-14
5102.00  3.756130E-14
5105.00  3.762130E-14
5108.00  3.767018E-14
5111.00  3.771847E-14
5114.00  3.791786E-14
5117.00  3.816346E-14
5120.00  3.819042E-14
5123.00  3.789860E-14
5126.00  3.749775E-14
5129.00  3.728207E-14
5132.00  3.733036E-14
5135.00  3.748531E-14
5138.00  3.752027E-14
5141.00  3.739866E-14
5144.00  3.723793E-14
5147.00  3.709824E-14
5150.00  3.698862E-14
5153.00  3.696181E-14
5156.00  3.713320E-14
5159.00  3.744591E-14
5162.00  3.746324E-14
5165.00  3.679294E-14
5168.00  3.565781E-14
5171.00  3.486605E-14
5174.00  3.497374E-14
5177.00  3.563263E-14
5180.00  3.606295E-14
5183.00  3.587645E-14
5186.00  3.567440E-14
5189.00  3.590608E-14
5192.00  3.614739E-14
5195.00  3.620175E-14
5198.00  3.633180E-14
5201.00  3.650216E-14
5204.00  3.639225E-14
5207.00  3.603762E-14
5210.00  3.593096E-14
5213.00  3.625626E-14
5216.00  3.667696E-14
5219.00  3.694789E-14
5222.00  3.700981E-14
5225.00  3.669148E-14
5228.00  3.626707E-14
5231.00  3.623582E-14
5234.00  3.650498E-14
5237.00  3.680243E-14
5240.00  3.713054E-14
5243.00  3.732429E-14
5246.00  3.725053E-14
5249.00  3.698552E-14
5252.00  3.678036E-14
5255.00  3.681427E-14
5258.00  3.692641E-14
5261.00  3.671828E-14
5264.00  3.604562E-14
5267.00  3.535104E-14
5270.00  3.511299E-14
5273.00  3.536954E-14
5276.00  3.591467E-14
5279.00  3.642987E-14
5282.00  3.673473E-14
5285.00  3.695618E-14
5288.00  3.732207E-14
5291.00  3.764159E-14
5294.00  3.759744E-14
5297.00  3.723689E-14
5300.00  3.693500E-14
5303.00  3.701515E-14
5306.00  3.734043E-14
5309.00  3.757952E-14
5312.00  3.758382E-14
5315.00  3.737836E-14
5318.00  3.713409E-14
5321.00  3.698951E-14
5324.00  3.676642E-14
5327.00  3.635033E-14
5330.00  3.609599E-14
5333.00  3.630782E-14
5336.00  3.668318E-14
5339.00  3.678806E-14
5342.00  3.668274E-14
5345.00  3.663711E-14
5348.00  3.670480E-14
5351.00  3.690123E-14
5354.00  3.726000E-14
5357.00  3.759211E-14
5360.00  3.763004E-14
5363.00  3.733999E-14
5366.00  3.692745E-14
5369.00  3.658349E-14
5372.00  3.644513E-14
5375.00  3.663756E-14
5378.00  3.698240E-14
5381.00  3.713809E-14
5384.00  3.708654E-14
5387.00  3.697989E-14
5390.00  3.681057E-14
5393.00  3.654571E-14
5396.00  3.627834E-14
5399.00  3.612960E-14
5402.00  3.606858E-14
5405.00  3.592756E-14
5408.00  3.576224E-14
5411.00  3.582120E-14
5414.00  3.615509E-14
5417.00  3.656778E-14
5420.00  3.683190E-14
5423.00  3.687234E-14
5426.00  3.677872E-14
5429.00  3.660585E-14
5432.00  3.639684E-14
5435.00  3.634011E-14
5438.00  3.658601E-14
5441.00  3.694226E-14
5444.00  3.700610E-14
5447.00  3.670140E-14
5450.00  3.636647E-14
5453.00  3.618012E-14
5456.00  3.607954E-14
5459.00  3.609895E-14
5462.00  3.619583E-14
5465.00  3.625982E-14
5468.00  3.631729E-14
5471.00  3.631774E-14
5474.00  3.614324E-14
5477.00  3.589956E-14
5480.00  3.583661E-14
5483.00  3.600770E-14
5486.00  3.623997E-14
5489.00  3.637892E-14
5492.00  3.641565E-14
5495.00  3.639684E-14
5498.00  3.631477E-14
5501.00  3.615612E-14
5504.00  3.595215E-14
5507.00  3.577750E-14
5510.00  3.569055E-14
5513.00  3.569588E-14
5516.00  3.582120E-14
5519.00  3.608088E-14
5522.00  3.630619E-14
5525.00  3.629048E-14
5528.00  3.608887E-14
5531.00  3.595630E-14
5534.00  3.598829E-14
5537.00  3.609821E-14
5540.00  3.623271E-14
5543.00  3.633403E-14
5546.00  3.638617E-14
5549.00  3.646779E-14
5552.00  3.656275E-14
5555.00  3.657875E-14
5558.00  3.651727E-14
5561.00  3.642158E-14
5564.00  3.630840E-14
5567.00  3.620620E-14
5570.00  3.614620E-14
5573.00  3.614620E-14
5576.00  3.621316E-14
5579.00  3.630530E-14
5582.00  3.630900E-14
5585.00  3.611776E-14
5588.00  3.578801E-14
5591.00  3.557648E-14
5594.00  3.562670E-14
5597.00  3.575987E-14
5600.00  3.578520E-14
5603.00  3.581350E-14
5606.00  3.604428E-14
5609.00  3.637388E-14
5612.00  3.650394E-14
5615.00  3.633788E-14
5618.00  3.609746E-14
5621.00  3.600399E-14
5624.00  3.600843E-14
5627.00  3.603762E-14
5630.00  3.612680E-14
5633.00  3.619894E-14
5636.00  3.612901E-14
5639.00  3.595541E-14
5642.00  3.582164E-14
5645.00  3.580446E-14
5648.00  3.586297E-14
5651.00  3.590697E-14
5654.00  3.584831E-14
5657.00  3.564670E-14
5660.00  3.542243E-14
5663.00  3.536303E-14
5666.00  3.546850E-14
5669.00  3.561604E-14
5672.00  3.577291E-14
5675.00  3.593037E-14
5678.00  3.599807E-14
5681.00  3.591911E-14
5684.00  3.576595E-14
5687.00  3.567070E-14
5690.00  3.570817E-14
5693.00  3.584371E-14
5696.00  3.594119E-14
5699.00  3.589052E-14
5702.00  3.572580E-14
5705.00  3.553531E-14
5708.00  3.536288E-14
5711.00  3.529473E-14
5714.00  3.544584E-14
5717.00  3.576313E-14
5720.00  3.606502E-14
5723.00  3.623449E-14
5726.00  3.625374E-14
5729.00  3.620441E-14
5732.00  3.620782E-14
5735.00  3.627478E-14
5738.00  3.632425E-14
5741.00  3.632766E-14
5744.00  3.632070E-14
5747.00  3.630766E-14
5750.00  3.625863E-14
5753.00  3.619064E-14
5756.00  3.617272E-14
5759.00  3.620115E-14
5762.00  3.620145E-14
5765.00  3.621419E-14
5768.00  3.629063E-14
5771.00  3.633063E-14
5774.00  3.624930E-14
5777.00  3.606103E-14
5780.00  3.579676E-14
5783.00  3.554819E-14
5786.00  3.547339E-14
5789.00  3.561515E-14
5792.00  3.586297E-14
5795.00  3.610828E-14
5798.00  3.630470E-14
5801.00  3.644765E-14
5804.00  3.652956E-14
5807.00  3.653816E-14
5810.00  3.649787E-14
5813.00  3.642972E-14
5816.00  3.636588E-14
5819.00  3.637477E-14
5822.00  3.645505E-14
5825.00  3.653520E-14
5828.00  3.658956E-14
5831.00  3.662289E-14
5834.00  3.661815E-14
5837.00  3.658630E-14
5840.00  3.656867E-14
5843.00  3.654675E-14
5846.00  3.644587E-14
5849.00  3.623790E-14
5852.00  3.595748E-14
5855.00  3.566655E-14
5858.00  3.546006E-14
5861.00  3.541606E-14
5864.00  3.548835E-14
5867.00  3.555219E-14
5870.00  3.552064E-14
5873.00  3.535207E-14
5876.00  3.508943E-14
5879.00  3.488782E-14
5882.00  3.477184E-14
5885.00  3.448179E-14
5888.00  3.378943E-14
5891.00  3.292760E-14
5894.00  3.243403E-14
5897.00  3.255593E-14
5900.00  3.314150E-14
5903.00  3.389445E-14
5906.00  3.449157E-14
5909.00  3.480175E-14
5912.00  3.487316E-14
5915.00  3.481376E-14
5918.00  3.475599E-14
5921.00  3.478221E-14
5924.00  3.486353E-14
5927.00  3.493374E-14
5930.00  3.497255E-14
5933.00  3.499966E-14
5936.00  3.503670E-14
5939.00  3.506040E-14
5942.00  3.503403E-14
5945.00  3.497877E-14
5948.00  3.493404E-14
5951.00  3.489819E-14
5954.00  3.486086E-14
5957.00  3.484724E-14
5960.00  3.489567E-14
5963.00  3.500514E-14
5966.00  3.511180E-14
5969.00  3.517920E-14
5972.00  3.520334E-14
5975.00  3.514261E-14
5978.00  3.501018E-14
5981.00  3.490041E-14
5984.00  3.487375E-14
5987.00  3.492145E-14
5990.00  3.502780E-14
5993.00  3.515283E-14
5996.00  3.522690E-14
5999.00  3.520986E-14
6002.00  3.512394E-14
6005.00  3.502292E-14
6008.00  3.495152E-14
6011.00  3.492752E-14
6014.00  3.493670E-14
6017.00  3.494307E-14
6020.00  3.495048E-14
6023.00  3.501003E-14
6026.00  3.515535E-14
6029.00  3.535429E-14
6032.00  3.553842E-14
6035.00  3.565174E-14
6038.00  3.567944E-14
6041.00  3.566048E-14
6044.00  3.567055E-14
6047.00  3.573795E-14
6050.00  3.578994E-14
6053.00  3.574639E-14
6056.00  3.562700E-14
6059.00  3.551146E-14
6062.00  3.543606E-14
6065.00  3.540954E-14
6068.00  3.547398E-14
6071.00  3.562597E-14
6074.00  3.573202E-14
6077.00  3.568892E-14
6080.00  3.553086E-14
6083.00  3.537577E-14
6086.00  3.530377E-14
6089.00  3.530363E-14
6092.00  3.534081E-14
6095.00  3.539650E-14
6098.00  3.541740E-14
6101.00  3.533681E-14
6104.00  3.522571E-14
6107.00  3.524911E-14
6110.00  3.540051E-14
6113.00  3.553412E-14
6116.00  3.553960E-14
6119.00  3.539221E-14
6122.00  3.519786E-14
6125.00  3.511239E-14
6128.00  3.518853E-14
6131.00  3.527548E-14
6134.00  3.519682E-14
6137.00  3.497640E-14
6140.00  3.482753E-14
6143.00  3.488708E-14
6146.00  3.501699E-14
6149.00  3.504173E-14
6152.00  3.494248E-14
6155.00  3.474635E-14
6158.00  3.439825E-14
6161.00  3.394541E-14
6164.00  3.358411E-14
6167.00  3.347879E-14
6170.00  3.357849E-14
6173.00  3.376188E-14
6176.00  3.396718E-14
6179.00  3.414879E-14
6182.00  3.424819E-14
6185.00  3.420301E-14
6188.00  3.400866E-14
6191.00  3.380454E-14
6194.00  3.374825E-14
6197.00  3.386986E-14
6200.00  3.405103E-14
6203.00  3.421841E-14
6206.00  3.434403E-14
6209.00  3.434507E-14
6212.00  3.415561E-14
6215.00  3.385016E-14
6218.00  3.358797E-14
6221.00  3.345346E-14
6224.00  3.339999E-14
6227.00  3.332829E-14
6230.00  3.322238E-14
6233.00  3.314505E-14
6236.00  3.314106E-14
6239.00  3.311143E-14
6242.00  3.301500E-14
6245.00  3.294182E-14
6248.00  3.296581E-14
6251.00  3.303721E-14
6254.00  3.305454E-14
6257.00  3.304699E-14
6260.00  3.311854E-14
6263.00  3.331244E-14
6266.00  3.351405E-14
6269.00  3.361774E-14
6272.00  3.356353E-14
6275.00  3.333585E-14
6278.00  3.301233E-14
6281.00  3.284731E-14
6284.00  3.300418E-14
6287.00  3.333866E-14
6290.00  3.357079E-14
6293.00  3.357138E-14
6296.00  3.342976E-14
6299.00  3.326934E-14
6302.00  3.320756E-14
6305.00  3.327837E-14
6308.00  3.343228E-14
6311.00  3.355168E-14
6314.00  3.356515E-14
6317.00  3.354086E-14
6320.00  3.359597E-14
6323.00  3.377017E-14
6326.00  3.397637E-14
6329.00  3.411769E-14
6332.00  3.414865E-14
6335.00  3.410139E-14
6338.00  3.403917E-14
6341.00  3.402436E-14
6344.00  3.401666E-14
6347.00  3.401814E-14
6350.00  3.408199E-14
6353.00  3.415590E-14
6356.00  3.411620E-14
6359.00  3.396304E-14
6362.00  3.381491E-14
6365.00  3.379165E-14
6368.00  3.389653E-14
6371.00  3.406184E-14
6374.00  3.420968E-14
6377.00  3.430433E-14
6380.00  3.432255E-14
6383.00  3.430892E-14
6386.00  3.431381E-14
6389.00  3.432359E-14
6392.00  3.430122E-14
6395.00  3.426507E-14
6398.00  3.428315E-14
6401.00  3.433174E-14
6404.00  3.441587E-14
6407.00  3.447987E-14
6410.00  3.448031E-14
6413.00  3.444535E-14
6416.00  3.440832E-14
6419.00  3.439291E-14
6422.00  3.442535E-14
6425.00  3.453216E-14
6428.00  3.460474E-14
6431.00  3.458578E-14
6434.00  3.452016E-14
6437.00  3.450875E-14
6440.00  3.455141E-14
6443.00  3.463733E-14
6446.00  3.466000E-14
6449.00  3.453615E-14
6452.00  3.433618E-14
6455.00  3.425026E-14
6458.00  3.426952E-14
6461.00  3.434536E-14
6464.00  3.438655E-14
6467.00  3.445646E-14
6470.00  3.451838E-14
6473.00  3.452416E-14
6476.00  3.446846E-14
6479.00  3.437706E-14
6482.00  3.425649E-14
6485.00  3.412953E-14
6488.00  3.399770E-14
6491.00  3.373758E-14
6494.00  3.335807E-14
6497.00  3.308225E-14
6500.00  3.318090E-14
6503.00  3.357508E-14
6506.00  3.399637E-14
6509.00  3.425485E-14
6512.00  3.433070E-14
6515.00  3.429011E-14
6518.00  3.422908E-14
6521.00  3.424434E-14
6524.00  3.431870E-14
6527.00  3.435573E-14
6530.00  3.433603E-14
6533.00  3.430285E-14
6536.00  3.428863E-14
6539.00  3.425293E-14
6542.00  3.408436E-14
6545.00  3.372781E-14
6548.00  3.321394E-14
6551.00  3.257134E-14
6554.00  3.167559E-14
6557.00  3.038003E-14
6560.00  2.882835E-14
6563.00  2.762804E-14
6566.00  2.756478E-14
6569.00  2.865652E-14
6572.00  3.010420E-14
6575.00  3.129904E-14
6578.00  3.211554E-14
6581.00  3.269118E-14
6584.00  3.311424E-14
6587.00  3.341835E-14
6590.00  3.357552E-14
6593.00  3.360411E-14
6596.00  3.359804E-14
6599.00  3.365966E-14
6602.00  3.374025E-14
6605.00  3.376987E-14
6608.00  3.375521E-14
6611.00  3.377417E-14
6614.00  3.386705E-14
6617.00  3.396689E-14
6620.00  3.400392E-14
6623.00  3.395652E-14
6626.00  3.384986E-14
6629.00  3.374351E-14
6632.00  3.366455E-14
6635.00  3.362722E-14
6638.00  3.363952E-14
6641.00  3.366129E-14
6644.00  3.367092E-14
6647.00  3.367388E-14
6650.00  3.366589E-14
6653.00  3.361982E-14
6656.00  3.354442E-14
6659.00  3.345465E-14
6662.00  3.335984E-14
6665.00  3.329037E-14
6668.00  3.327734E-14
6671.00  3.326119E-14
6674.00  3.312994E-14
6677.00  3.288760E-14
6680.00  3.269992E-14
6683.00  3.273102E-14
6686.00  3.292123E-14
6689.00  3.309558E-14
6692.00  3.318342E-14
6695.00  3.319898E-14
6698.00  3.318801E-14
6701.00  3.319186E-14
6704.00  3.321171E-14
6707.00  3.322341E-14
6710.00  3.319038E-14
6713.00  3.307143E-14
6716.00  3.289115E-14
6719.00  3.274658E-14
6722.00  3.271695E-14
6725.00  3.278820E-14
6728.00  3.289041E-14
6731.00  3.298759E-14
6734.00  3.304729E-14
6737.00  3.304921E-14
6740.00  3.299766E-14
6743.00  3.290804E-14
6746.00  3.279532E-14
6749.00  3.269281E-14
6752.00  3.265281E-14
6755.00  3.271695E-14
6758.00  3.284760E-14
6761.00  3.296492E-14
6764.00  3.301041E-14
6767.00  3.300729E-14
6770.00  3.302210E-14
6773.00  3.309750E-14
6776.00  3.319142E-14
6779.00  3.320875E-14
6782.00  3.310254E-14
6785.00  3.293086E-14
6788.00  3.279976E-14
6791.00  3.276895E-14
6794.00  3.280020E-14
6797.00  3.285753E-14
6800.00  3.293130E-14
6803.00  3.300166E-14
6806.00  3.305025E-14
6809.00  3.307158E-14
6812.00  3.307202E-14
6815.00  3.306402E-14
6818.00  3.306802E-14
6821.00  3.309039E-14
6824.00  3.312327E-14
6827.00  3.314713E-14
6830.00  3.315054E-14
6833.00  3.314550E-14
6836.00  3.311039E-14
6839.00  3.303381E-14
6842.00  3.294863E-14
6845.00  3.292448E-14
6848.00  3.294893E-14
6851.00  3.294004E-14
6854.00  3.285471E-14
6857.00  3.273117E-14
6860.00  3.262452E-14
6863.00  3.258704E-14
6866.00  3.262052E-14
6869.00  3.268436E-14
6872.00  3.273236E-14
6875.00  3.277014E-14
6878.00  3.280272E-14
6881.00  3.281117E-14
6884.00  3.278332E-14
6887.00  3.275991E-14
6890.00  3.279768E-14
6893.00  3.287219E-14
6896.00  3.293189E-14
6899.00  3.295514E-14
6902.00  3.295826E-14
6905.00  3.297589E-14
6908.00  3.302225E-14
6911.00  3.306654E-14
6914.00  3.306151E-14
6917.00  3.300300E-14
6920.00  3.294626E-14
6923.00  3.295856E-14
6926.00  3.306965E-14
6929.00  3.323008E-14
6932.00  3.338222E-14
6935.00  3.348457E-14
6938.00  3.354397E-14
6941.00  3.360130E-14
6944.00  3.366766E-14
6947.00  3.371181E-14
6950.00  3.370025E-14
6953.00  3.365092E-14
6956.00  3.359508E-14
6959.00  3.360944E-14
6962.00  3.367788E-14
6965.00  3.377017E-14
6968.00  3.384083E-14
6971.00  3.383920E-14
6974.00  3.373565E-14
6977.00  3.358026E-14
6980.00  3.348842E-14
6983.00  3.355005E-14
6986.00  3.368573E-14
6989.00  3.377846E-14
6992.00  3.378068E-14
6995.00  3.373417E-14
6998.00  3.365552E-14
7001.00  3.357286E-14
7004.00  3.352471E-14
7007.00  3.354531E-14
7010.00  3.360648E-14
7013.00  3.365196E-14
7016.00  3.366411E-14
7019.00  3.367966E-14
7022.00  3.372587E-14
7025.00  3.378513E-14
7028.00  3.385283E-14
7031.00  3.396304E-14
7034.00  3.410287E-14
7037.00  3.425293E-14
7040.00  3.443350E-14
7043.00  3.463377E-14
7046.00  3.476947E-14
7049.00  3.472976E-14
7052.00  3.445335E-14
7055.00  3.398614E-14
7058.00  3.347361E-14
7061.00  3.303484E-14
7064.00  3.275087E-14
7067.00  3.266200E-14
7070.00  3.278480E-14
7073.00  3.302270E-14
7076.00  3.323423E-14
7079.00  3.329881E-14
7082.00  3.320045E-14
7085.00  3.296537E-14
7088.00  3.266437E-14
7091.00  3.238084E-14
7094.00  3.219938E-14
7097.00  3.213702E-14
7100.00  3.216664E-14
7103.00  3.223256E-14
7106.00  3.230100E-14
7109.00  3.235907E-14
7112.00  3.240632E-14
7115.00  3.245002E-14
7118.00  3.248083E-14
7121.00  3.245195E-14
7124.00  3.230796E-14
7127.00  3.206117E-14
7130.00  3.178180E-14
7133.00  3.161070E-14
7136.00  3.157323E-14
7139.00  3.161856E-14
7142.00  3.165900E-14
7145.00  3.166552E-14
7148.00  3.166892E-14
7151.00  3.172773E-14
7154.00  3.184016E-14
7157.00  3.193630E-14
7160.00  3.192830E-14
7163.00  3.181202E-14
7166.00  3.166344E-14
7169.00  3.156049E-14
7172.00  3.151190E-14
7175.00  3.146568E-14
7178.00  3.137873E-14
7181.00  3.124971E-14
7184.00  3.111135E-14
7187.00  3.102529E-14
7190.00  3.104781E-14
7193.00  3.115875E-14
7196.00  3.128170E-14
7199.00  3.133459E-14
7202.00  3.132629E-14
7205.00  3.134570E-14
7208.00  3.148465E-14
7211.00  3.176299E-14
7214.00  3.208754E-14
7217.00  3.236529E-14
7220.00  3.254112E-14
7223.00  3.264215E-14
7226.00  3.269800E-14
7229.00  3.270214E-14
7232.00  3.263578E-14
7235.00  3.253075E-14
7238.00  3.245313E-14
7241.00  3.244424E-14
7244.00  3.250646E-14
7247.00  3.259904E-14
7250.00  3.267607E-14
7253.00  3.272213E-14
7256.00  3.275251E-14
7259.00  3.279206E-14
7262.00  3.282064E-14
7265.00  3.286790E-14
7268.00  3.292537E-14
7271.00  3.294893E-14
7274.00  3.289797E-14
7277.00  3.281605E-14
7280.00  3.277665E-14
7283.00  3.279220E-14
7286.00  3.283531E-14
7289.00  3.286375E-14
7292.00  3.293500E-14
7295.00  3.307647E-14
7298.00  3.325660E-14
7301.00  3.336725E-14
7304.00  3.339703E-14
7307.00  3.340739E-14
7310.00  3.345820E-14
7313.00  3.355464E-14
7316.00  3.365655E-14
7319.00  3.373209E-14
7322.00  3.377713E-14
7325.00  3.380572E-14
7328.00  3.385356E-14
7331.00  3.395015E-14
7334.00  3.411058E-14
7337.00  3.429648E-14
7340.00  3.442209E-14
7343.00  3.443306E-14
7346.00  3.433588E-14
7349.00  3.420020E-14
7352.00  3.405784E-14
7355.00  3.394763E-14
7358.00  3.390053E-14
7361.00  3.395918E-14
7364.00  3.409784E-14
7367.00  3.429204E-14
7370.00  3.449809E-14
7373.00  3.467584E-14
7376.00  3.478354E-14
7379.00  3.478650E-14
7382.00  3.467407E-14
7385.00  3.447661E-14
7388.00  3.428552E-14
7391.00  3.419397E-14
7394.00  3.422627E-14
7397.00  3.433663E-14
7400.00  3.444520E-14
7403.00  3.452075E-14
7406.00  3.454119E-14
7409.00  3.451068E-14
7412.00  3.443913E-14
7415.00  3.435988E-14
7418.00  3.431085E-14
7421.00  3.432241E-14
7424.00  3.441276E-14
7427.00  3.457171E-14
7430.00  3.473006E-14
7433.00  3.482220E-14
7436.00  3.481835E-14
7439.00  3.472962E-14
7442.00  3.461067E-14
7445.00  3.452520E-14
7448.00  3.453379E-14
7451.00  3.463081E-14
7454.00  3.474176E-14
7457.00  3.478043E-14
7460.00  3.471999E-14
7463.00  3.462933E-14
7466.00  3.459911E-14
7469.00  3.464814E-14
7472.00  3.472829E-14
7475.00  3.479865E-14
7478.00  3.485064E-14
7481.00  3.488575E-14
7484.00  3.489523E-14
7487.00  3.486057E-14
7490.00  3.476487E-14
7493.00  3.464652E-14
7496.00  3.458401E-14
7499.00  3.463615E-14
7502.00  3.476561E-14
7505.00  3.488190E-14
7508.00  3.493833E-14
7511.00  3.496041E-14
7514.00  3.500485E-14
7517.00  3.507714E-14
7520.00  3.513742E-14
7523.00  3.515016E-14
7526.00  3.513579E-14
7529.00  3.513402E-14
7532.00  3.517046E-14
7535.00  3.523608E-14
7538.00  3.530245E-14
7541.00  3.534096E-14
7544.00  3.533962E-14
7547.00  3.530304E-14
7550.00  3.524186E-14
7553.00  3.516157E-14
7556.00  3.508025E-14
7559.00  3.501181E-14
7562.00  3.496781E-14
7565.00  3.493685E-14
7568.00  3.490619E-14
7571.00  3.488130E-14
7574.00  3.488101E-14
7577.00  3.489997E-14
7580.00  3.489952E-14
7583.00  3.484279E-14
7586.00  3.471303E-14
7589.00  3.453320E-14
7592.00  3.435736E-14
7595.00  3.424123E-14
7598.00  3.419176E-14
7601.00  3.417501E-14
7604.00  3.414850E-14
7607.00  3.410525E-14
7610.00  3.406851E-14
7613.00  3.405562E-14
7616.00  3.405176E-14
7619.00  3.404540E-14
7622.00  3.404125E-14
7625.00  3.404554E-14
7628.00  3.403325E-14
7631.00  3.397548E-14
7634.00  3.388408E-14
7637.00  3.379002E-14
7640.00  3.371640E-14
7643.00  3.365922E-14
7646.00  3.360915E-14
7649.00  3.354546E-14
7652.00  3.344591E-14
7655.00  3.328548E-14
7658.00  3.304121E-14
7661.00  3.269592E-14
7664.00  3.228870E-14
7667.00  3.196148E-14
7670.00  3.186297E-14
7673.00  3.203199E-14
7676.00  3.232840E-14
7679.00  3.259312E-14
7682.00  3.276081E-14
7685.00  3.284301E-14
7688.00  3.286271E-14
7691.00  3.281279E-14
7694.00  3.267014E-14
7697.00  3.242528E-14
7700.00  3.215287E-14
7703.00  3.197985E-14
7706.00  3.198592E-14
7709.00  3.212087E-14
7712.00  3.226307E-14
7715.00  3.236084E-14
7718.00  3.243610E-14
7721.00  3.251179E-14
7724.00  3.258467E-14
7727.00  3.264867E-14
7730.00  3.272585E-14
7733.00  3.281057E-14
7736.00  3.286997E-14
7739.00  3.285634E-14
7742.00  3.274421E-14
7745.00  3.255519E-14
7748.00  3.237003E-14
7751.00  3.226752E-14
7754.00  3.228174E-14
7757.00  3.236143E-14
7760.00  3.242321E-14
7763.00  3.241180E-14
7766.00  3.231003E-14
7769.00  3.213864E-14
7772.00  3.196830E-14
7775.00  3.188993E-14
7778.00  3.195586E-14
7781.00  3.211524E-14
7784.00  3.226841E-14
7787.00  3.236262E-14
7790.00  3.240469E-14
7793.00  3.244098E-14
7796.00  3.249002E-14
7799.00  3.255504E-14
7802.00  3.263992E-14
7805.00  3.274273E-14
7808.00  3.285413E-14
7811.00  3.296922E-14
7814.00  3.308521E-14
7817.00  3.319364E-14
7820.00  3.326682E-14
7823.00  3.327882E-14
7826.00  3.321601E-14
7829.00  3.308906E-14
7832.00  3.294493E-14
7835.00  3.286064E-14
7838.00  3.288256E-14
7841.00  3.299233E-14
7844.00  3.312980E-14
7847.00  3.323941E-14
7850.00  3.332000E-14
7853.00  3.338755E-14
7856.00  3.345213E-14
7859.00  3.349568E-14
7862.00  3.349094E-14
7865.00  3.343880E-14
7868.00  3.336784E-14
7871.00  3.330800E-14
7874.00  3.327571E-14
7877.00  3.327156E-14
7880.00  3.328192E-14
7883.00  3.328859E-14
7886.00  3.327185E-14
7889.00  3.321216E-14
7892.00  3.310832E-14
7895.00  3.298404E-14
7898.00  3.288522E-14
7901.00  3.283516E-14
7904.00  3.280420E-14
7907.00  3.274421E-14
7910.00  3.263370E-14
7913.00  3.250838E-14
7916.00  3.242662E-14
7919.00  3.242350E-14
7922.00  3.249505E-14
7925.00  3.260097E-14
7928.00  3.269725E-14
7931.00  3.276006E-14
7934.00  3.277295E-14
7937.00  3.272436E-14
7940.00  3.261904E-14
7943.00  3.249165E-14
7946.00  3.240647E-14
7949.00  3.241609E-14
7952.00  3.251594E-14
7955.00  3.264333E-14
7958.00  3.273725E-14
7961.00  3.278628E-14
7964.00  3.282657E-14
7967.00  3.289294E-14
7970.00  3.299011E-14
7973.00  3.308121E-14
7976.00  3.313454E-14
7979.00  3.315054E-14
7982.00  3.314358E-14
7985.00  3.315202E-14
7988.00  3.317794E-14
7991.00  3.320475E-14
7994.00  3.322386E-14
7997.00  3.322608E-14
8000.00  3.324756E-14
8003.00  3.331926E-14
8006.00  3.343332E-14
8009.00  3.356427E-14
8012.00  3.367922E-14
8015.00  3.375639E-14
8018.00  3.378009E-14
8021.00  3.372202E-14
8024.00  3.361508E-14
8027.00  3.352709E-14
8030.00  3.355123E-14
8033.00  3.370351E-14
8036.00  3.388393E-14
8039.00  3.399104E-14
8042.00  3.395889E-14
8045.00  3.384454E-14
8048.00  3.376098E-14
8051.00  3.378306E-14
8054.00  3.390067E-14
8057.00  3.403192E-14
8060.00  3.408762E-14
8063.00  3.403177E-14
8066.00  3.389149E-14
8069.00  3.372411E-14
8072.00  3.359167E-14
8075.00  3.352486E-14
8078.00  3.351034E-14
8081.00  3.350946E-14
8084.00  3.349791E-14
8087.00  3.346250E-14
8090.00  3.341050E-14
8093.00  3.336784E-14
8096.00  3.336725E-14
8099.00  3.344413E-14
8102.00  3.357626E-14
8105.00  3.371136E-14
8108.00  3.378691E-14
8111.00  3.377624E-14
8114.00  3.372173E-14
8117.00  3.368010E-14
8120.00  3.370528E-14
8123.00  3.379964E-14
8126.00  3.390141E-14
8129.00  3.396704E-14
8132.00  3.397992E-14
8135.00  3.397800E-14
8138.00  3.398185E-14
8141.00  3.397933E-14
8144.00  3.394052E-14
8147.00  3.385446E-14
8150.00  3.374647E-14
8153.00  3.364041E-14
8156.00  3.351420E-14
8159.00  3.333437E-14
8162.00  3.315054E-14
8165.00  3.303721E-14
8168.00  3.306432E-14
8171.00  3.320934E-14
8174.00  3.331526E-14
8177.00  3.326133E-14
8180.00  3.303543E-14
8183.00  3.273843E-14
8186.00  3.249312E-14
8189.00  3.234544E-14
8192.00  3.223627E-14
8195.00  3.213850E-14
8198.00  3.212694E-14
8201.00  3.229670E-14
8204.00  3.266496E-14
8207.00  3.311765E-14
8210.00  3.347079E-14
8213.00  3.364248E-14
8216.00  3.362604E-14
8219.00  3.346842E-14
8222.00  3.318801E-14
8225.00  3.279576E-14
8228.00  3.243358E-14
8231.00  3.227982E-14
8234.00  3.243905E-14
8237.00  3.288271E-14
8240.00  3.342680E-14
8243.00  3.387549E-14
8246.00  3.416257E-14
8249.00  3.428996E-14
8252.00  3.427219E-14
8255.00  3.416997E-14
8258.00  3.407828E-14
8261.00  3.407088E-14
8264.00  3.416242E-14
8267.00  3.424345E-14
8270.00  3.418079E-14
8273.00  3.396274E-14
8276.00  3.368588E-14
8279.00  3.345169E-14
8282.00  3.333333E-14
8285.00  3.328859E-14
8288.00  3.323690E-14
8291.00  3.317572E-14
8294.00  3.312639E-14
8297.00  3.311424E-14
8300.00  3.311232E-14
8303.00  3.308002E-14
8306.00  3.304269E-14
8309.00  3.302389E-14
8312.00  3.305069E-14
8315.00  3.311720E-14
8318.00  3.314150E-14
8321.00  3.312639E-14
8324.00  3.308595E-14
8327.00  3.303766E-14
8330.00  3.300270E-14
8333.00  3.298107E-14
8336.00  3.298922E-14
8339.00  3.304729E-14
8342.00  3.315453E-14
8345.00  3.327318E-14
8348.00  3.339229E-14
8351.00  3.348294E-14
8354.00  3.354160E-14
8357.00  3.357374E-14
8360.00  3.355923E-14
8363.00  3.351509E-14
8366.00  3.347243E-14
8369.00  3.341243E-14
8372.00  3.333140E-14
8375.00  3.322090E-14
8378.00  3.306610E-14
8381.00  3.289441E-14
8384.00  3.274510E-14
8387.00  3.266792E-14
8390.00  3.268629E-14
8393.00  3.280479E-14
8396.00  3.299885E-14
8399.00  3.318401E-14
8402.00  3.330726E-14
8405.00  3.338384E-14
8408.00  3.339703E-14
8411.00  3.336325E-14
8414.00  3.333067E-14
8417.00  3.332148E-14
8420.00  3.334814E-14
8423.00  3.335125E-14
8426.00  3.329970E-14
8429.00  3.317735E-14
8432.00  3.295233E-14
8435.00  3.267592E-14
8438.00  3.240173E-14
8441.00  3.219730E-14
8444.00  3.214562E-14
8447.00  3.222397E-14
8450.00  3.235744E-14
8453.00  3.251668E-14
8456.00  3.264837E-14
8459.00  3.268155E-14
8462.00  3.259074E-14
8465.00  3.242750E-14
8468.00  3.229759E-14
8471.00  3.230055E-14
8474.00  3.248409E-14
8477.00  3.277250E-14
8480.00  3.304151E-14
8483.00  3.320830E-14
8486.00  3.322475E-14
8489.00  3.304951E-14
8492.00  3.262437E-14
8495.00  3.197259E-14
8498.00  3.134896E-14
8501.00  3.100647E-14
8504.00  3.111920E-14
8507.00  3.161085E-14
8510.00  3.213391E-14
8513.00  3.250853E-14
8516.00  3.272451E-14
8519.00  3.285531E-14
8522.00  3.297515E-14
8525.00  3.305440E-14
8528.00  3.300003E-14
8531.00  3.269918E-14
8534.00  3.204947E-14
8537.00  3.100514E-14
8540.00  2.977965E-14
8543.00  2.887412E-14
8546.00  2.863978E-14
8549.00  2.925052E-14
8552.00  3.036492E-14
8555.00  3.148286E-14
8558.00  3.235937E-14
8561.00  3.291071E-14
8564.00  3.322623E-14
8567.00  3.338251E-14
8570.00  3.344235E-14
8573.00  3.345124E-14
8576.00  3.343510E-14
8579.00  3.338414E-14
8582.00  3.329911E-14
8585.00  3.315557E-14
8588.00  3.293545E-14
8591.00  3.265918E-14
8594.00  3.234233E-14
8597.00  3.206473E-14
8600.00  3.191764E-14
8603.00  3.193482E-14
8606.00  3.210176E-14
8609.00  3.232677E-14
8612.00  3.256482E-14
8615.00  3.278480E-14
8618.00  3.299440E-14
8621.00  3.318209E-14
8624.00  3.332622E-14
8627.00  3.342798E-14
8630.00  3.349820E-14
8633.00  3.353834E-14
8636.00  3.355345E-14
8639.00  3.352308E-14
8642.00  3.342487E-14
8645.00  3.321942E-14
8648.00  3.288049E-14
8651.00  3.236543E-14
8654.00  3.160448E-14
8657.00  3.058075E-14
8660.00  2.942947E-14
8663.00  2.855593E-14
8666.00  2.823301E-14
8669.00  2.866303E-14
8672.00  2.949701E-14
8675.00  3.033751E-14
8678.00  3.098870E-14
8681.00  3.140999E-14
8684.00  3.165441E-14
8687.00  3.179350E-14
8690.00  3.192623E-14
8693.00  3.206473E-14
8696.00  3.227285E-14
8699.00  3.250661E-14
8702.00  3.272628E-14
8705.00  3.291708E-14
8708.00  3.307113E-14
8711.00  3.319305E-14
8714.00  3.327852E-14
8717.00  3.331733E-14
8720.00  3.333851E-14
8723.00  3.330192E-14
8726.00  3.321794E-14
8729.00  3.307840E-14
8732.00  3.287605E-14
8735.00  3.263563E-14
8738.00  3.235403E-14
8741.00  3.202873E-14
8744.00  3.168536E-14
8747.00  3.132540E-14
8750.00  3.103981E-14
8753.00  3.091567E-14
8756.00  3.101048E-14
8759.00  3.131666E-14
8762.00  3.170003E-14
8765.00  3.207613E-14
8768.00  3.236973E-14
8771.00  3.257845E-14
8774.00  3.276109E-14
8777.00  3.293085E-14
8780.00  3.311928E-14
8783.00  3.329422E-14
8786.00  3.344798E-14
8789.00  3.355508E-14
8792.00  3.361137E-14
8795.00  3.360234E-14
8798.00  3.350694E-14
8801.00  3.328978E-14
8804.00  3.297500E-14
8807.00  3.269665E-14
8810.00  3.255934E-14
8813.00  3.266215E-14
8816.00  3.287975E-14
8819.00  3.307039E-14
8822.00  3.314047E-14
8825.00  3.315024E-14
8828.00  3.313853E-14
8831.00  3.314860E-14
8834.00  3.314164E-14
8837.00  3.308283E-14
8840.00  3.296789E-14
8843.00  3.282197E-14
8846.00  3.267162E-14
8849.00  3.249890E-14
8852.00  3.227181E-14
8855.00  3.194282E-14
8858.00  3.149916E-14
8861.00  3.100292E-14
8864.00  3.058682E-14
8867.00  3.038477E-14
8870.00  3.044062E-14
8873.00  3.067140E-14
8876.00  3.097922E-14
8879.00  3.127756E-14
8882.00  3.154226E-14
8885.00  3.177780E-14
8888.00  3.197481E-14
8891.00  3.213954E-14
8894.00  3.227789E-14
8897.00  3.240040E-14
8900.00  3.252497E-14
8903.00  3.263118E-14
8906.00  3.271562E-14
8909.00  3.275250E-14
8912.00  3.275354E-14
8915.00  3.272880E-14
8918.00  3.270347E-14
8921.00  3.269192E-14
8924.00  3.267489E-14
8927.00  3.267977E-14
8930.00  3.269784E-14
8933.00  3.275739E-14
8936.00  3.281783E-14
8939.00  3.284272E-14
8942.00  3.279294E-14
8945.00  3.268318E-14
8948.00  3.256867E-14
8951.00  3.246795E-14
8954.00  3.239758E-14
8957.00  3.231285E-14
8960.00  3.218827E-14
8963.00  3.201673E-14
8966.00  3.183364E-14
8969.00  3.168774E-14
8972.00  3.163070E-14
8975.00  3.164137E-14
8978.00  3.165500E-14
8981.00  3.159559E-14
8984.00  3.136495E-14
8987.00  3.100440E-14
8990.00  3.063140E-14
8993.00  3.042091E-14
8996.00  3.037914E-14
8999.00  3.041661E-14
9002.00  3.037825E-14
9005.00  3.020108E-14
9008.00  2.989534E-14
9011.00  2.956026E-14
9014.00  2.928518E-14
9017.00  2.918520E-14
9020.00  2.929807E-14
9023.00  2.966559E-14
9026.00  3.023649E-14
9029.00  3.096544E-14
9032.00  3.177276E-14
9035.00  3.254319E-14
9038.00  3.318771E-14
9041.00  3.363744E-14
9044.00  3.391934E-14
9047.00  3.406243E-14
9050.00  3.411635E-14
9053.00  3.408910E-14
9056.00  3.397370E-14
9059.00  3.376128E-14
9062.00  3.349583E-14
9065.00  3.320875E-14
9068.00  3.294907E-14
9071.00  3.274139E-14
9074.00  3.260378E-14
9077.00  3.250186E-14
9080.00  3.242158E-14
9083.00  3.232589E-14
9086.00  3.222101E-14
9089.00  3.215450E-14
9092.00  3.215301E-14
9095.00  3.224871E-14
9098.00  3.233092E-14
9101.00  3.243224E-14
9104.00  3.245594E-14
9107.00  3.249787E-14
9110.00  3.247505E-14
9113.00  3.244750E-14
9116.00  3.234781E-14
9119.00  3.228026E-14
9122.00  3.221849E-14
9125.00  3.220056E-14
9128.00  3.208769E-14
9131.00  3.189853E-14
9134.00  3.163588E-14
9137.00  3.151190E-14
9140.00  3.150272E-14
9143.00  3.160715E-14
9146.00  3.164877E-14
9149.00  3.157634E-14
9152.00  3.140732E-14
9155.00  3.127815E-14
9158.00  3.130970E-14
9161.00  3.147309E-14
9164.00  3.161382E-14
9167.00  3.155471E-14
9170.00  3.128037E-14
9173.00  3.092397E-14
9176.00  3.071406E-14
9179.00  3.076562E-14
9182.00  3.103566E-14
9185.00  3.138258E-14
9188.00  3.165929E-14
9191.00  3.180490E-14
9194.00  3.183764E-14
9197.00  3.181216E-14
9200.00  3.175647E-14
9203.00  3.165529E-14
9206.00  3.145309E-14
9209.00  3.114883E-14
9212.00  3.078354E-14
9215.00  3.043765E-14
9218.00  3.014820E-14
9221.00  2.990674E-14
9224.00  2.968929E-14
9227.00  2.947465E-14
9230.00  2.937363E-14
9233.00  2.942473E-14
9236.00  2.966692E-14
9239.00  3.001429E-14
9242.00  3.041114E-14
9245.00  3.077139E-14
9248.00  3.107565E-14
9251.00  3.131859E-14
9254.00  3.150094E-14
9257.00  3.164419E-14
9260.00  3.179083E-14
9263.00  3.198326E-14
9266.00  3.221612E-14
9269.00  3.243698E-14
9272.00  3.253416E-14
9275.00  3.247638E-14
9278.00  3.228382E-14
9281.00  3.205421E-14
9284.00  3.184979E-14
9287.00  3.168107E-14
9290.00  3.148938E-14
9293.00  3.122201E-14
9296.00  3.091360E-14
9299.00  3.062726E-14
9302.00  3.047913E-14
9305.00  3.053897E-14
9308.00  3.075421E-14
9311.00  3.105107E-14
9314.00  3.132807E-14
9317.00  3.151945E-14
9320.00  3.164092E-14
9323.00  3.171173E-14
9326.00  3.176032E-14
9329.00  3.179320E-14
9332.00  3.181157E-14
9335.00  3.181439E-14
9338.00  3.180224E-14
9341.00  3.177720E-14
9344.00  3.174358E-14
9347.00  3.171469E-14
9350.00  3.169321E-14
9353.00  3.168211E-14
9356.00  3.167469E-14
9359.00  3.166477E-14
9362.00  3.165218E-14
9365.00  3.163826E-14
9368.00  3.163011E-14
9371.00  3.163055E-14
9374.00  3.164374E-14
9377.00  3.167070E-14
9380.00  3.171188E-14
9383.00  3.175943E-14
9386.00  3.180594E-14
9389.00  3.184224E-14
9392.00  3.185645E-14
9395.00  3.184119E-14
9398.00  3.179469E-14
9401.00  3.171914E-14
9404.00  3.162463E-14
9407.00  3.154405E-14
9410.00  3.148909E-14
9413.00  3.147679E-14
9416.00  3.150360E-14
9419.00  3.156967E-14
9422.00  3.165885E-14
9425.00  3.175810E-14
9428.00  3.183660E-14
9431.00  3.188193E-14
9434.00  3.188016E-14
9437.00  3.182506E-14
9440.00  3.171469E-14
9443.00  3.157886E-14
9446.00  3.144347E-14
9449.00  3.133533E-14
9452.00  3.128763E-14
9455.00  3.129578E-14
9458.00  3.135785E-14
9461.00  3.145917E-14
9464.00  3.158493E-14
9467.00  3.169692E-14
9470.00  3.178639E-14
9473.00  3.183616E-14
9476.00  3.185690E-14
9479.00  3.185587E-14
9482.00  3.184253E-14
9485.00  3.182313E-14
9488.00  3.180608E-14
9491.00  3.178906E-14
9494.00  3.176387E-14
9497.00  3.172240E-14
9500.00  3.165603E-14
9503.00  3.157708E-14
9506.00  3.149827E-14
9509.00  3.143117E-14
9512.00  3.139014E-14
9515.00  3.136317E-14
9518.00  3.134348E-14
9521.00  3.132140E-14
9524.00  3.129399E-14
9527.00  3.126526E-14
9530.00  3.122527E-14
9533.00  3.115861E-14
9536.00  3.103299E-14
9539.00  3.081968E-14
9542.00  3.054934E-14
9545.00  3.024552E-14
9548.00  3.000940E-14
9551.00  2.987253E-14
9554.00  2.985949E-14
9557.00  2.997859E-14
9560.00  3.021797E-14
9563.00  3.051498E-14
9566.00  3.081672E-14
9569.00  3.107876E-14
9572.00  3.125578E-14
9575.00  3.137725E-14
9578.00  3.146806E-14
9581.00  3.155516E-14
9584.00  3.164833E-14
9587.00  3.172847E-14
9590.00  3.179291E-14
9593.00  3.183186E-14
9596.00  3.185112E-14
9599.00  3.185675E-14
9602.00  3.185468E-14
9605.00  3.184949E-14
9608.00  3.184727E-14
9611.00  3.185038E-14
9614.00  3.186031E-14
9617.00  3.187764E-14
9620.00  3.190193E-14
9623.00  3.192949E-14
9626.00  3.195629E-14
9629.00  3.197733E-14
9632.00  3.198518E-14
9635.00  3.197496E-14
9638.00  3.194415E-14
9641.00  3.189423E-14
9644.00  3.182994E-14
9647.00  3.177513E-14
9650.00  3.173454E-14
9653.00  3.171632E-14
9656.00  3.171662E-14
9659.00  3.172951E-14
9662.00  3.174876E-14
9665.00  3.177128E-14
9668.00  3.179202E-14
9671.00  3.181083E-14
9674.00  3.182801E-14
9677.00  3.184549E-14
9680.00  3.186460E-14
9683.00  3.188430E-14
9686.00  3.190342E-14
9689.00  3.191956E-14
9692.00  3.192860E-14
9695.00  3.192815E-14
9698.00  3.191704E-14
9701.00  3.189571E-14
9704.00  3.186712E-14
9707.00  3.184179E-14
9710.00  3.182105E-14
9713.00  3.180535E-14
9716.00  3.178861E-14
9719.00  3.176387E-14
9722.00  3.173292E-14
9725.00  3.169677E-14
9728.00  3.166626E-14
9731.00  3.163974E-14
9734.00  3.161249E-14
9737.00  3.157426E-14
9740.00  3.151916E-14
9743.00  3.145487E-14
9746.00  3.139177E-14
9749.00  3.134333E-14
9752.00  3.132199E-14
9755.00  3.133088E-14
9758.00  3.136614E-14
9761.00  3.142258E-14
9764.00  3.149131E-14
9767.00  3.155294E-14
9770.00  3.159826E-14
9773.00  3.161885E-14
9776.00  3.160982E-14
9779.00  3.157323E-14
9782.00  3.151916E-14
9785.00  3.145620E-14
9788.00  3.140791E-14
9791.00  3.138584E-14
9794.00  3.139636E-14
9797.00  3.144391E-14
9800.00  3.150805E-14
