3600.00  3.431511E-14
3602.00  3.432336E-14
3604.00  3.428965E-14
3606.00  3.424989E-14
3608.00  3.423507E-14
3610.00  3.426463E-14
3612.00  3.435134E-14
3614.00  3.448416E-14
3616.00  3.466734E-14
3618.00  3.489457E-14
3620.00  3.514100E-14
3622.00  3.538278E-14
3624.00  3.558099E-14
3626.00  3.569043E-14
3628.00  3.569511E-14
3630.00  3.561801E-14
3632.00  3.550081E-14
3634.00  3.539546E-14
3636.00  3.533242E-14
3638.00  3.530638E-14
3640.00  3.529763E-14
3642.00  3.529047E-14
3644.00  3.528330E-14
3646.00  3.529308E-14
3648.00  3.533875E-14
3650.00  3.542796E-14
3652.00  3.554940E-14
3654.00  3.567589E-14
3656.00  3.577212E-14
3658.00  3.581269E-14
3660.00  3.579157E-14
3662.00  3.572059E-14
3664.00  3.561947E-14
3666.00  3.550989E-14
3668.00  3.540590E-14
3670.00  3.530397E-14
3672.00  3.518816E-14
3674.00  3.504938E-14
3676.00  3.489182E-14
3678.00  3.472803E-14
3680.00  3.457290E-14
3682.00  3.443964E-14
3684.00  3.434653E-14
3686.00  3.430643E-14
3688.00  3.430872E-14
3690.00  3.433175E-14
3692.00  3.434787E-14
3694.00  3.432818E-14
3696.00  3.424867E-14
3698.00  3.407382E-14
3700.00  3.378186E-14
3702.00  3.343355E-14
3704.00  3.312648E-14
3706.00  3.290706E-14
3708.00  3.280592E-14
3710.00  3.284790E-14
3712.00  3.300581E-14
3714.00  3.319520E-14
3716.00  3.332270E-14
3718.00  3.336055E-14
3720.00  3.338664E-14
3722.00  3.346237E-14
3724.00  3.356023E-14
3726.00  3.362734E-14
3728.00  3.360825E-14
3730.00  3.349363E-14
3732.00  3.338711E-14
3734.00  3.342589E-14
3736.00  3.366069E-14
3738.00  3.401981E-14
3740.00  3.435028E-14
3742.00  3.449849E-14
3744.00  3.438512E-14
3746.00  3.406548E-14
3748.00  3.376535E-14
3750.00  3.373491E-14
3752.00  3.405084E-14
3754.00  3.463067E-14
3756.00  3.528904E-14
3758.00  3.582120E-14
3760.00  3.604244E-14
3762.00  3.584617E-14
3764.00  3.528426E-14
3766.00  3.455343E-14
3768.00  3.394308E-14
3770.00  3.375501E-14
3772.00  3.411315E-14
3774.00  3.498709E-14
3776.00  3.622979E-14
3778.00  3.759792E-14
3780.00  3.880565E-14
3782.00  3.960307E-14
3784.00  3.985079E-14
3786.00  3.952640E-14
3788.00  3.869122E-14
3790.00  3.747369E-14
3792.00  3.606588E-14
3794.00  3.473412E-14
3796.00  3.380420E-14
3798.00  3.354748E-14
3800.00  3.399371E-14
3802.00  3.501007E-14
3804.00  3.638169E-14
3806.00  3.786873E-14
3808.00  3.918735E-14
3810.00  4.011352E-14
3812.00  4.060239E-14
3814.00  4.070927E-14
3816.00  4.050018E-14
3818.00  4.005271E-14
3820.00  3.946683E-14
3822.00  3.870812E-14
3824.00  3.774499E-14
3826.00  3.658000E-14
3828.00  3.525636E-14
3830.00  3.387620E-14
3832.00  3.264843E-14
3834.00  3.190804E-14
3836.00  3.187072E-14
3838.00  3.255311E-14
3840.00  3.384655E-14
3842.00  3.554707E-14
3844.00  3.738257E-14
3846.00  3.908668E-14
3848.00  4.049626E-14
3850.00  4.156840E-14
3852.00  4.229923E-14
3854.00  4.274495E-14
3856.00  4.298528E-14
3858.00  4.308753E-14
3860.00  4.307567E-14
3862.00  4.298182E-14
3864.00  4.283338E-14
3866.00  4.263108E-14
3868.00  4.235198E-14
3870.00  4.197477E-14
3872.00  4.151349E-14
3874.00  4.090171E-14
3876.00  4.006589E-14
3878.00  3.900076E-14
3880.00  3.770563E-14
3882.00  3.626439E-14
3884.00  3.482436E-14
3886.00  3.362774E-14
3888.00  3.298989E-14
3890.00  3.306927E-14
3892.00  3.379511E-14
3894.00  3.505464E-14
3896.00  3.665463E-14
3898.00  3.833004E-14
3900.00  3.986591E-14
3902.00  4.116182E-14
3904.00  4.221154E-14
3906.00  4.305686E-14
3908.00  4.369323E-14
3910.00  4.412464E-14
3912.00  4.438538E-14
3914.00  4.449723E-14
3916.00  4.443731E-14
3918.00  4.421542E-14
3920.00  4.386537E-14
3922.00  4.336035E-14
3924.00  4.266546E-14
3926.00  4.186691E-14
3928.00  4.105429E-14
3930.00  4.029046E-14
3932.00  3.976662E-14
3934.00  3.966354E-14
3936.00  3.992796E-14
3938.00  4.046649E-14
3940.00  4.118483E-14
3942.00  4.190140E-14
3944.00  4.247542E-14
3946.00  4.283845E-14
3948.00  4.297146E-14
3950.00  4.287723E-14
3952.00  4.254129E-14
3954.00  4.190869E-14
3956.00  4.096047E-14
3958.00  3.964946E-14
3960.00  3.796741E-14
3962.00  3.605156E-14
3964.00  3.412371E-14
3966.00  3.241926E-14
3968.00  3.129962E-14
3970.00  3.103917E-14
3972.00  3.163979E-14
3974.00  3.296593E-14
3976.00  3.483560E-14
3978.00  3.692028E-14
3980.00  3.889062E-14
3982.00  4.062004E-14
3984.00  4.206345E-14
3986.00  4.318707E-14
3988.00  4.403057E-14
3990.00  4.467408E-14
3992.00  4.513232E-14
3994.00  4.543589E-14
3996.00  4.563244E-14
3998.00  4.575458E-14
4000.00  4.582024E-14
4002.00  4.585347E-14
4004.00  4.590899E-14
4006.00  4.600684E-14
4008.00  4.614290E-14
4010.00  4.631940E-14
4012.00  4.653051E-14
4014.00  4.670771E-14
4016.00  4.681374E-14
4018.00  4.682715E-14
4020.00  4.675462E-14
4022.00  4.659048E-14
4024.00  4.641475E-14
4026.00  4.632992E-14
4028.00  4.632451E-14
4030.00  4.640128E-14
4032.00  4.660280E-14
4034.00  4.684274E-14
4036.00  4.704669E-14
4038.00  4.720142E-14
4040.00  4.730533E-14
4042.00  4.733235E-14
4044.00  4.731260E-14
4046.00  4.730107E-14
4048.00  4.727541E-14
4050.00  4.721675E-14
4052.00  4.715864E-14
4054.00  4.705071E-14
4056.00  4.687262E-14
4058.00  4.664994E-14
4060.00  4.636265E-14
4062.00  4.602178E-14
4064.00  4.565092E-14
4066.00  4.526696E-14
4068.00  4.487110E-14
4070.00  4.450451E-14
4072.00  4.421198E-14
4074.00  4.395229E-14
4076.00  4.372713E-14
4078.00  4.357609E-14
4080.00  4.341118E-14
4082.00  4.317222E-14
4084.00  4.285781E-14
4086.00  4.236842E-14
4088.00  4.162374E-14
4090.00  4.063231E-14
4092.00  3.937820E-14
4094.00  3.790221E-14
4096.00  3.643172E-14
4098.00  3.513837E-14
4100.00  3.421630E-14
4102.00  3.393348E-14
4104.00  3.428310E-14
4106.00  3.516280E-14
4108.00  3.645337E-14
4110.00  3.788954E-14
4112.00  3.925404E-14
4114.00  4.044891E-14
4116.00  4.139756E-14
4118.00  4.210859E-14
4120.00  4.262414E-14
4122.00  4.301176E-14
4124.00  4.329979E-14
4126.00  4.352052E-14
4128.00  4.373486E-14
4130.00  4.392380E-14
4132.00  4.411637E-14
4134.00  4.431840E-14
4136.00  4.446715E-14
4138.00  4.459946E-14
4140.00  4.468760E-14
4142.00  4.471388E-14
4144.00  4.476501E-14
4146.00  4.480774E-14
4148.00  4.486536E-14
4150.00  4.497154E-14
4152.00  4.507678E-14
4154.00  4.519360E-14
4156.00  4.532979E-14
4158.00  4.544846E-14
4160.00  4.553050E-14
4162.00  4.557759E-14
4164.00  4.555003E-14
4166.00  4.544119E-14
4168.00  4.530037E-14
4170.00  4.510665E-14
4172.00  4.493663E-14
4174.00  4.483256E-14
4176.00  4.476723E-14
4178.00  4.478879E-14
4180.00  4.484934E-14
4182.00  4.491686E-14
4184.00  4.498028E-14
4186.00  4.499766E-14
4188.00  4.496432E-14
4190.00  4.487511E-14
4192.00  4.473520E-14
4194.00  4.456772E-14
4196.00  4.440571E-14
4198.00  4.428286E-14
4200.00  4.423390E-14
4202.00  4.426919E-14
4204.00  4.438413E-14
4206.00  4.455371E-14
4208.00  4.472181E-14
4210.00  4.487898E-14
4212.00  4.498708E-14
4214.00  4.502108E-14
4216.00  4.500883E-14
4218.00  4.491994E-14
4220.00  4.478350E-14
4222.00  4.463552E-14
4224.00  4.447324E-14
4226.00  4.435280E-14
4228.00  4.428771E-14
4230.00  4.426561E-14
4232.00  4.430260E-14
4234.00  4.436602E-14
4236.00  4.443231E-14
4238.00  4.450576E-14
4240.00  4.455646E-14
4242.00  4.458239E-14
4244.00  4.457487E-14
4246.00  4.453290E-14
4248.00  4.447008E-14
4250.00  4.439445E-14
4252.00  4.432793E-14
4254.00  4.428382E-14
4256.00  4.426878E-14
4258.00  4.425979E-14
4260.00  4.426550E-14
4262.00  4.425094E-14
4264.00  4.420240E-14
4266.00  4.412581E-14
4268.00  4.401792E-14
4270.00  4.390396E-14
4272.00  4.381730E-14
4274.00  4.375129E-14
4276.00  4.372163E-14
4278.00  4.368714E-14
4280.00  4.362224E-14
4282.00  4.350754E-14
4284.00  4.331517E-14
4286.00  4.308228E-14
4288.00  4.278303E-14
4290.00  4.246773E-14
4292.00  4.213187E-14
4294.00  4.179165E-14
4296.00  4.146965E-14
4298.00  4.114581E-14
4300.00  4.090375E-14
4302.00  4.071217E-14
4304.00  4.062691E-14
4306.00  4.064716E-14
4308.00  4.076647E-14
4310.00  4.096571E-14
4312.00  4.119759E-14
4314.00  4.142250E-14
4316.00  4.156166E-14
4318.00  4.160227E-14
4320.00  4.148920E-14
4322.00  4.120676E-14
4324.00  4.076141E-14
4326.00  4.015157E-14
4328.00  3.934068E-14
4330.00  3.835859E-14
4332.00  3.721340E-14
4334.00  3.599340E-14
4336.00  3.488655E-14
4338.00  3.402049E-14
4340.00  3.357193E-14
4342.00  3.363894E-14
4344.00  3.421225E-14
4346.00  3.517531E-14
4348.00  3.634589E-14
4350.00  3.761821E-14
4352.00  3.883724E-14
4354.00  3.990136E-14
4356.00  4.081076E-14
4358.00  4.153510E-14
4360.00  4.207362E-14
4362.00  4.244174E-14
4364.00  4.263473E-14
4366.00  4.268487E-14
4368.00  4.262358E-14
4370.00  4.246843E-14
4372.00  4.227304E-14
4374.00  4.204596E-14
4376.00  4.180795E-14
4378.00  4.154318E-14
4380.00  4.131780E-14
4382.00  4.108873E-14
4384.00  4.091936E-14
4386.00  4.082230E-14
4388.00  4.083146E-14
4390.00  4.090266E-14
4392.00  4.103536E-14
4394.00  4.119398E-14
4396.00  4.135023E-14
4398.00  4.146256E-14
4400.00  4.156322E-14
4402.00  4.161520E-14
4404.00  4.165823E-14
4406.00  4.170771E-14
4408.00  4.173078E-14
4410.00  4.176705E-14
4412.00  4.179164E-14
4414.00  4.184664E-14
4416.00  4.189147E-14
4418.00  4.194687E-14
4420.00  4.203186E-14
4422.00  4.211356E-14
4424.00  4.217670E-14
4426.00  4.222925E-14
4428.00  4.227188E-14
4430.00  4.227789E-14
4432.00  4.229297E-14
4434.00  4.231181E-14
4436.00  4.233279E-14
4438.00  4.234847E-14
4440.00  4.240466E-14
4442.00  4.244777E-14
4444.00  4.247858E-14
4446.00  4.248754E-14
4448.00  4.249248E-14
4450.00  4.243844E-14
4452.00  4.236641E-14
4454.00  4.225962E-14
4456.00  4.214407E-14
4458.00  4.201302E-14
4460.00  4.190056E-14
4462.00  4.178434E-14
4464.00  4.168827E-14
4466.00  4.161377E-14
4468.00  4.159449E-14
4470.00  4.161206E-14
4472.00  4.168937E-14
4474.00  4.179122E-14
4476.00  4.192177E-14
4478.00  4.207139E-14
4480.00  4.221497E-14
4482.00  4.233903E-14
4484.00  4.243391E-14
4486.00  4.256768E-14
4488.00  4.267564E-14
4490.00  4.276146E-14
4492.00  4.283023E-14
4494.00  4.291333E-14
4496.00  4.297937E-14
4498.00  4.304476E-14
4500.00  4.310843E-14
4502.00  4.315480E-14
4504.00  4.317702E-14
4506.00  4.318885E-14
4508.00  4.315219E-14
4510.00  4.306139E-14
4512.00  4.294218E-14
4514.00  4.279507E-14
4516.00  4.260665E-14
4518.00  4.239646E-14
4520.00  4.218633E-14
4522.00  4.196581E-14
4524.00  4.174815E-14
4526.00  4.156507E-14
4528.00  4.142262E-14
4530.00  4.132380E-14
4532.00  4.129422E-14
4534.00  4.133095E-14
4536.00  4.139049E-14
4538.00  4.145372E-14
4540.00  4.152311E-14
4542.00  4.155226E-14
4544.00  4.152131E-14
4546.00  4.147495E-14
4548.00  4.142050E-14
4550.00  4.137412E-14
4552.00  4.135967E-14
4554.00  4.139830E-14
4556.00  4.147369E-14
4558.00  4.157252E-14
4560.00  4.168417E-14
4562.00  4.178469E-14
4564.00  4.186189E-14
4566.00  4.190461E-14
4568.00  4.191181E-14
4570.00  4.189828E-14
4572.00  4.185283E-14
4574.00  4.176831E-14
4576.00  4.165753E-14
4578.00  4.154010E-14
4580.00  4.141734E-14
4582.00  4.130780E-14
4584.00  4.122260E-14
4586.00  4.117653E-14
4588.00  4.116732E-14
4590.00  4.119903E-14
4592.00  4.124910E-14
4594.00  4.130805E-14
4596.00  4.137266E-14
4598.00  4.144601E-14
4600.00  4.151642E-14
4602.00  4.158847E-14
4604.00  4.165882E-14
4606.00  4.172228E-14
4608.00  4.178087E-14
4610.00  4.183163E-14
4612.00  4.186543E-14
4614.00  4.188308E-14
4616.00  4.189488E-14
4618.00  4.189697E-14
4620.00  4.189179E-14
4622.00  4.188183E-14
4624.00  4.186520E-14
4626.00  4.183438E-14
4628.00  4.178949E-14
4630.00  4.172815E-14
4632.00  4.165743E-14
4634.00  4.157849E-14
4636.00  4.149971E-14
4638.00  4.142084E-14
4640.00  4.134452E-14
4642.00  4.126934E-14
4644.00  4.121503E-14
4646.00  4.118171E-14
4648.00  4.116721E-14
4650.00  4.116468E-14
4652.00  4.119899E-14
4654.00  4.123975E-14
4656.00  4.127053E-14
4658.00  4.127225E-14
4660.00  4.124094E-14
4662.00  4.118387E-14
4664.00  4.110199E-14
4666.00  4.101194E-14
4668.00  4.093385E-14
4670.00  4.087710E-14
4672.00  4.084521E-14
4674.00  4.083348E-14
4676.00  4.083458E-14
4678.00  4.082482E-14
4680.00  4.080450E-14
4682.00  4.078201E-14
4684.00  4.075160E-14
4686.00  4.071997E-14
4688.00  4.069031E-14
4690.00  4.065352E-14
4692.00  4.059940E-14
4694.00  4.053212E-14
4696.00  4.044913E-14
4698.00  4.034706E-14
4700.00  4.024168E-14
4702.00  4.013787E-14
4704.00  4.005372E-14
4706.00  3.999028E-14
4708.00  3.997357E-14
4710.00  3.999714E-14
4712.00  4.005748E-14
4714.00  4.014649E-14
4716.00  4.025332E-14
4718.00  4.036617E-14
4720.00  4.044979E-14
4722.00  4.050348E-14
4724.00  4.052019E-14
4726.00  4.050005E-14
4728.00  4.045747E-14
4730.00  4.041026E-14
4732.00  4.037975E-14
4734.00  4.036920E-14
4736.00  4.039003E-14
4738.00  4.044077E-14
4740.00  4.051347E-14
4742.00  4.059212E-14
4744.00  4.067621E-14
4746.00  4.075744E-14
4748.00  4.081737E-14
4750.00  4.085370E-14
4752.00  4.086817E-14
4754.00  4.084981E-14
4756.00  4.080287E-14
4758.00  4.074557E-14
4760.00  4.068580E-14
4762.00  4.063731E-14
4764.00  4.061370E-14
4766.00  4.063241E-14
4768.00  4.067796E-14
4770.00  4.075445E-14
4772.00  4.085520E-14
4774.00  4.095157E-14
4776.00  4.102819E-14
4778.00  4.108217E-14
4780.00  4.111056E-14
4782.00  4.111620E-14
4784.00  4.112176E-14
4786.00  4.112676E-14
4788.00  4.114639E-14
4790.00  4.118444E-14
4792.00  4.123450E-14
4794.00  4.127522E-14
4796.00  4.131500E-14
4798.00  4.133709E-14
4800.00  4.132501E-14
4802.00  4.130361E-14
4804.00  4.127102E-14
4806.00  4.123074E-14
4808.00  4.119912E-14
4810.00  4.118141E-14
4812.00  4.115692E-14
4814.00  4.113233E-14
4816.00  4.109882E-14
4818.00  4.104144E-14
4820.00  4.095931E-14
4822.00  4.084836E-14
4824.00  4.072352E-14
4826.00  4.058504E-14
4828.00  4.043158E-14
4830.00  4.027374E-14
4832.00  4.011138E-14
4834.00  3.992710E-14
4836.00  3.971615E-14
4838.00  3.946286E-14
4840.00  3.915575E-14
4842.00  3.876641E-14
4844.00  3.828429E-14
4846.00  3.767765E-14
4848.00  3.693050E-14
4850.00  3.605489E-14
4852.00  3.507175E-14
4854.00  3.402810E-14
4856.00  3.302557E-14
4858.00  3.217398E-14
4860.00  3.156743E-14
4862.00  3.128467E-14
4864.00  3.137776E-14
4866.00  3.180884E-14
4868.00  3.250209E-14
4870.00  3.337910E-14
4872.00  3.432692E-14
4874.00  3.524398E-14
4876.00  3.607001E-14
4878.00  3.677349E-14
4880.00  3.734589E-14
4882.00  3.779867E-14
4884.00  3.816209E-14
4886.00  3.845623E-14
4888.00  3.871015E-14
4890.00  3.894899E-14
4892.00  3.917648E-14
4894.00  3.939110E-14
4896.00  3.958198E-14
4898.00  3.974131E-14
4900.00  3.984673E-14
4902.00  3.989122E-14
4904.00  3.987735E-14
4906.00  3.980095E-14
4908.00  3.966325E-14
4910.00  3.948006E-14
4912.00  3.926257E-14
4914.00  3.901779E-14
4916.00  3.878027E-14
4918.00  3.857276E-14
4920.00  3.841808E-14
4922.00  3.834619E-14
4924.00  3.836315E-14
4926.00  3.845181E-14
4928.00  3.859441E-14
4930.00  3.876596E-14
4932.00  3.893319E-14
4934.00  3.909012E-14
4936.00  3.922684E-14
4938.00  3.934178E-14
4940.00  3.945692E-14
4942.00  3.955715E-14
4944.00  3.963952E-14
4946.00  3.971069E-14
4948.00  3.974507E-14
4950.00  3.973430E-14
4952.00  3.969636E-14
4954.00  3.963010E-14
4956.00  3.954281E-14
4958.00  3.946269E-14
4960.00  3.939663E-14
4962.00  3.934284E-14
4964.00  3.930780E-14
4966.00  3.928460E-14
4968.00  3.925946E-14
4970.00  3.922360E-14
4972.00  3.916941E-14
4974.00  3.909239E-14
4976.00  3.898774E-14
4978.00  3.886480E-14
4980.00  3.874075E-14
4982.00  3.862397E-14
4984.00  3.853003E-14
4986.00  3.846754E-14
4988.00  3.842982E-14
4990.00  3.840232E-14
4992.00  3.837287E-14
4994.00  3.832380E-14
4996.00  3.823832E-14
4998.00  3.811994E-14
5000.00  3.797208E-14
5002.00  3.779818E-14
5004.00  3.761913E-14
5006.00  3.744473E-14
5008.00  3.727852E-14
5010.00  3.714050E-14
5012.00  3.703455E-14
5014.00  3.696342E-14
5016.00  3.694879E-14
5018.00  3.698325E-14
5020.00  3.706266E-14
5022.00  3.718853E-14
5024.00  3.733157E-14
5026.00  3.747345E-14
5028.00  3.759950E-14
5030.00  3.768713E-14
5032.00  3.773043E-14
5034.00  3.773598E-14
5036.00  3.771232E-14
5038.00  3.767228E-14
5040.00  3.764366E-14
5042.00  3.763597E-14
5044.00  3.765408E-14
5046.00  3.771217E-14
5048.00  3.779726E-14
5050.00  3.790001E-14
5052.00  3.802082E-14
5054.00  3.813932E-14
5056.00  3.824248E-14
5058.00  3.832556E-14
5060.00  3.837183E-14
5062.00  3.837667E-14
5064.00  3.834092E-14
5066.00  3.826951E-14
5068.00  3.817173E-14
5070.00  3.805847E-14
5072.00  3.794573E-14
5074.00  3.784065E-14
5076.00  3.775664E-14
5078.00  3.770237E-14
5080.00  3.767766E-14
5082.00  3.769004E-14
5084.00  3.772902E-14
5086.00  3.778407E-14
5088.00  3.784346E-14
5090.00  3.789197E-14
5092.00  3.791663E-14
5094.00  3.791454E-14
5096.00  3.789267E-14
5098.00  3.785158E-14
5100.00  3.780988E-14
5102.00  3.777891E-14
5104.00  3.775994E-14
5106.00  3.776551E-14
5108.00  3.778609E-14
5110.00  3.781775E-14
5112.00  3.785187E-14
5114.00  3.787020E-14
5116.00  3.786998E-14
5118.00  3.783782E-14
5120.00  3.777481E-14
5122.00  3.769094E-14
5124.00  3.758958E-14
5126.00  3.748621E-14
5128.00  3.739421E-14
5130.00  3.731244E-14
5132.00  3.724479E-14
5134.00  3.719095E-14
5136.00  3.713984E-14
5138.00  3.709051E-14
5140.00  3.704498E-14
5142.00  3.699775E-14
5144.00  3.695865E-14
5146.00  3.693029E-14
5148.00  3.690750E-14
5150.00  3.689652E-14
5152.00  3.687983E-14
5154.00  3.684462E-14
5156.00  3.678047E-14
5158.00  3.666225E-14
5160.00  3.648922E-14
5162.00  3.626811E-14
5164.00  3.601095E-14
5166.00  3.575317E-14
5168.00  3.552334E-14
5170.00  3.535001E-14
5172.00  3.524851E-14
5174.00  3.521025E-14
5176.00  3.523381E-14
5178.00  3.528790E-14
5180.00  3.535508E-14
5182.00  3.543203E-14
5184.00  3.550012E-14
5186.00  3.556873E-14
5188.00  3.564273E-14
5190.00  3.571261E-14
5192.00  3.578749E-14
5194.00  3.585903E-14
5196.00  3.591694E-14
5198.00  3.596637E-14
5200.00  3.599695E-14
5202.00  3.601715E-14
5204.00  3.603481E-14
5206.00  3.605592E-14
5208.00  3.609164E-14
5210.00  3.613956E-14
5212.00  3.620181E-14
5214.00  3.626457E-14
5216.00  3.631727E-14
5218.00  3.635333E-14
5220.00  3.636103E-14
5222.00  3.634341E-14
5224.00  3.631685E-14
5226.00  3.628800E-14
5228.00  3.627149E-14
5230.00  3.628880E-14
5232.00  3.632999E-14
5234.00  3.640021E-14
5236.00  3.648820E-14
5238.00  3.657286E-14
5240.00  3.664941E-14
5242.00  3.669914E-14
5244.00  3.671870E-14
5246.00  3.670772E-14
5248.00  3.666634E-14
5250.00  3.659724E-14
5252.00  3.649955E-14
5254.00  3.637574E-14
5256.00  3.622128E-14
5258.00  3.604178E-14
5260.00  3.584324E-14
5262.00  3.563821E-14
5264.00  3.545469E-14
5266.00  3.531060E-14
5268.00  3.522280E-14
5270.00  3.521752E-14
5272.00  3.528147E-14
5274.00  3.540828E-14
5276.00  3.560039E-14
5278.00  3.581127E-14
5280.00  3.604123E-14
5282.00  3.626760E-14
5284.00  3.646296E-14
5286.00  3.663559E-14
5288.00  3.676170E-14
5290.00  3.684662E-14
5292.00  3.689628E-14
5294.00  3.691268E-14
5296.00  3.691497E-14
5298.00  3.691003E-14
5300.00  3.691087E-14
5302.00  3.692306E-14
5304.00  3.694361E-14
5306.00  3.696221E-14
5308.00  3.696885E-14
5310.00  3.696051E-14
5312.00  3.691716E-14
5314.00  3.684640E-14
5316.00  3.674608E-14
5318.00  3.661452E-14
5320.00  3.647538E-14
5322.00  3.633271E-14
5324.00  3.620405E-14
5326.00  3.610166E-14
5328.00  3.603046E-14
5330.00  3.599145E-14
5332.00  3.598847E-14
5334.00  3.601249E-14
5336.00  3.605211E-14
5338.00  3.610939E-14
5340.00  3.617073E-14
5342.00  3.623707E-14
5344.00  3.631715E-14
5346.00  3.640301E-14
5348.00  3.648970E-14
5350.00  3.658670E-14
5352.00  3.666445E-14
5354.00  3.672147E-14
5356.00  3.675555E-14
5358.00  3.673931E-14
5360.00  3.669393E-14
5362.00  3.661617E-14
5364.00  3.651473E-14
5366.00  3.642122E-14
5368.00  3.633777E-14
5370.00  3.627946E-14
5372.00  3.625047E-14
5374.00  3.624301E-14
5376.00  3.625492E-14
5378.00  3.627085E-14
5380.00  3.628208E-14
5382.00  3.627195E-14
5384.00  3.623815E-14
5386.00  3.617960E-14
5388.00  3.609347E-14
5390.00  3.599176E-14
5392.00  3.587037E-14
5394.00  3.575510E-14
5396.00  3.564144E-14
5398.00  3.552735E-14
5400.00  3.543588E-14
5402.00  3.537045E-14
5404.00  3.532399E-14
5406.00  3.532183E-14
5408.00  3.534219E-14
5410.00  3.539817E-14
5412.00  3.547705E-14
5414.00  3.556167E-14
5416.00  3.565094E-14
5418.00  3.573286E-14
5420.00  3.579442E-14
5422.00  3.583806E-14
5424.00  3.585860E-14
5426.00  3.586605E-14
5428.00  3.586636E-14
5430.00  3.586998E-14
5432.00  3.588510E-14
5434.00  3.591233E-14
5436.00  3.594097E-14
5438.00  3.597126E-14
5440.00  3.598100E-14
5442.00  3.598387E-14
5444.00  3.597095E-14
5446.00  3.593709E-14
5448.00  3.589256E-14
5450.00  3.583382E-14
5452.00  3.578634E-14
5454.00  3.574118E-14
5456.00  3.570229E-14
5458.00  3.567909E-14
5460.00  3.566049E-14
5462.00  3.564507E-14
5464.00  3.562425E-14
5466.00  3.559950E-14
5468.00  3.556622E-14
5470.00  3.552678E-14
5472.00  3.547998E-14
5474.00  3.544513E-14
5476.00  3.542569E-14
5478.00  3.540894E-14
5480.00  3.542737E-14
5482.00  3.544190E-14
5484.00  3.547724E-14
5486.00  3.551778E-14
5488.00  3.554358E-14
5490.00  3.557280E-14
5492.00  3.556779E-14
5494.00  3.555482E-14
5496.00  3.551200E-14
5498.00  3.546058E-14
5500.00  3.539637E-14
5502.00  3.532937E-14
5504.00  3.526804E-14
5506.00  3.521581E-14
5508.00  3.517947E-14
5510.00  3.516207E-14
5512.00  3.516321E-14
5514.00  3.517880E-14
5516.00  3.520641E-14
5518.00  3.522666E-14
5520.00  3.524545E-14
5522.00  3.525016E-14
5524.00  3.524983E-14
5526.00  3.524392E-14
5528.00  3.523992E-14
5530.00  3.523286E-14
5532.00  3.523972E-14
5534.00  3.525932E-14
5536.00  3.528857E-14
5538.00  3.534166E-14
5540.00  3.538592E-14
5542.00  3.544073E-14
5544.00  3.549499E-14
5546.00  3.554179E-14
5548.00  3.558280E-14
5550.00  3.560473E-14
5552.00  3.561571E-14
5554.00  3.561589E-14
5556.00  3.559820E-14
5558.00  3.557067E-14
5560.00  3.552731E-14
5562.00  3.548504E-14
5564.00  3.543601E-14
5566.00  3.539527E-14
5568.00  3.535550E-14
5570.00  3.531808E-14
5572.00  3.529788E-14
5574.00  3.525730E-14
5576.00  3.523918E-14
5578.00  3.519268E-14
5580.00  3.514401E-14
5582.00  3.509143E-14
5584.00  3.501351E-14
5586.00  3.495711E-14
5588.00  3.489615E-14
5590.00  3.485712E-14
5592.00  3.483440E-14
5594.00  3.483514E-14
5596.00  3.485299E-14
5598.00  3.490780E-14
5600.00  3.497047E-14
5602.00  3.504916E-14
5604.00  3.513016E-14
5606.00  3.519524E-14
5608.00  3.525515E-14
5610.00  3.528774E-14
5612.00  3.530951E-14
5614.00  3.530643E-14
5616.00  3.529890E-14
5618.00  3.528064E-14
5620.00  3.525685E-14
5622.00  3.523659E-14
5624.00  3.522891E-14
5626.00  3.523171E-14
5628.00  3.523005E-14
5630.00  3.522265E-14
5632.00  3.520660E-14
5634.00  3.519049E-14
5636.00  3.516687E-14
5638.00  3.513178E-14
5640.00  3.509881E-14
5642.00  3.505280E-14
5644.00  3.501645E-14
5646.00  3.496715E-14
5648.00  3.492261E-14
5650.00  3.487521E-14
5652.00  3.481648E-14
5654.00  3.476849E-14
5656.00  3.470566E-14
5658.00  3.468358E-14
5660.00  3.465447E-14
5662.00  3.465647E-14
5664.00  3.466746E-14
5666.00  3.469463E-14
5668.00  3.474456E-14
5670.00  3.478585E-14
5672.00  3.483177E-14
5674.00  3.485340E-14
5676.00  3.487522E-14
5678.00  3.487646E-14
5680.00  3.486696E-14
5682.00  3.485532E-14
5684.00  3.483159E-14
5686.00  3.481738E-14
5688.00  3.480045E-14
5690.00  3.479213E-14
5692.00  3.477530E-14
5694.00  3.476152E-14
5696.00  3.472726E-14
5698.00  3.469692E-14
5700.00  3.465575E-14
5702.00  3.461390E-14
5704.00  3.457865E-14
5706.00  3.454199E-14
5708.00  3.455408E-14
5710.00  3.456789E-14
5712.00  3.462947E-14
5714.00  3.469465E-14
5716.00  3.477658E-14
5718.00  3.488846E-14
5720.00  3.497132E-14
5722.00  3.507104E-14
5724.00  3.513425E-14
5726.00  3.519354E-14
5728.00  3.524683E-14
5730.00  3.526628E-14
5732.00  3.529778E-14
5734.00  3.530018E-14
5736.00  3.530473E-14
5738.00  3.530602E-14
5740.00  3.528788E-14
5742.00  3.528056E-14
5744.00  3.525119E-14
5746.00  3.522957E-14
5748.00  3.520873E-14
5750.00  3.517187E-14
5752.00  3.515313E-14
5754.00  3.514099E-14
5756.00  3.513204E-14
5758.00  3.512023E-14
5760.00  3.510763E-14
5762.00  3.512461E-14
5764.00  3.511099E-14
5766.00  3.510187E-14
5768.00  3.507062E-14
5770.00  3.503707E-14
5772.00  3.499231E-14
5774.00  3.492789E-14
5776.00  3.486584E-14
5778.00  3.479041E-14
5780.00  3.474401E-14
5782.00  3.469878E-14
5784.00  3.468638E-14
5786.00  3.469241E-14
5788.00  3.471569E-14
5790.00  3.477522E-14
5792.00  3.484158E-14
5794.00  3.491550E-14
5796.00  3.498276E-14
5798.00  3.505819E-14
5800.00  3.512728E-14
5802.00  3.515883E-14
5804.00  3.520729E-14
5806.00  3.522649E-14
5808.00  3.525129E-14
5810.00  3.526009E-14
5812.00  3.526744E-14
5814.00  3.528114E-14
5816.00  3.529803E-14
5818.00  3.531674E-14
5820.00  3.532878E-14
5822.00  3.535671E-14
5824.00  3.537443E-14
5826.00  3.539483E-14
5828.00  3.540249E-14
5830.00  3.541406E-14
5832.00  3.540310E-14
5834.00  3.539887E-14
5836.00  3.536657E-14
5838.00  3.533222E-14
5840.00  3.528178E-14
5842.00  3.520895E-14
5844.00  3.512948E-14
5846.00  3.503120E-14
5848.00  3.493071E-14
5850.00  3.481201E-14
5852.00  3.471290E-14
5854.00  3.460743E-14
5856.00  3.451676E-14
5858.00  3.444454E-14
5860.00  3.438615E-14
5862.00  3.433472E-14
5864.00  3.428459E-14
5866.00  3.423741E-14
5868.00  3.419002E-14
5870.00  3.411096E-14
5872.00  3.401477E-14
5874.00  3.389306E-14
5876.00  3.376140E-14
5878.00  3.358734E-14
5880.00  3.335043E-14
5882.00  3.317401E-14
5884.00  3.294423E-14
5886.00  3.269529E-14
5888.00  3.250320E-14
5890.00  3.237205E-14
5892.00  3.228287E-14
5894.00  3.220412E-14
5896.00  3.229803E-14
5898.00  3.240968E-14
5900.00  3.253234E-14
5902.00  3.275208E-14
5904.00  3.292837E-14
5906.00  3.313906E-14
5908.00  3.328741E-14
5910.00  3.344003E-14
5912.00  3.354183E-14
5914.00  3.361863E-14
5916.00  3.368865E-14
5918.00  3.371599E-14
5920.00  3.374787E-14
5922.00  3.377368E-14
5924.00  3.379489E-14
5926.00  3.380366E-14
5928.00  3.381942E-14
5930.00  3.383905E-14
5932.00  3.384126E-14
5934.00  3.384484E-14
5936.00  3.386051E-14
5938.00  3.384308E-14
5940.00  3.384668E-14
5942.00  3.382648E-14
5944.00  3.383212E-14
5946.00  3.379036E-14
5948.00  3.380057E-14
5950.00  3.377840E-14
5952.00  3.378305E-14
5954.00  3.377535E-14
5956.00  3.379183E-14
5958.00  3.381042E-14
5960.00  3.382382E-14
5962.00  3.384695E-14
5964.00  3.386565E-14
5966.00  3.388102E-14
5968.00  3.388332E-14
5970.00  3.387844E-14
5972.00  3.387037E-14
5974.00  3.384249E-14
5976.00  3.381979E-14
5978.00  3.379770E-14
5980.00  3.376788E-14
5982.00  3.374341E-14
5984.00  3.373855E-14
5986.00  3.373430E-14
5988.00  3.371601E-14
5990.00  3.373003E-14
5992.00  3.372625E-14
5994.00  3.372723E-14
5996.00  3.370454E-14
5998.00  3.370978E-14
6000.00  3.367573E-14
6002.00  3.365594E-14
6004.00  3.362840E-14
6006.00  3.359947E-14
6008.00  3.358238E-14
6010.00  3.355881E-14
6012.00  3.355154E-14
6014.00  3.354813E-14
6016.00  3.356960E-14
6018.00  3.357988E-14
6020.00  3.362040E-14
6022.00  3.367194E-14
6024.00  3.371388E-14
6026.00  3.379043E-14
6028.00  3.383746E-14
6030.00  3.391920E-14
6032.00  3.396067E-14
6034.00  3.402620E-14
6036.00  3.405828E-14
6038.00  3.409514E-14
6040.00  3.411537E-14
6042.00  3.412579E-14
6044.00  3.413352E-14
6046.00  3.411916E-14
6048.00  3.411874E-14
6050.00  3.408956E-14
6052.00  3.407589E-14
6054.00  3.404241E-14
6056.00  3.402609E-14
6058.00  3.399582E-14
6060.00  3.398143E-14
6062.00  3.396209E-14
6064.00  3.396180E-14
6066.00  3.395394E-14
6068.00  3.395008E-14
6070.00  3.393956E-14
6072.00  3.393890E-14
6074.00  3.391957E-14
6076.00  3.389349E-14
6078.00  3.386824E-14
6080.00  3.383705E-14
6082.00  3.379781E-14
6084.00  3.377455E-14
6086.00  3.374085E-14
6088.00  3.372031E-14
6090.00  3.369649E-14
6092.00  3.369265E-14
6094.00  3.367280E-14
6096.00  3.366489E-14
6098.00  3.366492E-14
6100.00  3.365298E-14
6102.00  3.365973E-14
6104.00  3.366874E-14
6106.00  3.366024E-14
6108.00  3.366848E-14
6110.00  3.367471E-14
6112.00  3.367021E-14
6114.00  3.365568E-14
6116.00  3.363896E-14
6118.00  3.360975E-14
6120.00  3.358082E-14
6122.00  3.353749E-14
6124.00  3.350816E-14
6126.00  3.344874E-14
6128.00  3.342570E-14
6130.00  3.336913E-14
6132.00  3.334425E-14
6134.00  3.328150E-14
6136.00  3.326681E-14
6138.00  3.322074E-14
6140.00  3.318871E-14
6142.00  3.314686E-14
6144.00  3.312566E-14
6146.00  3.306544E-14
6148.00  3.301553E-14
6150.00  3.295146E-14
6152.00  3.285463E-14
6154.00  3.276584E-14
6156.00  3.265633E-14
6158.00  3.255372E-14
6160.00  3.245792E-14
6162.00  3.236537E-14
6164.00  3.232965E-14
6166.00  3.225341E-14
6168.00  3.228818E-14
6170.00  3.226792E-14
6172.00  3.233431E-14
6174.00  3.234322E-14
6176.00  3.242076E-14
6178.00  3.244586E-14
6180.00  3.249042E-14
6182.00  3.252740E-14
6184.00  3.252134E-14
6186.00  3.256121E-14
6188.00  3.254198E-14
6190.00  3.257921E-14
6192.00  3.256465E-14
6194.00  3.260810E-14
6196.00  3.260512E-14
6198.00  3.265374E-14
6200.00  3.266210E-14
6202.00  3.268643E-14
6204.00  3.268363E-14
6206.00  3.267303E-14
6208.00  3.264167E-14
6210.00  3.260074E-14
6212.00  3.253511E-14
6214.00  3.247202E-14
6216.00  3.239130E-14
6218.00  3.231886E-14
6220.00  3.224120E-14
6222.00  3.217674E-14
6224.00  3.210016E-14
6226.00  3.204981E-14
6228.00  3.198821E-14
6230.00  3.193634E-14
6232.00  3.189055E-14
6234.00  3.183574E-14
6236.00  3.179347E-14
6238.00  3.175283E-14
6240.00  3.171330E-14
6242.00  3.168532E-14
6244.00  3.165509E-14
6246.00  3.163741E-14
6248.00  3.162671E-14
6250.00  3.162474E-14
6252.00  3.163846E-14
6254.00  3.165737E-14
6256.00  3.169100E-14
6258.00  3.171626E-14
6260.00  3.176141E-14
6262.00  3.178178E-14
6264.00  3.181803E-14
6266.00  3.182846E-14
6268.00  3.183566E-14
6270.00  3.182032E-14
6272.00  3.180505E-14
6274.00  3.177392E-14
6276.00  3.175751E-14
6278.00  3.173466E-14
6280.00  3.172408E-14
6282.00  3.171988E-14
6284.00  3.172109E-14
6286.00  3.172824E-14
6288.00  3.174648E-14
6290.00  3.174291E-14
6292.00  3.176596E-14
6294.00  3.174754E-14
6296.00  3.176165E-14
6298.00  3.174951E-14
6300.00  3.175792E-14
6302.00  3.175708E-14
6304.00  3.177192E-14
6306.00  3.177868E-14
6308.00  3.180695E-14
6310.00  3.182289E-14
6312.00  3.185905E-14
6314.00  3.188975E-14
6316.00  3.193015E-14
6318.00  3.196697E-14
6320.00  3.201315E-14
6322.00  3.204868E-14
6324.00  3.209498E-14
6326.00  3.212615E-14
6328.00  3.215558E-14
6330.00  3.217845E-14
6332.00  3.219014E-14
6334.00  3.220750E-14
6336.00  3.219884E-14
6338.00  3.221868E-14
6340.00  3.219683E-14
6342.00  3.222853E-14
6344.00  3.220184E-14
6346.00  3.223235E-14
6348.00  3.220478E-14
6350.00  3.222439E-14
6352.00  3.219262E-14
6354.00  3.219977E-14
6356.00  3.217042E-14
6358.00  3.217180E-14
6360.00  3.215451E-14
6362.00  3.215349E-14
6364.00  3.215678E-14
6366.00  3.216587E-14
6368.00  3.219120E-14
6370.00  3.220654E-14
6372.00  3.224517E-14
6374.00  3.225939E-14
6376.00  3.229975E-14
6378.00  3.230402E-14
6380.00  3.233510E-14
6382.00  3.233048E-14
6384.00  3.234925E-14
6386.00  3.233487E-14
6388.00  3.234111E-14
6390.00  3.233317E-14
6392.00  3.232585E-14
6394.00  3.232588E-14
6396.00  3.231381E-14
6398.00  3.232509E-14
6400.00  3.230447E-14
6402.00  3.232657E-14
6404.00  3.230664E-14
6406.00  3.234019E-14
6408.00  3.231100E-14
6410.00  3.235167E-14
6412.00  3.233393E-14
6414.00  3.236713E-14
6416.00  3.236207E-14
6418.00  3.239282E-14
6420.00  3.239609E-14
6422.00  3.242132E-14
6424.00  3.242812E-14
6426.00  3.244544E-14
6428.00  3.244732E-14
6430.00  3.245558E-14
6432.00  3.245546E-14
6434.00  3.245143E-14
6436.00  3.244866E-14
6438.00  3.243003E-14
6440.00  3.241792E-14
6442.00  3.239894E-14
6444.00  3.237238E-14
6446.00  3.234815E-14
6448.00  3.231526E-14
6450.00  3.228905E-14
6452.00  3.225768E-14
6454.00  3.223477E-14
6456.00  3.221574E-14
6458.00  3.219793E-14
6460.00  3.219652E-14
6462.00  3.219047E-14
6464.00  3.219471E-14
6466.00  3.219365E-14
6468.00  3.219980E-14
6470.00  3.218207E-14
6472.00  3.217820E-14
6474.00  3.214196E-14
6476.00  3.211538E-14
6478.00  3.205339E-14
6480.00  3.200015E-14
6482.00  3.191318E-14
6484.00  3.183623E-14
6486.00  3.174327E-14
6488.00  3.166340E-14
6490.00  3.158511E-14
6492.00  3.152875E-14
6494.00  3.149168E-14
6496.00  3.148015E-14
6498.00  3.149941E-14
6500.00  3.153512E-14
6502.00  3.160098E-14
6504.00  3.166691E-14
6506.00  3.175428E-14
6508.00  3.182322E-14
6510.00  3.190560E-14
6512.00  3.195697E-14
6514.00  3.201412E-14
6516.00  3.204214E-14
6518.00  3.207280E-14
6520.00  3.208466E-14
6522.00  3.209306E-14
6524.00  3.209493E-14
6526.00  3.208243E-14
6528.00  3.207083E-14
6530.00  3.203154E-14
6532.00  3.199498E-14
6534.00  3.191506E-14
6536.00  3.182948E-14
6538.00  3.168632E-14
6540.00  3.152754E-14
6542.00  3.129763E-14
6544.00  3.104713E-14
6546.00  3.071572E-14
6548.00  3.037217E-14
6550.00  2.996665E-14
6552.00  2.957345E-14
6554.00  2.914954E-14
6556.00  2.879126E-14
6558.00  2.844464E-14
6560.00  2.822567E-14
6562.00  2.804993E-14
6564.00  2.804252E-14
6566.00  2.807779E-14
6568.00  2.828245E-14
6570.00  2.849612E-14
6572.00  2.883909E-14
6574.00  2.914534E-14
6576.00  2.952227E-14
6578.00  2.983328E-14
6580.00  3.015849E-14
6582.00  3.041228E-14
6584.00  3.065011E-14
6586.00  3.082251E-14
6588.00  3.097943E-14
6590.00  3.108541E-14
6592.00  3.118302E-14
6594.00  3.124640E-14
6596.00  3.130899E-14
6598.00  3.134994E-14
6600.00  3.139626E-14
6602.00  3.142796E-14
6604.00  3.146621E-14
6606.00  3.149415E-14
6608.00  3.152624E-14
6610.00  3.154940E-14
6612.00  3.157285E-14
6614.00  3.158791E-14
6616.00  3.159612E-14
6618.00  3.159922E-14
6620.00  3.158857E-14
6622.00  3.157805E-14
6624.00  3.155132E-14
6626.00  3.153164E-14
6628.00  3.149575E-14
6630.00  3.147497E-14
6632.00  3.143865E-14
6634.00  3.142452E-14
6636.00  3.139273E-14
6638.00  3.138781E-14
6640.00  3.136119E-14
6642.00  3.136231E-14
6644.00  3.133744E-14
6646.00  3.133723E-14
6648.00  3.130900E-14
6650.00  3.129976E-14
6652.00  3.126465E-14
6654.00  3.124260E-14
6656.00  3.120025E-14
6658.00  3.116490E-14
6660.00  3.111764E-14
6662.00  3.107164E-14
6664.00  3.102384E-14
6666.00  3.097133E-14
6668.00  3.092883E-14
6670.00  3.087507E-14
6672.00  3.084495E-14
6674.00  3.079869E-14
6676.00  3.078723E-14
6678.00  3.075718E-14
6680.00  3.076710E-14
6682.00  3.075759E-14
6684.00  3.078323E-14
6686.00  3.079040E-14
6688.00  3.082062E-14
6690.00  3.083451E-14
6692.00  3.085747E-14
6694.00  3.086735E-14
6696.00  3.087637E-14
6698.00  3.087611E-14
6700.00  3.086949E-14
6702.00  3.085746E-14
6704.00  3.083868E-14
6706.00  3.081643E-14
6708.00  3.079119E-14
6710.00  3.076325E-14
6712.00  3.073930E-14
6714.00  3.071154E-14
6716.00  3.069806E-14
6718.00  3.067694E-14
6720.00  3.067932E-14
6722.00  3.066753E-14
6724.00  3.068404E-14
6726.00  3.067919E-14
6728.00  3.070160E-14
6730.00  3.069638E-14
6732.00  3.071375E-14
6734.00  3.070182E-14
6736.00  3.070733E-14
6738.00  3.068674E-14
6740.00  3.068164E-14
6742.00  3.065701E-14
6744.00  3.064815E-14
6746.00  3.062731E-14
6748.00  3.062490E-14
6750.00  3.061462E-14
6752.00  3.062403E-14
6754.00  3.062676E-14
6756.00  3.064643E-14
6758.00  3.065936E-14
6760.00  3.068303E-14
6762.00  3.070130E-14
6764.00  3.072066E-14
6766.00  3.073886E-14
6768.00  3.074852E-14
6770.00  3.076159E-14
6772.00  3.075838E-14
6774.00  3.076172E-14
6776.00  3.074560E-14
6778.00  3.073788E-14
6780.00  3.071184E-14
6782.00  3.069667E-14
6784.00  3.066724E-14
6786.00  3.065241E-14
6788.00  3.062739E-14
6790.00  3.062026E-14
6792.00  3.060508E-14
6794.00  3.060939E-14
6796.00  3.060465E-14
6798.00  3.061783E-14
6800.00  3.062105E-14
6802.00  3.063805E-14
6804.00  3.064491E-14
6806.00  3.066080E-14
6808.00  3.066743E-14
6810.00  3.068094E-14
6812.00  3.068458E-14
6814.00  3.069626E-14
6816.00  3.069408E-14
6818.00  3.070383E-14
6820.00  3.069498E-14
6822.00  3.070114E-14
6824.00  3.068464E-14
6826.00  3.068309E-14
6828.00  3.065986E-14
6830.00  3.064801E-14
6832.00  3.062045E-14
6834.00  3.059859E-14
6836.00  3.056918E-14
6838.00  3.054150E-14
6840.00  3.051226E-14
6842.00  3.048395E-14
6844.00  3.045507E-14
6846.00  3.043003E-14
6848.00  3.040095E-14
6850.00  3.038078E-14
6852.00  3.035180E-14
6854.00  3.033861E-14
6856.00  3.031290E-14
6858.00  3.030920E-14
6860.00  3.029104E-14
6862.00  3.029843E-14
6864.00  3.028901E-14
6866.00  3.030669E-14
6868.00  3.030313E-14
6870.00  3.032572E-14
6872.00  3.032287E-14
6874.00  3.034501E-14
6876.00  3.033922E-14
6878.00  3.035680E-14
6880.00  3.034959E-14
6882.00  3.036276E-14
6884.00  3.035776E-14
6886.00  3.036922E-14
6888.00  3.036989E-14
6890.00  3.038264E-14
6892.00  3.038846E-14
6894.00  3.040286E-14
6896.00  3.040948E-14
6898.00  3.042458E-14
6900.00  3.042587E-14
6902.00  3.043950E-14
6904.00  3.043296E-14
6906.00  3.044208E-14
6908.00  3.043045E-14
6910.00  3.043393E-14
6912.00  3.042420E-14
6914.00  3.042446E-14
6916.00  3.042513E-14
6918.00  3.042782E-14
6920.00  3.044395E-14
6922.00  3.045548E-14
6924.00  3.048633E-14
6926.00  3.050947E-14
6928.00  3.054988E-14
6930.00  3.058244E-14
6932.00  3.062470E-14
6934.00  3.066060E-14
6936.00  3.069826E-14
6938.00  3.073126E-14
6940.00  3.075853E-14
6942.00  3.078702E-14
6944.00  3.079879E-14
6946.00  3.082457E-14
6948.00  3.082006E-14
6950.00  3.084592E-14
6952.00  3.082827E-14
6954.00  3.085567E-14
6956.00  3.083195E-14
6958.00  3.085716E-14
6960.00  3.083335E-14
6962.00  3.085123E-14
6964.00  3.083101E-14
6966.00  3.083801E-14
6968.00  3.082172E-14
6970.00  3.081891E-14
6972.00  3.080705E-14
6974.00  3.080063E-14
6976.00  3.079517E-14
6978.00  3.079061E-14
6980.00  3.079281E-14
6982.00  3.079035E-14
6984.00  3.079719E-14
6986.00  3.079345E-14
6988.00  3.079845E-14
6990.00  3.078779E-14
6992.00  3.078676E-14
6994.00  3.076935E-14
6996.00  3.076033E-14
6998.00  3.074443E-14
7000.00  3.072995E-14
7002.00  3.072468E-14
7004.00  3.071076E-14
7006.00  3.072277E-14
7008.00  3.071393E-14
7010.00  3.074437E-14
7012.00  3.074216E-14
7014.00  3.079012E-14
7016.00  3.079673E-14
7018.00  3.085751E-14
7020.00  3.087756E-14
7022.00  3.094606E-14
7024.00  3.098435E-14
7026.00  3.105632E-14
7028.00  3.111388E-14
7030.00  3.118344E-14
7032.00  3.125501E-14
7034.00  3.131170E-14
7036.00  3.138207E-14
7038.00  3.141276E-14
7040.00  3.145975E-14
7042.00  3.145179E-14
7044.00  3.145521E-14
7046.00  3.140013E-14
7048.00  3.134935E-14
7050.00  3.125266E-14
7052.00  3.115289E-14
7054.00  3.103362E-14
7056.00  3.090764E-14
7058.00  3.079382E-14
7060.00  3.066890E-14
7062.00  3.058337E-14
7064.00  3.047956E-14
7066.00  3.043268E-14
7068.00  3.035623E-14
7070.00  3.033944E-14
7072.00  3.027803E-14
7074.00  3.027522E-14
7076.00  3.021224E-14
7078.00  3.019976E-14
7080.00  3.012702E-14
7082.00  3.009648E-14
7084.00  3.001605E-14
7086.00  2.996717E-14
7088.00  2.989211E-14
7090.00  2.983574E-14
7092.00  2.978222E-14
7094.00  2.973006E-14
7096.00  2.970584E-14
7098.00  2.966600E-14
7100.00  2.966724E-14
7102.00  2.964273E-14
7104.00  2.965581E-14
7106.00  2.964221E-14
7108.00  2.965479E-14
7110.00  2.963955E-14
7112.00  2.964332E-14
7114.00  2.961523E-14
7116.00  2.960628E-14
7118.00  2.955827E-14
7120.00  2.953763E-14
7122.00  2.947222E-14
7124.00  2.944419E-14
7126.00  2.937047E-14
7128.00  2.933761E-14
7130.00  2.926986E-14
7132.00  2.923453E-14
7134.00  2.918584E-14
7136.00  2.914982E-14
7138.00  2.912364E-14
7140.00  2.909247E-14
7142.00  2.908603E-14
7144.00  2.906579E-14
7146.00  2.906818E-14
7148.00  2.905315E-14
7150.00  2.905890E-14
7152.00  2.903991E-14
7154.00  2.904430E-14
7156.00  2.901323E-14
7158.00  2.900966E-14
7160.00  2.897216E-14
7162.00  2.895317E-14
7164.00  2.890776E-14
7166.00  2.887576E-14
7168.00  2.882357E-14
7170.00  2.878648E-14
7172.00  2.873226E-14
7174.00  2.869310E-14
7176.00  2.864665E-14
7178.00  2.861526E-14
7180.00  2.857119E-14
7182.00  2.856378E-14
7184.00  2.852237E-14
7186.00  2.853489E-14
7188.00  2.851658E-14
7190.00  2.853558E-14
7192.00  2.854438E-14
7194.00  2.857052E-14
7196.00  2.861022E-14
7198.00  2.864123E-14
7200.00  2.871118E-14
7202.00  2.875190E-14
7204.00  2.884652E-14
7206.00  2.890071E-14
7208.00  2.900463E-14
7210.00  2.907939E-14
7212.00  2.918109E-14
7214.00  2.926700E-14
7216.00  2.935278E-14
7218.00  2.944091E-14
7220.00  2.950491E-14
7222.00  2.957564E-14
7224.00  2.960802E-14
7226.00  2.966184E-14
7228.00  2.966889E-14
7230.00  2.970681E-14
7232.00  2.969172E-14
7234.00  2.972292E-14
7236.00  2.969502E-14
7238.00  2.972231E-14
7240.00  2.969957E-14
7242.00  2.971349E-14
7244.00  2.970400E-14
7246.00  2.971288E-14
7248.00  2.971916E-14
7250.00  2.971931E-14
7252.00  2.973356E-14
7254.00  2.972739E-14
7256.00  2.974813E-14
7258.00  2.974264E-14
7260.00  2.975992E-14
7262.00  2.975374E-14
7264.00  2.976946E-14
7266.00  2.975673E-14
7268.00  2.976908E-14
7270.00  2.975186E-14
7272.00  2.976541E-14
7274.00  2.974709E-14
7276.00  2.976264E-14
7278.00  2.974922E-14
7280.00  2.976277E-14
7282.00  2.976386E-14
7284.00  2.978150E-14
7286.00  2.980636E-14
7288.00  2.982925E-14
7290.00  2.987313E-14
7292.00  2.990030E-14
7294.00  2.995161E-14
7296.00  2.999210E-14
7298.00  3.004025E-14
7300.00  3.009377E-14
7302.00  3.014304E-14
7304.00  3.019301E-14
7306.00  3.025154E-14
7308.00  3.028838E-14
7310.00  3.035640E-14
7312.00  3.038406E-14
7314.00  3.045866E-14
7316.00  3.048367E-14
7318.00  3.055190E-14
7320.00  3.059084E-14
7322.00  3.063917E-14
7324.00  3.069784E-14
7326.00  3.073187E-14
7328.00  3.080043E-14
7330.00  3.082661E-14
7332.00  3.088725E-14
7334.00  3.091594E-14
7336.00  3.094219E-14
7338.00  3.097677E-14
7340.00  3.097309E-14
7342.00  3.099684E-14
7344.00  3.098205E-14
7346.00  3.098604E-14
7348.00  3.097343E-14
7350.00  3.096919E-14
7352.00  3.097560E-14
7354.00  3.097848E-14
7356.00  3.100467E-14
7358.00  3.102533E-14
7360.00  3.106644E-14
7362.00  3.110433E-14
7364.00  3.115702E-14
7366.00  3.119670E-14
7368.00  3.124089E-14
7370.00  3.127498E-14
7372.00  3.129593E-14
7374.00  3.131235E-14
7376.00  3.131000E-14
7378.00  3.129781E-14
7380.00  3.127841E-14
7382.00  3.124461E-14
7384.00  3.122771E-14
7386.00  3.118266E-14
7388.00  3.117302E-14
7390.00  3.113765E-14
7392.00  3.113027E-14
7394.00  3.112316E-14
7396.00  3.111911E-14
7398.00  3.113139E-14
7400.00  3.113189E-14
7402.00  3.114642E-14
7404.00  3.116076E-14
7406.00  3.115371E-14
7408.00  3.119990E-14
7410.00  3.117124E-14
7412.00  3.123175E-14
7414.00  3.119943E-14
7416.00  3.126701E-14
7418.00  3.125217E-14
7420.00  3.130296E-14
7422.00  3.132222E-14
7424.00  3.134996E-14
7426.00  3.138394E-14
7428.00  3.138546E-14
7430.00  3.143321E-14
7432.00  3.141680E-14
7434.00  3.144670E-14
7436.00  3.142091E-14
7438.00  3.143737E-14
7440.00  3.141186E-14
7442.00  3.141495E-14
7444.00  3.139572E-14
7446.00  3.139816E-14
7448.00  3.138389E-14
7450.00  3.139431E-14
7452.00  3.138401E-14
7454.00  3.139937E-14
7456.00  3.140151E-14
7458.00  3.140813E-14
7460.00  3.143283E-14
7462.00  3.142988E-14
7464.00  3.146712E-14
7466.00  3.145800E-14
7468.00  3.149270E-14
7470.00  3.150305E-14
7472.00  3.151893E-14
7474.00  3.153929E-14
7476.00  3.153667E-14
7478.00  3.155249E-14
7480.00  3.154745E-14
7482.00  3.154634E-14
7484.00  3.155001E-14
7486.00  3.152385E-14
7488.00  3.153611E-14
7490.00  3.151157E-14
7492.00  3.152453E-14
7494.00  3.151848E-14
7496.00  3.152766E-14
7498.00  3.154477E-14
7500.00  3.155187E-14
7502.00  3.159159E-14
7504.00  3.160556E-14
7506.00  3.164441E-14
7508.00  3.166505E-14
7510.00  3.170230E-14
7512.00  3.172585E-14
7514.00  3.175635E-14
7516.00  3.178230E-14
7518.00  3.179985E-14
7520.00  3.183998E-14
7522.00  3.184430E-14
7524.00  3.189420E-14
7526.00  3.189175E-14
7528.00  3.193580E-14
7530.00  3.195670E-14
7532.00  3.197694E-14
7534.00  3.201236E-14
7536.00  3.200991E-14
7538.00  3.204746E-14
7540.00  3.204577E-14
7542.00  3.204663E-14
7544.00  3.205473E-14
7546.00  3.202345E-14
7548.00  3.203325E-14
7550.00  3.198650E-14
7552.00  3.197542E-14
7554.00  3.193680E-14
7556.00  3.191106E-14
7558.00  3.187555E-14
7560.00  3.184481E-14
7562.00  3.181778E-14
7564.00  3.178116E-14
7566.00  3.176582E-14
7568.00  3.171995E-14
7570.00  3.172060E-14
7572.00  3.166176E-14
7574.00  3.165676E-14
7576.00  3.159065E-14
7578.00  3.157247E-14
7580.00  3.151765E-14
7582.00  3.145972E-14
7584.00  3.141417E-14
7586.00  3.132699E-14
7588.00  3.130414E-14
7590.00  3.119995E-14
7592.00  3.118305E-14
7594.00  3.108328E-14
7596.00  3.106747E-14
7598.00  3.100662E-14
7600.00  3.096795E-14
7602.00  3.095703E-14
7604.00  3.088732E-14
7606.00  3.092324E-14
7608.00  3.084536E-14
7610.00  3.088148E-14
7612.00  3.083003E-14
7614.00  3.082954E-14
7616.00  3.080604E-14
7618.00  3.078464E-14
7620.00  3.076423E-14
7622.00  3.073400E-14
7624.00  3.070137E-14
7626.00  3.065542E-14
7628.00  3.062906E-14
7630.00  3.055400E-14
7632.00  3.054905E-14
7634.00  3.042286E-14
7636.00  3.043361E-14
7638.00  3.030012E-14
7640.00  3.026548E-14
7642.00  3.018972E-14
7644.00  3.004099E-14
7646.00  3.004577E-14
7648.00  2.982245E-14
7650.00  2.982785E-14
7652.00  2.962949E-14
7654.00  2.953063E-14
7656.00  2.945499E-14
7658.00  2.926373E-14
7660.00  2.925599E-14
7662.00  2.907490E-14
7664.00  2.905488E-14
7666.00  2.900462E-14
7668.00  2.894340E-14
7670.00  2.897909E-14
7672.00  2.892976E-14
7674.00  2.900036E-14
7676.00  2.901709E-14
7678.00  2.904304E-14
7680.00  2.909104E-14
7682.00  2.909525E-14
7684.00  2.913166E-14
7686.00  2.911847E-14
7688.00  2.910030E-14
7690.00  2.908241E-14
7692.00  2.903965E-14
7694.00  2.900394E-14
7696.00  2.894365E-14
7698.00  2.889871E-14
7700.00  2.887802E-14
7702.00  2.883965E-14
7704.00  2.882886E-14
7706.00  2.881740E-14
7708.00  2.883272E-14
7710.00  2.886623E-14
7712.00  2.888348E-14
7714.00  2.893932E-14
7716.00  2.898117E-14
7718.00  2.903814E-14
7720.00  2.908788E-14
7722.00  2.913823E-14
7724.00  2.918779E-14
7726.00  2.923975E-14
7728.00  2.926449E-14
7730.00  2.929965E-14
7732.00  2.931507E-14
7734.00  2.932543E-14
7736.00  2.933078E-14
7738.00  2.930758E-14
7740.00  2.930626E-14
7742.00  2.927204E-14
7744.00  2.925082E-14
7746.00  2.922146E-14
7748.00  2.919096E-14
7750.00  2.917326E-14
7752.00  2.913669E-14
7754.00  2.911986E-14
7756.00  2.909416E-14
7758.00  2.907955E-14
7760.00  2.905955E-14
7762.00  2.904046E-14
7764.00  2.903490E-14
7766.00  2.901082E-14
7768.00  2.901657E-14
7770.00  2.899010E-14
7772.00  2.901510E-14
7774.00  2.900916E-14
7776.00  2.901880E-14
7778.00  2.904840E-14
7780.00  2.904493E-14
7782.00  2.910971E-14
7784.00  2.909188E-14
7786.00  2.916480E-14
7788.00  2.917167E-14
7790.00  2.921598E-14
7792.00  2.925883E-14
7794.00  2.926923E-14
7796.00  2.934601E-14
7798.00  2.934804E-14
7800.00  2.942185E-14
7802.00  2.944640E-14
7804.00  2.949017E-14
7806.00  2.954486E-14
7808.00  2.956583E-14
7810.00  2.962921E-14
7812.00  2.963851E-14
7814.00  2.968345E-14
7816.00  2.969831E-14
7818.00  2.970488E-14
7820.00  2.973088E-14
7822.00  2.970555E-14
7824.00  2.973373E-14
7826.00  2.969330E-14
7828.00  2.970441E-14
7830.00  2.969340E-14
7832.00  2.967454E-14
7834.00  2.970248E-14
7836.00  2.966744E-14
7838.00  2.971404E-14
7840.00  2.969725E-14
7842.00  2.973095E-14
7844.00  2.975048E-14
7846.00  2.975420E-14
7848.00  2.979866E-14
7850.00  2.978447E-14
7852.00  2.982027E-14
7854.00  2.980876E-14
7856.00  2.981550E-14
7858.00  2.981299E-14
7860.00  2.978682E-14
7862.00  2.979131E-14
7864.00  2.975307E-14
7866.00  2.974673E-14
7868.00  2.971415E-14
7870.00  2.969309E-14
7872.00  2.967337E-14
7874.00  2.963848E-14
7876.00  2.962319E-14
7878.00  2.958306E-14
7880.00  2.956206E-14
7882.00  2.952000E-14
7884.00  2.948593E-14
7886.00  2.944011E-14
7888.00  2.939973E-14
7890.00  2.934195E-14
7892.00  2.929831E-14
7894.00  2.923965E-14
7896.00  2.918951E-14
7898.00  2.914349E-14
7900.00  2.907070E-14
7902.00  2.906042E-14
7904.00  2.897448E-14
7906.00  2.897102E-14
7908.00  2.891570E-14
7910.00  2.889188E-14
7912.00  2.889509E-14
7914.00  2.883570E-14
7916.00  2.888451E-14
7918.00  2.883722E-14
7920.00  2.887013E-14
7922.00  2.887009E-14
7924.00  2.886431E-14
7926.00  2.890677E-14
7928.00  2.886951E-14
7930.00  2.891320E-14
7932.00  2.889116E-14
7934.00  2.888522E-14
7936.00  2.889221E-14
7938.00  2.886063E-14
7940.00  2.886728E-14
7942.00  2.883837E-14
7944.00  2.884490E-14
7946.00  2.882647E-14
7948.00  2.882818E-14
7950.00  2.883012E-14
7952.00  2.883650E-14
7954.00  2.885092E-14
7956.00  2.885752E-14
7958.00  2.889910E-14
7960.00  2.889664E-14
7962.00  2.894604E-14
7964.00  2.896335E-14
7966.00  2.899087E-14
7968.00  2.903434E-14
7970.00  2.904412E-14
7972.00  2.910001E-14
7974.00  2.910953E-14
7976.00  2.915373E-14
7978.00  2.918569E-14
7980.00  2.920947E-14
7982.00  2.925922E-14
7984.00  2.927704E-14
7986.00  2.932812E-14
7988.00  2.936471E-14
7990.00  2.939635E-14
7992.00  2.945989E-14
7994.00  2.948989E-14
7996.00  2.954981E-14
7998.00  2.959752E-14
8000.00  2.964180E-14
8002.00  2.971140E-14
8004.00  2.973024E-14
8006.00  2.980646E-14
8008.00  2.982480E-14
8010.00  2.987451E-14
8012.00  2.990970E-14
8014.00  2.992061E-14
8016.00  2.997605E-14
8018.00  2.995891E-14
8020.00  3.001195E-14
8022.00  3.000534E-14
8024.00  3.003152E-14
8026.00  3.005518E-14
8028.00  3.005695E-14
8030.00  3.009722E-14
8032.00  3.009315E-14
8034.00  3.013102E-14
8036.00  3.013291E-14
8038.00  3.015914E-14
8040.00  3.017393E-14
8042.00  3.018864E-14
8044.00  3.021020E-14
8046.00  3.020921E-14
8048.00  3.024463E-14
8050.00  3.022759E-14
8052.00  3.025131E-14
8054.00  3.025113E-14
8056.00  3.023330E-14
8058.00  3.025257E-14
8060.00  3.021170E-14
8062.00  3.020920E-14
8064.00  3.018671E-14
8066.00  3.013493E-14
8068.00  3.013533E-14
8070.00  3.007317E-14
8072.00  3.004343E-14
8074.00  3.002844E-14
8076.00  2.995387E-14
8078.00  2.997341E-14
8080.00  2.991295E-14
8082.00  2.990129E-14
8084.00  2.990668E-14
8086.00  2.985992E-14
8088.00  2.989884E-14
8090.00  2.987057E-14
8092.00  2.989264E-14
8094.00  2.991350E-14
8096.00  2.991249E-14
8098.00  2.995161E-14
8100.00  2.996801E-14
8102.00  2.998700E-14
8104.00  3.002323E-14
8106.00  3.004047E-14
8108.00  3.005929E-14
8110.00  3.010021E-14
8112.00  3.009739E-14
8114.00  3.014804E-14
8116.00  3.015336E-14
8118.00  3.017473E-14
8120.00  3.022422E-14
8122.00  3.020502E-14
8124.00  3.027783E-14
8126.00  3.026696E-14
8128.00  3.030219E-14
8130.00  3.034206E-14
8132.00  3.031579E-14
8134.00  3.038151E-14
8136.00  3.034039E-14
8138.00  3.037069E-14
8140.00  3.035430E-14
8142.00  3.032154E-14
8144.00  3.033021E-14
8146.00  3.025675E-14
8148.00  3.025433E-14
8150.00  3.019052E-14
8152.00  3.014098E-14
8154.00  3.010099E-14
8156.00  3.002794E-14
8158.00  2.999623E-14
8160.00  2.992087E-14
8162.00  2.988088E-14
8164.00  2.981992E-14
8166.00  2.975942E-14
8168.00  2.971280E-14
8170.00  2.962162E-14
8172.00  2.958943E-14
8174.00  2.948465E-14
8176.00  2.942428E-14
8178.00  2.934654E-14
8180.00  2.924101E-14
8182.00  2.920688E-14
8184.00  2.909308E-14
8186.00  2.905620E-14
8188.00  2.900852E-14
8190.00  2.895987E-14
8192.00  2.897977E-14
8194.00  2.895487E-14
8196.00  2.901321E-14
8198.00  2.904990E-14
8200.00  2.909510E-14
8202.00  2.920145E-14
8204.00  2.923095E-14
8206.00  2.934327E-14
8208.00  2.939346E-14
8210.00  2.943892E-14
8212.00  2.952326E-14
8214.00  2.950032E-14
8216.00  2.957244E-14
8218.00  2.955298E-14
8220.00  2.955454E-14
8222.00  2.959853E-14
8224.00  2.954583E-14
8226.00  2.962427E-14
8228.00  2.961511E-14
8230.00  2.965938E-14
8232.00  2.975473E-14
8234.00  2.976600E-14
8236.00  2.991416E-14
8238.00  2.995666E-14
8240.00  3.006746E-14
8242.00  3.017415E-14
8244.00  3.021699E-14
8246.00  3.035395E-14
8248.00  3.036116E-14
8250.00  3.044994E-14
8252.00  3.047974E-14
8254.00  3.048165E-14
8256.00  3.053264E-14
8258.00  3.048024E-14
8260.00  3.050313E-14
8262.00  3.045741E-14
8264.00  3.041467E-14
8266.00  3.039639E-14
8268.00  3.030680E-14
8270.00  3.028204E-14
8272.00  3.020132E-14
8274.00  3.012996E-14
8276.00  3.008453E-14
8278.00  2.998690E-14
8280.00  2.994535E-14
8282.00  2.986997E-14
8284.00  2.980460E-14
8286.00  2.976386E-14
8288.00  2.969296E-14
8290.00  2.966437E-14
8292.00  2.961107E-14
8294.00  2.958582E-14
8296.00  2.955220E-14
8298.00  2.952566E-14
8300.00  2.952449E-14
8302.00  2.948112E-14
8304.00  2.951030E-14
8306.00  2.948104E-14
8308.00  2.947868E-14
8310.00  2.951473E-14
8312.00  2.946036E-14
8314.00  2.951874E-14
8316.00  2.950227E-14
8318.00  2.948168E-14
8320.00  2.954720E-14
8322.00  2.948292E-14
8324.00  2.952636E-14
8326.00  2.954545E-14
8328.00  2.949766E-14
8330.00  2.957433E-14
8332.00  2.954720E-14
8334.00  2.955535E-14
8336.00  2.962609E-14
8338.00  2.959189E-14
8340.00  2.965022E-14
8342.00  2.969364E-14
8344.00  2.966581E-14
8346.00  2.975993E-14
8348.00  2.975052E-14
8350.00  2.976027E-14
8352.00  2.983639E-14
8354.00  2.977314E-14
8356.00  2.983737E-14
8358.00  2.982497E-14
8360.00  2.978575E-14
8362.00  2.983499E-14
8364.00  2.974821E-14
8366.00  2.977224E-14
8368.00  2.972224E-14
8370.00  2.968304E-14
8372.00  2.968105E-14
8374.00  2.959484E-14
8376.00  2.962357E-14
8378.00  2.953234E-14
8380.00  2.955241E-14
8382.00  2.952507E-14
8384.00  2.947873E-14
8386.00  2.954811E-14
8388.00  2.946313E-14
8390.00  2.955308E-14
8392.00  2.953297E-14
8394.00  2.954577E-14
8396.00  2.963243E-14
8398.00  2.958122E-14
8400.00  2.969137E-14
8402.00  2.967157E-14
8404.00  2.970684E-14
8406.00  2.976295E-14
8408.00  2.972492E-14
8410.00  2.978990E-14
8412.00  2.975272E-14
8414.00  2.976008E-14
8416.00  2.974257E-14
8418.00  2.970340E-14
8420.00  2.966998E-14
8422.00  2.960330E-14
8424.00  2.956453E-14
8426.00  2.944513E-14
8428.00  2.941770E-14
8430.00  2.928552E-14
8432.00  2.920612E-14
8434.00  2.915750E-14
8436.00  2.898782E-14
8438.00  2.900380E-14
8440.00  2.886542E-14
8442.00  2.881784E-14
8444.00  2.881386E-14
8446.00  2.869215E-14
8448.00  2.874129E-14
8450.00  2.867660E-14
8452.00  2.866449E-14
8454.00  2.868927E-14
8456.00  2.864933E-14
8458.00  2.867690E-14
8460.00  2.868203E-14
8462.00  2.868224E-14
8464.00  2.870556E-14
8466.00  2.872967E-14
8468.00  2.872367E-14
8470.00  2.877829E-14
8472.00  2.876621E-14
8474.00  2.878611E-14
8476.00  2.882051E-14
8478.00  2.875595E-14
8480.00  2.881416E-14
8482.00  2.873054E-14
8484.00  2.869221E-14
8486.00  2.870007E-14
8488.00  2.852841E-14
8490.00  2.856862E-14
8492.00  2.845309E-14
8494.00  2.835119E-14
8496.00  2.841723E-14
8498.00  2.824536E-14
8500.00  2.831390E-14
8502.00  2.832199E-14
8504.00  2.825036E-14
8506.00  2.840097E-14
8508.00  2.835949E-14
8510.00  2.841934E-14
8512.00  2.851363E-14
8514.00  2.847674E-14
8516.00  2.854044E-14
8518.00  2.853214E-14
8520.00  2.847707E-14
8522.00  2.843959E-14
8524.00  2.835319E-14
8526.00  2.821365E-14
8528.00  2.809142E-14
8530.00  2.795503E-14
8532.00  2.773913E-14
8534.00  2.764758E-14
8536.00  2.747547E-14
8538.00  2.732711E-14
8540.00  2.733318E-14
8542.00  2.719410E-14
8544.00  2.726293E-14
8546.00  2.732554E-14
8548.00  2.735230E-14
8550.00  2.758242E-14
8552.00  2.767602E-14
8554.00  2.788996E-14
8556.00  2.810900E-14
8558.00  2.825727E-14
8560.00  2.850097E-14
8562.00  2.863900E-14
8564.00  2.880846E-14
8566.00  2.894816E-14
8568.00  2.902781E-14
8570.00  2.914056E-14
8572.00  2.916833E-14
8574.00  2.921026E-14
8576.00  2.923382E-14
8578.00  2.919556E-14
8580.00  2.920701E-14
8582.00  2.914956E-14
8584.00  2.910210E-14
8586.00  2.907631E-14
8588.00  2.898620E-14
8590.00  2.896257E-14
8592.00  2.890092E-14
8594.00  2.885219E-14
8596.00  2.883422E-14
8598.00  2.879620E-14
8600.00  2.880272E-14
8602.00  2.879132E-14
8604.00  2.882727E-14
8606.00  2.884153E-14
8608.00  2.888747E-14
8610.00  2.895618E-14
8612.00  2.897348E-14
8614.00  2.908021E-14
8616.00  2.911440E-14
8618.00  2.917336E-14
8620.00  2.926555E-14
8622.00  2.926491E-14
8624.00  2.934746E-14
8626.00  2.936541E-14
8628.00  2.935800E-14
8630.00  2.939525E-14
8632.00  2.933086E-14
8634.00  2.930404E-14
8636.00  2.924142E-14
8638.00  2.911079E-14
8640.00  2.902518E-14
8642.00  2.884097E-14
8644.00  2.867645E-14
8646.00  2.849216E-14
8648.00  2.823893E-14
8650.00  2.807104E-14
8652.00  2.779555E-14
8654.00  2.760272E-14
8656.00  2.743112E-14
8658.00  2.718679E-14
8660.00  2.714155E-14
8662.00  2.697873E-14
8664.00  2.692133E-14
8666.00  2.698461E-14
8668.00  2.690723E-14
8670.00  2.706004E-14
8672.00  2.714109E-14
8674.00  2.720820E-14
8676.00  2.745231E-14
8678.00  2.751174E-14
8680.00  2.769605E-14
8682.00  2.789579E-14
8684.00  2.795311E-14
8686.00  2.818565E-14
8688.00  2.827248E-14
8690.00  2.837295E-14
8692.00  2.856398E-14
8694.00  2.858079E-14
8696.00  2.873982E-14
8698.00  2.881862E-14
8700.00  2.886649E-14
8702.00  2.900189E-14
8704.00  2.901141E-14
8706.00  2.909811E-14
8708.00  2.914048E-14
8710.00  2.916214E-14
8712.00  2.920728E-14
8714.00  2.919006E-14
8716.00  2.920978E-14
8718.00  2.918041E-14
8720.00  2.914945E-14
8722.00  2.911977E-14
8724.00  2.904733E-14
8726.00  2.899189E-14
8728.00  2.892000E-14
8730.00  2.882179E-14
8732.00  2.873724E-14
8734.00  2.865787E-14
8736.00  2.853011E-14
8738.00  2.846370E-14
8740.00  2.837481E-14
8742.00  2.825600E-14
8744.00  2.824918E-14
8746.00  2.814241E-14
8748.00  2.811150E-14
8750.00  2.813988E-14
8752.00  2.806236E-14
8754.00  2.815182E-14
8756.00  2.817082E-14
8758.00  2.819234E-14
8760.00  2.833800E-14
8762.00  2.835779E-14
8764.00  2.848242E-14
8766.00  2.860436E-14
8768.00  2.866515E-14
8770.00  2.881406E-14
8772.00  2.890245E-14
8774.00  2.899258E-14
8776.00  2.910215E-14
8778.00  2.917612E-14
8780.00  2.924776E-14
8782.00  2.931390E-14
8784.00  2.936848E-14
8786.00  2.938069E-14
8788.00  2.942834E-14
8790.00  2.942618E-14
8792.00  2.939419E-14
8794.00  2.942758E-14
8796.00  2.935865E-14
8798.00  2.933201E-14
8800.00  2.933595E-14
8802.00  2.923494E-14
8804.00  2.924380E-14
8806.00  2.922746E-14
8808.00  2.913899E-14
8810.00  2.920188E-14
8812.00  2.915523E-14
8814.00  2.913806E-14
8816.00  2.921413E-14
8818.00  2.915466E-14
8820.00  2.920186E-14
8822.00  2.925448E-14
8824.00  2.919719E-14
8826.00  2.926541E-14
8828.00  2.926248E-14
8830.00  2.921304E-14
8832.00  2.926408E-14
8834.00  2.919469E-14
8836.00  2.915893E-14
8838.00  2.915375E-14
8840.00  2.905175E-14
8842.00  2.900287E-14
8844.00  2.893799E-14
8846.00  2.881166E-14
8848.00  2.874270E-14
8850.00  2.863981E-14
8852.00  2.849404E-14
8854.00  2.843664E-14
8856.00  2.829495E-14
8858.00  2.817503E-14
8860.00  2.813547E-14
8862.00  2.798078E-14
8864.00  2.794108E-14
8866.00  2.790025E-14
8868.00  2.779423E-14
8870.00  2.783394E-14
8872.00  2.778798E-14
8874.00  2.778004E-14
8876.00  2.784611E-14
8878.00  2.782693E-14
8880.00  2.789748E-14
8882.00  2.794180E-14
8884.00  2.797827E-14
8886.00  2.806564E-14
8888.00  2.809302E-14
8890.00  2.817807E-14
8892.00  2.823010E-14
8894.00  2.827403E-14
8896.00  2.835927E-14
8898.00  2.837660E-14
8900.00  2.844700E-14
8902.00  2.849337E-14
8904.00  2.850746E-14
8906.00  2.857798E-14
8908.00  2.858685E-14
8910.00  2.862102E-14
8912.00  2.865678E-14
8914.00  2.866699E-14
8916.00  2.870134E-14
8918.00  2.870225E-14
8920.00  2.874344E-14
8922.00  2.874307E-14
8924.00  2.875758E-14
8926.00  2.879151E-14
8928.00  2.876160E-14
8930.00  2.880839E-14
8932.00  2.878827E-14
8934.00  2.876310E-14
8936.00  2.881123E-14
8938.00  2.873122E-14
8940.00  2.874717E-14
8942.00  2.873382E-14
8944.00  2.864505E-14
8946.00  2.867051E-14
8948.00  2.859273E-14
8950.00  2.853249E-14
8952.00  2.852958E-14
8954.00  2.842266E-14
8956.00  2.839129E-14
8958.00  2.835258E-14
8960.00  2.824968E-14
8962.00  2.823255E-14
8964.00  2.815861E-14
8966.00  2.808115E-14
8968.00  2.806176E-14
8970.00  2.796041E-14
8972.00  2.790676E-14
8974.00  2.786454E-14
8976.00  2.775768E-14
8978.00  2.771822E-14
8980.00  2.763206E-14
8982.00  2.754473E-14
8984.00  2.751323E-14
8986.00  2.740616E-14
8988.00  2.733917E-14
8990.00  2.728269E-14
8992.00  2.719783E-14
8994.00  2.713492E-14
8996.00  2.708093E-14
8998.00  2.702741E-14
9000.00  2.697409E-14
9002.00  2.695790E-14
9004.00  2.691660E-14
9006.00  2.688004E-14
9008.00  2.692404E-14
9010.00  2.690306E-14
9012.00  2.694719E-14
9014.00  2.703263E-14
9016.00  2.706465E-14
9018.00  2.721460E-14
9020.00  2.733300E-14
9022.00  2.745812E-14
9024.00  2.768241E-14
9026.00  2.782915E-14
9028.00  2.804240E-14
9030.00  2.826346E-14
9032.00  2.842587E-14
9034.00  2.866949E-14
9036.00  2.882914E-14
9038.00  2.899419E-14
9040.00  2.917653E-14
9042.00  2.925676E-14
9044.00  2.938161E-14
9046.00  2.945200E-14
9048.00  2.947821E-14
9050.00  2.952270E-14
9052.00  2.949069E-14
9054.00  2.949439E-14
9056.00  2.944954E-14
9058.00  2.937955E-14
9060.00  2.935104E-14
9062.00  2.923740E-14
9064.00  2.919981E-14
9066.00  2.912815E-14
9068.00  2.900324E-14
9070.00  2.900516E-14
9072.00  2.890413E-14
9074.00  2.883202E-14
9076.00  2.884549E-14
9078.00  2.870699E-14
9080.00  2.872884E-14
9082.00  2.873640E-14
9084.00  2.859891E-14
9086.00  2.869709E-14
9088.00  2.866080E-14
9090.00  2.856525E-14
9092.00  2.872061E-14
9094.00  2.860113E-14
9096.00  2.858205E-14
9098.00  2.872954E-14
9100.00  2.857954E-14
9102.00  2.862112E-14
9104.00  2.870813E-14
9106.00  2.855003E-14
9108.00  2.860052E-14
9110.00  2.863809E-14
9112.00  2.851447E-14
9114.00  2.852216E-14
9116.00  2.856154E-14
9118.00  2.843872E-14
9120.00  2.841020E-14
9122.00  2.847177E-14
9124.00  2.830594E-14
9126.00  2.829142E-14
9128.00  2.840014E-14
9130.00  2.818049E-14
9132.00  2.823353E-14
9134.00  2.829707E-14
9136.00  2.806153E-14
9138.00  2.822711E-14
9140.00  2.819350E-14
9142.00  2.802525E-14
9144.00  2.822405E-14
9146.00  2.807652E-14
9148.00  2.806782E-14
9150.00  2.818387E-14
9152.00  2.800391E-14
9154.00  2.810909E-14
9156.00  2.808932E-14
9158.00  2.797569E-14
9160.00  2.809670E-14
9162.00  2.796602E-14
9164.00  2.796579E-14
9166.00  2.803766E-14
9168.00  2.788746E-14
9170.00  2.795497E-14
9172.00  2.796381E-14
9174.00  2.786569E-14
9176.00  2.796971E-14
9178.00  2.793954E-14
9180.00  2.791435E-14
9182.00  2.799748E-14
9184.00  2.797132E-14
9186.00  2.798872E-14
9188.00  2.801625E-14
9190.00  2.798930E-14
9192.00  2.797907E-14
9194.00  2.797089E-14
9196.00  2.792403E-14
9198.00  2.784666E-14
9200.00  2.781655E-14
9202.00  2.770103E-14
9204.00  2.759615E-14
9206.00  2.755656E-14
9208.00  2.736763E-14
9210.00  2.730111E-14
9212.00  2.722392E-14
9214.00  2.701654E-14
9216.00  2.703443E-14
9218.00  2.690497E-14
9220.00  2.677009E-14
9222.00  2.685818E-14
9224.00  2.669985E-14
9226.00  2.670049E-14
9228.00  2.680882E-14
9230.00  2.668006E-14
9232.00  2.680920E-14
9234.00  2.689064E-14
9236.00  2.685121E-14
9238.00  2.705043E-14
9240.00  2.710416E-14
9242.00  2.715366E-14
9244.00  2.735204E-14
9246.00  2.739184E-14
9248.00  2.750692E-14
9250.00  2.766805E-14
9252.00  2.770133E-14
9254.00  2.783539E-14
9256.00  2.794701E-14
9258.00  2.796831E-14
9260.00  2.810474E-14
9262.00  2.814223E-14
9264.00  2.814459E-14
9266.00  2.826094E-14
9268.00  2.820171E-14
9270.00  2.821278E-14
9272.00  2.826503E-14
9274.00  2.811916E-14
9276.00  2.814113E-14
9278.00  2.809700E-14
9280.00  2.791830E-14
9282.00  2.794226E-14
9284.00  2.780040E-14
9286.00  2.765253E-14
9288.00  2.764563E-14
9290.00  2.748162E-14
9292.00  2.738115E-14
9294.00  2.733553E-14
9296.00  2.722754E-14
9298.00  2.716818E-14
9300.00  2.713507E-14
9302.00  2.709536E-14
9304.00  2.706151E-14
9306.00  2.708649E-14
9308.00  2.709345E-14
9310.00  2.708533E-14
9312.00  2.717773E-14
9314.00  2.717742E-14
9316.00  2.721975E-14
9318.00  2.730911E-14
9320.00  2.730962E-14
9322.00  2.738113E-14
9324.00  2.742735E-14
9326.00  2.743645E-14
9328.00  2.750031E-14
9330.00  2.750396E-14
9332.00  2.751853E-14
9334.00  2.755829E-14
9336.00  2.753273E-14
9338.00  2.755348E-14
9340.00  2.756135E-14
9342.00  2.753392E-14
9344.00  2.755145E-14
9346.00  2.754149E-14
9348.00  2.752415E-14
9350.00  2.753801E-14
9352.00  2.752407E-14
9354.00  2.752133E-14
9356.00  2.753373E-14
9358.00  2.752442E-14
9360.00  2.753581E-14
9362.00  2.754492E-14
9364.00  2.754921E-14
9366.00  2.756869E-14
9368.00  2.757481E-14
9370.00  2.759414E-14
9372.00  2.761363E-14
9374.00  2.761594E-14
9376.00  2.764990E-14
9378.00  2.765952E-14
9380.00  2.766330E-14
9382.00  2.769920E-14
9384.00  2.769431E-14
9386.00  2.770049E-14
9388.00  2.772940E-14
9390.00  2.770868E-14
9392.00  2.771763E-14
9394.00  2.773611E-14
9396.00  2.769982E-14
9398.00  2.771514E-14
9400.00  2.771908E-14
9402.00  2.768173E-14
9404.00  2.770247E-14
9406.00  2.769641E-14
9408.00  2.766582E-14
9410.00  2.769332E-14
9412.00  2.768128E-14
9414.00  2.765611E-14
9416.00  2.769407E-14
9418.00  2.766955E-14
9420.00  2.765109E-14
9422.00  2.768901E-14
9424.00  2.764416E-14
9426.00  2.762766E-14
9428.00  2.765690E-14
9430.00  2.758406E-14
9432.00  2.757405E-14
9434.00  2.759222E-14
9436.00  2.748353E-14
9438.00  2.749602E-14
9440.00  2.748956E-14
9442.00  2.738262E-14
9444.00  2.741980E-14
9446.00  2.739372E-14
9448.00  2.731608E-14
9450.00  2.737859E-14
9452.00  2.734476E-14
9454.00  2.730659E-14
9456.00  2.739592E-14
9458.00  2.735901E-14
9460.00  2.736705E-14
9462.00  2.745266E-14
9464.00  2.742099E-14
9466.00  2.746009E-14
9468.00  2.752117E-14
9470.00  2.749959E-14
9472.00  2.754454E-14
9474.00  2.757666E-14
9476.00  2.755731E-14
9478.00  2.759253E-14
9480.00  2.759560E-14
9482.00  2.758117E-14
9484.00  2.759706E-14
9486.00  2.758111E-14
9488.00  2.757339E-14
9490.00  2.756267E-14
9492.00  2.754510E-14
9494.00  2.754015E-14
9496.00  2.750949E-14
9498.00  2.749976E-14
9500.00  2.749217E-14
9502.00  2.745712E-14
9504.00  2.745661E-14
9506.00  2.744455E-14
9508.00  2.741215E-14
9510.00  2.742173E-14
9512.00  2.740303E-14
9514.00  2.737496E-14
9516.00  2.739199E-14
9518.00  2.736151E-14
9520.00  2.733578E-14
9522.00  2.735469E-14
9524.00  2.730277E-14
9526.00  2.727800E-14
9528.00  2.729438E-14
9530.00  2.721192E-14
9532.00  2.719717E-14
9534.00  2.721017E-14
9536.00  2.709141E-14
9538.00  2.710713E-14
9540.00  2.710441E-14
9542.00  2.699033E-14
9544.00  2.704242E-14
9546.00  2.702653E-14
9548.00  2.694446E-14
9550.00  2.704147E-14
9552.00  2.701886E-14
9554.00  2.698057E-14
9556.00  2.712148E-14
9558.00  2.709545E-14
9560.00  2.711757E-14
9562.00  2.725416E-14
9564.00  2.723831E-14
9566.00  2.730309E-14
9568.00  2.741034E-14
9570.00  2.740800E-14
9572.00  2.748541E-14
9574.00  2.755711E-14
9576.00  2.756737E-14
9578.00  2.763225E-14
9580.00  2.767173E-14
9582.00  2.768825E-14
9584.00  2.773581E-14
9586.00  2.775754E-14
9588.00  2.777491E-14
9590.00  2.780555E-14
9592.00  2.782113E-14
9594.00  2.783756E-14
9596.00  2.785823E-14
9598.00  2.787333E-14
9600.00  2.788921E-14
9602.00  2.790456E-14
9604.00  2.792223E-14
9606.00  2.793784E-14
9608.00  2.794897E-14
9610.00  2.797247E-14
9612.00  2.798401E-14
9614.00  2.799043E-14
9616.00  2.802099E-14
9618.00  2.802182E-14
9620.00  2.802647E-14
9622.00  2.805567E-14
9624.00  2.804252E-14
9626.00  2.804681E-14
9628.00  2.806942E-14
9630.00  2.803800E-14
9632.00  2.804443E-14
9634.00  2.805832E-14
9636.00  2.800910E-14
9638.00  2.802221E-14
9640.00  2.802147E-14
9642.00  2.797408E-14
9644.00  2.799197E-14
9646.00  2.798063E-14
9648.00  2.794420E-14
9650.00  2.796985E-14
9652.00  2.795380E-14
9654.00  2.793195E-14
9656.00  2.796469E-14
9658.00  2.794857E-14
9660.00  2.794459E-14
9662.00  2.797460E-14
9664.00  2.796207E-14
9666.00  2.796936E-14
9668.00  2.799321E-14
9670.00  2.798163E-14
9672.00  2.799383E-14
9674.00  2.800936E-14
9676.00  2.799792E-14
9678.00  2.800905E-14
9680.00  2.801506E-14
9682.00  2.800591E-14
9684.00  2.801235E-14
9686.00  2.801155E-14
9688.00  2.800413E-14
9690.00  2.800610E-14
9692.00  2.800125E-14
9694.00  2.799526E-14
9696.00  2.799286E-14
9698.00  2.798600E-14
9700.00  2.797981E-14
9702.00  2.797499E-14
9704.00  2.796419E-14
9706.00  2.795663E-14
9708.00  2.795003E-14
9710.00  2.793390E-14
9712.00  2.792343E-14
9714.00  2.791383E-14
9716.00  2.789204E-14
9718.00  2.787641E-14
9720.00  2.786170E-14
9722.00  2.784018E-14
9724.00  2.781313E-14
9726.00  2.779530E-14
9728.00  2.777709E-14
9730.00  2.773403E-14
9732.00  2.772106E-14
9734.00  2.770709E-14
9736.00  2.764958E-14
9738.00  2.765047E-14
9740.00  2.763591E-14
9742.00  2.758073E-14
9744.00  2.759958E-14
9746.00  2.758368E-14
9748.00  2.754041E-14
9750.00  2.758127E-14
9752.00  2.756344E-14
9754.00  2.753753E-14
9756.00  2.759656E-14
9758.00  2.757481E-14
9760.00  2.757070E-14
9762.00  2.762980E-14
9764.00  2.760404E-14
9766.00  2.761690E-14
9768.00  2.766636E-14
9770.00  2.763207E-14
9772.00  2.765616E-14
9774.00  2.769089E-14
9776.00  2.764855E-14
9778.00  2.768201E-14
9780.00  2.770000E-14
9782.00  2.766185E-14
9784.00  2.770475E-14
9786.00  2.771092E-14
9788.00  2.768412E-14
9790.00  2.774224E-14
9792.00  2.774274E-14
9794.00  2.773249E-14
9796.00  2.780348E-14
9798.00  2.780372E-14
9800.00  2.780280E-14
