3600.00  4.015728E-14
3602.00  3.970494E-14
3604.00  3.936404E-14
3606.00  3.955154E-14
3608.00  3.941481E-14
3610.00  3.936077E-14
3612.00  3.953037E-14
3614.00  3.985301E-14
3616.00  4.032907E-14
3618.00  3.990544E-14
3620.00  4.013518E-14
3622.00  4.100724E-14
3624.00  4.140398E-14
3626.00  4.199186E-14
3628.00  4.222204E-14
3630.00  4.111481E-14
3632.00  4.017319E-14
3634.00  4.024249E-14
3636.00  4.011236E-14
3638.00  4.063066E-14
3640.00  4.129095E-14
3642.00  4.084121E-14
3644.00  4.018392E-14
3646.00  3.993511E-14
3648.00  3.994867E-14
3650.00  4.038139E-14
3652.00  4.084802E-14
3654.00  4.111728E-14
3656.00  4.123899E-14
3658.00  4.144932E-14
3660.00  4.117507E-14
3662.00  4.067247E-14
3664.00  4.052914E-14
3666.00  4.040478E-14
3668.00  4.001184E-14
3670.00  4.011666E-14
3672.00  4.059951E-14
3674.00  4.042235E-14
3676.00  3.965407E-14
3678.00  3.917131E-14
3680.00  3.911065E-14
3682.00  3.933683E-14
3684.00  3.920985E-14
3686.00  3.856073E-14
3688.00  3.856676E-14
3690.00  3.926985E-14
3692.00  3.938405E-14
3694.00  3.895125E-14
3696.00  3.873207E-14
3698.00  3.933656E-14
3700.00  4.015620E-14
3702.00  3.858644E-14
3704.00  3.575422E-14
3706.00  3.624518E-14
3708.00  3.764468E-14
3710.00  3.674525E-14
3712.00  3.636564E-14
3714.00  3.855175E-14
3716.00  4.084270E-14
3718.00  4.001416E-14
3720.00  3.605531E-14
3722.00  3.462632E-14
3724.00  3.767283E-14
3726.00  4.091814E-14
3728.00  4.242962E-14
3730.00  4.137622E-14
3732.00  3.678196E-14
3734.00  3.299974E-14
3736.00  3.454699E-14
3738.00  3.977848E-14
3740.00  4.418109E-14
3742.00  4.546862E-14
3744.00  4.389420E-14
3746.00  4.017139E-14
3748.00  3.479424E-14
3750.00  3.224242E-14
3752.00  3.573826E-14
3754.00  4.130324E-14
3756.00  4.477736E-14
3758.00  4.573827E-14
3760.00  4.579437E-14
3762.00  4.578730E-14
3764.00  4.449323E-14
3766.00  4.084990E-14
3768.00  3.588466E-14
3770.00  3.201515E-14
3772.00  3.373588E-14
3774.00  3.880959E-14
3776.00  4.339414E-14
3778.00  4.712533E-14
3780.00  4.978215E-14
3782.00  5.100786E-14
3784.00  5.118226E-14
3786.00  5.008298E-14
3788.00  4.845332E-14
3790.00  4.653771E-14
3792.00  4.360970E-14
3794.00  3.886430E-14
3796.00  3.308813E-14
3798.00  3.015921E-14
3800.00  3.400651E-14
3802.00  4.039431E-14
3804.00  4.485412E-14
3806.00  4.721536E-14
3808.00  4.949939E-14
3810.00  5.151172E-14
3812.00  5.172030E-14
3814.00  5.097162E-14
3816.00  5.022184E-14
3818.00  4.855537E-14
3820.00  4.725247E-14
3822.00  4.820296E-14
3824.00  4.791721E-14
3826.00  4.613853E-14
3828.00  4.387758E-14
3830.00  4.034301E-14
3832.00  3.531533E-14
3834.00  2.984693E-14
3836.00  2.895207E-14
3838.00  3.310064E-14
3840.00  3.857444E-14
3842.00  4.360685E-14
3844.00  4.718334E-14
3846.00  4.939060E-14
3848.00  5.081457E-14
3850.00  5.161889E-14
3852.00  5.218108E-14
3854.00  5.216680E-14
3856.00  5.189644E-14
3858.00  5.186148E-14
3860.00  5.230396E-14
3862.00  5.209549E-14
3864.00  5.152186E-14
3866.00  5.143352E-14
3868.00  5.132316E-14
3870.00  5.076570E-14
3872.00  4.983064E-14
3874.00  4.997277E-14
3876.00  4.958340E-14
3878.00  4.805308E-14
3880.00  4.657254E-14
3882.00  4.397815E-14
3884.00  4.025952E-14
3886.00  3.466475E-14
3888.00  2.950555E-14
3890.00  3.032627E-14
3892.00  3.608186E-14
3894.00  4.119065E-14
3896.00  4.490336E-14
3898.00  4.745944E-14
3900.00  4.947098E-14
3902.00  5.090948E-14
3904.00  5.124176E-14
3906.00  5.170114E-14
3908.00  5.312853E-14
3910.00  5.424068E-14
3912.00  5.435272E-14
3914.00  5.393687E-14
3916.00  5.361977E-14
3918.00  5.316452E-14
3920.00  5.278032E-14
3922.00  5.301605E-14
3924.00  5.288106E-14
3926.00  5.179934E-14
3928.00  5.051647E-14
3930.00  4.889698E-14
3932.00  4.533058E-14
3934.00  4.373437E-14
3936.00  4.711089E-14
3938.00  5.043185E-14
3940.00  5.219963E-14
3942.00  5.257991E-14
3944.00  5.211692E-14
3946.00  5.193429E-14
3948.00  5.188097E-14
3950.00  5.182435E-14
3952.00  5.155146E-14
3954.00  5.119901E-14
3956.00  5.024002E-14
3958.00  4.923196E-14
3960.00  4.721009E-14
3962.00  4.381794E-14
3964.00  3.959302E-14
3966.00  3.372288E-14
3968.00  2.736578E-14
3970.00  2.573923E-14
3972.00  3.023127E-14
3974.00  3.666864E-14
3976.00  4.190667E-14
3978.00  4.567953E-14
3980.00  4.826555E-14
3982.00  4.944379E-14
3984.00  5.047513E-14
3986.00  5.167650E-14
3988.00  5.255513E-14
3990.00  5.324535E-14
3992.00  5.381599E-14
3994.00  5.379858E-14
3996.00  5.354608E-14
3998.00  5.376433E-14
4000.00  5.407169E-14
4002.00  5.407764E-14
4004.00  5.326579E-14
4006.00  5.276971E-14
4008.00  5.321475E-14
4010.00  5.366788E-14
4012.00  5.433186E-14
4014.00  5.476370E-14
4016.00  5.492907E-14
4018.00  5.525134E-14
4020.00  5.549138E-14
4022.00  5.472724E-14
4024.00  5.261490E-14
4026.00  5.168494E-14
4028.00  5.324761E-14
4030.00  5.394723E-14
4032.00  5.389244E-14
4034.00  5.444801E-14
4036.00  5.537914E-14
4038.00  5.600664E-14
4040.00  5.566513E-14
4042.00  5.513222E-14
4044.00  5.379548E-14
4046.00  5.356011E-14
4048.00  5.504304E-14
4050.00  5.569019E-14
4052.00  5.512069E-14
4054.00  5.437537E-14
4056.00  5.418539E-14
4058.00  5.427510E-14
4060.00  5.449705E-14
4062.00  5.357035E-14
4064.00  5.247189E-14
4066.00  5.186051E-14
4068.00  5.188025E-14
4070.00  5.132253E-14
4072.00  5.095504E-14
4074.00  5.107241E-14
4076.00  5.010754E-14
4078.00  4.980156E-14
4080.00  5.094402E-14
4082.00  5.112460E-14
4084.00  5.013442E-14
4086.00  4.958148E-14
4088.00  4.919292E-14
4090.00  4.829561E-14
4092.00  4.695340E-14
4094.00  4.456214E-14
4096.00  4.079676E-14
4098.00  3.621466E-14
4100.00  3.076748E-14
4102.00  2.879909E-14
4104.00  3.326736E-14
4106.00  3.878747E-14
4108.00  4.244801E-14
4110.00  4.482098E-14
4112.00  4.673728E-14
4114.00  4.815628E-14
4116.00  4.893330E-14
4118.00  4.885843E-14
4120.00  4.882203E-14
4122.00  4.952763E-14
4124.00  5.050958E-14
4126.00  5.046838E-14
4128.00  4.981546E-14
4130.00  4.969175E-14
4132.00  4.962966E-14
4134.00  5.037499E-14
4136.00  5.154101E-14
4138.00  5.218534E-14
4140.00  5.192985E-14
4142.00  5.016496E-14
4144.00  4.943262E-14
4146.00  5.085081E-14
4148.00  5.145203E-14
4150.00  5.142212E-14
4152.00  5.134153E-14
4154.00  5.103566E-14
4156.00  5.116148E-14
4158.00  5.175761E-14
4160.00  5.209263E-14
4162.00  5.221744E-14
4164.00  5.241119E-14
4166.00  5.210305E-14
4168.00  5.157303E-14
4170.00  5.106632E-14
4172.00  4.999690E-14
4174.00  5.018940E-14
4176.00  5.067863E-14
4178.00  5.055874E-14
4180.00  5.085846E-14
4182.00  5.111462E-14
4184.00  5.152288E-14
4186.00  5.133044E-14
4188.00  5.092367E-14
4190.00  5.072193E-14
4192.00  5.090392E-14
4194.00  5.071027E-14
4196.00  4.967955E-14
4198.00  4.882946E-14
4200.00  4.866847E-14
4202.00  4.901692E-14
4204.00  4.976426E-14
4206.00  5.060077E-14
4208.00  5.093484E-14
4210.00  5.086151E-14
4212.00  5.084284E-14
4214.00  5.024399E-14
4216.00  5.004852E-14
4218.00  5.100514E-14
4220.00  5.143711E-14
4222.00  5.079169E-14
4224.00  4.900546E-14
4226.00  4.776445E-14
4228.00  4.914469E-14
4230.00  5.068602E-14
4232.00  5.022329E-14
4234.00  4.940375E-14
4236.00  4.946549E-14
4238.00  4.974775E-14
4240.00  5.014781E-14
4242.00  5.052736E-14
4244.00  5.081384E-14
4246.00  5.018814E-14
4248.00  4.939670E-14
4250.00  4.943683E-14
4252.00  4.957948E-14
4254.00  4.927856E-14
4256.00  4.953344E-14
4258.00  4.926381E-14
4260.00  4.867095E-14
4262.00  4.962767E-14
4264.00  5.053426E-14
4266.00  5.009223E-14
4268.00  4.915655E-14
4270.00  4.815740E-14
4272.00  4.754922E-14
4274.00  4.791938E-14
4276.00  4.895589E-14
4278.00  4.961623E-14
4280.00  4.913991E-14
4282.00  4.899646E-14
4284.00  4.886604E-14
4286.00  4.844184E-14
4288.00  4.756765E-14
4290.00  4.662404E-14
4292.00  4.730191E-14
4294.00  4.740653E-14
4296.00  4.671839E-14
4298.00  4.579212E-14
4300.00  4.494913E-14
4302.00  4.481799E-14
4304.00  4.519662E-14
4306.00  4.513389E-14
4308.00  4.464051E-14
4310.00  4.519667E-14
4312.00  4.570990E-14
4314.00  4.640600E-14
4316.00  4.794407E-14
4318.00  4.839311E-14
4320.00  4.765057E-14
4322.00  4.642653E-14
4324.00  4.444596E-14
4326.00  4.401569E-14
4328.00  4.496529E-14
4330.00  4.431410E-14
4332.00  4.284600E-14
4334.00  4.065532E-14
4336.00  3.641689E-14
4338.00  3.054920E-14
4340.00  2.746844E-14
4342.00  3.047587E-14
4344.00  3.542939E-14
4346.00  3.925840E-14
4348.00  4.183974E-14
4350.00  4.259284E-14
4352.00  4.322332E-14
4354.00  4.502771E-14
4356.00  4.619070E-14
4358.00  4.645512E-14
4360.00  4.694979E-14
4362.00  4.777130E-14
4364.00  4.832044E-14
4366.00  4.778661E-14
4368.00  4.688314E-14
4370.00  4.655777E-14
4372.00  4.624908E-14
4374.00  4.549503E-14
4376.00  4.580187E-14
4378.00  4.671496E-14
4380.00  4.639477E-14
4382.00  4.444134E-14
4384.00  4.303547E-14
4386.00  4.364655E-14
4388.00  4.403580E-14
4390.00  4.475082E-14
4392.00  4.564506E-14
4394.00  4.569008E-14
4396.00  4.598890E-14
4398.00  4.618641E-14
4400.00  4.569874E-14
4402.00  4.567965E-14
4404.00  4.515135E-14
4406.00  4.515584E-14
4408.00  4.554353E-14
4410.00  4.634276E-14
4412.00  4.660616E-14
4414.00  4.535974E-14
4416.00  4.474835E-14
4418.00  4.577819E-14
4420.00  4.646978E-14
4422.00  4.611396E-14
4424.00  4.612260E-14
4426.00  4.614540E-14
4428.00  4.600866E-14
4430.00  4.593337E-14
4432.00  4.588073E-14
4434.00  4.529717E-14
4436.00  4.551546E-14
4438.00  4.666872E-14
4440.00  4.652205E-14
4442.00  4.546967E-14
4444.00  4.586882E-14
4446.00  4.674723E-14
4448.00  4.677443E-14
4450.00  4.667088E-14
4452.00  4.638323E-14
4454.00  4.548943E-14
4456.00  4.512615E-14
4458.00  4.543904E-14
4460.00  4.559444E-14
4462.00  4.567972E-14
4464.00  4.588612E-14
4466.00  4.546968E-14
4468.00  4.443585E-14
4470.00  4.355194E-14
4472.00  4.442180E-14
4474.00  4.611170E-14
4476.00  4.678346E-14
4478.00  4.624869E-14
4480.00  4.448403E-14
4482.00  4.443933E-14
4484.00  4.628068E-14
4486.00  4.710143E-14
4488.00  4.623424E-14
4490.00  4.583040E-14
4492.00  4.620634E-14
4494.00  4.612893E-14
4496.00  4.616623E-14
4498.00  4.632558E-14
4500.00  4.578032E-14
4502.00  4.596608E-14
4504.00  4.672372E-14
4506.00  4.671936E-14
4508.00  4.626035E-14
4510.00  4.626152E-14
4512.00  4.610524E-14
4514.00  4.561115E-14
4516.00  4.529883E-14
4518.00  4.524518E-14
4520.00  4.536216E-14
4522.00  4.522415E-14
4524.00  4.480830E-14
4526.00  4.432124E-14
4528.00  4.366729E-14
4530.00  4.357961E-14
4532.00  4.389460E-14
4534.00  4.358319E-14
4536.00  4.417515E-14
4538.00  4.513152E-14
4540.00  4.483862E-14
4542.00  4.457851E-14
4544.00  4.476096E-14
4546.00  4.446673E-14
4548.00  4.388192E-14
4550.00  4.355212E-14
4552.00  4.380023E-14
4554.00  4.364388E-14
4556.00  4.397700E-14
4558.00  4.486615E-14
4560.00  4.525330E-14
4562.00  4.503752E-14
4564.00  4.438907E-14
4566.00  4.429840E-14
4568.00  4.485929E-14
4570.00  4.470013E-14
4572.00  4.425146E-14
4574.00  4.450687E-14
4576.00  4.472684E-14
4578.00  4.439337E-14
4580.00  4.357210E-14
4582.00  4.312864E-14
4584.00  4.310897E-14
4586.00  4.341078E-14
4588.00  4.398207E-14
4590.00  4.407121E-14
4592.00  4.380851E-14
4594.00  4.361272E-14
4596.00  4.376356E-14
4598.00  4.398596E-14
4600.00  4.391527E-14
4602.00  4.374686E-14
4604.00  4.360462E-14
4606.00  4.376678E-14
4608.00  4.430686E-14
4610.00  4.458061E-14
4612.00  4.429690E-14
4614.00  4.410462E-14
4616.00  4.406308E-14
4618.00  4.387938E-14
4620.00  4.390634E-14
4622.00  4.429934E-14
4624.00  4.439271E-14
4626.00  4.420700E-14
4628.00  4.391561E-14
4630.00  4.379497E-14
4632.00  4.393027E-14
4634.00  4.375401E-14
4636.00  4.351138E-14
4638.00  4.330740E-14
4640.00  4.340237E-14
4642.00  4.373353E-14
4644.00  4.364048E-14
4646.00  4.277831E-14
4648.00  4.225579E-14
4650.00  4.287222E-14
4652.00  4.341032E-14
4654.00  4.330438E-14
4656.00  4.319911E-14
4658.00  4.383378E-14
4660.00  4.434405E-14
4662.00  4.383704E-14
4664.00  4.316886E-14
4666.00  4.236626E-14
4668.00  4.173919E-14
4670.00  4.235865E-14
4672.00  4.306126E-14
4674.00  4.322975E-14
4676.00  4.333126E-14
4678.00  4.293103E-14
4680.00  4.233211E-14
4682.00  4.219741E-14
4684.00  4.237589E-14
4686.00  4.221211E-14
4688.00  4.233230E-14
4690.00  4.249481E-14
4692.00  4.241155E-14
4694.00  4.253623E-14
4696.00  4.256456E-14
4698.00  4.212833E-14
4700.00  4.170528E-14
4702.00  4.139127E-14
4704.00  4.150192E-14
4706.00  4.166602E-14
4708.00  4.141087E-14
4710.00  4.140573E-14
4712.00  4.137400E-14
4714.00  4.117123E-14
4716.00  4.177032E-14
4718.00  4.250657E-14
4720.00  4.263541E-14
4722.00  4.252577E-14
4724.00  4.259207E-14
4726.00  4.232401E-14
4728.00  4.141482E-14
4730.00  4.112921E-14
4732.00  4.147360E-14
4734.00  4.172794E-14
4736.00  4.160436E-14
4738.00  4.167106E-14
4740.00  4.182535E-14
4742.00  4.178088E-14
4744.00  4.185787E-14
4746.00  4.201526E-14
4748.00  4.229262E-14
4750.00  4.250051E-14
4752.00  4.243353E-14
4754.00  4.191703E-14
4756.00  4.174560E-14
4758.00  4.205404E-14
4760.00  4.222188E-14
4762.00  4.161355E-14
4764.00  4.100241E-14
4766.00  4.106251E-14
4768.00  4.161357E-14
4770.00  4.218626E-14
4772.00  4.209562E-14
4774.00  4.234935E-14
4776.00  4.253985E-14
4778.00  4.246282E-14
4780.00  4.236955E-14
4782.00  4.223134E-14
4784.00  4.187039E-14
4786.00  4.150543E-14
4788.00  4.149193E-14
4790.00  4.171171E-14
4792.00  4.210807E-14
4794.00  4.270253E-14
4796.00  4.281749E-14
4798.00  4.224694E-14
4800.00  4.190125E-14
4802.00  4.220924E-14
4804.00  4.220369E-14
4806.00  4.184299E-14
4808.00  4.181297E-14
4810.00  4.192950E-14
4812.00  4.191944E-14
4814.00  4.195288E-14
4816.00  4.223345E-14
4818.00  4.237384E-14
4820.00  4.236181E-14
4822.00  4.176906E-14
4824.00  4.092520E-14
4826.00  4.112665E-14
4828.00  4.131697E-14
4830.00  4.113981E-14
4832.00  4.080375E-14
4834.00  4.078288E-14
4836.00  4.086518E-14
4838.00  4.053955E-14
4840.00  4.003962E-14
4842.00  3.972634E-14
4844.00  3.945442E-14
4846.00  3.934034E-14
4848.00  3.865036E-14
4850.00  3.787099E-14
4852.00  3.710145E-14
4854.00  3.531671E-14
4856.00  3.285561E-14
4858.00  3.032653E-14
4860.00  2.637558E-14
4862.00  2.466004E-14
4864.00  2.763998E-14
4866.00  3.143109E-14
4868.00  3.401197E-14
4870.00  3.511414E-14
4872.00  3.566451E-14
4874.00  3.694096E-14
4876.00  3.795685E-14
4878.00  3.862460E-14
4880.00  3.934316E-14
4882.00  3.941906E-14
4884.00  3.920854E-14
4886.00  3.898349E-14
4888.00  3.907305E-14
4890.00  3.877294E-14
4892.00  3.893163E-14
4894.00  4.030554E-14
4896.00  4.113458E-14
4898.00  4.105851E-14
4900.00  4.058322E-14
4902.00  4.036097E-14
4904.00  4.034307E-14
4906.00  4.079550E-14
4908.00  4.058886E-14
4910.00  3.962514E-14
4912.00  3.955370E-14
4914.00  4.020336E-14
4916.00  4.037190E-14
4918.00  3.899359E-14
4920.00  3.702567E-14
4922.00  3.676416E-14
4924.00  3.768738E-14
4926.00  3.885490E-14
4928.00  4.000627E-14
4930.00  4.057550E-14
4932.00  4.010295E-14
4934.00  3.927683E-14
4936.00  3.923530E-14
4938.00  3.877609E-14
4940.00  3.893109E-14
4942.00  3.992267E-14
4944.00  4.021904E-14
4946.00  4.008767E-14
4948.00  4.024662E-14
4950.00  4.043395E-14
4952.00  4.029595E-14
4954.00  4.005566E-14
4956.00  3.915719E-14
4958.00  3.823694E-14
4960.00  3.922076E-14
4962.00  4.008259E-14
4964.00  3.981090E-14
4966.00  3.920575E-14
4968.00  3.897401E-14
4970.00  3.908546E-14
4972.00  3.951750E-14
4974.00  3.987395E-14
4976.00  3.976841E-14
4978.00  3.931484E-14
4980.00  3.874296E-14
4982.00  3.773804E-14
4984.00  3.714375E-14
4986.00  3.797027E-14
4988.00  3.881623E-14
4990.00  3.867237E-14
4992.00  3.856048E-14
4994.00  3.880656E-14
4996.00  3.896491E-14
4998.00  3.871091E-14
5000.00  3.786655E-14
5002.00  3.742849E-14
5004.00  3.731359E-14
5006.00  3.685353E-14
5008.00  3.727538E-14
5010.00  3.788552E-14
5012.00  3.716278E-14
5014.00  3.618293E-14
5016.00  3.605437E-14
5018.00  3.622857E-14
5020.00  3.671467E-14
5022.00  3.710982E-14
5024.00  3.749641E-14
5026.00  3.781566E-14
5028.00  3.768076E-14
5030.00  3.791320E-14
5032.00  3.833992E-14
5034.00  3.840684E-14
5036.00  3.769635E-14
5038.00  3.713345E-14
5040.00  3.610331E-14
5042.00  3.587817E-14
5044.00  3.753168E-14
5046.00  3.845533E-14
5048.00  3.783641E-14
5050.00  3.711962E-14
5052.00  3.710855E-14
5054.00  3.765963E-14
5056.00  3.798929E-14
5058.00  3.833136E-14
5060.00  3.875607E-14
5062.00  3.883720E-14
5064.00  3.803537E-14
5066.00  3.731576E-14
5068.00  3.733981E-14
5070.00  3.751178E-14
5072.00  3.737328E-14
5074.00  3.723664E-14
5076.00  3.741877E-14
5078.00  3.703022E-14
5080.00  3.620681E-14
5082.00  3.636245E-14
5084.00  3.687316E-14
5086.00  3.735043E-14
5088.00  3.760404E-14
5090.00  3.781564E-14
5092.00  3.808003E-14
5094.00  3.809445E-14
5096.00  3.737977E-14
5098.00  3.647291E-14
5100.00  3.645522E-14
5102.00  3.720406E-14
5104.00  3.735331E-14
5106.00  3.698363E-14
5108.00  3.663108E-14
5110.00  3.667399E-14
5112.00  3.718019E-14
5114.00  3.749538E-14
5116.00  3.770059E-14
5118.00  3.795449E-14
5120.00  3.766472E-14
5122.00  3.696843E-14
5124.00  3.635983E-14
5126.00  3.626998E-14
5128.00  3.628025E-14
5130.00  3.638170E-14
5132.00  3.664566E-14
5134.00  3.688631E-14
5136.00  3.693376E-14
5138.00  3.645007E-14
5140.00  3.621645E-14
5142.00  3.614223E-14
5144.00  3.614024E-14
5146.00  3.605472E-14
5148.00  3.593444E-14
5150.00  3.605179E-14
5152.00  3.582977E-14
5154.00  3.581400E-14
5156.00  3.638198E-14
5158.00  3.696317E-14
5160.00  3.703991E-14
5162.00  3.672335E-14
5164.00  3.591428E-14
5166.00  3.403745E-14
5168.00  3.262958E-14
5170.00  3.325763E-14
5172.00  3.295166E-14
5174.00  3.363337E-14
5176.00  3.558820E-14
5178.00  3.620555E-14
5180.00  3.583722E-14
5182.00  3.406428E-14
5184.00  3.279810E-14
5186.00  3.439558E-14
5188.00  3.556695E-14
5190.00  3.556470E-14
5192.00  3.491148E-14
5194.00  3.472503E-14
5196.00  3.502154E-14
5198.00  3.545030E-14
5200.00  3.598114E-14
5202.00  3.587972E-14
5204.00  3.500675E-14
5206.00  3.412970E-14
5208.00  3.399035E-14
5210.00  3.452010E-14
5212.00  3.559446E-14
5214.00  3.588618E-14
5216.00  3.524903E-14
5218.00  3.549381E-14
5220.00  3.620011E-14
5222.00  3.624490E-14
5224.00  3.535485E-14
5226.00  3.383938E-14
5228.00  3.393924E-14
5230.00  3.532038E-14
5232.00  3.528044E-14
5234.00  3.476606E-14
5236.00  3.535019E-14
5238.00  3.610350E-14
5240.00  3.615362E-14
5242.00  3.611142E-14
5244.00  3.625680E-14
5246.00  3.585940E-14
5248.00  3.517184E-14
5250.00  3.494906E-14
5252.00  3.511553E-14
5254.00  3.524102E-14
5256.00  3.551809E-14
5258.00  3.615257E-14
5260.00  3.582960E-14
5262.00  3.445957E-14
5264.00  3.313964E-14
5266.00  3.294606E-14
5268.00  3.313139E-14
5270.00  3.277970E-14
5272.00  3.369045E-14
5274.00  3.427538E-14
5276.00  3.455478E-14
5278.00  3.547660E-14
5280.00  3.545188E-14
5282.00  3.472305E-14
5284.00  3.467943E-14
5286.00  3.568357E-14
5288.00  3.626075E-14
5290.00  3.631923E-14
5292.00  3.628554E-14
5294.00  3.597606E-14
5296.00  3.510608E-14
5298.00  3.428904E-14
5300.00  3.463817E-14
5302.00  3.511829E-14
5304.00  3.577194E-14
5306.00  3.595253E-14
5308.00  3.583645E-14
5310.00  3.610447E-14
5312.00  3.602909E-14
5314.00  3.558667E-14
5316.00  3.504463E-14
5318.00  3.502982E-14
5320.00  3.540367E-14
5322.00  3.519252E-14
5324.00  3.458572E-14
5326.00  3.395156E-14
5328.00  3.290479E-14
5330.00  3.347134E-14
5332.00  3.466750E-14
5334.00  3.504443E-14
5336.00  3.530328E-14
5338.00  3.497541E-14
5340.00  3.420842E-14
5342.00  3.429268E-14
5344.00  3.478315E-14
5346.00  3.461048E-14
5348.00  3.436321E-14
5350.00  3.451483E-14
5352.00  3.511977E-14
5354.00  3.554732E-14
5356.00  3.583827E-14
5358.00  3.584675E-14
5360.00  3.558574E-14
5362.00  3.501472E-14
5364.00  3.455295E-14
5366.00  3.444220E-14
5368.00  3.432798E-14
5370.00  3.361002E-14
5372.00  3.348545E-14
5374.00  3.460648E-14
5376.00  3.515438E-14
5378.00  3.507978E-14
5380.00  3.488224E-14
5382.00  3.458507E-14
5384.00  3.458808E-14
5386.00  3.486040E-14
5388.00  3.473029E-14
5390.00  3.422644E-14
5392.00  3.393583E-14
5394.00  3.388922E-14
5396.00  3.346613E-14
5398.00  3.325424E-14
5400.00  3.388941E-14
5402.00  3.404415E-14
5404.00  3.323091E-14
5406.00  3.265879E-14
5408.00  3.305203E-14
5410.00  3.307296E-14
5412.00  3.349012E-14
5414.00  3.395349E-14
5416.00  3.427266E-14
5418.00  3.454073E-14
5420.00  3.435081E-14
5422.00  3.423404E-14
5424.00  3.402862E-14
5426.00  3.430044E-14
5428.00  3.421915E-14
5430.00  3.346862E-14
5432.00  3.351177E-14
5434.00  3.327126E-14
5436.00  3.344053E-14
5438.00  3.441388E-14
5440.00  3.490527E-14
5442.00  3.492970E-14
5444.00  3.441313E-14
5446.00  3.331699E-14
5448.00  3.328761E-14
5450.00  3.414279E-14
5452.00  3.419955E-14
5454.00  3.342276E-14
5456.00  3.304926E-14
5458.00  3.396381E-14
5460.00  3.422861E-14
5462.00  3.361211E-14
5464.00  3.342715E-14
5466.00  3.381345E-14
5468.00  3.401375E-14
5470.00  3.394299E-14
5472.00  3.368073E-14
5474.00  3.330040E-14
5476.00  3.264769E-14
5478.00  3.278793E-14
5480.00  3.331646E-14
5482.00  3.319240E-14
5484.00  3.365528E-14
5486.00  3.385170E-14
5488.00  3.350099E-14
5490.00  3.357597E-14
5492.00  3.368558E-14
5494.00  3.365122E-14
5496.00  3.359577E-14
5498.00  3.354665E-14
5500.00  3.355705E-14
5502.00  3.314883E-14
5504.00  3.308899E-14
5506.00  3.286664E-14
5508.00  3.288333E-14
5510.00  3.309569E-14
5512.00  3.277386E-14
5514.00  3.265753E-14
5516.00  3.299164E-14
5518.00  3.349975E-14
5520.00  3.381216E-14
5522.00  3.377557E-14
5524.00  3.363990E-14
5526.00  3.305312E-14
5528.00  3.242192E-14
5530.00  3.282335E-14
5532.00  3.332644E-14
5534.00  3.310338E-14
5536.00  3.301621E-14
5538.00  3.329495E-14
5540.00  3.352046E-14
5542.00  3.349312E-14
5544.00  3.322065E-14
5546.00  3.326655E-14
5548.00  3.359632E-14
5550.00  3.381773E-14
5552.00  3.368810E-14
5554.00  3.341423E-14
5556.00  3.339838E-14
5558.00  3.344263E-14
5560.00  3.340307E-14
5562.00  3.317729E-14
5564.00  3.304151E-14
5566.00  3.298075E-14
5568.00  3.289966E-14
5570.00  3.291879E-14
5572.00  3.285656E-14
5574.00  3.287202E-14
5576.00  3.310559E-14
5578.00  3.317152E-14
5580.00  3.326464E-14
5582.00  3.319447E-14
5584.00  3.306519E-14
5586.00  3.239806E-14
5588.00  3.163272E-14
5590.00  3.176893E-14
5592.00  3.218363E-14
5594.00  3.240339E-14
5596.00  3.280166E-14
5598.00  3.264961E-14
5600.00  3.219948E-14
5602.00  3.196442E-14
5604.00  3.254984E-14
5606.00  3.337752E-14
5608.00  3.356968E-14
5610.00  3.357945E-14
5612.00  3.361207E-14
5614.00  3.278837E-14
5616.00  3.204613E-14
5618.00  3.249746E-14
5620.00  3.282579E-14
5622.00  3.291094E-14
5624.00  3.241900E-14
5626.00  3.228802E-14
5628.00  3.284560E-14
5630.00  3.323582E-14
5632.00  3.317594E-14
5634.00  3.286287E-14
5636.00  3.252193E-14
5638.00  3.235451E-14
5640.00  3.230530E-14
5642.00  3.224605E-14
5644.00  3.241082E-14
5646.00  3.250240E-14
5648.00  3.250306E-14
5650.00  3.244433E-14
5652.00  3.256043E-14
5654.00  3.242950E-14
5656.00  3.199508E-14
5658.00  3.135071E-14
5660.00  3.143449E-14
5662.00  3.176481E-14
5664.00  3.203325E-14
5666.00  3.222510E-14
5668.00  3.203258E-14
5670.00  3.211833E-14
5672.00  3.249135E-14
5674.00  3.270694E-14
5676.00  3.267424E-14
5678.00  3.258269E-14
5680.00  3.233601E-14
5682.00  3.194607E-14
5684.00  3.178083E-14
5686.00  3.183302E-14
5688.00  3.173169E-14
5690.00  3.200238E-14
5692.00  3.235611E-14
5694.00  3.244730E-14
5696.00  3.238686E-14
5698.00  3.214429E-14
5700.00  3.178480E-14
5702.00  3.165170E-14
5704.00  3.180648E-14
5706.00  3.157059E-14
5708.00  3.114296E-14
5710.00  3.091997E-14
5712.00  3.123551E-14
5714.00  3.190107E-14
5716.00  3.220060E-14
5718.00  3.230687E-14
5720.00  3.248493E-14
5722.00  3.264669E-14
5724.00  3.265860E-14
5726.00  3.234700E-14
5728.00  3.219483E-14
5730.00  3.230359E-14
5732.00  3.225990E-14
5734.00  3.246439E-14
5736.00  3.248221E-14
5738.00  3.235347E-14
5740.00  3.233909E-14
5742.00  3.227945E-14
5744.00  3.236010E-14
5746.00  3.235874E-14
5748.00  3.214191E-14
5750.00  3.222568E-14
5752.00  3.188283E-14
5754.00  3.155002E-14
5756.00  3.208028E-14
5758.00  3.242972E-14
5760.00  3.209467E-14
5762.00  3.167522E-14
5764.00  3.203197E-14
5766.00  3.252583E-14
5768.00  3.250081E-14
5770.00  3.235145E-14
5772.00  3.220313E-14
5774.00  3.200579E-14
5776.00  3.201461E-14
5778.00  3.193329E-14
5780.00  3.125046E-14
5782.00  3.086356E-14
5784.00  3.098819E-14
5786.00  3.118462E-14
5788.00  3.163470E-14
5790.00  3.168397E-14
5792.00  3.169695E-14
5794.00  3.204497E-14
5796.00  3.205218E-14
5798.00  3.186746E-14
5800.00  3.216913E-14
5802.00  3.234025E-14
5804.00  3.208861E-14
5806.00  3.193167E-14
5808.00  3.203194E-14
5810.00  3.215583E-14
5812.00  3.215779E-14
5814.00  3.193391E-14
5816.00  3.175300E-14
5818.00  3.205816E-14
5820.00  3.234037E-14
5822.00  3.226243E-14
5824.00  3.222017E-14
5826.00  3.225271E-14
5828.00  3.228644E-14
5830.00  3.230542E-14
5832.00  3.226179E-14
5834.00  3.209048E-14
5836.00  3.202662E-14
5838.00  3.211164E-14
5840.00  3.221039E-14
5842.00  3.227774E-14
5844.00  3.215125E-14
5846.00  3.184765E-14
5848.00  3.173489E-14
5850.00  3.175931E-14
5852.00  3.143300E-14
5854.00  3.117160E-14
5856.00  3.094925E-14
5858.00  3.062126E-14
5860.00  3.096983E-14
5862.00  3.129362E-14
5864.00  3.138627E-14
5866.00  3.124126E-14
5868.00  3.123788E-14
5870.00  3.146878E-14
5872.00  3.133354E-14
5874.00  3.082832E-14
5876.00  3.046891E-14
5878.00  3.065942E-14
5880.00  3.075944E-14
5882.00  3.079900E-14
5884.00  3.069430E-14
5886.00  3.042401E-14
5888.00  2.870313E-14
5890.00  2.675421E-14
5892.00  2.782085E-14
5894.00  2.824435E-14
5896.00  2.753591E-14
5898.00  2.867627E-14
5900.00  2.984598E-14
5902.00  3.042747E-14
5904.00  3.065163E-14
5906.00  3.063214E-14
5908.00  3.076179E-14
5910.00  3.087682E-14
5912.00  3.077872E-14
5914.00  3.032714E-14
5916.00  3.023257E-14
5918.00  3.050105E-14
5920.00  3.065907E-14
5922.00  3.062936E-14
5924.00  3.067689E-14
5926.00  3.085122E-14
5928.00  3.064705E-14
5930.00  3.040413E-14
5932.00  3.059369E-14
5934.00  3.055731E-14
5936.00  3.064382E-14
5938.00  3.083785E-14
5940.00  3.060010E-14
5942.00  3.033493E-14
5944.00  3.047832E-14
5946.00  3.055663E-14
5948.00  3.035999E-14
5950.00  3.037631E-14
5952.00  3.040901E-14
5954.00  3.036811E-14
5956.00  3.025088E-14
5958.00  3.019403E-14
5960.00  3.056079E-14
5962.00  3.074351E-14
5964.00  3.062919E-14
5966.00  3.047962E-14
5968.00  3.056731E-14
5970.00  3.074328E-14
5972.00  3.080718E-14
5974.00  3.058437E-14
5976.00  3.015659E-14
5978.00  3.006505E-14
5980.00  3.035667E-14
5982.00  3.030164E-14
5984.00  2.993204E-14
5986.00  3.008917E-14
5988.00  3.034566E-14
5990.00  3.037280E-14
5992.00  3.036234E-14
5994.00  3.057116E-14
5996.00  3.041087E-14
5998.00  3.019127E-14
6000.00  3.027088E-14
6002.00  3.022057E-14
6004.00  3.012295E-14
6006.00  2.996277E-14
6008.00  2.973709E-14
6010.00  3.005787E-14
6012.00  3.007909E-14
6014.00  2.994831E-14
6016.00  2.996785E-14
6018.00  2.994437E-14
6020.00  2.979289E-14
6022.00  2.982987E-14
6024.00  2.998249E-14
6026.00  3.015657E-14
6028.00  3.034128E-14
6030.00  3.046795E-14
6032.00  3.053747E-14
6034.00  3.065446E-14
6036.00  3.067441E-14
6038.00  3.056595E-14
6040.00  3.034503E-14
6042.00  3.025718E-14
6044.00  3.043126E-14
6046.00  3.057875E-14
6048.00  3.065858E-14
6050.00  3.068220E-14
6052.00  3.054189E-14
6054.00  3.026116E-14
6056.00  3.006317E-14
6058.00  3.020744E-14
6060.00  3.034965E-14
6062.00  3.015885E-14
6064.00  2.980458E-14
6066.00  2.986057E-14
6068.00  3.033639E-14
6070.00  3.051664E-14
6072.00  3.054238E-14
6074.00  3.051219E-14
6076.00  3.031496E-14
6078.00  3.000583E-14
6080.00  2.988673E-14
6082.00  2.980419E-14
6084.00  2.979481E-14
6086.00  2.987481E-14
6088.00  2.993204E-14
6090.00  2.978190E-14
6092.00  2.977087E-14
6094.00  2.998047E-14
6096.00  3.009492E-14
6098.00  3.011794E-14
6100.00  2.987873E-14
6102.00  2.915955E-14
6104.00  2.927405E-14
6106.00  2.979413E-14
6108.00  2.999517E-14
6110.00  3.009309E-14
6112.00  3.005101E-14
6114.00  3.010811E-14
6116.00  3.002090E-14
6118.00  2.988337E-14
6120.00  2.945961E-14
6122.00  2.908254E-14
6124.00  2.937642E-14
6126.00  2.962032E-14
6128.00  2.964981E-14
6130.00  2.986309E-14
6132.00  3.004832E-14
6134.00  2.960782E-14
6136.00  2.859306E-14
6138.00  2.860599E-14
6140.00  2.907262E-14
6142.00  2.922134E-14
6144.00  2.960615E-14
6146.00  2.964616E-14
6148.00  2.938658E-14
6150.00  2.923929E-14
6152.00  2.936999E-14
6154.00  2.928640E-14
6156.00  2.907175E-14
6158.00  2.891499E-14
6160.00  2.824852E-14
6162.00  2.752577E-14
6164.00  2.790927E-14
6166.00  2.849581E-14
6168.00  2.832624E-14
6170.00  2.814862E-14
6172.00  2.861947E-14
6174.00  2.886547E-14
6176.00  2.890644E-14
6178.00  2.898163E-14
6180.00  2.906564E-14
6182.00  2.920104E-14
6184.00  2.915290E-14
6186.00  2.886135E-14
6188.00  2.862501E-14
6190.00  2.826819E-14
6192.00  2.825206E-14
6194.00  2.879830E-14
6196.00  2.904145E-14
6198.00  2.886895E-14
6200.00  2.873427E-14
6202.00  2.900613E-14
6204.00  2.919132E-14
6206.00  2.925058E-14
6208.00  2.924757E-14
6210.00  2.906178E-14
6212.00  2.858922E-14
6214.00  2.813356E-14
6216.00  2.819956E-14
6218.00  2.821990E-14
6220.00  2.811966E-14
6222.00  2.832357E-14
6224.00  2.842698E-14
6226.00  2.842401E-14
6228.00  2.812256E-14
6230.00  2.754390E-14
6232.00  2.766231E-14
6234.00  2.826928E-14
6236.00  2.837546E-14
6238.00  2.798936E-14
6240.00  2.778137E-14
6242.00  2.766401E-14
6244.00  2.747820E-14
6246.00  2.755267E-14
6248.00  2.797697E-14
6250.00  2.809911E-14
6252.00  2.768826E-14
6254.00  2.745105E-14
6256.00  2.735723E-14
6258.00  2.734757E-14
6260.00  2.775938E-14
6262.00  2.822172E-14
6264.00  2.825252E-14
6266.00  2.820017E-14
6268.00  2.826341E-14
6270.00  2.819473E-14
6272.00  2.825375E-14
6274.00  2.801314E-14
6276.00  2.734173E-14
6278.00  2.686221E-14
6280.00  2.689480E-14
6282.00  2.740923E-14
6284.00  2.793371E-14
6286.00  2.820132E-14
6288.00  2.827375E-14
6290.00  2.801512E-14
6292.00  2.782320E-14
6294.00  2.780779E-14
6296.00  2.758685E-14
6298.00  2.743429E-14
6300.00  2.735991E-14
6302.00  2.731203E-14
6304.00  2.766559E-14
6306.00  2.797638E-14
6308.00  2.810983E-14
6310.00  2.797327E-14
6312.00  2.782023E-14
6314.00  2.761182E-14
6316.00  2.743653E-14
6318.00  2.737829E-14
6320.00  2.770366E-14
6322.00  2.799601E-14
6324.00  2.824048E-14
6326.00  2.830850E-14
6328.00  2.827522E-14
6330.00  2.823942E-14
6332.00  2.825956E-14
6334.00  2.792271E-14
6336.00  2.760280E-14
6338.00  2.783077E-14
6340.00  2.809125E-14
6342.00  2.801841E-14
6344.00  2.778016E-14
6346.00  2.776664E-14
6348.00  2.804573E-14
6350.00  2.832786E-14
6352.00  2.829099E-14
6354.00  2.805565E-14
6356.00  2.792741E-14
6358.00  2.770579E-14
6360.00  2.749680E-14
6362.00  2.738725E-14
6364.00  2.754394E-14
6366.00  2.779175E-14
6368.00  2.796171E-14
6370.00  2.788882E-14
6372.00  2.801453E-14
6374.00  2.819320E-14
6376.00  2.816482E-14
6378.00  2.800301E-14
6380.00  2.792879E-14
6382.00  2.796323E-14
6384.00  2.799433E-14
6386.00  2.811143E-14
6388.00  2.818169E-14
6390.00  2.807198E-14
6392.00  2.765339E-14
6394.00  2.763604E-14
6396.00  2.801682E-14
6398.00  2.778429E-14
6400.00  2.748379E-14
6402.00  2.790563E-14
6404.00  2.816185E-14
6406.00  2.790653E-14
6408.00  2.771378E-14
6410.00  2.775047E-14
6412.00  2.772303E-14
6414.00  2.784271E-14
6416.00  2.791795E-14
6418.00  2.773524E-14
6420.00  2.745654E-14
6422.00  2.774728E-14
6424.00  2.814272E-14
6426.00  2.828507E-14
6428.00  2.811581E-14
6430.00  2.757635E-14
6432.00  2.760634E-14
6434.00  2.795714E-14
6436.00  2.790057E-14
6438.00  2.746360E-14
6440.00  2.755270E-14
6442.00  2.800379E-14
6444.00  2.822126E-14
6446.00  2.816504E-14
6448.00  2.749944E-14
6450.00  2.707095E-14
6452.00  2.746701E-14
6454.00  2.749258E-14
6456.00  2.740765E-14
6458.00  2.778245E-14
6460.00  2.771119E-14
6462.00  2.716993E-14
6464.00  2.731667E-14
6466.00  2.769042E-14
6468.00  2.774077E-14
6470.00  2.762538E-14
6472.00  2.758181E-14
6474.00  2.751473E-14
6476.00  2.758513E-14
6478.00  2.768068E-14
6480.00  2.741628E-14
6482.00  2.711735E-14
6484.00  2.731592E-14
6486.00  2.754704E-14
6488.00  2.752669E-14
6490.00  2.725260E-14
6492.00  2.654759E-14
6494.00  2.564732E-14
6496.00  2.557558E-14
6498.00  2.614298E-14
6500.00  2.676163E-14
6502.00  2.724180E-14
6504.00  2.748808E-14
6506.00  2.752086E-14
6508.00  2.746984E-14
6510.00  2.750913E-14
6512.00  2.750674E-14
6514.00  2.728096E-14
6516.00  2.700756E-14
6518.00  2.700440E-14
6520.00  2.729147E-14
6522.00  2.745044E-14
6524.00  2.738873E-14
6526.00  2.719815E-14
6528.00  2.719182E-14
6530.00  2.713557E-14
6532.00  2.697151E-14
6534.00  2.706234E-14
6536.00  2.719275E-14
6538.00  2.727694E-14
6540.00  2.723361E-14
6542.00  2.697797E-14
6544.00  2.651109E-14
6546.00  2.615654E-14
6548.00  2.620799E-14
6550.00  2.605275E-14
6552.00  2.558851E-14
6554.00  2.492803E-14
6556.00  2.425297E-14
6558.00  2.336779E-14
6560.00  2.124920E-14
6562.00  1.904748E-14
6564.00  2.034639E-14
6566.00  2.283227E-14
6568.00  2.405826E-14
6570.00  2.473780E-14
6572.00  2.504215E-14
6574.00  2.527106E-14
6576.00  2.583299E-14
6578.00  2.621634E-14
6580.00  2.624394E-14
6582.00  2.633546E-14
6584.00  2.649995E-14
6586.00  2.662397E-14
6588.00  2.679887E-14
6590.00  2.664909E-14
6592.00  2.613214E-14
6594.00  2.615620E-14
6596.00  2.646439E-14
6598.00  2.661289E-14
6600.00  2.679996E-14
6602.00  2.680480E-14
6604.00  2.663705E-14
6606.00  2.643709E-14
6608.00  2.629586E-14
6610.00  2.653829E-14
6612.00  2.673909E-14
6614.00  2.682995E-14
6616.00  2.689690E-14
6618.00  2.690732E-14
6620.00  2.690207E-14
6622.00  2.675901E-14
6624.00  2.660311E-14
6626.00  2.663802E-14
6628.00  2.663506E-14
6630.00  2.650012E-14
6632.00  2.627024E-14
6634.00  2.629075E-14
6636.00  2.656088E-14
6638.00  2.658953E-14
6640.00  2.652779E-14
6642.00  2.637642E-14
6644.00  2.633998E-14
6646.00  2.651092E-14
6648.00  2.663625E-14
6650.00  2.666244E-14
6652.00  2.658732E-14
6654.00  2.654463E-14
6656.00  2.652181E-14
6658.00  2.648972E-14
6660.00  2.637264E-14
6662.00  2.606854E-14
6664.00  2.599654E-14
6666.00  2.611768E-14
6668.00  2.629440E-14
6670.00  2.639284E-14
6672.00  2.637921E-14
6674.00  2.623276E-14
6676.00  2.556784E-14
6678.00  2.523177E-14
6680.00  2.571866E-14
6682.00  2.613321E-14
6684.00  2.628709E-14
6686.00  2.626911E-14
6688.00  2.628591E-14
6690.00  2.633468E-14
6692.00  2.631906E-14
6694.00  2.616611E-14
6696.00  2.599145E-14
6698.00  2.607349E-14
6700.00  2.617331E-14
6702.00  2.605856E-14
6704.00  2.603671E-14
6706.00  2.612800E-14
6708.00  2.612236E-14
6710.00  2.609123E-14
6712.00  2.598782E-14
6714.00  2.576836E-14
6716.00  2.552762E-14
6718.00  2.561018E-14
6720.00  2.582097E-14
6722.00  2.598047E-14
6724.00  2.597014E-14
6726.00  2.589915E-14
6728.00  2.602507E-14
6730.00  2.610646E-14
6732.00  2.605403E-14
6734.00  2.603785E-14
6736.00  2.596611E-14
6738.00  2.584032E-14
6740.00  2.582828E-14
6742.00  2.575332E-14
6744.00  2.572003E-14
6746.00  2.567970E-14
6748.00  2.551643E-14
6750.00  2.545641E-14
6752.00  2.557492E-14
6754.00  2.573053E-14
6756.00  2.585587E-14
6758.00  2.592196E-14
6760.00  2.593721E-14
6762.00  2.592163E-14
6764.00  2.582574E-14
6766.00  2.558687E-14
6768.00  2.553343E-14
6770.00  2.560698E-14
6772.00  2.575858E-14
6774.00  2.593404E-14
6776.00  2.600381E-14
6778.00  2.601396E-14
6780.00  2.588465E-14
6782.00  2.558826E-14
6784.00  2.540758E-14
6786.00  2.548715E-14
6788.00  2.562887E-14
6790.00  2.565889E-14
6792.00  2.556331E-14
6794.00  2.551566E-14
6796.00  2.554485E-14
6798.00  2.557206E-14
6800.00  2.561916E-14
6802.00  2.565191E-14
6804.00  2.561995E-14
6806.00  2.560270E-14
6808.00  2.559103E-14
6810.00  2.560908E-14
6812.00  2.559731E-14
6814.00  2.556240E-14
6816.00  2.563702E-14
6818.00  2.559834E-14
6820.00  2.559167E-14
6822.00  2.571417E-14
6824.00  2.574454E-14
6826.00  2.556913E-14
6828.00  2.546847E-14
6830.00  2.558492E-14
6832.00  2.563930E-14
6834.00  2.565095E-14
6836.00  2.555348E-14
6838.00  2.523531E-14
6840.00  2.492536E-14
6842.00  2.499263E-14
6844.00  2.530239E-14
6846.00  2.545364E-14
6848.00  2.544967E-14
6850.00  2.537688E-14
6852.00  2.530821E-14
6854.00  2.525194E-14
6856.00  2.504178E-14
6858.00  2.487919E-14
6860.00  2.489302E-14
6862.00  2.492058E-14
6864.00  2.492627E-14
6866.00  2.516703E-14
6868.00  2.528194E-14
6870.00  2.514730E-14
6872.00  2.510625E-14
6874.00  2.513378E-14
6876.00  2.512755E-14
6878.00  2.522365E-14
6880.00  2.525480E-14
6882.00  2.500109E-14
6884.00  2.475336E-14
6886.00  2.482697E-14
6888.00  2.501001E-14
6890.00  2.514486E-14
6892.00  2.519117E-14
6894.00  2.519230E-14
6896.00  2.517965E-14
6898.00  2.512363E-14
6900.00  2.509582E-14
6902.00  2.504157E-14
6904.00  2.507513E-14
6906.00  2.512434E-14
6908.00  2.515178E-14
6910.00  2.518795E-14
6912.00  2.514796E-14
6914.00  2.506109E-14
6916.00  2.491772E-14
6918.00  2.483372E-14
6920.00  2.485141E-14
6922.00  2.497466E-14
6924.00  2.505667E-14
6926.00  2.494800E-14
6928.00  2.507047E-14
6930.00  2.529765E-14
6932.00  2.526135E-14
6934.00  2.513833E-14
6936.00  2.513384E-14
6938.00  2.522050E-14
6940.00  2.524683E-14
6942.00  2.532459E-14
6944.00  2.534459E-14
6946.00  2.520421E-14
6948.00  2.525319E-14
6950.00  2.518893E-14
6952.00  2.495007E-14
6954.00  2.495580E-14
6956.00  2.504784E-14
6958.00  2.508991E-14
6960.00  2.509793E-14
6962.00  2.515530E-14
6964.00  2.514989E-14
6966.00  2.524664E-14
6968.00  2.532355E-14
6970.00  2.527114E-14
6972.00  2.520674E-14
6974.00  2.496393E-14
6976.00  2.448331E-14
6978.00  2.426572E-14
6980.00  2.464695E-14
6982.00  2.507006E-14
6984.00  2.516968E-14
6986.00  2.508941E-14
6988.00  2.499485E-14
6990.00  2.502885E-14
6992.00  2.502646E-14
6994.00  2.501979E-14
6996.00  2.496193E-14
6998.00  2.467170E-14
7000.00  2.462245E-14
7002.00  2.465039E-14
7004.00  2.451667E-14
7006.00  2.463128E-14
7008.00  2.486395E-14
7010.00  2.493275E-14
7012.00  2.484105E-14
7014.00  2.445751E-14
7016.00  2.433362E-14
7018.00  2.476513E-14
7020.00  2.495109E-14
7022.00  2.467587E-14
7024.00  2.454902E-14
7026.00  2.466960E-14
7028.00  2.482264E-14
7030.00  2.499347E-14
7032.00  2.502246E-14
7034.00  2.500303E-14
7036.00  2.488330E-14
7038.00  2.492104E-14
7040.00  2.531387E-14
7042.00  2.545401E-14
7044.00  2.539733E-14
7046.00  2.551646E-14
7048.00  2.555316E-14
7050.00  2.521373E-14
7052.00  2.489900E-14
7054.00  2.485579E-14
7056.00  2.478755E-14
7058.00  2.457651E-14
7060.00  2.448903E-14
7062.00  2.442541E-14
7064.00  2.419411E-14
7066.00  2.401986E-14
7068.00  2.426655E-14
7070.00  2.467469E-14
7072.00  2.480799E-14
7074.00  2.481358E-14
7076.00  2.481557E-14
7078.00  2.484088E-14
7080.00  2.474341E-14
7082.00  2.439048E-14
7084.00  2.418716E-14
7086.00  2.432561E-14
7088.00  2.418750E-14
7090.00  2.397983E-14
7092.00  2.400234E-14
7094.00  2.408298E-14
7096.00  2.411750E-14
7098.00  2.420251E-14
7100.00  2.419635E-14
7102.00  2.418750E-14
7104.00  2.423274E-14
7106.00  2.418299E-14
7108.00  2.412084E-14
7110.00  2.401992E-14
7112.00  2.402995E-14
7114.00  2.412025E-14
7116.00  2.415763E-14
7118.00  2.409770E-14
7120.00  2.401477E-14
7122.00  2.404775E-14
7124.00  2.407618E-14
7126.00  2.391726E-14
7128.00  2.366400E-14
7130.00  2.350010E-14
7132.00  2.364786E-14
7134.00  2.384264E-14
7136.00  2.394283E-14
7138.00  2.387938E-14
7140.00  2.385304E-14
7142.00  2.385389E-14
7144.00  2.374087E-14
7146.00  2.349703E-14
7148.00  2.335604E-14
7150.00  2.358930E-14
7152.00  2.385574E-14
7154.00  2.388843E-14
7156.00  2.396080E-14
7158.00  2.395487E-14
7160.00  2.386517E-14
7162.00  2.355623E-14
7164.00  2.319509E-14
7166.00  2.334477E-14
7168.00  2.351993E-14
7170.00  2.352061E-14
7172.00  2.350476E-14
7174.00  2.332772E-14
7176.00  2.327692E-14
7178.00  2.318314E-14
7180.00  2.286919E-14
7182.00  2.279023E-14
7184.00  2.257837E-14
7186.00  2.239727E-14
7188.00  2.265583E-14
7190.00  2.278981E-14
7192.00  2.282263E-14
7194.00  2.311579E-14
7196.00  2.322818E-14
7198.00  2.303216E-14
7200.00  2.280431E-14
7202.00  2.287179E-14
7204.00  2.287181E-14
7206.00  2.272506E-14
7208.00  2.311928E-14
7210.00  2.367590E-14
7212.00  2.377302E-14
7214.00  2.371295E-14
7216.00  2.384548E-14
7218.00  2.393397E-14
7220.00  2.379562E-14
7222.00  2.366416E-14
7224.00  2.378639E-14
7226.00  2.392759E-14
7228.00  2.395532E-14
7230.00  2.382385E-14
7232.00  2.352016E-14
7234.00  2.341951E-14
7236.00  2.356007E-14
7238.00  2.355552E-14
7240.00  2.349532E-14
7242.00  2.343405E-14
7244.00  2.347677E-14
7246.00  2.384852E-14
7248.00  2.384953E-14
7250.00  2.336731E-14
7252.00  2.323877E-14
7254.00  2.360632E-14
7256.00  2.390266E-14
7258.00  2.374373E-14
7260.00  2.332695E-14
7262.00  2.322558E-14
7264.00  2.346924E-14
7266.00  2.385127E-14
7268.00  2.396042E-14
7270.00  2.373041E-14
7272.00  2.345031E-14
7274.00  2.327266E-14
7276.00  2.323032E-14
7278.00  2.340260E-14
7280.00  2.341268E-14
7282.00  2.338121E-14
7284.00  2.358876E-14
7286.00  2.347468E-14
7288.00  2.300915E-14
7290.00  2.281958E-14
7292.00  2.313400E-14
7294.00  2.374904E-14
7296.00  2.402599E-14
7298.00  2.379830E-14
7300.00  2.351667E-14
7302.00  2.347437E-14
7304.00  2.360361E-14
7306.00  2.350667E-14
7308.00  2.341310E-14
7310.00  2.351763E-14
7312.00  2.376732E-14
7314.00  2.389133E-14
7316.00  2.371764E-14
7318.00  2.372113E-14
7320.00  2.390193E-14
7322.00  2.387593E-14
7324.00  2.363758E-14
7326.00  2.362432E-14
7328.00  2.377903E-14
7330.00  2.380853E-14
7332.00  2.383124E-14
7334.00  2.400751E-14
7336.00  2.427032E-14
7338.00  2.434704E-14
7340.00  2.432487E-14
7342.00  2.407417E-14
7344.00  2.382551E-14
7346.00  2.391339E-14
7348.00  2.390183E-14
7350.00  2.377681E-14
7352.00  2.366719E-14
7354.00  2.342681E-14
7356.00  2.344379E-14
7358.00  2.374165E-14
7360.00  2.373008E-14
7362.00  2.364519E-14
7364.00  2.376295E-14
7366.00  2.391942E-14
7368.00  2.400342E-14
7370.00  2.414832E-14
7372.00  2.419856E-14
7374.00  2.413184E-14
7376.00  2.418140E-14
7378.00  2.426698E-14
7380.00  2.411308E-14
7382.00  2.387430E-14
7384.00  2.360036E-14
7386.00  2.334929E-14
7388.00  2.328483E-14
7390.00  2.345478E-14
7392.00  2.360691E-14
7394.00  2.377028E-14
7396.00  2.390826E-14
7398.00  2.381198E-14
7400.00  2.374806E-14
7402.00  2.389792E-14
7404.00  2.391688E-14
7406.00  2.380543E-14
7408.00  2.359530E-14
7410.00  2.358439E-14
7412.00  2.357739E-14
7414.00  2.336027E-14
7416.00  2.345460E-14
7418.00  2.366234E-14
7420.00  2.353354E-14
7422.00  2.334400E-14
7424.00  2.369436E-14
7426.00  2.407258E-14
7428.00  2.404252E-14
7430.00  2.388129E-14
7432.00  2.394429E-14
7434.00  2.405312E-14
7436.00  2.400293E-14
7438.00  2.378469E-14
7440.00  2.357594E-14
7442.00  2.355619E-14
7444.00  2.345542E-14
7446.00  2.346783E-14
7448.00  2.365632E-14
7450.00  2.386183E-14
7452.00  2.402217E-14
7454.00  2.405126E-14
7456.00  2.398903E-14
7458.00  2.383608E-14
7460.00  2.343036E-14
7462.00  2.329185E-14
7464.00  2.358147E-14
7466.00  2.379272E-14
7468.00  2.379710E-14
7470.00  2.374539E-14
7472.00  2.371827E-14
7474.00  2.374402E-14
7476.00  2.381615E-14
7478.00  2.384058E-14
7480.00  2.371851E-14
7482.00  2.369791E-14
7484.00  2.386260E-14
7486.00  2.393493E-14
7488.00  2.380363E-14
7490.00  2.359681E-14
7492.00  2.330421E-14
7494.00  2.313363E-14
7496.00  2.339879E-14
7498.00  2.361804E-14
7500.00  2.375086E-14
7502.00  2.384642E-14
7504.00  2.376535E-14
7506.00  2.373714E-14
7508.00  2.365503E-14
7510.00  2.347928E-14
7512.00  2.360787E-14
7514.00  2.380043E-14
7516.00  2.392900E-14
7518.00  2.399976E-14
7520.00  2.383742E-14
7522.00  2.364054E-14
7524.00  2.367135E-14
7526.00  2.381107E-14
7528.00  2.380508E-14
7530.00  2.364170E-14
7532.00  2.374844E-14
7534.00  2.394197E-14
7536.00  2.395479E-14
7538.00  2.387599E-14
7540.00  2.385303E-14
7542.00  2.388924E-14
7544.00  2.377039E-14
7546.00  2.371407E-14
7548.00  2.379893E-14
7550.00  2.371915E-14
7552.00  2.371069E-14
7554.00  2.366421E-14
7556.00  2.351464E-14
7558.00  2.346004E-14
7560.00  2.352200E-14
7562.00  2.353501E-14
7564.00  2.356195E-14
7566.00  2.355239E-14
7568.00  2.342999E-14
7570.00  2.328751E-14
7572.00  2.336201E-14
7574.00  2.354798E-14
7576.00  2.356919E-14
7578.00  2.355341E-14
7580.00  2.352085E-14
7582.00  2.351591E-14
7584.00  2.337508E-14
7586.00  2.315171E-14
7588.00  2.307290E-14
7590.00  2.308358E-14
7592.00  2.312406E-14
7594.00  2.327553E-14
7596.00  2.324552E-14
7598.00  2.310529E-14
7600.00  2.328343E-14
7602.00  2.322797E-14
7604.00  2.297896E-14
7606.00  2.298222E-14
7608.00  2.303895E-14
7610.00  2.300202E-14
7612.00  2.306352E-14
7614.00  2.326276E-14
7616.00  2.305247E-14
7618.00  2.267441E-14
7620.00  2.270950E-14
7622.00  2.281135E-14
7624.00  2.293312E-14
7626.00  2.320024E-14
7628.00  2.317412E-14
7630.00  2.293680E-14
7632.00  2.290475E-14
7634.00  2.298790E-14
7636.00  2.296244E-14
7638.00  2.284718E-14
7640.00  2.287042E-14
7642.00  2.275722E-14
7644.00  2.288608E-14
7646.00  2.283606E-14
7648.00  2.278882E-14
7650.00  2.280435E-14
7652.00  2.258055E-14
7654.00  2.264741E-14
7656.00  2.242668E-14
7658.00  2.225087E-14
7660.00  2.220592E-14
7662.00  2.186319E-14
7664.00  2.160568E-14
7666.00  2.106398E-14
7668.00  2.114179E-14
7670.00  2.206894E-14
7672.00  2.239707E-14
7674.00  2.234374E-14
7676.00  2.250321E-14
7678.00  2.249703E-14
7680.00  2.240630E-14
7682.00  2.245878E-14
7684.00  2.249425E-14
7686.00  2.245051E-14
7688.00  2.249357E-14
7690.00  2.245184E-14
7692.00  2.228967E-14
7694.00  2.225213E-14
7696.00  2.226765E-14
7698.00  2.189868E-14
7700.00  2.134445E-14
7702.00  2.138950E-14
7704.00  2.192849E-14
7706.00  2.218961E-14
7708.00  2.222419E-14
7710.00  2.211435E-14
7712.00  2.195210E-14
7714.00  2.189974E-14
7716.00  2.190224E-14
7718.00  2.205770E-14
7720.00  2.223513E-14
7722.00  2.218523E-14
7724.00  2.202961E-14
7726.00  2.198205E-14
7728.00  2.211083E-14
7730.00  2.222328E-14
7732.00  2.224919E-14
7734.00  2.231350E-14
7736.00  2.236146E-14
7738.00  2.232945E-14
7740.00  2.217729E-14
7742.00  2.198194E-14
7744.00  2.185529E-14
7746.00  2.160729E-14
7748.00  2.152885E-14
7750.00  2.175456E-14
7752.00  2.199085E-14
7754.00  2.214304E-14
7756.00  2.214850E-14
7758.00  2.206166E-14
7760.00  2.205548E-14
7762.00  2.207342E-14
7764.00  2.201410E-14
7766.00  2.192589E-14
7768.00  2.178818E-14
7770.00  2.154329E-14
7772.00  2.130972E-14
7774.00  2.135228E-14
7776.00  2.162094E-14
7778.00  2.171315E-14
7780.00  2.180117E-14
7782.00  2.197977E-14
7784.00  2.200462E-14
7786.00  2.183790E-14
7788.00  2.174855E-14
7790.00  2.188640E-14
7792.00  2.199647E-14
7794.00  2.200193E-14
7796.00  2.186659E-14
7798.00  2.178641E-14
7800.00  2.189244E-14
7802.00  2.202100E-14
7804.00  2.207068E-14
7806.00  2.200615E-14
7808.00  2.193765E-14
7810.00  2.199957E-14
7812.00  2.215875E-14
7814.00  2.225270E-14
7816.00  2.230044E-14
7818.00  2.231702E-14
7820.00  2.231503E-14
7822.00  2.232505E-14
7824.00  2.231750E-14
7826.00  2.229677E-14
7828.00  2.215299E-14
7830.00  2.185560E-14
7832.00  2.173869E-14
7834.00  2.177489E-14
7836.00  2.196338E-14
7838.00  2.218933E-14
7840.00  2.223836E-14
7842.00  2.224129E-14
7844.00  2.230203E-14
7846.00  2.232685E-14
7848.00  2.220746E-14
7850.00  2.217333E-14
7852.00  2.223584E-14
7854.00  2.227033E-14
7856.00  2.237203E-14
7858.00  2.243090E-14
7860.00  2.234722E-14
7862.00  2.221536E-14
7864.00  2.217355E-14
7866.00  2.216143E-14
7868.00  2.207108E-14
7870.00  2.199091E-14
7872.00  2.195859E-14
7874.00  2.195875E-14
7876.00  2.200597E-14
7878.00  2.201911E-14
7880.00  2.197284E-14
7882.00  2.197632E-14
7884.00  2.201072E-14
7886.00  2.198393E-14
7888.00  2.195903E-14
7890.00  2.185805E-14
7892.00  2.156028E-14
7894.00  2.133874E-14
7896.00  2.139417E-14
7898.00  2.154502E-14
7900.00  2.159564E-14
7902.00  2.159726E-14
7904.00  2.164308E-14
7906.00  2.163998E-14
7908.00  2.143667E-14
7910.00  2.127239E-14
7912.00  2.114846E-14
7914.00  2.117493E-14
7916.00  2.115204E-14
7918.00  2.108229E-14
7920.00  2.123255E-14
7922.00  2.137725E-14
7924.00  2.141142E-14
7926.00  2.136491E-14
7928.00  2.129473E-14
7930.00  2.122113E-14
7932.00  2.120191E-14
7934.00  2.131823E-14
7936.00  2.121058E-14
7938.00  2.104711E-14
7940.00  2.104835E-14
7942.00  2.090009E-14
7944.00  2.067243E-14
7946.00  2.075683E-14
7948.00  2.097695E-14
7950.00  2.112762E-14
7952.00  2.126762E-14
7954.00  2.124629E-14
7956.00  2.113823E-14
7958.00  2.110735E-14
7960.00  2.110494E-14
7962.00  2.108033E-14
7964.00  2.110105E-14
7966.00  2.122854E-14
7968.00  2.128202E-14
7970.00  2.128804E-14
7972.00  2.135887E-14
7974.00  2.140913E-14
7976.00  2.136019E-14
7978.00  2.122115E-14
7980.00  2.123794E-14
7982.00  2.136339E-14
7984.00  2.131114E-14
7986.00  2.120123E-14
7988.00  2.132038E-14
7990.00  2.151961E-14
7992.00  2.143951E-14
7994.00  2.127757E-14
7996.00  2.121517E-14
7998.00  2.113049E-14
8000.00  2.116292E-14
8002.00  2.133715E-14
8004.00  2.148724E-14
8006.00  2.152214E-14
8008.00  2.151082E-14
8010.00  2.151154E-14
8012.00  2.154784E-14
8014.00  2.164066E-14
8016.00  2.166112E-14
8018.00  2.163279E-14
8020.00  2.159638E-14
8022.00  2.146503E-14
8024.00  2.121725E-14
8026.00  2.096559E-14
8028.00  2.107446E-14
8030.00  2.145914E-14
8032.00  2.168919E-14
8034.00  2.172545E-14
8036.00  2.179155E-14
8038.00  2.181894E-14
8040.00  2.168981E-14
8042.00  2.146223E-14
8044.00  2.116632E-14
8046.00  2.101105E-14
8048.00  2.112648E-14
8050.00  2.135307E-14
8052.00  2.154610E-14
8054.00  2.166967E-14
8056.00  2.179041E-14
8058.00  2.172499E-14
8060.00  2.157788E-14
8062.00  2.150874E-14
8064.00  2.145506E-14
8066.00  2.131749E-14
8068.00  2.111353E-14
8070.00  2.100637E-14
8072.00  2.103683E-14
8074.00  2.106090E-14
8076.00  2.112878E-14
8078.00  2.117998E-14
8080.00  2.104860E-14
8082.00  2.094947E-14
8084.00  2.089960E-14
8086.00  2.098131E-14
8088.00  2.098401E-14
8090.00  2.074185E-14
8092.00  2.062180E-14
8094.00  2.072664E-14
8096.00  2.080329E-14
8098.00  2.086009E-14
8100.00  2.108684E-14
8102.00  2.126854E-14
8104.00  2.125809E-14
8106.00  2.121554E-14
8108.00  2.121413E-14
8110.00  2.118441E-14
8112.00  2.107847E-14
8114.00  2.100098E-14
8116.00  2.100748E-14
8118.00  2.106106E-14
8120.00  2.112617E-14
8122.00  2.124740E-14
8124.00  2.128505E-14
8126.00  2.125067E-14
8128.00  2.124564E-14
8130.00  2.109164E-14
8132.00  2.095358E-14
8134.00  2.100668E-14
8136.00  2.120838E-14
8138.00  2.129784E-14
8140.00  2.111859E-14
8142.00  2.108308E-14
8144.00  2.114869E-14
8146.00  2.098053E-14
8148.00  2.079902E-14
8150.00  2.086983E-14
8152.00  2.083909E-14
8154.00  2.075370E-14
8156.00  2.100884E-14
8158.00  2.102703E-14
8160.00  2.036368E-14
8162.00  1.984414E-14
8164.00  2.017142E-14
8166.00  2.061940E-14
8168.00  2.057976E-14
8170.00  2.074943E-14
8172.00  2.123520E-14
8174.00  2.112224E-14
8176.00  2.048083E-14
8178.00  2.017467E-14
8180.00  2.035995E-14
8182.00  2.032811E-14
8184.00  2.014681E-14
8186.00  2.004838E-14
8188.00  2.021086E-14
8190.00  2.062955E-14
8192.00  2.048574E-14
8194.00  1.980191E-14
8196.00  1.944393E-14
8198.00  1.961861E-14
8200.00  2.015284E-14
8202.00  2.074341E-14
8204.00  2.105824E-14
8206.00  2.111918E-14
8208.00  2.110479E-14
8210.00  2.104343E-14
8212.00  2.087301E-14
8214.00  2.088509E-14
8216.00  2.100791E-14
8218.00  2.084735E-14
8220.00  2.051662E-14
8222.00  2.042299E-14
8224.00  2.023677E-14
8226.00  1.946866E-14
8228.00  1.882433E-14
8230.00  1.910685E-14
8232.00  1.981171E-14
8234.00  2.048116E-14
8236.00  2.092288E-14
8238.00  2.114906E-14
8240.00  2.117116E-14
8242.00  2.101523E-14
8244.00  2.113211E-14
8246.00  2.134800E-14
8248.00  2.139765E-14
8250.00  2.142265E-14
8252.00  2.124080E-14
8254.00  2.089918E-14
8256.00  2.059642E-14
8258.00  2.075811E-14
8260.00  2.114652E-14
8262.00  2.128662E-14
8264.00  2.129980E-14
8266.00  2.138333E-14
8268.00  2.141422E-14
8270.00  2.117513E-14
8272.00  2.059411E-14
8274.00  2.013302E-14
8276.00  2.022155E-14
8278.00  2.052537E-14
8280.00  2.057180E-14
8282.00  2.063558E-14
8284.00  2.082129E-14
8286.00  2.053454E-14
8288.00  2.022949E-14
8290.00  2.039967E-14
8292.00  2.042373E-14
8294.00  2.025844E-14
8296.00  2.040025E-14
8298.00  2.058261E-14
8300.00  2.065401E-14
8302.00  2.046239E-14
8304.00  2.016558E-14
8306.00  2.023014E-14
8308.00  2.046574E-14
8310.00  2.044039E-14
8312.00  2.050227E-14
8314.00  2.058589E-14
8316.00  2.053523E-14
8318.00  2.037191E-14
8320.00  2.012093E-14
8322.00  2.027864E-14
8324.00  2.058652E-14
8326.00  2.038717E-14
8328.00  2.025342E-14
8330.00  2.022046E-14
8332.00  2.007391E-14
8334.00  2.015362E-14
8336.00  2.023296E-14
8338.00  2.015431E-14
8340.00  2.037854E-14
8342.00  2.063527E-14
8344.00  2.064671E-14
8346.00  2.051469E-14
8348.00  2.045426E-14
8350.00  2.066935E-14
8352.00  2.077628E-14
8354.00  2.067633E-14
8356.00  2.063664E-14
8358.00  2.064566E-14
8360.00  2.066367E-14
8362.00  2.057322E-14
8364.00  2.042246E-14
8366.00  2.056105E-14
8368.00  2.067588E-14
8370.00  2.049678E-14
8372.00  2.035420E-14
8374.00  2.029016E-14
8376.00  2.017807E-14
8378.00  2.022660E-14
8380.00  2.033265E-14
8382.00  2.012109E-14
8384.00  2.003406E-14
8386.00  1.987888E-14
8388.00  1.973891E-14
8390.00  2.005866E-14
8392.00  2.044598E-14
8394.00  2.056213E-14
8396.00  2.037865E-14
8398.00  2.033110E-14
8400.00  2.042999E-14
8402.00  2.046405E-14
8404.00  2.048893E-14
8406.00  2.049923E-14
8408.00  2.048228E-14
8410.00  2.033300E-14
8412.00  2.015140E-14
8414.00  2.030442E-14
8416.00  2.049737E-14
8418.00  2.055652E-14
8420.00  2.056305E-14
8422.00  2.051992E-14
8424.00  2.032632E-14
8426.00  2.018495E-14
8428.00  2.040386E-14
8430.00  2.058026E-14
8432.00  2.037616E-14
8434.00  1.974956E-14
8436.00  1.941851E-14
8438.00  1.951406E-14
8440.00  1.973171E-14
8442.00  1.991941E-14
8444.00  1.976263E-14
8446.00  1.958605E-14
8448.00  1.984405E-14
8450.00  2.018597E-14
8452.00  2.036956E-14
8454.00  2.032766E-14
8456.00  2.023285E-14
8458.00  2.024381E-14
8460.00  2.027999E-14
8462.00  2.017386E-14
8464.00  1.985807E-14
8466.00  1.949780E-14
8468.00  1.936204E-14
8470.00  1.964765E-14
8472.00  2.005771E-14
8474.00  2.037345E-14
8476.00  2.046353E-14
8478.00  2.045118E-14
8480.00  2.038938E-14
8482.00  2.042491E-14
8484.00  2.050357E-14
8486.00  2.043566E-14
8488.00  2.040813E-14
8490.00  2.038090E-14
8492.00  2.021026E-14
8494.00  1.954150E-14
8496.00  1.795647E-14
8498.00  1.705229E-14
8500.00  1.795251E-14
8502.00  1.897389E-14
8504.00  1.959271E-14
8506.00  2.005173E-14
8508.00  2.025825E-14
8510.00  2.021595E-14
8512.00  1.996126E-14
8514.00  1.972833E-14
8516.00  1.987721E-14
8518.00  2.010064E-14
8520.00  2.026519E-14
8522.00  2.037874E-14
8524.00  2.030198E-14
8526.00  2.019545E-14
8528.00  2.021749E-14
8530.00  2.017564E-14
8532.00  2.001628E-14
8534.00  1.959803E-14
8536.00  1.885066E-14
8538.00  1.758471E-14
8540.00  1.556256E-14
8542.00  1.447212E-14
8544.00  1.569009E-14
8546.00  1.744326E-14
8548.00  1.851446E-14
8550.00  1.922890E-14
8552.00  1.972052E-14
8554.00  1.983158E-14
8556.00  1.983511E-14
8558.00  2.003639E-14
8560.00  2.016531E-14
8562.00  2.021201E-14
8564.00  2.024753E-14
8566.00  2.025443E-14
8568.00  2.024255E-14
8570.00  2.016083E-14
8572.00  2.009012E-14
8574.00  2.008939E-14
8576.00  2.019421E-14
8578.00  2.027468E-14
8580.00  2.014484E-14
8582.00  1.991770E-14
8584.00  1.990625E-14
8586.00  1.990127E-14
8588.00  1.978385E-14
8590.00  1.959711E-14
8592.00  1.937249E-14
8594.00  1.918514E-14
8596.00  1.891863E-14
8598.00  1.883083E-14
8600.00  1.906213E-14
8602.00  1.926849E-14
8604.00  1.936044E-14
8606.00  1.946818E-14
8608.00  1.952494E-14
8610.00  1.938388E-14
8612.00  1.938500E-14
8614.00  1.965859E-14
8616.00  1.985413E-14
8618.00  1.991817E-14
8620.00  1.987792E-14
8622.00  1.987772E-14
8624.00  1.998931E-14
8626.00  2.001382E-14
8628.00  2.002448E-14
8630.00  2.001373E-14
8632.00  2.001787E-14
8634.00  2.004326E-14
8636.00  2.006746E-14
8638.00  2.006390E-14
8640.00  2.003117E-14
8642.00  1.996046E-14
8644.00  1.985248E-14
8646.00  1.959304E-14
8648.00  1.929214E-14
8650.00  1.921361E-14
8652.00  1.911130E-14
8654.00  1.885087E-14
8656.00  1.839100E-14
8658.00  1.732492E-14
8660.00  1.535581E-14
8662.00  1.414508E-14
8664.00  1.518730E-14
8666.00  1.690299E-14
8668.00  1.797343E-14
8670.00  1.844303E-14
8672.00  1.847859E-14
8674.00  1.839576E-14
8676.00  1.855976E-14
8678.00  1.874396E-14
8680.00  1.885463E-14
8682.00  1.901888E-14
8684.00  1.910594E-14
8686.00  1.887187E-14
8688.00  1.856046E-14
8690.00  1.878519E-14
8692.00  1.914885E-14
8694.00  1.931615E-14
8696.00  1.938474E-14
8698.00  1.934899E-14
8700.00  1.937423E-14
8702.00  1.944290E-14
8704.00  1.953650E-14
8706.00  1.969984E-14
8708.00  1.979680E-14
8710.00  1.965673E-14
8712.00  1.961478E-14
8714.00  1.978710E-14
8716.00  1.981611E-14
8718.00  1.976192E-14
8720.00  1.981728E-14
8722.00  1.983802E-14
8724.00  1.974362E-14
8726.00  1.953088E-14
8728.00  1.933877E-14
8730.00  1.940619E-14
8732.00  1.945061E-14
8734.00  1.920741E-14
8736.00  1.900661E-14
8738.00  1.901411E-14
8740.00  1.890497E-14
8742.00  1.874131E-14
8744.00  1.862171E-14
8746.00  1.839182E-14
8748.00  1.806248E-14
8750.00  1.775408E-14
8752.00  1.783183E-14
8754.00  1.817617E-14
8756.00  1.835940E-14
8758.00  1.866955E-14
8760.00  1.900505E-14
8762.00  1.904502E-14
8764.00  1.902779E-14
8766.00  1.913859E-14
8768.00  1.929010E-14
8770.00  1.924323E-14
8772.00  1.904360E-14
8774.00  1.911843E-14
8776.00  1.936910E-14
8778.00  1.948056E-14
8780.00  1.951359E-14
8782.00  1.955199E-14
8784.00  1.960677E-14
8786.00  1.969762E-14
8788.00  1.963937E-14
8790.00  1.950967E-14
8792.00  1.946707E-14
8794.00  1.952820E-14
8796.00  1.961966E-14
8798.00  1.972237E-14
8800.00  1.974120E-14
8802.00  1.940876E-14
8804.00  1.863432E-14
8806.00  1.800715E-14
8808.00  1.831038E-14
8810.00  1.894642E-14
8812.00  1.929928E-14
8814.00  1.945440E-14
8816.00  1.947249E-14
8818.00  1.942122E-14
8820.00  1.939601E-14
8822.00  1.916057E-14
8824.00  1.893725E-14
8826.00  1.910752E-14
8828.00  1.932004E-14
8830.00  1.944101E-14
8832.00  1.944985E-14
8834.00  1.933096E-14
8836.00  1.908380E-14
8838.00  1.888488E-14
8840.00  1.896444E-14
8842.00  1.904257E-14
8844.00  1.898446E-14
8846.00  1.889698E-14
8848.00  1.884207E-14
8850.00  1.879965E-14
8852.00  1.874669E-14
8854.00  1.866199E-14
8856.00  1.849149E-14
8858.00  1.812061E-14
8860.00  1.756773E-14
8862.00  1.721340E-14
8864.00  1.727368E-14
8866.00  1.743623E-14
8868.00  1.776136E-14
8870.00  1.813955E-14
8872.00  1.826080E-14
8874.00  1.828809E-14
8876.00  1.830517E-14
8878.00  1.834478E-14
8880.00  1.845263E-14
8882.00  1.852604E-14
8884.00  1.863949E-14
8886.00  1.876014E-14
8888.00  1.876570E-14
8890.00  1.864529E-14
8892.00  1.865467E-14
8894.00  1.882200E-14
8896.00  1.888612E-14
8898.00  1.885543E-14
8900.00  1.890612E-14
8902.00  1.895576E-14
8904.00  1.897439E-14
8906.00  1.902032E-14
8908.00  1.896200E-14
8910.00  1.879125E-14
8912.00  1.872260E-14
8914.00  1.885765E-14
8916.00  1.893512E-14
8918.00  1.886021E-14
8920.00  1.888331E-14
8922.00  1.894622E-14
8924.00  1.883904E-14
8926.00  1.866649E-14
8928.00  1.863032E-14
8930.00  1.876391E-14
8932.00  1.888187E-14
8934.00  1.906703E-14
8936.00  1.920352E-14
8938.00  1.913564E-14
8940.00  1.896106E-14
8942.00  1.879228E-14
8944.00  1.861947E-14
8946.00  1.852028E-14
8948.00  1.863094E-14
8950.00  1.874833E-14
8952.00  1.859877E-14
8954.00  1.850054E-14
8956.00  1.869879E-14
8958.00  1.880925E-14
8960.00  1.854579E-14
8962.00  1.809659E-14
8964.00  1.788571E-14
8966.00  1.802834E-14
8968.00  1.819739E-14
8970.00  1.813710E-14
8972.00  1.810155E-14
8974.00  1.821999E-14
8976.00  1.839303E-14
8978.00  1.833068E-14
8980.00  1.836442E-14
8982.00  1.856526E-14
8984.00  1.807026E-14
8986.00  1.707375E-14
8988.00  1.643289E-14
8990.00  1.637310E-14
8992.00  1.718514E-14
8994.00  1.821813E-14
8996.00  1.837656E-14
8998.00  1.768369E-14
9000.00  1.718076E-14
9002.00  1.723775E-14
9004.00  1.738347E-14
9006.00  1.736458E-14
9008.00  1.708511E-14
9010.00  1.672913E-14
9012.00  1.649728E-14
9014.00  1.617358E-14
9016.00  1.624336E-14
9018.00  1.694573E-14
9020.00  1.719664E-14
9022.00  1.704783E-14
9024.00  1.709759E-14
9026.00  1.759115E-14
9028.00  1.820399E-14
9030.00  1.864150E-14
9032.00  1.905227E-14
9034.00  1.928511E-14
9036.00  1.936735E-14
9038.00  1.941630E-14
9040.00  1.935616E-14
9042.00  1.934073E-14
9044.00  1.945435E-14
9046.00  1.951656E-14
9048.00  1.951847E-14
9050.00  1.939381E-14
9052.00  1.934514E-14
9054.00  1.949905E-14
9056.00  1.951295E-14
9058.00  1.915208E-14
9060.00  1.853804E-14
9062.00  1.840703E-14
9064.00  1.881682E-14
9066.00  1.884360E-14
9068.00  1.833851E-14
9070.00  1.799927E-14
9072.00  1.825258E-14
9074.00  1.881088E-14
9076.00  1.876500E-14
9078.00  1.808767E-14
9080.00  1.799454E-14
9082.00  1.849122E-14
9084.00  1.840664E-14
9086.00  1.782081E-14
9088.00  1.766541E-14
9090.00  1.803707E-14
9092.00  1.830963E-14
9094.00  1.845847E-14
9096.00  1.854959E-14
9098.00  1.820439E-14
9100.00  1.821953E-14
9102.00  1.857101E-14
9104.00  1.825553E-14
9106.00  1.794203E-14
9108.00  1.832102E-14
9110.00  1.875942E-14
9112.00  1.881624E-14
9114.00  1.838608E-14
9116.00  1.746109E-14
9118.00  1.724476E-14
9120.00  1.818936E-14
9122.00  1.890145E-14
9124.00  1.887140E-14
9126.00  1.835489E-14
9128.00  1.758992E-14
9130.00  1.738247E-14
9132.00  1.760505E-14
9134.00  1.728191E-14
9136.00  1.720146E-14
9138.00  1.783684E-14
9140.00  1.807626E-14
9142.00  1.810230E-14
9144.00  1.818289E-14
9146.00  1.813641E-14
9148.00  1.790997E-14
9150.00  1.732913E-14
9152.00  1.666976E-14
9154.00  1.652288E-14
9156.00  1.721788E-14
9158.00  1.812461E-14
9160.00  1.844913E-14
9162.00  1.847063E-14
9164.00  1.834951E-14
9166.00  1.792810E-14
9168.00  1.746353E-14
9170.00  1.707649E-14
9172.00  1.643688E-14
9174.00  1.619578E-14
9176.00  1.682860E-14
9178.00  1.765713E-14
9180.00  1.797088E-14
9182.00  1.781700E-14
9184.00  1.783807E-14
9186.00  1.810455E-14
9188.00  1.813378E-14
9190.00  1.798420E-14
9192.00  1.773460E-14
9194.00  1.756324E-14
9196.00  1.766274E-14
9198.00  1.790203E-14
9200.00  1.807108E-14
9202.00  1.799595E-14
9204.00  1.781608E-14
9206.00  1.762081E-14
9208.00  1.727514E-14
9210.00  1.695341E-14
9212.00  1.677823E-14
9214.00  1.671914E-14
9216.00  1.671521E-14
9218.00  1.693280E-14
9220.00  1.723769E-14
9222.00  1.697757E-14
9224.00  1.643483E-14
9226.00  1.625235E-14
9228.00  1.609570E-14
9230.00  1.614170E-14
9232.00  1.660135E-14
9234.00  1.690947E-14
9236.00  1.692861E-14
9238.00  1.707309E-14
9240.00  1.732603E-14
9242.00  1.743004E-14
9244.00  1.737362E-14
9246.00  1.738394E-14
9248.00  1.755619E-14
9250.00  1.777909E-14
9252.00  1.788587E-14
9254.00  1.781436E-14
9256.00  1.768239E-14
9258.00  1.752266E-14
9260.00  1.758760E-14
9262.00  1.782500E-14
9264.00  1.826890E-14
9266.00  1.864479E-14
9268.00  1.857319E-14
9270.00  1.836606E-14
9272.00  1.834655E-14
9274.00  1.829842E-14
9276.00  1.772874E-14
9278.00  1.722083E-14
9280.00  1.760462E-14
9282.00  1.800975E-14
9284.00  1.771602E-14
9286.00  1.749790E-14
9288.00  1.770951E-14
9290.00  1.787606E-14
9292.00  1.762108E-14
9294.00  1.697860E-14
9296.00  1.656860E-14
9298.00  1.652182E-14
9300.00  1.653033E-14
9302.00  1.654706E-14
9304.00  1.685202E-14
9306.00  1.752127E-14
9308.00  1.771627E-14
9310.00  1.772167E-14
9312.00  1.772291E-14
9314.00  1.772441E-14
9316.00  1.772544E-14
9318.00  1.772957E-14
9320.00  1.775018E-14
9322.00  1.776699E-14
9324.00  1.776929E-14
9326.00  1.777080E-14
9328.00  1.777198E-14
9330.00  1.777305E-14
9332.00  1.777412E-14
9334.00  1.777530E-14
9336.00  1.777662E-14
9338.00  1.776657E-14
9340.00  1.769423E-14
9342.00  1.763624E-14
9344.00  1.763187E-14
9346.00  1.763295E-14
9348.00  1.763401E-14
9350.00  1.763551E-14
9352.00  1.763670E-14
9354.00  1.763777E-14
9356.00  1.763873E-14
9358.00  1.763409E-14
9360.00  1.759728E-14
9362.00  1.756786E-14
9364.00  1.756611E-14
9366.00  1.756730E-14
9368.00  1.756880E-14
9370.00  1.756985E-14
9372.00  1.757092E-14
9374.00  1.757199E-14
9376.00  1.757313E-14
9378.00  1.758268E-14
9380.00  1.763731E-14
9382.00  1.768118E-14
9384.00  1.768645E-14
9386.00  1.768750E-14
9388.00  1.768857E-14
9390.00  1.768975E-14
9392.00  1.769125E-14
9394.00  1.769230E-14
9396.00  1.769317E-14
9398.00  1.766842E-14
9400.00  1.750248E-14
9402.00  1.736927E-14
9404.00  1.735766E-14
9406.00  1.735864E-14
9408.00  1.735970E-14
9410.00  1.736077E-14
9412.00  1.736183E-14
9414.00  1.736334E-14
9416.00  1.736465E-14
9418.00  1.738317E-14
9420.00  1.749855E-14
9422.00  1.759134E-14
9424.00  1.760088E-14
9426.00  1.760192E-14
9428.00  1.760342E-14
9430.00  1.760461E-14
9432.00  1.760568E-14
9434.00  1.760674E-14
9436.00  1.760743E-14
9438.00  1.757186E-14
9440.00  1.733706E-14
9442.00  1.714856E-14
9444.00  1.713200E-14
9446.00  1.713297E-14
9448.00  1.713404E-14
9450.00  1.713511E-14
9452.00  1.713618E-14
9454.00  1.713726E-14
9456.00  1.713854E-14
9458.00  1.716289E-14
9460.00  1.731282E-14
9462.00  1.743309E-14
9464.00  1.744570E-14
9466.00  1.744686E-14
9468.00  1.744793E-14
9470.00  1.744899E-14
9472.00  1.745049E-14
9474.00  1.745168E-14
9476.00  1.745266E-14
9478.00  1.744657E-14
9480.00  1.740177E-14
9482.00  1.736642E-14
9484.00  1.736397E-14
9486.00  1.736505E-14
9488.00  1.736612E-14
9490.00  1.736719E-14
9492.00  1.736826E-14
9494.00  1.736933E-14
9496.00  1.737024E-14
9498.00  1.735742E-14
9500.00  1.727010E-14
9502.00  1.720003E-14
9504.00  1.719446E-14
9506.00  1.719554E-14
9508.00  1.719661E-14
9510.00  1.719767E-14
9512.00  1.719875E-14
9514.00  1.719981E-14
9516.00  1.720073E-14
9518.00  1.718859E-14
9520.00  1.710665E-14
9522.00  1.704104E-14
9524.00  1.703577E-14
9526.00  1.703672E-14
9528.00  1.703779E-14
9530.00  1.703886E-14
9532.00  1.703993E-14
9534.00  1.704098E-14
9536.00  1.704140E-14
9538.00  1.697436E-14
9540.00  1.654668E-14
9542.00  1.620361E-14
9544.00  1.617128E-14
9546.00  1.617206E-14
9548.00  1.617312E-14
9550.00  1.617419E-14
9552.00  1.617514E-14
9554.00  1.617578E-14
9556.00  1.617787E-14
9558.00  1.624011E-14
9560.00  1.662492E-14
9562.00  1.693381E-14
9564.00  1.696475E-14
9566.00  1.696613E-14
9568.00  1.696721E-14
9570.00  1.696827E-14
9572.00  1.696934E-14
9574.00  1.697042E-14
9576.00  1.697163E-14
9578.00  1.698825E-14
9580.00  1.708710E-14
9582.00  1.716618E-14
9584.00  1.717511E-14
9586.00  1.717628E-14
9588.00  1.717736E-14
9590.00  1.717843E-14
9592.00  1.717950E-14
9594.00  1.718056E-14
9596.00  1.718153E-14
9598.00  1.717811E-14
9600.00  1.715166E-14
9602.00  1.713021E-14
9604.00  1.712924E-14
9606.00  1.713030E-14
9608.00  1.713137E-14
9610.00  1.713244E-14
9612.00  1.713351E-14
9614.00  1.713458E-14
9616.00  1.713564E-14
9618.00  1.713662E-14
9620.00  1.713618E-14
9622.00  1.713574E-14
9624.00  1.713672E-14
9626.00  1.713779E-14
9628.00  1.713886E-14
9630.00  1.713993E-14
9632.00  1.714099E-14
9634.00  1.714206E-14
9636.00  1.714289E-14
9638.00  1.712490E-14
9640.00  1.700897E-14
9642.00  1.691586E-14
9644.00  1.690784E-14
9646.00  1.690850E-14
9648.00  1.690945E-14
9650.00  1.691052E-14
9652.00  1.691159E-14
9654.00  1.691266E-14
9656.00  1.691383E-14
9658.00  1.691848E-14
9660.00  1.694048E-14
9662.00  1.695806E-14
9664.00  1.696079E-14
9666.00  1.696186E-14
9668.00  1.696293E-14
9670.00  1.696400E-14
9672.00  1.696507E-14
9674.00  1.696614E-14
9676.00  1.696720E-14
9678.00  1.697001E-14
9680.00  1.698264E-14
9682.00  1.699308E-14
9684.00  1.699502E-14
9686.00  1.699608E-14
9688.00  1.699715E-14
9690.00  1.699822E-14
9692.00  1.699929E-14
9694.00  1.700036E-14
9696.00  1.700137E-14
9698.00  1.699515E-14
9700.00  1.695357E-14
9702.00  1.692036E-14
9704.00  1.691799E-14
9706.00  1.691907E-14
9708.00  1.692003E-14
9710.00  1.692067E-14
9712.00  1.692175E-14
9714.00  1.692282E-14
9716.00  1.692384E-14
9718.00  1.691579E-14
9720.00  1.686082E-14
9722.00  1.681708E-14
9724.00  1.681331E-14
9726.00  1.681427E-14
9728.00  1.681534E-14
9730.00  1.681640E-14
9732.00  1.681748E-14
9734.00  1.681854E-14
9736.00  1.681938E-14
9738.00  1.680168E-14
9740.00  1.669016E-14
9742.00  1.660073E-14
9744.00  1.659244E-14
9746.00  1.659343E-14
9748.00  1.659449E-14
9750.00  1.659556E-14
9752.00  1.659663E-14
9754.00  1.659771E-14
9756.00  1.659880E-14
9758.00  1.661207E-14
9760.00  1.668761E-14
9762.00  1.674858E-14
9764.00  1.675545E-14
9766.00  1.675652E-14
9768.00  1.675759E-14
9770.00  1.675866E-14
9772.00  1.675972E-14
9774.00  1.676079E-14
9776.00  1.676165E-14
9778.00  1.674342E-14
9780.00  1.663040E-14
9782.00  1.653945E-14
9784.00  1.653125E-14
9786.00  1.653191E-14
9788.00  1.653300E-14
9790.00  1.653407E-14
9792.00  1.653514E-14
9794.00  1.653621E-14
9796.00  1.653748E-14
9798.00  1.656093E-14
9800.00  1.667465E-14
