3600.00  4.210021E-14
3602.00  4.183622E-14
3604.00  4.165708E-14
3606.00  4.157975E-14
3608.00  4.151465E-14
3610.00  4.155700E-14
3612.00  4.179296E-14
3614.00  4.208694E-14
3616.00  4.224598E-14
3618.00  4.235434E-14
3620.00  4.275151E-14
3622.00  4.333865E-14
3624.00  4.381120E-14
3626.00  4.403642E-14
3628.00  4.380342E-14
3630.00  4.311186E-14
3632.00  4.243482E-14
3634.00  4.219167E-14
3636.00  4.242279E-14
3638.00  4.289702E-14
3640.00  4.311855E-14
3642.00  4.285392E-14
3644.00  4.243507E-14
3646.00  4.224216E-14
3648.00  4.236406E-14
3650.00  4.267654E-14
3652.00  4.299178E-14
3654.00  4.324772E-14
3656.00  4.342436E-14
3658.00  4.341739E-14
3660.00  4.317664E-14
3662.00  4.285006E-14
3664.00  4.259754E-14
3666.00  4.244398E-14
3668.00  4.238955E-14
3670.00  4.246216E-14
3672.00  4.246668E-14
3674.00  4.215641E-14
3676.00  4.167705E-14
3678.00  4.135043E-14
3680.00  4.121729E-14
3682.00  4.110162E-14
3684.00  4.090216E-14
3686.00  4.077359E-14
3688.00  4.088608E-14
3690.00  4.107113E-14
3692.00  4.105615E-14
3694.00  4.093672E-14
3696.00  4.099805E-14
3698.00  4.104365E-14
3700.00  4.041383E-14
3702.00  3.904305E-14
3704.00  3.798245E-14
3706.00  3.791734E-14
3708.00  3.816125E-14
3710.00  3.832318E-14
3712.00  3.898138E-14
3714.00  4.003927E-14
3716.00  4.029723E-14
3718.00  3.916423E-14
3720.00  3.783649E-14
3722.00  3.800434E-14
3724.00  3.966195E-14
3726.00  4.125512E-14
3728.00  4.138547E-14
3730.00  3.967045E-14
3732.00  3.725955E-14
3734.00  3.641287E-14
3736.00  3.821033E-14
3738.00  4.134460E-14
3740.00  4.364499E-14
3742.00  4.386422E-14
3744.00  4.193598E-14
3746.00  3.872842E-14
3748.00  3.610446E-14
3750.00  3.607723E-14
3752.00  3.877415E-14
3754.00  4.218850E-14
3756.00  4.449128E-14
3758.00  4.537014E-14
3760.00  4.527538E-14
3762.00  4.431381E-14
3764.00  4.217459E-14
3766.00  3.897922E-14
3768.00  3.596860E-14
3770.00  3.504011E-14
3772.00  3.699918E-14
3774.00  4.066083E-14
3776.00  4.438876E-14
3778.00  4.738207E-14
3780.00  4.934921E-14
3782.00  5.019229E-14
3784.00  4.997311E-14
3786.00  4.886289E-14
3788.00  4.706418E-14
3790.00  4.454689E-14
3792.00  4.108303E-14
3794.00  3.704046E-14
3796.00  3.405597E-14
3798.00  3.408254E-14
3800.00  3.725191E-14
3802.00  4.155457E-14
3804.00  4.514673E-14
3806.00  4.770436E-14
3808.00  4.947340E-14
3810.00  5.038483E-14
3812.00  5.035181E-14
3814.00  4.959228E-14
3816.00  4.840940E-14
3818.00  4.730843E-14
3820.00  4.684574E-14
3822.00  4.675539E-14
3824.00  4.608054E-14
3826.00  4.437126E-14
3828.00  4.163793E-14
3830.00  3.792535E-14
3832.00  3.398576E-14
3834.00  3.159676E-14
3836.00  3.227919E-14
3838.00  3.569479E-14
3840.00  4.012797E-14
3842.00  4.412304E-14
3844.00  4.708125E-14
3846.00  4.904738E-14
3848.00  5.029725E-14
3850.00  5.104919E-14
3852.00  5.139165E-14
3854.00  5.138150E-14
3856.00  5.121451E-14
3858.00  5.109565E-14
3860.00  5.098199E-14
3862.00  5.076179E-14
3864.00  5.050695E-14
3866.00  5.027738E-14
3868.00  4.996234E-14
3870.00  4.953294E-14
3872.00  4.910958E-14
3874.00  4.865853E-14
3876.00  4.785001E-14
3878.00  4.647298E-14
3880.00  4.444140E-14
3882.00  4.148598E-14
3884.00  3.758640E-14
3886.00  3.377602E-14
3888.00  3.211066E-14
3890.00  3.380311E-14
3892.00  3.771398E-14
3894.00  4.178600E-14
3896.00  4.502076E-14
3898.00  4.737157E-14
3900.00  4.896854E-14
3902.00  4.993325E-14
3904.00  5.058587E-14
3906.00  5.133899E-14
3908.00  5.217940E-14
3910.00  5.272336E-14
3912.00  5.281077E-14
3914.00  5.261232E-14
3916.00  5.228933E-14
3918.00  5.195662E-14
3920.00  5.173960E-14
3922.00  5.154130E-14
3924.00  5.103360E-14
3926.00  5.006225E-14
3928.00  4.870376E-14
3930.00  4.713916E-14
3932.00  4.603766E-14
3934.00  4.632210E-14
3936.00  4.790772E-14
3938.00  4.964533E-14
3940.00  5.067080E-14
3942.00  5.092180E-14
3944.00  5.080348E-14
3946.00  5.069369E-14
3948.00  5.064311E-14
3950.00  5.052797E-14
3952.00  5.023643E-14
3954.00  4.966609E-14
3956.00  4.870163E-14
3958.00  4.713295E-14
3960.00  4.466728E-14
3962.00  4.113767E-14
3964.00  3.669037E-14
3966.00  3.213467E-14
3968.00  2.925604E-14
3970.00  2.972556E-14
3972.00  3.334037E-14
3974.00  3.820233E-14
3976.00  4.256871E-14
3978.00  4.576003E-14
3980.00  4.780990E-14
3982.00  4.911642E-14
3984.00  5.014778E-14
3986.00  5.106899E-14
3988.00  5.179445E-14
3990.00  5.227825E-14
3992.00  5.252409E-14
3994.00  5.255986E-14
3996.00  5.250268E-14
3998.00  5.247573E-14
4000.00  5.244094E-14
4002.00  5.226372E-14
4004.00  5.199241E-14
4006.00  5.188107E-14
4008.00  5.208178E-14
4010.00  5.251275E-14
4012.00  5.298858E-14
4014.00  5.334783E-14
4016.00  5.354456E-14
4018.00  5.352302E-14
4020.00  5.306116E-14
4022.00  5.208514E-14
4024.00  5.116862E-14
4026.00  5.108160E-14
4028.00  5.172407E-14
4030.00  5.238117E-14
4032.00  5.282812E-14
4034.00  5.327724E-14
4036.00  5.371685E-14
4038.00  5.388797E-14
4040.00  5.363748E-14
4042.00  5.311375E-14
4044.00  5.275480E-14
4046.00  5.291849E-14
4048.00  5.338382E-14
4050.00  5.360103E-14
4052.00  5.341088E-14
4054.00  5.310114E-14
4056.00  5.291784E-14
4058.00  5.277621E-14
4060.00  5.240137E-14
4062.00  5.171504E-14
4064.00  5.097092E-14
4066.00  5.039580E-14
4068.00  4.996029E-14
4070.00  4.962712E-14
4072.00  4.940766E-14
4074.00  4.921796E-14
4076.00  4.910255E-14
4078.00  4.921147E-14
4080.00  4.935600E-14
4082.00  4.918480E-14
4084.00  4.871033E-14
4086.00  4.812574E-14
4088.00  4.740849E-14
4090.00  4.633154E-14
4092.00  4.457472E-14
4094.00  4.186115E-14
4096.00  3.823175E-14
4098.00  3.441613E-14
4100.00  3.201430E-14
4102.00  3.249601E-14
4104.00  3.553360E-14
4106.00  3.930090E-14
4108.00  4.240549E-14
4110.00  4.461189E-14
4112.00  4.613192E-14
4114.00  4.707727E-14
4116.00  4.754099E-14
4118.00  4.779172E-14
4120.00  4.815434E-14
4122.00  4.866860E-14
4124.00  4.903816E-14
4126.00  4.905960E-14
4128.00  4.889539E-14
4130.00  4.883371E-14
4132.00  4.905592E-14
4134.00  4.955081E-14
4136.00  5.002532E-14
4138.00  5.006568E-14
4140.00  4.956578E-14
4142.00  4.901508E-14
4144.00  4.902166E-14
4146.00  4.951087E-14
4148.00  4.992610E-14
4150.00  5.001403E-14
4152.00  4.994581E-14
4154.00  4.998421E-14
4156.00  5.021533E-14
4158.00  5.052139E-14
4160.00  5.076362E-14
4162.00  5.086993E-14
4164.00  5.077374E-14
4166.00  5.044622E-14
4168.00  4.997052E-14
4170.00  4.950785E-14
4172.00  4.926636E-14
4174.00  4.932264E-14
4176.00  4.951415E-14
4178.00  4.970038E-14
4180.00  4.985863E-14
4182.00  4.994244E-14
4184.00  4.987906E-14
4186.00  4.967975E-14
4188.00  4.948225E-14
4190.00  4.936198E-14
4192.00  4.918034E-14
4194.00  4.876443E-14
4196.00  4.819666E-14
4198.00  4.777999E-14
4200.00  4.774782E-14
4202.00  4.809072E-14
4204.00  4.861496E-14
4206.00  4.908506E-14
4208.00  4.934671E-14
4210.00  4.937660E-14
4212.00  4.923916E-14
4214.00  4.909856E-14
4216.00  4.912716E-14
4218.00  4.920733E-14
4220.00  4.897076E-14
4222.00  4.829128E-14
4224.00  4.758436E-14
4226.00  4.742437E-14
4228.00  4.779784E-14
4230.00  4.813347E-14
4232.00  4.813400E-14
4234.00  4.802360E-14
4236.00  4.805219E-14
4238.00  4.823821E-14
4240.00  4.848445E-14
4242.00  4.865033E-14
4244.00  4.858757E-14
4246.00  4.829517E-14
4248.00  4.795563E-14
4250.00  4.770809E-14
4252.00  4.756091E-14
4254.00  4.750568E-14
4256.00  4.749906E-14
4258.00  4.752442E-14
4260.00  4.769467E-14
4262.00  4.797479E-14
4264.00  4.805784E-14
4266.00  4.776182E-14
4268.00  4.722904E-14
4270.00  4.674311E-14
4272.00  4.655914E-14
4274.00  4.675744E-14
4276.00  4.712853E-14
4278.00  4.734413E-14
4280.00  4.729459E-14
4282.00  4.708696E-14
4284.00  4.676693E-14
4286.00  4.630244E-14
4288.00  4.581410E-14
4290.00  4.553919E-14
4292.00  4.545012E-14
4294.00  4.523492E-14
4296.00  4.473608E-14
4298.00  4.412654E-14
4300.00  4.368417E-14
4302.00  4.350855E-14
4304.00  4.345679E-14
4306.00  4.341995E-14
4308.00  4.352323E-14
4310.00  4.392243E-14
4312.00  4.462552E-14
4314.00  4.546637E-14
4316.00  4.607412E-14
4318.00  4.609228E-14
4320.00  4.545841E-14
4322.00  4.447558E-14
4324.00  4.368406E-14
4326.00  4.332219E-14
4328.00  4.299299E-14
4330.00  4.211179E-14
4332.00  4.029359E-14
4334.00  3.737451E-14
4336.00  3.380894E-14
4338.00  3.107284E-14
4340.00  3.072911E-14
4342.00  3.283728E-14
4344.00  3.600999E-14
4346.00  3.884430E-14
4348.00  4.077562E-14
4350.00  4.201583E-14
4352.00  4.303295E-14
4354.00  4.398433E-14
4356.00  4.475187E-14
4358.00  4.531821E-14
4360.00  4.577072E-14
4362.00  4.607047E-14
4364.00  4.605841E-14
4366.00  4.573037E-14
4368.00  4.528779E-14
4370.00  4.488054E-14
4372.00  4.454918E-14
4374.00  4.440012E-14
4376.00  4.442443E-14
4378.00  4.429055E-14
4380.00  4.370552E-14
4382.00  4.290004E-14
4384.00  4.239967E-14
4386.00  4.242061E-14
4388.00  4.286184E-14
4390.00  4.347506E-14
4392.00  4.398542E-14
4394.00  4.429158E-14
4396.00  4.442599E-14
4398.00  4.439444E-14
4400.00  4.423348E-14
4402.00  4.402390E-14
4404.00  4.391504E-14
4406.00  4.402600E-14
4408.00  4.429175E-14
4410.00  4.444949E-14
4412.00  4.429464E-14
4414.00  4.404817E-14
4416.00  4.410398E-14
4418.00  4.442351E-14
4420.00  4.466860E-14
4422.00  4.472102E-14
4424.00  4.467501E-14
4426.00  4.461370E-14
4428.00  4.455902E-14
4430.00  4.447824E-14
4432.00  4.435221E-14
4434.00  4.431183E-14
4436.00  4.446750E-14
4438.00  4.462884E-14
4440.00  4.461494E-14
4442.00  4.460288E-14
4444.00  4.477064E-14
4446.00  4.498033E-14
4448.00  4.503519E-14
4450.00  4.484799E-14
4452.00  4.446300E-14
4454.00  4.409632E-14
4456.00  4.396243E-14
4458.00  4.403086E-14
4460.00  4.413427E-14
4462.00  4.412753E-14
4464.00  4.387921E-14
4466.00  4.335766E-14
4468.00  4.286082E-14
4470.00  4.288633E-14
4472.00  4.351866E-14
4474.00  4.420724E-14
4476.00  4.441518E-14
4478.00  4.413228E-14
4480.00  4.389144E-14
4482.00  4.412732E-14
4484.00  4.459045E-14
4486.00  4.481020E-14
4488.00  4.475911E-14
4490.00  4.470528E-14
4492.00  4.472662E-14
4494.00  4.473014E-14
4496.00  4.466421E-14
4498.00  4.456658E-14
4500.00  4.456655E-14
4502.00  4.471088E-14
4504.00  4.482316E-14
4506.00  4.476713E-14
4508.00  4.462691E-14
4510.00  4.448230E-14
4512.00  4.429816E-14
4514.00  4.408007E-14
4516.00  4.388706E-14
4518.00  4.374722E-14
4520.00  4.362299E-14
4522.00  4.341501E-14
4524.00  4.308774E-14
4526.00  4.271386E-14
4528.00  4.242091E-14
4530.00  4.230121E-14
4532.00  4.232951E-14
4534.00  4.254096E-14
4536.00  4.294392E-14
4538.00  4.330948E-14
4540.00  4.345524E-14
4542.00  4.340389E-14
4544.00  4.318168E-14
4546.00  4.283574E-14
4548.00  4.251319E-14
4550.00  4.236231E-14
4552.00  4.238381E-14
4554.00  4.257682E-14
4556.00  4.293045E-14
4558.00  4.326267E-14
4560.00  4.339111E-14
4562.00  4.332817E-14
4564.00  4.322813E-14
4566.00  4.320579E-14
4568.00  4.320192E-14
4570.00  4.314517E-14
4572.00  4.310601E-14
4574.00  4.309541E-14
4576.00  4.298281E-14
4578.00  4.268868E-14
4580.00  4.233236E-14
4582.00  4.211309E-14
4584.00  4.208827E-14
4586.00  4.220905E-14
4588.00  4.235793E-14
4590.00  4.242668E-14
4592.00  4.243900E-14
4594.00  4.247783E-14
4596.00  4.254624E-14
4598.00  4.255071E-14
4600.00  4.246231E-14
4602.00  4.239059E-14
4604.00  4.243448E-14
4606.00  4.258363E-14
4608.00  4.274523E-14
4610.00  4.280662E-14
4612.00  4.276156E-14
4614.00  4.267771E-14
4616.00  4.261320E-14
4618.00  4.261250E-14
4620.00  4.268878E-14
4622.00  4.276439E-14
4624.00  4.275019E-14
4626.00  4.264386E-14
4628.00  4.252280E-14
4630.00  4.244223E-14
4632.00  4.236109E-14
4634.00  4.222392E-14
4636.00  4.208447E-14
4638.00  4.203869E-14
4640.00  4.207785E-14
4642.00  4.207900E-14
4644.00  4.194206E-14
4646.00  4.174720E-14
4648.00  4.169625E-14
4650.00  4.179767E-14
4652.00  4.191808E-14
4654.00  4.203077E-14
4656.00  4.220928E-14
4658.00  4.240068E-14
4660.00  4.239798E-14
4662.00  4.212249E-14
4664.00  4.168822E-14
4666.00  4.129620E-14
4668.00  4.115784E-14
4670.00  4.129822E-14
4672.00  4.150449E-14
4674.00  4.160064E-14
4676.00  4.152412E-14
4678.00  4.132180E-14
4680.00  4.113454E-14
4682.00  4.105593E-14
4684.00  4.106578E-14
4686.00  4.111020E-14
4688.00  4.116475E-14
4690.00  4.118608E-14
4692.00  4.117145E-14
4694.00  4.110745E-14
4696.00  4.095457E-14
4698.00  4.071393E-14
4700.00  4.048850E-14
4702.00  4.035319E-14
4704.00  4.029220E-14
4706.00  4.019988E-14
4708.00  4.005417E-14
4710.00  3.993250E-14
4712.00  3.992690E-14
4714.00  4.013482E-14
4716.00  4.050899E-14
4718.00  4.084261E-14
4720.00  4.099620E-14
4722.00  4.097823E-14
4724.00  4.083108E-14
4726.00  4.057593E-14
4728.00  4.034176E-14
4730.00  4.026249E-14
4732.00  4.030029E-14
4734.00  4.035044E-14
4736.00  4.038188E-14
4738.00  4.042478E-14
4740.00  4.048155E-14
4742.00  4.055575E-14
4744.00  4.067362E-14
4746.00  4.082003E-14
4748.00  4.094817E-14
4750.00  4.098056E-14
4752.00  4.088541E-14
4754.00  4.075005E-14
4756.00  4.067513E-14
4758.00  4.060946E-14
4760.00  4.043908E-14
4762.00  4.018822E-14
4764.00  4.003585E-14
4766.00  4.008733E-14
4768.00  4.028916E-14
4770.00  4.050912E-14
4772.00  4.066202E-14
4774.00  4.075933E-14
4776.00  4.077566E-14
4778.00  4.071679E-14
4780.00  4.060911E-14
4782.00  4.045839E-14
4784.00  4.030310E-14
4786.00  4.024184E-14
4788.00  4.033377E-14
4790.00  4.054997E-14
4792.00  4.080012E-14
4794.00  4.097165E-14
4796.00  4.098801E-14
4798.00  4.090285E-14
4800.00  4.080261E-14
4802.00  4.071042E-14
4804.00  4.058466E-14
4806.00  4.047751E-14
4808.00  4.044581E-14
4810.00  4.047616E-14
4812.00  4.053001E-14
4814.00  4.060087E-14
4816.00  4.064219E-14
4818.00  4.058636E-14
4820.00  4.041375E-14
4822.00  4.015215E-14
4824.00  3.993909E-14
4826.00  3.984690E-14
4828.00  3.977330E-14
4830.00  3.967509E-14
4832.00  3.957054E-14
4834.00  3.947055E-14
4836.00  3.931580E-14
4838.00  3.907896E-14
4840.00  3.879531E-14
4842.00  3.850169E-14
4844.00  3.818603E-14
4846.00  3.777894E-14
4848.00  3.716626E-14
4850.00  3.628393E-14
4852.00  3.501052E-14
4854.00  3.321812E-14
4856.00  3.099230E-14
4858.00  2.876266E-14
4860.00  2.732916E-14
4862.00  2.756755E-14
4864.00  2.930272E-14
4866.00  3.149796E-14
4868.00  3.335449E-14
4870.00  3.466397E-14
4872.00  3.563884E-14
4874.00  3.648015E-14
4876.00  3.716633E-14
4878.00  3.768555E-14
4880.00  3.800193E-14
4882.00  3.810527E-14
4884.00  3.808993E-14
4886.00  3.804665E-14
4888.00  3.806783E-14
4890.00  3.822526E-14
4892.00  3.859930E-14
4894.00  3.905772E-14
4896.00  3.934518E-14
4898.00  3.938920E-14
4900.00  3.929184E-14
4902.00  3.918786E-14
4904.00  3.910687E-14
4906.00  3.899424E-14
4908.00  3.877902E-14
4910.00  3.856635E-14
4912.00  3.843334E-14
4914.00  3.817953E-14
4916.00  3.758788E-14
4918.00  3.674813E-14
4920.00  3.613252E-14
4922.00  3.617642E-14
4924.00  3.681355E-14
4926.00  3.765605E-14
4928.00  3.830306E-14
4930.00  3.854330E-14
4932.00  3.842566E-14
4934.00  3.820325E-14
4936.00  3.807323E-14
4938.00  3.807979E-14
4940.00  3.827668E-14
4942.00  3.854727E-14
4944.00  3.875500E-14
4946.00  3.889277E-14
4948.00  3.896105E-14
4950.00  3.887045E-14
4952.00  3.856421E-14
4954.00  3.811303E-14
4956.00  3.770196E-14
4958.00  3.758165E-14
4960.00  3.775312E-14
4962.00  3.789878E-14
4964.00  3.787839E-14
4966.00  3.778561E-14
4968.00  3.776934E-14
4970.00  3.785980E-14
4972.00  3.797486E-14
4974.00  3.798960E-14
4976.00  3.781484E-14
4978.00  3.745178E-14
4980.00  3.701500E-14
4982.00  3.669030E-14
4984.00  3.665512E-14
4986.00  3.687305E-14
4988.00  3.709359E-14
4990.00  3.720242E-14
4992.00  3.725167E-14
4994.00  3.723955E-14
4996.00  3.710328E-14
4998.00  3.680294E-14
5000.00  3.640873E-14
5002.00  3.610296E-14
5004.00  3.593921E-14
5006.00  3.588085E-14
5008.00  3.585772E-14
5010.00  3.568273E-14
5012.00  3.532039E-14
5014.00  3.501634E-14
5016.00  3.499683E-14
5018.00  3.524901E-14
5020.00  3.561136E-14
5022.00  3.592480E-14
5024.00  3.616622E-14
5026.00  3.632980E-14
5028.00  3.645139E-14
5030.00  3.655125E-14
5032.00  3.654813E-14
5034.00  3.634406E-14
5036.00  3.595904E-14
5038.00  3.559989E-14
5040.00  3.542390E-14
5042.00  3.558435E-14
5044.00  3.590904E-14
5046.00  3.606408E-14
5048.00  3.603739E-14
5050.00  3.600833E-14
5052.00  3.611609E-14
5054.00  3.634475E-14
5056.00  3.658823E-14
5058.00  3.677993E-14
5060.00  3.680955E-14
5062.00  3.665713E-14
5064.00  3.638451E-14
5066.00  3.616047E-14
5068.00  3.603662E-14
5070.00  3.597423E-14
5072.00  3.590833E-14
5074.00  3.581012E-14
5076.00  3.566229E-14
5078.00  3.547210E-14
5080.00  3.536480E-14
5082.00  3.544367E-14
5084.00  3.565516E-14
5086.00  3.591765E-14
5088.00  3.613176E-14
5090.00  3.624871E-14
5092.00  3.621710E-14
5094.00  3.601320E-14
5096.00  3.571809E-14
5098.00  3.550667E-14
5100.00  3.546378E-14
5102.00  3.551029E-14
5104.00  3.551083E-14
5106.00  3.546940E-14
5108.00  3.547694E-14
5110.00  3.559578E-14
5112.00  3.579909E-14
5114.00  3.598700E-14
5116.00  3.608131E-14
5118.00  3.600827E-14
5120.00  3.576048E-14
5122.00  3.543491E-14
5124.00  3.515849E-14
5126.00  3.502650E-14
5128.00  3.502958E-14
5130.00  3.512436E-14
5132.00  3.523338E-14
5134.00  3.527135E-14
5136.00  3.521501E-14
5138.00  3.507095E-14
5140.00  3.492615E-14
5142.00  3.480925E-14
5144.00  3.472299E-14
5146.00  3.464556E-14
5148.00  3.458285E-14
5150.00  3.455357E-14
5152.00  3.460375E-14
5154.00  3.478986E-14
5156.00  3.505730E-14
5158.00  3.521875E-14
5160.00  3.507926E-14
5162.00  3.452893E-14
5164.00  3.368023E-14
5166.00  3.276190E-14
5168.00  3.212842E-14
5170.00  3.201215E-14
5172.00  3.225444E-14
5174.00  3.280827E-14
5176.00  3.329143E-14
5178.00  3.334605E-14
5180.00  3.305996E-14
5182.00  3.272867E-14
5184.00  3.274339E-14
5186.00  3.312922E-14
5188.00  3.347081E-14
5190.00  3.362559E-14
5192.00  3.364164E-14
5194.00  3.373012E-14
5196.00  3.391861E-14
5198.00  3.407885E-14
5200.00  3.404176E-14
5202.00  3.375107E-14
5204.00  3.334524E-14
5206.00  3.309107E-14
5208.00  3.316361E-14
5210.00  3.348745E-14
5212.00  3.389182E-14
5214.00  3.418789E-14
5216.00  3.437204E-14
5218.00  3.452257E-14
5220.00  3.451693E-14
5222.00  3.425639E-14
5224.00  3.387051E-14
5226.00  3.358473E-14
5228.00  3.360317E-14
5230.00  3.380760E-14
5232.00  3.400348E-14
5234.00  3.421152E-14
5236.00  3.445967E-14
5238.00  3.466690E-14
5240.00  3.476066E-14
5242.00  3.471572E-14
5244.00  3.455993E-14
5246.00  3.431420E-14
5248.00  3.409603E-14
5250.00  3.400497E-14
5252.00  3.405930E-14
5254.00  3.419819E-14
5256.00  3.427086E-14
5258.00  3.411742E-14
5260.00  3.365052E-14
5262.00  3.302800E-14
5264.00  3.248519E-14
5266.00  3.219839E-14
5268.00  3.219817E-14
5270.00  3.240142E-14
5272.00  3.282973E-14
5274.00  3.329211E-14
5276.00  3.366602E-14
5278.00  3.388785E-14
5280.00  3.393715E-14
5282.00  3.399592E-14
5284.00  3.418467E-14
5286.00  3.447846E-14
5288.00  3.469089E-14
5290.00  3.471311E-14
5292.00  3.451216E-14
5294.00  3.416901E-14
5296.00  3.383235E-14
5298.00  3.368482E-14
5300.00  3.381484E-14
5302.00  3.407075E-14
5304.00  3.434273E-14
5306.00  3.450863E-14
5308.00  3.456430E-14
5310.00  3.452830E-14
5312.00  3.438036E-14
5314.00  3.420827E-14
5316.00  3.406844E-14
5318.00  3.398397E-14
5320.00  3.385261E-14
5322.00  3.356806E-14
5324.00  3.316242E-14
5326.00  3.284817E-14
5328.00  3.274733E-14
5330.00  3.298636E-14
5332.00  3.334386E-14
5334.00  3.358411E-14
5336.00  3.361826E-14
5338.00  3.350366E-14
5340.00  3.337959E-14
5342.00  3.333791E-14
5344.00  3.335252E-14
5346.00  3.339307E-14
5348.00  3.351928E-14
5350.00  3.374085E-14
5352.00  3.402361E-14
5354.00  3.424584E-14
5356.00  3.433614E-14
5358.00  3.424705E-14
5360.00  3.401630E-14
5362.00  3.372005E-14
5364.00  3.343017E-14
5366.00  3.317060E-14
5368.00  3.298245E-14
5370.00  3.293616E-14
5372.00  3.308806E-14
5374.00  3.338904E-14
5376.00  3.362798E-14
5378.00  3.372406E-14
5380.00  3.370056E-14
5382.00  3.363944E-14
5384.00  3.358027E-14
5386.00  3.350216E-14
5388.00  3.335161E-14
5390.00  3.314299E-14
5392.00  3.291149E-14
5394.00  3.272960E-14
5396.00  3.263485E-14
5398.00  3.262522E-14
5400.00  3.261743E-14
5402.00  3.250437E-14
5404.00  3.233519E-14
5406.00  3.221624E-14
5408.00  3.227652E-14
5410.00  3.245035E-14
5412.00  3.273429E-14
5414.00  3.300654E-14
5416.00  3.320630E-14
5418.00  3.330119E-14
5420.00  3.327241E-14
5422.00  3.320562E-14
5424.00  3.309384E-14
5426.00  3.296165E-14
5428.00  3.279636E-14
5430.00  3.262031E-14
5432.00  3.258763E-14
5434.00  3.270342E-14
5436.00  3.297731E-14
5438.00  3.326688E-14
5440.00  3.337845E-14
5442.00  3.324797E-14
5444.00  3.294879E-14
5446.00  3.265698E-14
5448.00  3.249239E-14
5450.00  3.241339E-14
5452.00  3.233546E-14
5454.00  3.229003E-14
5456.00  3.230727E-14
5458.00  3.238696E-14
5460.00  3.242579E-14
5462.00  3.243477E-14
5464.00  3.246492E-14
5466.00  3.251682E-14
5468.00  3.252669E-14
5470.00  3.243910E-14
5472.00  3.225483E-14
5474.00  3.207185E-14
5476.00  3.197137E-14
5478.00  3.200469E-14
5480.00  3.214499E-14
5482.00  3.229062E-14
5484.00  3.241933E-14
5486.00  3.247935E-14
5488.00  3.249147E-14
5490.00  3.249301E-14
5492.00  3.246835E-14
5494.00  3.240643E-14
5496.00  3.230010E-14
5498.00  3.215125E-14
5500.00  3.200981E-14
5502.00  3.186085E-14
5504.00  3.176012E-14
5506.00  3.168180E-14
5508.00  3.163503E-14
5510.00  3.161035E-14
5512.00  3.161710E-14
5514.00  3.171560E-14
5516.00  3.189905E-14
5518.00  3.209511E-14
5520.00  3.220377E-14
5522.00  3.216039E-14
5524.00  3.200106E-14
5526.00  3.182825E-14
5528.00  3.174327E-14
5530.00  3.177175E-14
5532.00  3.184231E-14
5534.00  3.190453E-14
5536.00  3.196475E-14
5538.00  3.202129E-14
5540.00  3.205304E-14
5542.00  3.207280E-14
5544.00  3.209636E-14
5546.00  3.216193E-14
5548.00  3.222836E-14
5550.00  3.225768E-14
5552.00  3.223752E-14
5554.00  3.218940E-14
5556.00  3.214242E-14
5558.00  3.208119E-14
5560.00  3.200512E-14
5562.00  3.190833E-14
5564.00  3.182104E-14
5566.00  3.174533E-14
5568.00  3.169009E-14
5570.00  3.165911E-14
5572.00  3.167237E-14
5574.00  3.172577E-14
5576.00  3.180365E-14
5578.00  3.185345E-14
5580.00  3.183674E-14
5582.00  3.170273E-14
5584.00  3.146650E-14
5586.00  3.120778E-14
5588.00  3.105093E-14
5590.00  3.105168E-14
5592.00  3.116006E-14
5594.00  3.124689E-14
5596.00  3.126598E-14
5598.00  3.121496E-14
5600.00  3.122200E-14
5602.00  3.135592E-14
5604.00  3.161111E-14
5606.00  3.186572E-14
5608.00  3.199840E-14
5610.00  3.194441E-14
5612.00  3.174362E-14
5614.00  3.151426E-14
5616.00  3.137010E-14
5618.00  3.136338E-14
5620.00  3.139338E-14
5622.00  3.141897E-14
5624.00  3.143581E-14
5626.00  3.149080E-14
5628.00  3.157289E-14
5630.00  3.161651E-14
5632.00  3.158489E-14
5634.00  3.148284E-14
5636.00  3.135928E-14
5638.00  3.125420E-14
5640.00  3.120311E-14
5642.00  3.119791E-14
5644.00  3.122848E-14
5646.00  3.126275E-14
5648.00  3.128664E-14
5650.00  3.126568E-14
5652.00  3.118270E-14
5654.00  3.102018E-14
5656.00  3.084797E-14
5658.00  3.072933E-14
5660.00  3.072626E-14
5662.00  3.080008E-14
5664.00  3.089043E-14
5666.00  3.096650E-14
5668.00  3.103505E-14
5670.00  3.111609E-14
5672.00  3.119915E-14
5674.00  3.124689E-14
5676.00  3.122756E-14
5678.00  3.114141E-14
5680.00  3.101001E-14
5682.00  3.089140E-14
5684.00  3.081150E-14
5686.00  3.080646E-14
5688.00  3.085974E-14
5690.00  3.095973E-14
5692.00  3.104853E-14
5694.00  3.107731E-14
5696.00  3.102601E-14
5698.00  3.092215E-14
5700.00  3.080706E-14
5702.00  3.069149E-14
5704.00  3.057304E-14
5706.00  3.045281E-14
5708.00  3.038858E-14
5710.00  3.043744E-14
5712.00  3.059735E-14
5714.00  3.081514E-14
5716.00  3.100850E-14
5718.00  3.115239E-14
5720.00  3.123762E-14
5722.00  3.126592E-14
5724.00  3.124500E-14
5726.00  3.120692E-14
5728.00  3.118651E-14
5730.00  3.121049E-14
5732.00  3.125016E-14
5734.00  3.128216E-14
5736.00  3.127910E-14
5738.00  3.125758E-14
5740.00  3.123362E-14
5742.00  3.122386E-14
5744.00  3.120960E-14
5746.00  3.118352E-14
5748.00  3.112783E-14
5750.00  3.106352E-14
5752.00  3.102787E-14
5754.00  3.103735E-14
5756.00  3.106593E-14
5758.00  3.106047E-14
5760.00  3.102771E-14
5762.00  3.101580E-14
5764.00  3.105109E-14
5766.00  3.110038E-14
5768.00  3.111268E-14
5770.00  3.106565E-14
5772.00  3.097631E-14
5774.00  3.085570E-14
5776.00  3.069979E-14
5778.00  3.052479E-14
5780.00  3.037544E-14
5782.00  3.030096E-14
5784.00  3.033812E-14
5786.00  3.044095E-14
5788.00  3.057657E-14
5790.00  3.071084E-14
5792.00  3.083742E-14
5794.00  3.094268E-14
5796.00  3.103288E-14
5798.00  3.110040E-14
5800.00  3.114963E-14
5802.00  3.116767E-14
5804.00  3.115344E-14
5806.00  3.112334E-14
5808.00  3.107709E-14
5810.00  3.101609E-14
5812.00  3.093796E-14
5814.00  3.088491E-14
5816.00  3.087188E-14
5818.00  3.089869E-14
5820.00  3.093377E-14
5822.00  3.095855E-14
5824.00  3.098003E-14
5826.00  3.100009E-14
5828.00  3.101292E-14
5830.00  3.100558E-14
5832.00  3.097662E-14
5834.00  3.094480E-14
5836.00  3.092138E-14
5838.00  3.091201E-14
5840.00  3.089708E-14
5842.00  3.085307E-14
5844.00  3.076636E-14
5846.00  3.063501E-14
5848.00  3.046839E-14
5850.00  3.027838E-14
5852.00  3.008165E-14
5854.00  2.990682E-14
5856.00  2.980632E-14
5858.00  2.978905E-14
5860.00  2.984332E-14
5862.00  2.989998E-14
5864.00  2.992237E-14
5866.00  2.989651E-14
5868.00  2.981836E-14
5870.00  2.967399E-14
5872.00  2.947762E-14
5874.00  2.930315E-14
5876.00  2.919659E-14
5878.00  2.916713E-14
5880.00  2.909683E-14
5882.00  2.888035E-14
5884.00  2.843023E-14
5886.00  2.778302E-14
5888.00  2.715022E-14
5890.00  2.670780E-14
5892.00  2.658988E-14
5894.00  2.675174E-14
5896.00  2.713510E-14
5898.00  2.767567E-14
5900.00  2.823266E-14
5902.00  2.870760E-14
5904.00  2.902446E-14
5906.00  2.920290E-14
5908.00  2.927471E-14
5910.00  2.926187E-14
5912.00  2.920631E-14
5914.00  2.914739E-14
5916.00  2.913318E-14
5918.00  2.916318E-14
5920.00  2.921391E-14
5922.00  2.925945E-14
5924.00  2.928425E-14
5926.00  2.928729E-14
5928.00  2.928151E-14
5930.00  2.928269E-14
5932.00  2.930479E-14
5934.00  2.933101E-14
5936.00  2.934328E-14
5938.00  2.932056E-14
5940.00  2.927960E-14
5942.00  2.923731E-14
5944.00  2.920806E-14
5946.00  2.918132E-14
5948.00  2.915037E-14
5950.00  2.911129E-14
5952.00  2.907345E-14
5954.00  2.905120E-14
5956.00  2.906076E-14
5958.00  2.911079E-14
5960.00  2.917728E-14
5962.00  2.923265E-14
5964.00  2.926783E-14
5966.00  2.928980E-14
5968.00  2.930400E-14
5970.00  2.928914E-14
5972.00  2.922965E-14
5974.00  2.913952E-14
5976.00  2.905468E-14
5978.00  2.900464E-14
5980.00  2.898474E-14
5982.00  2.898639E-14
5984.00  2.900783E-14
5986.00  2.906089E-14
5988.00  2.912970E-14
5990.00  2.920420E-14
5992.00  2.925035E-14
5994.00  2.926252E-14
5996.00  2.922841E-14
5998.00  2.916799E-14
6000.00  2.908957E-14
6002.00  2.901066E-14
6004.00  2.893862E-14
6006.00  2.889183E-14
6008.00  2.887434E-14
6010.00  2.888126E-14
6012.00  2.888548E-14
6014.00  2.887738E-14
6016.00  2.885887E-14
6018.00  2.884635E-14
6020.00  2.886188E-14
6022.00  2.892394E-14
6024.00  2.902210E-14
6026.00  2.914881E-14
6028.00  2.925836E-14
6030.00  2.934296E-14
6032.00  2.938460E-14
6034.00  2.938670E-14
6036.00  2.935779E-14
6038.00  2.931956E-14
6040.00  2.929964E-14
6042.00  2.932213E-14
6044.00  2.937645E-14
6046.00  2.942866E-14
6048.00  2.944399E-14
6050.00  2.940483E-14
6052.00  2.932969E-14
6054.00  2.925044E-14
6056.00  2.918977E-14
6058.00  2.914607E-14
6060.00  2.910244E-14
6062.00  2.906396E-14
6064.00  2.906635E-14
6066.00  2.912468E-14
6068.00  2.921776E-14
6070.00  2.929246E-14
6072.00  2.930655E-14
6074.00  2.925147E-14
6076.00  2.914611E-14
6078.00  2.902600E-14
6080.00  2.893039E-14
6082.00  2.887351E-14
6084.00  2.886206E-14
6086.00  2.886989E-14
6088.00  2.889111E-14
6090.00  2.892252E-14
6092.00  2.895970E-14
6094.00  2.897744E-14
6096.00  2.893943E-14
6098.00  2.883534E-14
6100.00  2.870874E-14
6102.00  2.863834E-14
6104.00  2.867216E-14
6106.00  2.878076E-14
6108.00  2.890480E-14
6110.00  2.898834E-14
6112.00  2.900926E-14
6114.00  2.895662E-14
6116.00  2.882708E-14
6118.00  2.865288E-14
6120.00  2.849871E-14
6122.00  2.843285E-14
6124.00  2.847716E-14
6126.00  2.858111E-14
6128.00  2.866353E-14
6130.00  2.865183E-14
6132.00  2.852384E-14
6134.00  2.832982E-14
6136.00  2.817812E-14
6138.00  2.814762E-14
6140.00  2.823243E-14
6142.00  2.836409E-14
6144.00  2.845176E-14
6146.00  2.845865E-14
6148.00  2.839720E-14
6150.00  2.830264E-14
6152.00  2.817691E-14
6154.00  2.799160E-14
6156.00  2.772678E-14
6158.00  2.740465E-14
6160.00  2.710946E-14
6162.00  2.692573E-14
6164.00  2.689022E-14
6166.00  2.695016E-14
6168.00  2.707171E-14
6170.00  2.721709E-14
6172.00  2.737581E-14
6174.00  2.752436E-14
6176.00  2.764206E-14
6178.00  2.772310E-14
6180.00  2.775172E-14
6182.00  2.771492E-14
6184.00  2.760333E-14
6186.00  2.745263E-14
6188.00  2.731334E-14
6190.00  2.725116E-14
6192.00  2.727557E-14
6194.00  2.735452E-14
6196.00  2.744236E-14
6198.00  2.751981E-14
6200.00  2.759581E-14
6202.00  2.767277E-14
6204.00  2.772452E-14
6206.00  2.771112E-14
6208.00  2.761266E-14
6210.00  2.743934E-14
6212.00  2.724050E-14
6214.00  2.707032E-14
6216.00  2.696147E-14
6218.00  2.691524E-14
6220.00  2.690138E-14
6222.00  2.688737E-14
6224.00  2.683954E-14
6226.00  2.675690E-14
6228.00  2.667636E-14
6230.00  2.663838E-14
6232.00  2.665419E-14
6234.00  2.667983E-14
6236.00  2.666590E-14
6238.00  2.659963E-14
6240.00  2.651221E-14
6242.00  2.645191E-14
6244.00  2.644240E-14
6246.00  2.647223E-14
6248.00  2.650021E-14
6250.00  2.648691E-14
6252.00  2.644033E-14
6254.00  2.640439E-14
6256.00  2.642592E-14
6258.00  2.651641E-14
6260.00  2.665154E-14
6262.00  2.678555E-14
6264.00  2.688167E-14
6266.00  2.692695E-14
6268.00  2.691156E-14
6270.00  2.682301E-14
6272.00  2.665558E-14
6274.00  2.644306E-14
6276.00  2.626437E-14
6278.00  2.620392E-14
6280.00  2.629055E-14
6282.00  2.647601E-14
6284.00  2.667000E-14
6286.00  2.679753E-14
6288.00  2.683295E-14
6290.00  2.679122E-14
6292.00  2.670949E-14
6294.00  2.661654E-14
6296.00  2.654392E-14
6298.00  2.651671E-14
6300.00  2.655394E-14
6302.00  2.665007E-14
6304.00  2.677502E-14
6306.00  2.688065E-14
6308.00  2.693196E-14
6310.00  2.692349E-14
6312.00  2.687875E-14
6314.00  2.684072E-14
6316.00  2.684591E-14
6318.00  2.691123E-14
6320.00  2.702340E-14
6322.00  2.714485E-14
6324.00  2.724581E-14
6326.00  2.730403E-14
6328.00  2.731367E-14
6330.00  2.727959E-14
6332.00  2.722046E-14
6334.00  2.717049E-14
6336.00  2.715810E-14
6338.00  2.718310E-14
6340.00  2.721749E-14
6342.00  2.724644E-14
6344.00  2.727768E-14
6346.00  2.732746E-14
6348.00  2.737387E-14
6350.00  2.738535E-14
6352.00  2.733468E-14
6354.00  2.723284E-14
6356.00  2.711126E-14
6358.00  2.700567E-14
6360.00  2.694387E-14
6362.00  2.693674E-14
6364.00  2.697554E-14
6366.00  2.704027E-14
6368.00  2.711256E-14
6370.00  2.717902E-14
6372.00  2.722734E-14
6374.00  2.724337E-14
6376.00  2.722196E-14
6378.00  2.717378E-14
6380.00  2.712853E-14
6382.00  2.710136E-14
6384.00  2.709109E-14
6386.00  2.707923E-14
6388.00  2.705200E-14
6390.00  2.701874E-14
6392.00  2.699702E-14
6394.00  2.699571E-14
6396.00  2.701384E-14
6398.00  2.704919E-14
6400.00  2.710293E-14
6402.00  2.716614E-14
6404.00  2.721348E-14
6406.00  2.723198E-14
6408.00  2.722615E-14
6410.00  2.721299E-14
6412.00  2.719338E-14
6414.00  2.716571E-14
6416.00  2.713170E-14
6418.00  2.711363E-14
6420.00  2.713819E-14
6422.00  2.719387E-14
6424.00  2.724444E-14
6426.00  2.725596E-14
6428.00  2.722764E-14
6430.00  2.718742E-14
6432.00  2.715349E-14
6434.00  2.713132E-14
6436.00  2.712099E-14
6438.00  2.714393E-14
6440.00  2.720199E-14
6442.00  2.725611E-14
6444.00  2.724932E-14
6446.00  2.716502E-14
6448.00  2.704562E-14
6450.00  2.695057E-14
6452.00  2.691347E-14
6454.00  2.692405E-14
6456.00  2.694009E-14
6458.00  2.693864E-14
6460.00  2.692757E-14
6462.00  2.693576E-14
6464.00  2.698393E-14
6466.00  2.705344E-14
6468.00  2.710716E-14
6470.00  2.712713E-14
6472.00  2.711688E-14
6474.00  2.709022E-14
6476.00  2.704560E-14
6478.00  2.698229E-14
6480.00  2.691605E-14
6482.00  2.686305E-14
6484.00  2.681347E-14
6486.00  2.672277E-14
6488.00  2.654919E-14
6490.00  2.629968E-14
6492.00  2.605561E-14
6494.00  2.592526E-14
6496.00  2.597072E-14
6498.00  2.617657E-14
6500.00  2.645657E-14
6502.00  2.672009E-14
6504.00  2.691445E-14
6506.00  2.702695E-14
6508.00  2.706411E-14
6510.00  2.704125E-14
6512.00  2.698274E-14
6514.00  2.692585E-14
6516.00  2.690727E-14
6518.00  2.693810E-14
6520.00  2.699367E-14
6522.00  2.704251E-14
6524.00  2.706236E-14
6526.00  2.705450E-14
6528.00  2.703181E-14
6530.00  2.701399E-14
6532.00  2.701208E-14
6534.00  2.702172E-14
6536.00  2.701522E-14
6538.00  2.695295E-14
6540.00  2.681266E-14
6542.00  2.659493E-14
6544.00  2.633476E-14
6546.00  2.604701E-14
6548.00  2.572335E-14
6550.00  2.531947E-14
6552.00  2.478013E-14
6554.00  2.407388E-14
6556.00  2.322674E-14
6558.00  2.239487E-14
6560.00  2.183646E-14
6562.00  2.178305E-14
6564.00  2.223507E-14
6566.00  2.298396E-14
6568.00  2.375585E-14
6570.00  2.438624E-14
6572.00  2.485475E-14
6574.00  2.520941E-14
6576.00  2.548899E-14
6578.00  2.571046E-14
6580.00  2.588558E-14
6582.00  2.602445E-14
6584.00  2.612296E-14
6586.00  2.616879E-14
6588.00  2.615675E-14
6590.00  2.610479E-14
6592.00  2.606111E-14
6594.00  2.605661E-14
6596.00  2.609430E-14
6598.00  2.614520E-14
6600.00  2.617806E-14
6602.00  2.617497E-14
6604.00  2.614947E-14
6606.00  2.612975E-14
6608.00  2.613910E-14
6610.00  2.617444E-14
6612.00  2.622020E-14
6614.00  2.625047E-14
6616.00  2.625013E-14
6618.00  2.621668E-14
6620.00  2.615804E-14
6622.00  2.608694E-14
6624.00  2.601511E-14
6626.00  2.595091E-14
6628.00  2.589941E-14
6630.00  2.586328E-14
6632.00  2.584611E-14
6634.00  2.583912E-14
6636.00  2.583316E-14
6638.00  2.582423E-14
6640.00  2.581341E-14
6642.00  2.581230E-14
6644.00  2.581936E-14
6646.00  2.582552E-14
6648.00  2.581381E-14
6650.00  2.578085E-14
6652.00  2.573194E-14
6654.00  2.567322E-14
6656.00  2.561018E-14
6658.00  2.554539E-14
6660.00  2.548902E-14
6662.00  2.546084E-14
6664.00  2.546529E-14
6666.00  2.548677E-14
6668.00  2.548570E-14
6670.00  2.542668E-14
6672.00  2.530010E-14
6674.00  2.513398E-14
6676.00  2.500260E-14
6678.00  2.495472E-14
6680.00  2.499787E-14
6682.00  2.509144E-14
6684.00  2.518738E-14
6686.00  2.525644E-14
6688.00  2.528798E-14
6690.00  2.529038E-14
6692.00  2.527188E-14
6694.00  2.524956E-14
6696.00  2.523888E-14
6698.00  2.524251E-14
6700.00  2.525684E-14
6702.00  2.527584E-14
6704.00  2.528921E-14
6706.00  2.528317E-14
6708.00  2.524060E-14
6710.00  2.515578E-14
6712.00  2.503808E-14
6714.00  2.491786E-14
6716.00  2.483558E-14
6718.00  2.480935E-14
6720.00  2.483451E-14
6722.00  2.488380E-14
6724.00  2.494037E-14
6726.00  2.498770E-14
6728.00  2.502067E-14
6730.00  2.503443E-14
6732.00  2.502910E-14
6734.00  2.500829E-14
6736.00  2.498070E-14
6738.00  2.495002E-14
6740.00  2.491212E-14
6742.00  2.486450E-14
6744.00  2.480603E-14
6746.00  2.474657E-14
6748.00  2.470681E-14
6750.00  2.470090E-14
6752.00  2.473275E-14
6754.00  2.478682E-14
6756.00  2.484297E-14
6758.00  2.487880E-14
6760.00  2.488758E-14
6762.00  2.487097E-14
6764.00  2.484304E-14
6766.00  2.482840E-14
6768.00  2.484096E-14
6770.00  2.488365E-14
6772.00  2.493604E-14
6774.00  2.497451E-14
6776.00  2.497246E-14
6778.00  2.492441E-14
6780.00  2.484175E-14
6782.00  2.475397E-14
6784.00  2.468538E-14
6786.00  2.464751E-14
6788.00  2.463319E-14
6790.00  2.463132E-14
6792.00  2.463412E-14
6794.00  2.464155E-14
6796.00  2.465608E-14
6798.00  2.467688E-14
6800.00  2.469587E-14
6802.00  2.470824E-14
6804.00  2.471077E-14
6806.00  2.470766E-14
6808.00  2.470402E-14
6810.00  2.469889E-14
6812.00  2.469480E-14
6814.00  2.469129E-14
6816.00  2.469051E-14
6818.00  2.469497E-14
6820.00  2.470268E-14
6822.00  2.471024E-14
6824.00  2.471352E-14
6826.00  2.471626E-14
6828.00  2.471697E-14
6830.00  2.470895E-14
6832.00  2.468113E-14
6834.00  2.462639E-14
6836.00  2.455438E-14
6838.00  2.448827E-14
6840.00  2.445306E-14
6842.00  2.445287E-14
6844.00  2.446816E-14
6846.00  2.447412E-14
6848.00  2.445492E-14
6850.00  2.440814E-14
6852.00  2.433930E-14
6854.00  2.426165E-14
6856.00  2.419473E-14
6858.00  2.415678E-14
6860.00  2.415479E-14
6862.00  2.418598E-14
6864.00  2.423285E-14
6866.00  2.427477E-14
6868.00  2.430144E-14
6870.00  2.431918E-14
6872.00  2.433670E-14
6874.00  2.435703E-14
6876.00  2.436982E-14
6878.00  2.436182E-14
6880.00  2.432949E-14
6882.00  2.429375E-14
6884.00  2.427906E-14
6886.00  2.430197E-14
6888.00  2.435269E-14
6890.00  2.440872E-14
6892.00  2.444869E-14
6894.00  2.446134E-14
6896.00  2.445263E-14
6898.00  2.443312E-14
6900.00  2.442075E-14
6902.00  2.443091E-14
6904.00  2.446489E-14
6906.00  2.451136E-14
6908.00  2.454632E-14
6910.00  2.455392E-14
6912.00  2.452720E-14
6914.00  2.447782E-14
6916.00  2.442776E-14
6918.00  2.439908E-14
6920.00  2.441048E-14
6922.00  2.446016E-14
6924.00  2.453963E-14
6926.00  2.463170E-14
6928.00  2.471904E-14
6930.00  2.478943E-14
6932.00  2.483709E-14
6934.00  2.487177E-14
6936.00  2.490428E-14
6938.00  2.494064E-14
6940.00  2.498035E-14
6942.00  2.501329E-14
6944.00  2.503375E-14
6946.00  2.503363E-14
6948.00  2.501264E-14
6950.00  2.498099E-14
6952.00  2.494654E-14
6954.00  2.492593E-14
6956.00  2.492282E-14
6958.00  2.493878E-14
6960.00  2.496606E-14
6962.00  2.500010E-14
6964.00  2.503117E-14
6966.00  2.504562E-14
6968.00  2.503010E-14
6970.00  2.497614E-14
6972.00  2.489356E-14
6974.00  2.481123E-14
6976.00  2.476634E-14
6978.00  2.477828E-14
6980.00  2.483639E-14
6982.00  2.490738E-14
6984.00  2.495666E-14
6986.00  2.497415E-14
6988.00  2.496587E-14
6990.00  2.494643E-14
6992.00  2.492498E-14
6994.00  2.489677E-14
6996.00  2.486508E-14
6998.00  2.483237E-14
7000.00  2.480695E-14
7002.00  2.480129E-14
7004.00  2.481476E-14
7006.00  2.483914E-14
7008.00  2.486001E-14
7010.00  2.486654E-14
7012.00  2.486374E-14
7014.00  2.486962E-14
7016.00  2.489225E-14
7018.00  2.492594E-14
7020.00  2.496092E-14
7022.00  2.499561E-14
7024.00  2.504508E-14
7026.00  2.512017E-14
7028.00  2.521234E-14
7030.00  2.530773E-14
7032.00  2.539530E-14
7034.00  2.547844E-14
7036.00  2.557303E-14
7038.00  2.568266E-14
7040.00  2.579581E-14
7042.00  2.588809E-14
7044.00  2.592693E-14
7046.00  2.588479E-14
7048.00  2.574928E-14
7050.00  2.552114E-14
7052.00  2.522508E-14
7054.00  2.490430E-14
7056.00  2.460273E-14
7058.00  2.435360E-14
7060.00  2.417922E-14
7062.00  2.408582E-14
7064.00  2.407820E-14
7066.00  2.414888E-14
7068.00  2.427113E-14
7070.00  2.440524E-14
7072.00  2.451285E-14
7074.00  2.457283E-14
7076.00  2.458078E-14
7078.00  2.453694E-14
7080.00  2.444904E-14
7082.00  2.432515E-14
7084.00  2.416906E-14
7086.00  2.400047E-14
7088.00  2.384387E-14
7090.00  2.372116E-14
7092.00  2.364980E-14
7094.00  2.363049E-14
7096.00  2.364121E-14
7098.00  2.366615E-14
7100.00  2.369487E-14
7102.00  2.371922E-14
7104.00  2.374184E-14
7106.00  2.376555E-14
7108.00  2.379416E-14
7110.00  2.382811E-14
7112.00  2.386399E-14
7114.00  2.389440E-14
7116.00  2.390577E-14
7118.00  2.388252E-14
7120.00  2.380743E-14
7122.00  2.367309E-14
7124.00  2.349518E-14
7126.00  2.331169E-14
7128.00  2.316534E-14
7130.00  2.308354E-14
7132.00  2.306570E-14
7134.00  2.308255E-14
7136.00  2.310612E-14
7138.00  2.311685E-14
7140.00  2.310893E-14
7142.00  2.308756E-14
7144.00  2.306958E-14
7146.00  2.307755E-14
7148.00  2.312222E-14
7150.00  2.319735E-14
7152.00  2.327927E-14
7154.00  2.332849E-14
7156.00  2.332519E-14
7158.00  2.326586E-14
7160.00  2.317375E-14
7162.00  2.308846E-14
7164.00  2.302813E-14
7166.00  2.300128E-14
7168.00  2.299479E-14
7170.00  2.297894E-14
7172.00  2.294865E-14
7174.00  2.289789E-14
7176.00  2.282881E-14
7178.00  2.275147E-14
7180.00  2.267303E-14
7182.00  2.261516E-14
7184.00  2.259670E-14
7186.00  2.261865E-14
7188.00  2.267956E-14
7190.00  2.275362E-14
7192.00  2.280580E-14
7194.00  2.281761E-14
7196.00  2.278718E-14
7198.00  2.273558E-14
7200.00  2.269628E-14
7202.00  2.270512E-14
7204.00  2.278335E-14
7206.00  2.291993E-14
7208.00  2.308818E-14
7210.00  2.325803E-14
7212.00  2.340050E-14
7214.00  2.349920E-14
7216.00  2.356076E-14
7218.00  2.359788E-14
7220.00  2.362316E-14
7222.00  2.364279E-14
7224.00  2.365314E-14
7226.00  2.364093E-14
7228.00  2.360251E-14
7230.00  2.355182E-14
7232.00  2.350598E-14
7234.00  2.348255E-14
7236.00  2.348780E-14
7238.00  2.351274E-14
7240.00  2.355215E-14
7242.00  2.360216E-14
7244.00  2.364559E-14
7246.00  2.368117E-14
7248.00  2.371418E-14
7250.00  2.374993E-14
7252.00  2.379414E-14
7254.00  2.383954E-14
7256.00  2.387043E-14
7258.00  2.388776E-14
7260.00  2.390395E-14
7262.00  2.393158E-14
7264.00  2.396347E-14
7266.00  2.397516E-14
7268.00  2.394963E-14
7270.00  2.389492E-14
7272.00  2.383815E-14
7274.00  2.380457E-14
7276.00  2.380387E-14
7278.00  2.383148E-14
7280.00  2.386594E-14
7282.00  2.388544E-14
7284.00  2.389253E-14
7286.00  2.390147E-14
7288.00  2.393498E-14
7290.00  2.401156E-14
7292.00  2.412055E-14
7294.00  2.422721E-14
7296.00  2.430381E-14
7298.00  2.434159E-14
7300.00  2.435029E-14
7302.00  2.434987E-14
7304.00  2.436112E-14
7306.00  2.438877E-14
7308.00  2.443247E-14
7310.00  2.448887E-14
7312.00  2.454838E-14
7314.00  2.460085E-14
7316.00  2.464044E-14
7318.00  2.466162E-14
7320.00  2.466540E-14
7322.00  2.466026E-14
7324.00  2.465737E-14
7326.00  2.467650E-14
7328.00  2.473103E-14
7330.00  2.482049E-14
7332.00  2.492769E-14
7334.00  2.502650E-14
7336.00  2.509224E-14
7338.00  2.510787E-14
7340.00  2.507718E-14
7342.00  2.502079E-14
7344.00  2.495575E-14
7346.00  2.489518E-14
7348.00  2.484133E-14
7350.00  2.478905E-14
7352.00  2.474537E-14
7354.00  2.472152E-14
7356.00  2.472494E-14
7358.00  2.475893E-14
7360.00  2.481837E-14
7362.00  2.489581E-14
7364.00  2.498695E-14
7366.00  2.508419E-14
7368.00  2.517340E-14
7370.00  2.524492E-14
7372.00  2.529203E-14
7374.00  2.530993E-14
7376.00  2.529418E-14
7378.00  2.524509E-14
7380.00  2.516613E-14
7382.00  2.507266E-14
7384.00  2.499027E-14
7386.00  2.494003E-14
7388.00  2.493018E-14
7390.00  2.495536E-14
7392.00  2.499733E-14
7394.00  2.503735E-14
7396.00  2.506944E-14
7398.00  2.508913E-14
7400.00  2.509343E-14
7402.00  2.508266E-14
7404.00  2.505931E-14
7406.00  2.502361E-14
7408.00  2.498012E-14
7410.00  2.494039E-14
7412.00  2.491421E-14
7414.00  2.489933E-14
7416.00  2.489777E-14
7418.00  2.492083E-14
7420.00  2.496947E-14
7422.00  2.504011E-14
7424.00  2.512665E-14
7426.00  2.521312E-14
7428.00  2.527677E-14
7430.00  2.530562E-14
7432.00  2.529978E-14
7434.00  2.526462E-14
7436.00  2.520752E-14
7438.00  2.513994E-14
7440.00  2.507997E-14
7442.00  2.504484E-14
7444.00  2.504447E-14
7446.00  2.507909E-14
7448.00  2.513759E-14
7450.00  2.519580E-14
7452.00  2.522853E-14
7454.00  2.521982E-14
7456.00  2.517395E-14
7458.00  2.511615E-14
7460.00  2.507382E-14
7462.00  2.506320E-14
7464.00  2.508825E-14
7466.00  2.513303E-14
7468.00  2.517472E-14
7470.00  2.520508E-14
7472.00  2.522494E-14
7474.00  2.523906E-14
7476.00  2.525320E-14
7478.00  2.526864E-14
7480.00  2.528019E-14
7482.00  2.527727E-14
7484.00  2.525179E-14
7486.00  2.519823E-14
7488.00  2.512394E-14
7490.00  2.505250E-14
7492.00  2.501076E-14
7494.00  2.501618E-14
7496.00  2.506359E-14
7498.00  2.513021E-14
7500.00  2.518709E-14
7502.00  2.521541E-14
7504.00  2.521624E-14
7506.00  2.520698E-14
7508.00  2.521000E-14
7510.00  2.523566E-14
7512.00  2.527991E-14
7514.00  2.532722E-14
7516.00  2.535862E-14
7518.00  2.536442E-14
7520.00  2.534786E-14
7522.00  2.531909E-14
7524.00  2.529520E-14
7526.00  2.528903E-14
7528.00  2.530275E-14
7530.00  2.533582E-14
7532.00  2.538199E-14
7534.00  2.543198E-14
7536.00  2.547278E-14
7538.00  2.549629E-14
7540.00  2.550438E-14
7542.00  2.549906E-14
7544.00  2.548223E-14
7546.00  2.545644E-14
7548.00  2.542427E-14
7550.00  2.538834E-14
7552.00  2.535136E-14
7554.00  2.531971E-14
7556.00  2.529435E-14
7558.00  2.527672E-14
7560.00  2.526231E-14
7562.00  2.524176E-14
7564.00  2.521282E-14
7566.00  2.518602E-14
7568.00  2.517289E-14
7570.00  2.518085E-14
7572.00  2.520621E-14
7574.00  2.523626E-14
7576.00  2.525111E-14
7578.00  2.523503E-14
7580.00  2.518220E-14
7582.00  2.508646E-14
7584.00  2.495092E-14
7586.00  2.478920E-14
7588.00  2.462864E-14
7590.00  2.449522E-14
7592.00  2.440528E-14
7594.00  2.435872E-14
7596.00  2.433847E-14
7598.00  2.432318E-14
7600.00  2.430065E-14
7602.00  2.427336E-14
7604.00  2.424476E-14
7606.00  2.423188E-14
7608.00  2.424124E-14
7610.00  2.426337E-14
7612.00  2.428808E-14
7614.00  2.430584E-14
7616.00  2.431427E-14
7618.00  2.431301E-14
7620.00  2.430491E-14
7622.00  2.428226E-14
7624.00  2.422646E-14
7626.00  2.413530E-14
7628.00  2.402264E-14
7630.00  2.390927E-14
7632.00  2.382045E-14
7634.00  2.376927E-14
7636.00  2.374600E-14
7638.00  2.374015E-14
7640.00  2.374347E-14
7642.00  2.375032E-14
7644.00  2.374731E-14
7646.00  2.373188E-14
7648.00  2.368716E-14
7650.00  2.361203E-14
7652.00  2.350217E-14
7654.00  2.334362E-14
7656.00  2.313129E-14
7658.00  2.285148E-14
7660.00  2.253665E-14
7662.00  2.224346E-14
7664.00  2.203493E-14
7666.00  2.197441E-14
7668.00  2.205907E-14
7670.00  2.224423E-14
7672.00  2.245813E-14
7674.00  2.263342E-14
7676.00  2.275798E-14
7678.00  2.284386E-14
7680.00  2.289894E-14
7682.00  2.293364E-14
7684.00  2.295143E-14
7686.00  2.294777E-14
7688.00  2.291235E-14
7690.00  2.283253E-14
7692.00  2.270063E-14
7694.00  2.253006E-14
7696.00  2.235642E-14
7698.00  2.222654E-14
7700.00  2.217902E-14
7702.00  2.221999E-14
7704.00  2.232314E-14
7706.00  2.243671E-14
7708.00  2.251945E-14
7710.00  2.257162E-14
7712.00  2.261022E-14
7714.00  2.265023E-14
7716.00  2.269801E-14
7718.00  2.274966E-14
7720.00  2.280059E-14
7722.00  2.284737E-14
7724.00  2.289487E-14
7726.00  2.294961E-14
7728.00  2.301098E-14
7730.00  2.306981E-14
7732.00  2.311154E-14
7734.00  2.312327E-14
7736.00  2.309754E-14
7738.00  2.302949E-14
7740.00  2.292417E-14
7742.00  2.279707E-14
7744.00  2.267259E-14
7746.00  2.257684E-14
7748.00  2.252558E-14
7750.00  2.252190E-14
7752.00  2.255102E-14
7754.00  2.259050E-14
7756.00  2.262102E-14
7758.00  2.263106E-14
7760.00  2.261783E-14
7762.00  2.258268E-14
7764.00  2.253025E-14
7766.00  2.246970E-14
7768.00  2.241644E-14
7770.00  2.238756E-14
7772.00  2.239285E-14
7774.00  2.242874E-14
7776.00  2.248138E-14
7778.00  2.253081E-14
7780.00  2.255974E-14
7782.00  2.256750E-14
7784.00  2.256352E-14
7786.00  2.255901E-14
7788.00  2.256473E-14
7790.00  2.258241E-14
7792.00  2.260896E-14
7794.00  2.263871E-14
7796.00  2.267324E-14
7798.00  2.271674E-14
7800.00  2.277212E-14
7802.00  2.283703E-14
7804.00  2.290520E-14
7806.00  2.297178E-14
7808.00  2.303346E-14
7810.00  2.308970E-14
7812.00  2.313884E-14
7814.00  2.317633E-14
7816.00  2.319509E-14
7818.00  2.318980E-14
7820.00  2.315772E-14
7822.00  2.309754E-14
7824.00  2.301353E-14
7826.00  2.291624E-14
7828.00  2.282477E-14
7830.00  2.276089E-14
7832.00  2.274011E-14
7834.00  2.276703E-14
7836.00  2.282906E-14
7838.00  2.290565E-14
7840.00  2.297955E-14
7842.00  2.303930E-14
7844.00  2.308264E-14
7846.00  2.311383E-14
7848.00  2.313876E-14
7850.00  2.316221E-14
7852.00  2.318492E-14
7854.00  2.320350E-14
7856.00  2.321021E-14
7858.00  2.320208E-14
7860.00  2.317980E-14
7862.00  2.315050E-14
7864.00  2.312117E-14
7866.00  2.309768E-14
7868.00  2.308154E-14
7870.00  2.307364E-14
7872.00  2.307563E-14
7874.00  2.308808E-14
7876.00  2.310855E-14
7878.00  2.313257E-14
7880.00  2.315309E-14
7882.00  2.316317E-14
7884.00  2.315831E-14
7886.00  2.313550E-14
7888.00  2.309619E-14
7890.00  2.304720E-14
7892.00  2.299887E-14
7894.00  2.296045E-14
7896.00  2.293483E-14
7898.00  2.291750E-14
7900.00  2.289712E-14
7902.00  2.286140E-14
7904.00  2.280442E-14
7906.00  2.272966E-14
7908.00  2.264941E-14
7910.00  2.257807E-14
7912.00  2.252911E-14
7914.00  2.250731E-14
7916.00  2.251083E-14
7918.00  2.253076E-14
7920.00  2.255662E-14
7922.00  2.258020E-14
7924.00  2.259572E-14
7926.00  2.260178E-14
7928.00  2.260135E-14
7930.00  2.259577E-14
7932.00  2.258285E-14
7934.00  2.255705E-14
7936.00  2.251649E-14
7938.00  2.246449E-14
7940.00  2.241402E-14
7942.00  2.238253E-14
7944.00  2.238406E-14
7946.00  2.242269E-14
7948.00  2.249236E-14
7950.00  2.257528E-14
7952.00  2.265073E-14
7954.00  2.270453E-14
7956.00  2.273290E-14
7958.00  2.274280E-14
7960.00  2.274934E-14
7962.00  2.276493E-14
7964.00  2.279578E-14
7966.00  2.283860E-14
7968.00  2.288392E-14
7970.00  2.291967E-14
7972.00  2.293819E-14
7974.00  2.293928E-14
7976.00  2.292840E-14
7978.00  2.291440E-14
7980.00  2.290424E-14
7982.00  2.290065E-14
7984.00  2.290239E-14
7986.00  2.290385E-14
7988.00  2.289863E-14
7990.00  2.288168E-14
7992.00  2.285447E-14
7994.00  2.282508E-14
7996.00  2.280800E-14
7998.00  2.281594E-14
8000.00  2.285246E-14
8002.00  2.291087E-14
8004.00  2.297757E-14
8006.00  2.304256E-14
8008.00  2.310094E-14
8010.00  2.315159E-14
8012.00  2.319305E-14
8014.00  2.321902E-14
8016.00  2.322313E-14
8018.00  2.320133E-14
8020.00  2.316244E-14
8022.00  2.312464E-14
8024.00  2.311022E-14
8026.00  2.313341E-14
8028.00  2.319336E-14
8030.00  2.327263E-14
8032.00  2.334734E-14
8034.00  2.339514E-14
8036.00  2.340482E-14
8038.00  2.337853E-14
8040.00  2.333035E-14
8042.00  2.328279E-14
8044.00  2.325991E-14
8046.00  2.327777E-14
8048.00  2.333632E-14
8050.00  2.342038E-14
8052.00  2.350641E-14
8054.00  2.357198E-14
8056.00  2.360465E-14
8058.00  2.360268E-14
8060.00  2.357053E-14
8062.00  2.351609E-14
8064.00  2.344961E-14
8066.00  2.338324E-14
8068.00  2.332924E-14
8070.00  2.329555E-14
8072.00  2.328184E-14
8074.00  2.328126E-14
8076.00  2.328432E-14
8078.00  2.328425E-14
8080.00  2.327795E-14
8082.00  2.326675E-14
8084.00  2.325115E-14
8086.00  2.323166E-14
8088.00  2.321074E-14
8090.00  2.319496E-14
8092.00  2.319329E-14
8094.00  2.321445E-14
8096.00  2.326010E-14
8098.00  2.332454E-14
8100.00  2.339333E-14
8102.00  2.345193E-14
8104.00  2.348895E-14
8106.00  2.349995E-14
8108.00  2.348836E-14
8110.00  2.346505E-14
8112.00  2.344265E-14
8114.00  2.343345E-14
8116.00  2.344408E-14
8118.00  2.347510E-14
8120.00  2.351660E-14
8122.00  2.355352E-14
8124.00  2.357268E-14
8126.00  2.356950E-14
8128.00  2.354989E-14
8130.00  2.352673E-14
8132.00  2.351057E-14
8134.00  2.350299E-14
8136.00  2.349735E-14
8138.00  2.348374E-14
8140.00  2.345607E-14
8142.00  2.341331E-14
8144.00  2.336140E-14
8146.00  2.330946E-14
8148.00  2.326274E-14
8150.00  2.321846E-14
8152.00  2.316606E-14
8154.00  2.309531E-14
8156.00  2.300633E-14
8158.00  2.291656E-14
8160.00  2.285540E-14
8162.00  2.284658E-14
8164.00  2.289185E-14
8166.00  2.296774E-14
8168.00  2.303467E-14
8170.00  2.305304E-14
8172.00  2.299744E-14
8174.00  2.286354E-14
8176.00  2.266818E-14
8178.00  2.244326E-14
8180.00  2.222708E-14
8182.00  2.205380E-14
8184.00  2.193874E-14
8186.00  2.186773E-14
8188.00  2.180589E-14
8190.00  2.172962E-14
8192.00  2.165360E-14
8194.00  2.162878E-14
8196.00  2.170906E-14
8198.00  2.190937E-14
8200.00  2.219219E-14
8202.00  2.248864E-14
8204.00  2.273703E-14
8206.00  2.290514E-14
8208.00  2.299320E-14
8210.00  2.301860E-14
8212.00  2.299670E-14
8214.00  2.293494E-14
8216.00  2.283220E-14
8218.00  2.268918E-14
8220.00  2.251539E-14
8222.00  2.233759E-14
8224.00  2.219632E-14
8226.00  2.213603E-14
8228.00  2.218471E-14
8230.00  2.234026E-14
8232.00  2.256904E-14
8234.00  2.282169E-14
8236.00  2.305416E-14
8238.00  2.324262E-14
8240.00  2.338327E-14
8242.00  2.348326E-14
8244.00  2.354700E-14
8246.00  2.357197E-14
8248.00  2.355191E-14
8250.00  2.349081E-14
8252.00  2.340998E-14
8254.00  2.334340E-14
8256.00  2.332002E-14
8258.00  2.334877E-14
8260.00  2.341211E-14
8262.00  2.347185E-14
8264.00  2.348855E-14
8266.00  2.343569E-14
8268.00  2.331239E-14
8270.00  2.314468E-14
8272.00  2.297308E-14
8274.00  2.283439E-14
8276.00  2.274582E-14
8278.00  2.269967E-14
8280.00  2.267402E-14
8282.00  2.264758E-14
8284.00  2.261031E-14
8286.00  2.256632E-14
8288.00  2.252839E-14
8290.00  2.250739E-14
8292.00  2.250678E-14
8294.00  2.251803E-14
8296.00  2.252668E-14
8298.00  2.252118E-14
8300.00  2.250177E-14
8302.00  2.247918E-14
8304.00  2.246833E-14
8306.00  2.247713E-14
8308.00  2.249961E-14
8310.00  2.252044E-14
8312.00  2.252509E-14
8314.00  2.250817E-14
8316.00  2.247581E-14
8318.00  2.243925E-14
8320.00  2.240696E-14
8322.00  2.238089E-14
8324.00  2.235909E-14
8326.00  2.233982E-14
8328.00  2.232575E-14
8330.00  2.232125E-14
8332.00  2.233092E-14
8334.00  2.235730E-14
8336.00  2.240043E-14
8338.00  2.245644E-14
8340.00  2.251776E-14
8342.00  2.257602E-14
8344.00  2.262412E-14
8346.00  2.266099E-14
8348.00  2.268788E-14
8350.00  2.270581E-14
8352.00  2.271276E-14
8354.00  2.270694E-14
8356.00  2.268702E-14
8358.00  2.265610E-14
8360.00  2.262025E-14
8362.00  2.258569E-14
8364.00  2.255522E-14
8366.00  2.252569E-14
8368.00  2.248896E-14
8370.00  2.243773E-14
8372.00  2.236902E-14
8374.00  2.228669E-14
8376.00  2.219595E-14
8378.00  2.210228E-14
8380.00  2.201223E-14
8382.00  2.193731E-14
8384.00  2.189325E-14
8386.00  2.189574E-14
8388.00  2.194740E-14
8390.00  2.203677E-14
8392.00  2.214099E-14
8394.00  2.223917E-14
8396.00  2.232035E-14
8398.00  2.238293E-14
8400.00  2.242830E-14
8402.00  2.245508E-14
8404.00  2.246237E-14
8406.00  2.245222E-14
8408.00  2.243234E-14
8410.00  2.241524E-14
8412.00  2.240874E-14
8414.00  2.241178E-14
8416.00  2.241442E-14
8418.00  2.240510E-14
8420.00  2.237696E-14
8422.00  2.233058E-14
8424.00  2.226667E-14
8426.00  2.218198E-14
8428.00  2.206866E-14
8430.00  2.192498E-14
8432.00  2.176577E-14
8434.00  2.162070E-14
8436.00  2.151834E-14
8438.00  2.147122E-14
8440.00  2.147161E-14
8442.00  2.150219E-14
8444.00  2.154780E-14
8446.00  2.159915E-14
8448.00  2.164795E-14
8450.00  2.168573E-14
8452.00  2.170344E-14
8454.00  2.169622E-14
8456.00  2.166399E-14
8458.00  2.160736E-14
8460.00  2.153272E-14
8462.00  2.145302E-14
8464.00  2.138840E-14
8466.00  2.136252E-14
8468.00  2.138896E-14
8470.00  2.146509E-14
8472.00  2.157177E-14
8474.00  2.168534E-14
8476.00  2.178550E-14
8478.00  2.186163E-14
8480.00  2.190998E-14
8482.00  2.192425E-14
8484.00  2.189112E-14
8486.00  2.179037E-14
8488.00  2.160434E-14
8490.00  2.133523E-14
8492.00  2.102044E-14
8494.00  2.073151E-14
8496.00  2.054946E-14
8498.00  2.052571E-14
8500.00  2.065544E-14
8502.00  2.088059E-14
8504.00  2.112271E-14
8506.00  2.131900E-14
8508.00  2.144273E-14
8510.00  2.150127E-14
8512.00  2.152236E-14
8514.00  2.153554E-14
8516.00  2.155959E-14
8518.00  2.159741E-14
8520.00  2.163841E-14
8522.00  2.166567E-14
8524.00  2.165699E-14
8526.00  2.158742E-14
8528.00  2.142639E-14
8530.00  2.114488E-14
8532.00  2.072948E-14
8534.00  2.020445E-14
8536.00  1.964779E-14
8538.00  1.917899E-14
8540.00  1.892347E-14
8542.00  1.895426E-14
8544.00  1.925856E-14
8546.00  1.974489E-14
8548.00  2.028927E-14
8550.00  2.078652E-14
8552.00  2.117985E-14
8554.00  2.146161E-14
8556.00  2.165235E-14
8558.00  2.177993E-14
8560.00  2.186682E-14
8562.00  2.192560E-14
8564.00  2.196259E-14
8566.00  2.198126E-14
8568.00  2.198599E-14
8570.00  2.198073E-14
8572.00  2.196821E-14
8574.00  2.194827E-14
8576.00  2.191873E-14
8578.00  2.187741E-14
8580.00  2.182474E-14
8582.00  2.176227E-14
8584.00  2.168891E-14
8586.00  2.160220E-14
8588.00  2.150137E-14
8590.00  2.139203E-14
8592.00  2.128916E-14
8594.00  2.121156E-14
8596.00  2.117467E-14
8598.00  2.118388E-14
8600.00  2.123218E-14
8602.00  2.130394E-14
8604.00  2.138319E-14
8606.00  2.145906E-14
8608.00  2.152885E-14
8610.00  2.159407E-14
8612.00  2.165712E-14
8614.00  2.171690E-14
8616.00  2.176985E-14
8618.00  2.181317E-14
8620.00  2.184641E-14
8622.00  2.187274E-14
8624.00  2.189470E-14
8626.00  2.191360E-14
8628.00  2.192965E-14
8630.00  2.194038E-14
8632.00  2.194245E-14
8634.00  2.193191E-14
8636.00  2.190365E-14
8638.00  2.185206E-14
8640.00  2.177243E-14
8642.00  2.166236E-14
8644.00  2.152144E-14
8646.00  2.134562E-14
8648.00  2.112060E-14
8650.00  2.082531E-14
8652.00  2.043814E-14
8654.00  1.996369E-14
8656.00  1.945445E-14
8658.00  1.901494E-14
8660.00  1.875478E-14
8662.00  1.873811E-14
8664.00  1.895467E-14
8666.00  1.932411E-14
8668.00  1.973942E-14
8670.00  2.011435E-14
8672.00  2.040893E-14
8674.00  2.062241E-14
8676.00  2.077083E-14
8678.00  2.086785E-14
8680.00  2.091973E-14
8682.00  2.093195E-14
8684.00  2.091930E-14
8686.00  2.090468E-14
8688.00  2.091014E-14
8690.00  2.094848E-14
8692.00  2.101786E-14
8694.00  2.110796E-14
8696.00  2.120582E-14
8698.00  2.130157E-14
8700.00  2.139026E-14
8702.00  2.146748E-14
8704.00  2.152899E-14
8706.00  2.157162E-14
8708.00  2.159680E-14
8710.00  2.160993E-14
8712.00  2.161532E-14
8714.00  2.161710E-14
8716.00  2.161782E-14
8718.00  2.161548E-14
8720.00  2.160663E-14
8722.00  2.158749E-14
8724.00  2.155598E-14
8726.00  2.150917E-14
8728.00  2.144309E-14
8730.00  2.135693E-14
8732.00  2.125482E-14
8734.00  2.114439E-14
8736.00  2.103117E-14
8738.00  2.091859E-14
8740.00  2.080681E-14
8742.00  2.069670E-14
8744.00  2.059630E-14
8746.00  2.052084E-14
8748.00  2.049046E-14
8750.00  2.051813E-14
8752.00  2.060221E-14
8754.00  2.073300E-14
8756.00  2.088803E-14
8758.00  2.104088E-14
8760.00  2.117232E-14
8762.00  2.127346E-14
8764.00  2.134843E-14
8766.00  2.140563E-14
8768.00  2.145564E-14
8770.00  2.150820E-14
8772.00  2.156706E-14
8774.00  2.162878E-14
8776.00  2.168721E-14
8778.00  2.173797E-14
8780.00  2.177934E-14
8782.00  2.181035E-14
8784.00  2.183231E-14
8786.00  2.184650E-14
8788.00  2.185520E-14
8790.00  2.185655E-14
8792.00  2.184390E-14
8794.00  2.180541E-14
8796.00  2.172688E-14
8798.00  2.160011E-14
8800.00  2.144240E-14
8802.00  2.129061E-14
8804.00  2.119524E-14
8806.00  2.118628E-14
8808.00  2.126142E-14
8810.00  2.138962E-14
8812.00  2.152429E-14
8814.00  2.162430E-14
8816.00  2.166751E-14
8818.00  2.165644E-14
8820.00  2.161239E-14
8822.00  2.157021E-14
8824.00  2.155315E-14
8826.00  2.156596E-14
8828.00  2.159546E-14
8830.00  2.162082E-14
8832.00  2.162616E-14
8834.00  2.160550E-14
8836.00  2.156498E-14
8838.00  2.151170E-14
8840.00  2.145153E-14
8842.00  2.138734E-14
8844.00  2.131823E-14
8846.00  2.124153E-14
8848.00  2.114917E-14
8850.00  2.102923E-14
8852.00  2.086889E-14
8854.00  2.066462E-14
8856.00  2.042938E-14
8858.00  2.019347E-14
8860.00  1.999863E-14
8862.00  1.987618E-14
8864.00  1.983646E-14
8866.00  1.986867E-14
8868.00  1.994729E-14
8870.00  2.005155E-14
8872.00  2.016904E-14
8874.00  2.029281E-14
8876.00  2.041796E-14
8878.00  2.053872E-14
8880.00  2.064872E-14
8882.00  2.074392E-14
8884.00  2.082170E-14
8886.00  2.088251E-14
8888.00  2.092968E-14
8890.00  2.096980E-14
8892.00  2.100804E-14
8894.00  2.104628E-14
8896.00  2.108954E-14
8898.00  2.113883E-14
8900.00  2.118955E-14
8902.00  2.123314E-14
8904.00  2.126168E-14
8906.00  2.127265E-14
8908.00  2.127108E-14
8910.00  2.126723E-14
8912.00  2.126687E-14
8914.00  2.126814E-14
8916.00  2.126745E-14
8918.00  2.126032E-14
8920.00  2.124373E-14
8922.00  2.122167E-14
8924.00  2.120448E-14
8926.00  2.120271E-14
8928.00  2.121791E-14
8930.00  2.124354E-14
8932.00  2.126523E-14
8934.00  2.126542E-14
8936.00  2.123517E-14
8938.00  2.117646E-14
8940.00  2.109977E-14
8942.00  2.101894E-14
8944.00  2.094427E-14
8946.00  2.088261E-14
8948.00  2.083336E-14
8950.00  2.079055E-14
8952.00  2.074870E-14
8954.00  2.070037E-14
8956.00  2.063665E-14
8958.00  2.055409E-14
8960.00  2.045968E-14
8962.00  2.037035E-14
8964.00  2.030486E-14
8966.00  2.027262E-14
8968.00  2.027385E-14
8970.00  2.029992E-14
8972.00  2.033688E-14
8974.00  2.036383E-14
8976.00  2.035612E-14
8978.00  2.029375E-14
8980.00  2.016466E-14
8982.00  1.997787E-14
8984.00  1.977083E-14
8986.00  1.959527E-14
8988.00  1.949579E-14
8990.00  1.948498E-14
8992.00  1.953451E-14
8994.00  1.959509E-14
8996.00  1.962470E-14
8998.00  1.960769E-14
9000.00  1.954880E-14
9002.00  1.945994E-14
9004.00  1.935198E-14
9006.00  1.923475E-14
9008.00  1.912271E-14
9010.00  1.903746E-14
9012.00  1.899639E-14
9014.00  1.901340E-14
9016.00  1.909024E-14
9018.00  1.922099E-14
9020.00  1.940415E-14
9022.00  1.963906E-14
9024.00  1.992478E-14
9026.00  2.025232E-14
9028.00  2.060238E-14
9030.00  2.094850E-14
9032.00  2.126147E-14
9034.00  2.152299E-14
9036.00  2.172356E-14
9038.00  2.186434E-14
9040.00  2.195585E-14
9042.00  2.201388E-14
9044.00  2.204840E-14
9046.00  2.206271E-14
9048.00  2.205366E-14
9050.00  2.201575E-14
9052.00  2.194534E-14
9054.00  2.184135E-14
9056.00  2.171018E-14
9058.00  2.155830E-14
9060.00  2.140353E-14
9062.00  2.125801E-14
9064.00  2.112303E-14
9066.00  2.100589E-14
9068.00  2.091604E-14
9070.00  2.086058E-14
9072.00  2.083675E-14
9074.00  2.082644E-14
9076.00  2.081433E-14
9078.00  2.079637E-14
9080.00  2.076584E-14
9082.00  2.072263E-14
9084.00  2.067798E-14
9086.00  2.064822E-14
9088.00  2.064691E-14
9090.00  2.066896E-14
9092.00  2.070182E-14
9094.00  2.073760E-14
9096.00  2.075917E-14
9098.00  2.077491E-14
9100.00  2.079381E-14
9102.00  2.080390E-14
9104.00  2.081276E-14
9106.00  2.082394E-14
9108.00  2.081720E-14
9110.00  2.078214E-14
9112.00  2.072821E-14
9114.00  2.067282E-14
9116.00  2.064818E-14
9118.00  2.066154E-14
9120.00  2.067009E-14
9122.00  2.063467E-14
9124.00  2.054326E-14
9126.00  2.040659E-14
9128.00  2.026653E-14
9130.00  2.016231E-14
9132.00  2.010762E-14
9134.00  2.011672E-14
9136.00  2.018370E-14
9138.00  2.025752E-14
9140.00  2.030174E-14
9142.00  2.029078E-14
9144.00  2.021110E-14
9146.00  2.008472E-14
9148.00  1.994807E-14
9150.00  1.985172E-14
9152.00  1.984060E-14
9154.00  1.992298E-14
9156.00  2.006276E-14
9158.00  2.018784E-14
9160.00  2.024636E-14
9162.00  2.021045E-14
9164.00  2.008039E-14
9166.00  1.989365E-14
9168.00  1.971166E-14
9170.00  1.958353E-14
9172.00  1.955740E-14
9174.00  1.964521E-14
9176.00  1.980954E-14
9178.00  1.999872E-14
9180.00  2.016930E-14
9182.00  2.030140E-14
9184.00  2.038603E-14
9186.00  2.041865E-14
9188.00  2.041372E-14
9190.00  2.039061E-14
9192.00  2.037032E-14
9194.00  2.036119E-14
9196.00  2.035690E-14
9198.00  2.033956E-14
9200.00  2.028823E-14
9202.00  2.019495E-14
9204.00  2.006444E-14
9206.00  1.990817E-14
9208.00  1.975344E-14
9210.00  1.962184E-14
9212.00  1.952393E-14
9214.00  1.945384E-14
9216.00  1.939642E-14
9218.00  1.933783E-14
9220.00  1.925674E-14
9222.00  1.915848E-14
9224.00  1.907728E-14
9226.00  1.902990E-14
9228.00  1.903579E-14
9230.00  1.910531E-14
9232.00  1.921735E-14
9234.00  1.934929E-14
9236.00  1.949083E-14
9238.00  1.962867E-14
9240.00  1.975471E-14
9242.00  1.986559E-14
9244.00  1.996271E-14
9246.00  2.004762E-14
9248.00  2.011434E-14
9250.00  2.016203E-14
9252.00  2.019815E-14
9254.00  2.023713E-14
9256.00  2.029398E-14
9258.00  2.038245E-14
9260.00  2.049578E-14
9262.00  2.061835E-14
9264.00  2.071925E-14
9266.00  2.076304E-14
9268.00  2.074250E-14
9270.00  2.066751E-14
9272.00  2.055187E-14
9274.00  2.041200E-14
9276.00  2.027868E-14
9278.00  2.018545E-14
9280.00  2.012207E-14
9282.00  2.005659E-14
9284.00  1.998127E-14
9286.00  1.989270E-14
9288.00  1.977310E-14
9290.00  1.961955E-14
9292.00  1.945067E-14
9294.00  1.931044E-14
9296.00  1.923660E-14
9298.00  1.924326E-14
9300.00  1.933550E-14
9302.00  1.949795E-14
9304.00  1.971628E-14
9306.00  1.992034E-14
9308.00  2.009367E-14
9310.00  2.022476E-14
9312.00  2.031327E-14
9314.00  2.036794E-14
9316.00  2.039920E-14
9318.00  2.041802E-14
9320.00  2.043089E-14
9322.00  2.043963E-14
9324.00  2.044589E-14
9326.00  2.044978E-14
9328.00  2.045114E-14
9330.00  2.044925E-14
9332.00  2.044418E-14
9334.00  2.043633E-14
9336.00  2.042548E-14
9338.00  2.041269E-14
9340.00  2.039946E-14
9342.00  2.038838E-14
9344.00  2.037957E-14
9346.00  2.037322E-14
9348.00  2.036792E-14
9350.00  2.036208E-14
9352.00  2.035466E-14
9354.00  2.034436E-14
9356.00  2.033157E-14
9358.00  2.031620E-14
9360.00  2.030126E-14
9362.00  2.028856E-14
9364.00  2.027922E-14
9366.00  2.027374E-14
9368.00  2.027240E-14
9370.00  2.027549E-14
9372.00  2.028215E-14
9374.00  2.029244E-14
9376.00  2.030566E-14
9378.00  2.032089E-14
9380.00  2.033581E-14
9382.00  2.034891E-14
9384.00  2.035867E-14
9386.00  2.036414E-14
9388.00  2.036488E-14
9390.00  2.035886E-14
9392.00  2.034605E-14
9394.00  2.032687E-14
9396.00  2.030132E-14
9398.00  2.027157E-14
9400.00  2.024180E-14
9402.00  2.021684E-14
9404.00  2.019785E-14
9406.00  2.018669E-14
9408.00  2.018248E-14
9410.00  2.018680E-14
9412.00  2.019843E-14
9414.00  2.021603E-14
9416.00  2.023902E-14
9418.00  2.026585E-14
9420.00  2.029281E-14
9422.00  2.031565E-14
9424.00  2.033286E-14
9426.00  2.034353E-14
9428.00  2.034708E-14
9430.00  2.034157E-14
9432.00  2.032797E-14
9434.00  2.030633E-14
9436.00  2.027831E-14
9438.00  2.024504E-14
9440.00  2.021184E-14
9442.00  2.018335E-14
9444.00  2.016213E-14
9446.00  2.014925E-14
9448.00  2.014357E-14
9450.00  2.014643E-14
9452.00  2.015646E-14
9454.00  2.017247E-14
9456.00  2.019333E-14
9458.00  2.021747E-14
9460.00  2.024218E-14
9462.00  2.026298E-14
9464.00  2.027954E-14
9466.00  2.029086E-14
9468.00  2.029731E-14
9470.00  2.029830E-14
9472.00  2.029547E-14
9474.00  2.028976E-14
9476.00  2.028103E-14
9478.00  2.027092E-14
9480.00  2.026038E-14
9482.00  2.025100E-14
9484.00  2.024345E-14
9486.00  2.023640E-14
9488.00  2.022875E-14
9490.00  2.021762E-14
9492.00  2.020069E-14
9494.00  2.017747E-14
9496.00  2.014849E-14
9498.00  2.011500E-14
9500.00  2.008124E-14
9502.00  2.005241E-14
9504.00  2.003013E-14
9506.00  2.001428E-14
9508.00  2.000401E-14
9510.00  1.999880E-14
9512.00  1.999507E-14
9514.00  1.999188E-14
9516.00  1.998857E-14
9518.00  1.998469E-14
9520.00  1.998084E-14
9522.00  1.997659E-14
9524.00  1.997117E-14
9526.00  1.996228E-14
9528.00  1.994674E-14
9530.00  1.991871E-14
9532.00  1.987150E-14
9534.00  1.980715E-14
9536.00  1.972592E-14
9538.00  1.963222E-14
9540.00  1.953856E-14
9542.00  1.945936E-14
9544.00  1.940005E-14
9546.00  1.936422E-14
9548.00  1.935215E-14
9550.00  1.936815E-14
9552.00  1.941227E-14
9554.00  1.947784E-14
9556.00  1.956259E-14
9558.00  1.966091E-14
9560.00  1.976057E-14
9562.00  1.984646E-14
9564.00  1.991404E-14
9566.00  1.996425E-14
9568.00  1.999927E-14
9570.00  2.002227E-14
9572.00  2.004304E-14
9574.00  2.006406E-14
9576.00  2.008715E-14
9578.00  2.011236E-14
9580.00  2.013730E-14
9582.00  2.015865E-14
9584.00  2.017561E-14
9586.00  2.018734E-14
9588.00  2.019413E-14
9590.00  2.019651E-14
9592.00  2.019486E-14
9594.00  2.019072E-14
9596.00  2.018486E-14
9598.00  2.017735E-14
9600.00  2.016990E-14
9602.00  2.016360E-14
9604.00  2.015946E-14
9606.00  2.015747E-14
9608.00  2.015772E-14
9610.00  2.016049E-14
9612.00  2.016653E-14
9614.00  2.017479E-14
9616.00  2.018509E-14
9618.00  2.019656E-14
9620.00  2.020818E-14
9622.00  2.021803E-14
9624.00  2.022567E-14
9626.00  2.023008E-14
9628.00  2.023089E-14
9630.00  2.022762E-14
9632.00  2.021874E-14
9634.00  2.020581E-14
9636.00  2.018953E-14
9638.00  2.017030E-14
9640.00  2.015084E-14
9642.00  2.013397E-14
9644.00  2.012147E-14
9646.00  2.011238E-14
9648.00  2.010708E-14
9650.00  2.010471E-14
9652.00  2.010407E-14
9654.00  2.010408E-14
9656.00  2.010407E-14
9658.00  2.010448E-14
9660.00  2.010501E-14
9662.00  2.010555E-14
9664.00  2.010620E-14
9666.00  2.010728E-14
9668.00  2.010846E-14
9670.00  2.011005E-14
9672.00  2.011248E-14
9674.00  2.011512E-14
9676.00  2.011821E-14
9678.00  2.012154E-14
9680.00  2.012488E-14
9682.00  2.012767E-14
9684.00  2.012968E-14
9686.00  2.013062E-14
9688.00  2.013051E-14
9690.00  2.012827E-14
9692.00  2.012320E-14
9694.00  2.011570E-14
9696.00  2.010636E-14
9698.00  2.009527E-14
9700.00  2.008436E-14
9702.00  2.007487E-14
9704.00  2.006727E-14
9706.00  2.006114E-14
9708.00  2.005621E-14
9710.00  2.005193E-14
9712.00  2.004535E-14
9714.00  2.003723E-14
9716.00  2.002747E-14
9718.00  2.001640E-14
9720.00  2.000508E-14
9722.00  1.999505E-14
9724.00  1.998692E-14
9726.00  1.998014E-14
9728.00  1.997402E-14
9730.00  1.996749E-14
9732.00  1.995732E-14
9734.00  1.994409E-14
9736.00  1.992835E-14
9738.00  1.991034E-14
9740.00  1.989204E-14
9742.00  1.987685E-14
9744.00  1.986509E-14
9746.00  1.985760E-14
9748.00  1.985457E-14
9750.00  1.985522E-14
9752.00  1.985965E-14
9754.00  1.986661E-14
9756.00  1.987543E-14
9758.00  1.988543E-14
9760.00  1.989555E-14
9762.00  1.990453E-14
9764.00  1.991080E-14
9766.00  1.991415E-14
9768.00  1.991375E-14
9770.00  1.990957E-14
9772.00  1.989953E-14
9774.00  1.988442E-14
9776.00  1.986572E-14
9778.00  1.984438E-14
9780.00  1.982262E-14
9782.00  1.980446E-14
9784.00  1.979112E-14
9786.00  1.978279E-14
9788.00  1.978137E-14
9790.00  1.978572E-14
9792.00  1.979683E-14
9794.00  1.981354E-14
9796.00  1.983383E-14
9798.00  1.985728E-14
9800.00  1.987745E-14
