  3600.00    8.9708E-15
  3602.00    8.8844E-15
  3604.00    8.8898E-15
  3606.00    8.9308E-15
  3608.00    8.9327E-15
  3610.00    8.8531E-15
  3612.00    8.9566E-15
  3614.00    8.9133E-15
  3616.00    8.9337E-15
  3618.00    8.8903E-15
  3620.00    8.8874E-15
  3622.00    8.7841E-15
  3624.00    8.9304E-15
  3626.00    8.7781E-15
  3628.00    8.8825E-15
  3630.00    8.7209E-15
  3632.00    8.9392E-15
  3634.00    8.8360E-15
  3636.00    8.8264E-15
  3638.00    8.8776E-15
  3640.00    8.7362E-15
  3642.00    8.8587E-15
  3644.00    8.7334E-15
  3646.00    8.8480E-15
  3648.00    8.7679E-15
  3650.00    8.8270E-15
  3652.00    8.8764E-15
  3654.00    8.8074E-15
  3656.00    8.8371E-15
  3658.00    8.7256E-15
  3660.00    8.7302E-15
  3662.00    8.7894E-15
  3664.00    8.7803E-15
  3666.00    8.8281E-15
  3668.00    8.6679E-15
  3670.00    8.7379E-15
  3672.00    8.7202E-15
  3674.00    8.7812E-15
  3676.00    8.7036E-15
  3678.00    8.6094E-15
  3680.00    8.8163E-15
  3682.00    8.6760E-15
  3684.00    8.7076E-15
  3686.00    8.6352E-15
  3688.00    8.6094E-15
  3690.00    8.7168E-15
  3692.00    8.7660E-15
  3694.00    8.6497E-15
  3696.00    8.6790E-15
  3698.00    8.6788E-15
  3700.00    8.5622E-15
  3702.00    8.7894E-15
  3704.00    8.6661E-15
  3706.00    8.6493E-15
  3708.00    8.6358E-15
  3710.00    8.6296E-15
  3712.00    8.6373E-15
  3714.00    8.6555E-15
  3716.00    8.7409E-15
  3718.00    8.6221E-15
  3720.00    8.6224E-15
  3722.00    8.6039E-15
  3724.00    8.5338E-15
  3726.00    8.6125E-15
  3728.00    8.6409E-15
  3730.00    8.6269E-15
  3732.00    8.6926E-15
  3734.00    8.5415E-15
  3736.00    8.6180E-15
  3738.00    8.5420E-15
  3740.00    8.6286E-15
  3742.00    8.4312E-15
  3744.00    8.5722E-15
  3746.00    8.5586E-15
  3748.00    8.5307E-15
  3750.00    8.6922E-15
  3752.00    8.5663E-15
  3754.00    8.5781E-15
  3756.00    8.6327E-15
  3758.00    8.5455E-15
  3760.00    8.6238E-15
  3762.00    8.5942E-15
  3764.00    8.4776E-15
  3766.00    8.5826E-15
  3768.00    8.5620E-15
  3770.00    8.4863E-15
  3772.00    8.6492E-15
  3774.00    8.5100E-15
  3776.00    8.5362E-15
  3778.00    8.5787E-15
  3780.00    8.4768E-15
  3782.00    8.5620E-15
  3784.00    8.5044E-15
  3786.00    8.4638E-15
  3788.00    8.5247E-15
  3790.00    8.5064E-15
  3792.00    8.4424E-15
  3794.00    8.5016E-15
  3796.00    8.5012E-15
  3798.00    8.5006E-15
  3800.00    8.4464E-15
  3802.00    8.5258E-15
  3804.00    8.4167E-15
  3806.00    8.3910E-15
  3808.00    8.4339E-15
  3810.00    8.5000E-15
  3812.00    8.4754E-15
  3814.00    8.4017E-15
  3816.00    8.4610E-15
  3818.00    8.2916E-15
  3820.00    8.4692E-15
  3822.00    8.4420E-15
  3824.00    8.4234E-15
  3826.00    8.4847E-15
  3828.00    8.4035E-15
  3830.00    8.2931E-15
  3832.00    8.3343E-15
  3834.00    8.4007E-15
  3836.00    8.4214E-15
  3838.00    8.4767E-15
  3840.00    8.2967E-15
  3842.00    8.3300E-15
  3844.00    8.3465E-15
  3846.00    8.3964E-15
  3848.00    8.2595E-15
  3850.00    8.3478E-15
  3852.00    8.3385E-15
  3854.00    8.3890E-15
  3856.00    8.4691E-15
  3858.00    8.4729E-15
  3860.00    8.3482E-15
  3862.00    8.3568E-15
  3864.00    8.4758E-15
  3866.00    8.2728E-15
  3868.00    8.3121E-15
  3870.00    8.3527E-15
  3872.00    8.3081E-15
  3874.00    8.4401E-15
  3876.00    8.3876E-15
  3878.00    8.3830E-15
  3880.00    8.3205E-15
  3882.00    8.2925E-15
  3884.00    8.2601E-15
  3886.00    8.3980E-15
  3888.00    8.2858E-15
  3890.00    8.2700E-15
  3892.00    8.2403E-15
  3894.00    8.2808E-15
  3896.00    8.2379E-15
  3898.00    8.2585E-15
  3900.00    8.2910E-15
  3902.00    8.3008E-15
  3904.00    8.1986E-15
  3906.00    8.2650E-15
  3908.00    8.2283E-15
  3910.00    8.2550E-15
  3912.00    8.2256E-15
  3914.00    8.3089E-15
  3916.00    8.2227E-15
  3918.00    8.3272E-15
  3920.00    8.3678E-15
  3922.00    8.2655E-15
  3924.00    8.2412E-15
  3926.00    8.2414E-15
  3928.00    8.1896E-15
  3930.00    8.1732E-15
  3932.00    8.2536E-15
  3934.00    8.2070E-15
  3936.00    8.2603E-15
  3938.00    8.1232E-15
  3940.00    8.1598E-15
  3942.00    8.1662E-15
  3944.00    8.1681E-15
  3946.00    8.1812E-15
  3948.00    8.2892E-15
  3950.00    8.2688E-15
  3952.00    8.1770E-15
  3954.00    8.1862E-15
  3956.00    8.1743E-15
  3958.00    8.2619E-15
  3960.00    8.0905E-15
  3962.00    8.1861E-15
  3964.00    8.3062E-15
  3966.00    8.2193E-15
  3968.00    8.1298E-15
  3970.00    8.1113E-15
  3972.00    8.0744E-15
  3974.00    8.1874E-15
  3976.00    8.1163E-15
  3978.00    8.1161E-15
  3980.00    8.1706E-15
  3982.00    8.1098E-15
  3984.00    8.0044E-15
  3986.00    8.1968E-15
  3988.00    8.0485E-15
  3990.00    8.1160E-15
  3992.00    8.1695E-15
  3994.00    8.1445E-15
  3996.00    8.0509E-15
  3998.00    8.1816E-15
  4000.00    8.0188E-15
  4002.00    8.1066E-15
  4004.00    8.1782E-15
  4006.00    7.9856E-15
  4008.00    8.1777E-15
  4010.00    7.9943E-15
  4012.00    8.1718E-15
  4014.00    7.9808E-15
  4016.00    7.9785E-15
  4018.00    8.0372E-15
  4020.00    8.0144E-15
  4022.00    8.0600E-15
  4024.00    7.9876E-15
  4026.00    8.1809E-15
  4028.00    8.0300E-15
  4030.00    8.0309E-15
  4032.00    7.9535E-15
  4034.00    8.1135E-15
  4036.00    7.9836E-15
  4038.00    7.9241E-15
  4040.00    8.0484E-15
  4042.00    8.0560E-15
  4044.00    8.0094E-15
  4046.00    7.9438E-15
  4048.00    7.9714E-15
  4050.00    7.9497E-15
  4052.00    8.0359E-15
  4054.00    7.8653E-15
  4056.00    8.0765E-15
  4058.00    8.0364E-15
  4060.00    7.9557E-15
  4062.00    7.9670E-15
  4064.00    7.9370E-15
  4066.00    7.9008E-15
  4068.00    7.9703E-15
  4070.00    7.9372E-15
  4072.00    8.0375E-15
  4074.00    7.9145E-15
  4076.00    7.9683E-15
  4078.00    7.9289E-15
  4080.00    7.8921E-15
  4082.00    7.8793E-15
  4084.00    8.0306E-15
  4086.00    7.9599E-15
  4088.00    7.8774E-15
  4090.00    7.8613E-15
  4092.00    7.9053E-15
  4094.00    7.9110E-15
  4096.00    7.9377E-15
  4098.00    7.8446E-15
  4100.00    7.7918E-15
  4102.00    7.9234E-15
  4104.00    7.9050E-15
  4106.00    7.8392E-15
  4108.00    7.9556E-15
  4110.00    7.8428E-15
  4112.00    7.9732E-15
  4114.00    7.8496E-15
  4116.00    7.8383E-15
  4118.00    7.8144E-15
  4120.00    7.8158E-15
  4122.00    7.8831E-15
  4124.00    7.7991E-15
  4126.00    7.9151E-15
  4128.00    7.9221E-15
  4130.00    7.8623E-15
  4132.00    7.8221E-15
  4134.00    7.7762E-15
  4136.00    7.8459E-15
  4138.00    7.9277E-15
  4140.00    7.7714E-15
  4142.00    7.8406E-15
  4144.00    7.9236E-15
  4146.00    7.7783E-15
  4148.00    7.9192E-15
  4150.00    7.8199E-15
  4152.00    7.7893E-15
  4154.00    7.6914E-15
  4156.00    7.7953E-15
  4158.00    7.9575E-15
  4160.00    7.7386E-15
  4162.00    7.6902E-15
  4164.00    7.7107E-15
  4166.00    7.7426E-15
  4168.00    7.8775E-15
  4170.00    7.6830E-15
  4172.00    7.7215E-15
  4174.00    7.7419E-15
  4176.00    7.7853E-15
  4178.00    7.6580E-15
  4180.00    7.7102E-15
  4182.00    7.7575E-15
  4184.00    7.7806E-15
  4186.00    7.7083E-15
  4188.00    7.6735E-15
  4190.00    7.7989E-15
  4192.00    7.7266E-15
  4194.00    7.7790E-15
  4196.00    7.7962E-15
  4198.00    7.7663E-15
  4200.00    7.7116E-15
  4202.00    7.8215E-15
  4204.00    7.7318E-15
  4206.00    7.8327E-15
  4208.00    7.7591E-15
  4210.00    7.6864E-15
  4212.00    7.7267E-15
  4214.00    7.7829E-15
  4216.00    7.7883E-15
  4218.00    7.6441E-15
  4220.00    7.7791E-15
  4222.00    7.7343E-15
  4224.00    7.6434E-15
  4226.00    7.6678E-15
  4228.00    7.6853E-15
  4230.00    7.6570E-15
  4232.00    7.7923E-15
  4234.00    7.7815E-15
  4236.00    7.6932E-15
  4238.00    7.6829E-15
  4240.00    7.6015E-15
  4242.00    7.7402E-15
  4244.00    7.8300E-15
  4246.00    7.6931E-15
  4248.00    7.5141E-15
  4250.00    7.6717E-15
  4252.00    7.7290E-15
  4254.00    7.5660E-15
  4256.00    7.5897E-15
  4258.00    7.6634E-15
  4260.00    7.6800E-15
  4262.00    7.6388E-15
  4264.00    7.5638E-15
  4266.00    7.7034E-15
  4268.00    7.6480E-15
  4270.00    7.6227E-15
  4272.00    7.5338E-15
  4274.00    7.5322E-15
  4276.00    7.5248E-15
  4278.00    7.5899E-15
  4280.00    7.5526E-15
  4282.00    7.5104E-15
  4284.00    7.6408E-15
  4286.00    7.6151E-15
  4288.00    7.4762E-15
  4290.00    7.5014E-15
  4292.00    7.6224E-15
  4294.00    7.5588E-15
  4296.00    7.5451E-15
  4298.00    7.6516E-15
  4300.00    7.6227E-15
  4302.00    7.4989E-15
  4304.00    7.6198E-15
  4306.00    7.5186E-15
  4308.00    7.5528E-15
  4310.00    7.5135E-15
  4312.00    7.4984E-15
  4314.00    7.5216E-15
  4316.00    7.5198E-15
  4318.00    7.5187E-15
  4320.00    7.5796E-15
  4322.00    7.5933E-15
  4324.00    7.6103E-15
  4326.00    7.5250E-15
  4328.00    7.5269E-15
  4330.00    7.5072E-15
  4332.00    7.4518E-15
  4334.00    7.5755E-15
  4336.00    7.5477E-15
  4338.00    7.5035E-15
  4340.00    7.5353E-15
  4342.00    7.5416E-15
  4344.00    7.4368E-15
  4346.00    7.5213E-15
  4348.00    7.4478E-15
  4350.00    7.4776E-15
  4352.00    7.4707E-15
  4354.00    7.5318E-15
  4356.00    7.3451E-15
  4358.00    7.4604E-15
  4360.00    7.4391E-15
  4362.00    7.3770E-15
  4364.00    7.4920E-15
  4366.00    7.4033E-15
  4368.00    7.4914E-15
  4370.00    7.4669E-15
  4372.00    7.4336E-15
  4374.00    7.4807E-15
  4376.00    7.4816E-15
  4378.00    7.4634E-15
  4380.00    7.4463E-15
  4382.00    7.4218E-15
  4384.00    7.4139E-15
  4386.00    7.4855E-15
  4388.00    7.3966E-15
  4390.00    7.4802E-15
  4392.00    7.4393E-15
  4394.00    7.2910E-15
  4396.00    7.5650E-15
  4398.00    7.4619E-15
  4400.00    7.3564E-15
  4402.00    7.4534E-15
  4404.00    7.3888E-15
  4406.00    7.5538E-15
  4408.00    7.3460E-15
  4410.00    7.5193E-15
  4412.00    7.3092E-15
  4414.00    7.3269E-15
  4416.00    7.4957E-15
  4418.00    7.4765E-15
  4420.00    7.4379E-15
  4422.00    7.3236E-15
  4424.00    7.4224E-15
  4426.00    7.4040E-15
  4428.00    7.3197E-15
  4430.00    7.4029E-15
  4432.00    7.4930E-15
  4434.00    7.3431E-15
  4436.00    7.3420E-15
  4438.00    7.3188E-15
  4440.00    7.3297E-15
  4442.00    7.4034E-15
  4444.00    7.2807E-15
  4446.00    7.2734E-15
  4448.00    7.2635E-15
  4450.00    7.3417E-15
  4452.00    7.3026E-15
  4454.00    7.2143E-15
  4456.00    7.4006E-15
  4458.00    7.3762E-15
  4460.00    7.3416E-15
  4462.00    7.3409E-15
  4464.00    7.2641E-15
  4466.00    7.2797E-15
  4468.00    7.3299E-15
  4470.00    7.2557E-15
  4472.00    7.3051E-15
  4474.00    7.2988E-15
  4476.00    7.2115E-15
  4478.00    7.2467E-15
  4480.00    7.2470E-15
  4482.00    7.1797E-15
  4484.00    7.3154E-15
  4486.00    7.4102E-15
  4488.00    7.1651E-15
  4490.00    7.2351E-15
  4492.00    7.2755E-15
  4494.00    7.2697E-15
  4496.00    7.3723E-15
  4498.00    7.2205E-15
  4500.00    7.3491E-15
  4502.00    7.2772E-15
  4504.00    7.3532E-15
  4506.00    7.3116E-15
  4508.00    7.2503E-15
  4510.00    7.2940E-15
  4512.00    7.2490E-15
  4514.00    7.2892E-15
  4516.00    7.2017E-15
  4518.00    7.1593E-15
  4520.00    7.2804E-15
  4522.00    7.3291E-15
  4524.00    7.3106E-15
  4526.00    7.2624E-15
  4528.00    7.2839E-15
  4530.00    7.3123E-15
  4532.00    7.3090E-15
  4534.00    7.1006E-15
  4536.00    7.2039E-15
  4538.00    7.3311E-15
  4540.00    7.1442E-15
  4542.00    7.1250E-15
  4544.00    7.2329E-15
  4546.00    7.2128E-15
  4548.00    7.1531E-15
  4550.00    7.1422E-15
  4552.00    7.1883E-15
  4554.00    7.2005E-15
  4556.00    7.2552E-15
  4558.00    7.2098E-15
  4560.00    7.2537E-15
  4562.00    7.1362E-15
  4564.00    7.1321E-15
  4566.00    7.2977E-15
  4568.00    7.1767E-15
  4570.00    7.1737E-15
  4572.00    7.0839E-15
  4574.00    7.1814E-15
  4576.00    7.2133E-15
  4578.00    7.1582E-15
  4580.00    7.1811E-15
  4582.00    7.1392E-15
  4584.00    7.1922E-15
  4586.00    7.0708E-15
  4588.00    7.2766E-15
  4590.00    7.0820E-15
  4592.00    7.1586E-15
  4594.00    7.0882E-15
  4596.00    7.1253E-15
  4598.00    7.1208E-15
  4600.00    7.1488E-15
  4602.00    7.1624E-15
  4604.00    7.1917E-15
  4606.00    7.0547E-15
  4608.00    7.0984E-15
  4610.00    7.1012E-15
  4612.00    7.1268E-15
  4614.00    7.0847E-15
  4616.00    7.0618E-15
  4618.00    7.1053E-15
  4620.00    7.1490E-15
  4622.00    7.0619E-15
  4624.00    7.0771E-15
  4626.00    7.0233E-15
  4628.00    7.1776E-15
  4630.00    7.1215E-15
  4632.00    7.1117E-15
  4634.00    7.0794E-15
  4636.00    7.2135E-15
  4638.00    7.0133E-15
  4640.00    7.1334E-15
  4642.00    7.1346E-15
  4644.00    7.1049E-15
  4646.00    7.0833E-15
  4648.00    7.0193E-15
  4650.00    7.1473E-15
  4652.00    7.2214E-15
  4654.00    7.1605E-15
  4656.00    7.0644E-15
  4658.00    7.0277E-15
  4660.00    7.0196E-15
  4662.00    7.0106E-15
  4664.00    7.0566E-15
  4666.00    6.9968E-15
  4668.00    7.0357E-15
  4670.00    7.0721E-15
  4672.00    6.9548E-15
  4674.00    7.0369E-15
  4676.00    7.0435E-15
  4678.00    7.1545E-15
  4680.00    7.0369E-15
  4682.00    7.0031E-15
  4684.00    7.0300E-15
  4686.00    7.0110E-15
  4688.00    7.0151E-15
  4690.00    7.0373E-15
  4692.00    7.0140E-15
  4694.00    7.0709E-15
  4696.00    6.9811E-15
  4698.00    7.0594E-15
  4700.00    7.0065E-15
  4702.00    7.0858E-15
  4704.00    6.9873E-15
  4706.00    7.0446E-15
  4708.00    6.9358E-15
  4710.00    7.1297E-15
  4712.00    7.0156E-15
  4714.00    6.9079E-15
  4716.00    6.8467E-15
  4718.00    6.9486E-15
  4720.00    7.0534E-15
  4722.00    7.0672E-15
  4724.00    6.8808E-15
  4726.00    6.9020E-15
  4728.00    6.9061E-15
  4730.00    6.9238E-15
  4732.00    6.9977E-15
  4734.00    6.9544E-15
  4736.00    6.9373E-15
  4738.00    6.8925E-15
  4740.00    7.0586E-15
  4742.00    6.9778E-15
  4744.00    6.7847E-15
  4746.00    7.0237E-15
  4748.00    6.9948E-15
  4750.00    6.9454E-15
  4752.00    6.8855E-15
  4754.00    7.0317E-15
  4756.00    6.8894E-15
  4758.00    6.8691E-15
  4760.00    6.9874E-15
  4762.00    6.9345E-15
  4764.00    6.8726E-15
  4766.00    6.9698E-15
  4768.00    6.7477E-15
  4770.00    6.8277E-15
  4772.00    6.9111E-15
  4774.00    6.8922E-15
  4776.00    6.7584E-15
  4778.00    6.8987E-15
  4780.00    6.9272E-15
  4782.00    6.8090E-15
  4784.00    6.9100E-15
  4786.00    6.8547E-15
  4788.00    6.8295E-15
  4790.00    6.9525E-15
  4792.00    6.8944E-15
  4794.00    6.8421E-15
  4796.00    6.8215E-15
  4798.00    6.9239E-15
  4800.00    6.8414E-15
  4802.00    6.7629E-15
  4804.00    6.8621E-15
  4806.00    6.8388E-15
  4808.00    6.8052E-15
  4810.00    6.8906E-15
  4812.00    6.8279E-15
  4814.00    6.8221E-15
  4816.00    6.8825E-15
  4818.00    6.8554E-15
  4820.00    6.8437E-15
  4822.00    6.7301E-15
  4824.00    6.8297E-15
  4826.00    6.7897E-15
  4828.00    6.8132E-15
  4830.00    6.8549E-15
  4832.00    6.7103E-15
  4834.00    6.7751E-15
  4836.00    6.8150E-15
  4838.00    6.7608E-15
  4840.00    6.8104E-15
  4842.00    6.7499E-15
  4844.00    6.7944E-15
  4846.00    6.8301E-15
  4848.00    6.7784E-15
  4850.00    6.7871E-15
  4852.00    6.8016E-15
  4854.00    6.8380E-15
  4856.00    6.6535E-15
  4858.00    6.9741E-15
  4860.00    6.7241E-15
  4862.00    6.7431E-15
  4864.00    6.8217E-15
  4866.00    6.8166E-15
  4868.00    6.8112E-15
  4870.00    6.6507E-15
  4872.00    6.7515E-15
  4874.00    6.7937E-15
  4876.00    6.7462E-15
  4878.00    6.7196E-15
  4880.00    6.8629E-15
  4882.00    6.7730E-15
  4884.00    6.7833E-15
  4886.00    6.6922E-15
  4888.00    6.6679E-15
  4890.00    6.8141E-15
  4892.00    6.9307E-15
  4894.00    6.7243E-15
  4896.00    6.7015E-15
  4898.00    6.7277E-15
  4900.00    6.7972E-15
  4902.00    6.7346E-15
  4904.00    6.6841E-15
  4906.00    6.7326E-15
  4908.00    6.8078E-15
  4910.00    6.8102E-15
  4912.00    6.6292E-15
  4914.00    6.7225E-15
  4916.00    6.7192E-15
  4918.00    6.6223E-15
  4920.00    6.6475E-15
  4922.00    6.6755E-15
  4924.00    6.5999E-15
  4926.00    6.6975E-15
  4928.00    6.7739E-15
  4930.00    6.6539E-15
  4932.00    6.7155E-15
  4934.00    6.6423E-15
  4936.00    6.6847E-15
  4938.00    6.7648E-15
  4940.00    6.7651E-15
  4942.00    6.8100E-15
  4944.00    6.7382E-15
  4946.00    6.6437E-15
  4948.00    6.6264E-15
  4950.00    6.7104E-15
  4952.00    6.7133E-15
  4954.00    6.6596E-15
  4956.00    6.6959E-15
  4958.00    6.8028E-15
  4960.00    6.6499E-15
  4962.00    6.6744E-15
  4964.00    6.6689E-15
  4966.00    6.6140E-15
  4968.00    6.6858E-15
  4970.00    6.5931E-15
  4972.00    6.5706E-15
  4974.00    6.5854E-15
  4976.00    6.6977E-15
  4978.00    6.6275E-15
  4980.00    6.5937E-15
  4982.00    6.6422E-15
  4984.00    6.6941E-15
  4986.00    6.7641E-15
  4988.00    6.6592E-15
  4990.00    6.6423E-15
  4992.00    6.7133E-15
  4994.00    6.6090E-15
  4996.00    6.6384E-15
  4998.00    6.6359E-15
  5000.00    6.5875E-15
  5002.00    6.6695E-15
  5004.00    6.6735E-15
  5006.00    6.5940E-15
  5008.00    6.6280E-15
  5010.00    6.6630E-15
  5012.00    6.6723E-15
  5014.00    6.6474E-15
  5016.00    6.5583E-15
  5018.00    6.5468E-15
  5020.00    6.5275E-15
  5022.00    6.7130E-15
  5024.00    6.5980E-15
  5026.00    6.6564E-15
  5028.00    6.6056E-15
  5030.00    6.5878E-15
  5032.00    6.6405E-15
  5034.00    6.5310E-15
  5036.00    6.5019E-15
  5038.00    6.5915E-15
  5040.00    6.6194E-15
  5042.00    6.6061E-15
  5044.00    6.6849E-15
  5046.00    6.5642E-15
  5048.00    6.5662E-15
  5050.00    6.6232E-15
  5052.00    6.6595E-15
  5054.00    6.6385E-15
  5056.00    6.5586E-15
  5058.00    6.5875E-15
  5060.00    6.6116E-15
  5062.00    6.5598E-15
  5064.00    6.5046E-15
  5066.00    6.5264E-15
  5068.00    6.6361E-15
  5070.00    6.6674E-15
  5072.00    6.5562E-15
  5074.00    6.5578E-15
  5076.00    6.6324E-15
  5078.00    6.5285E-15
  5080.00    6.5307E-15
  5082.00    6.5958E-15
  5084.00    6.4807E-15
  5086.00    6.5899E-15
  5088.00    6.4822E-15
  5090.00    6.5457E-15
  5092.00    6.5372E-15
  5094.00    6.5106E-15
  5096.00    6.3952E-15
  5098.00    6.4174E-15
  5100.00    6.5377E-15
  5102.00    6.4953E-15
  5104.00    6.4954E-15
  5106.00    6.5580E-15
  5108.00    6.4713E-15
  5110.00    6.5389E-15
  5112.00    6.4656E-15
  5114.00    6.5334E-15
  5116.00    6.4783E-15
  5118.00    6.5066E-15
  5120.00    6.5199E-15
  5122.00    6.4239E-15
  5124.00    6.4656E-15
  5126.00    6.5182E-15
  5128.00    6.5057E-15
  5130.00    6.4079E-15
  5132.00    6.3889E-15
  5134.00    6.4593E-15
  5136.00    6.4780E-15
  5138.00    6.4232E-15
  5140.00    6.4582E-15
  5142.00    6.4856E-15
  5144.00    6.3755E-15
  5146.00    6.4165E-15
  5148.00    6.3415E-15
  5150.00    6.4103E-15
  5152.00    6.3641E-15
  5154.00    6.4914E-15
  5156.00    6.4129E-15
  5158.00    6.4056E-15
  5160.00    6.4352E-15
  5162.00    6.4149E-15
  5164.00    6.4466E-15
  5166.00    6.4309E-15
  5168.00    6.5175E-15
  5170.00    6.3768E-15
  5172.00    6.3985E-15
  5174.00    6.4726E-15
  5176.00    6.5035E-15
  5178.00    6.3262E-15
  5180.00    6.4718E-15
  5182.00    6.4220E-15
  5184.00    6.3656E-15
  5186.00    6.4221E-15
  5188.00    6.3814E-15
  5190.00    6.4368E-15
  5192.00    6.2683E-15
  5194.00    6.3772E-15
  5196.00    6.2996E-15
  5198.00    6.3244E-15
  5200.00    6.4266E-15
  5202.00    6.4389E-15
  5204.00    6.4228E-15
  5206.00    6.4096E-15
  5208.00    6.4300E-15
  5210.00    6.3887E-15
  5212.00    6.3462E-15
  5214.00    6.3339E-15
  5216.00    6.4781E-15
  5218.00    6.3418E-15
  5220.00    6.3794E-15
  5222.00    6.2659E-15
  5224.00    6.4178E-15
  5226.00    6.4078E-15
  5228.00    6.5408E-15
  5230.00    6.3182E-15
  5232.00    6.3394E-15
  5234.00    6.4338E-15
  5236.00    6.3137E-15
  5238.00    6.3811E-15
  5240.00    6.2691E-15
  5242.00    6.3497E-15
  5244.00    6.4489E-15
  5246.00    6.3110E-15
  5248.00    6.2268E-15
  5250.00    6.3502E-15
  5252.00    6.3466E-15
  5254.00    6.3217E-15
  5256.00    6.2368E-15
  5258.00    6.4911E-15
  5260.00    6.4201E-15
  5262.00    6.2725E-15
  5264.00    6.3474E-15
  5266.00    6.3729E-15
  5268.00    6.1861E-15
  5270.00    6.3404E-15
  5272.00    6.3315E-15
  5274.00    6.2740E-15
  5276.00    6.2495E-15
  5278.00    6.3897E-15
  5280.00    6.2833E-15
  5282.00    6.3426E-15
  5284.00    6.3284E-15
  5286.00    6.3139E-15
  5288.00    6.3129E-15
  5290.00    6.2588E-15
  5292.00    6.2334E-15
  5294.00    6.3124E-15
  5296.00    6.2627E-15
  5298.00    6.3700E-15
  5300.00    6.2762E-15
  5302.00    6.2119E-15
  5304.00    6.2739E-15
  5306.00    6.1725E-15
  5308.00    6.3105E-15
  5310.00    6.2661E-15
  5312.00    6.1864E-15
  5314.00    6.2561E-15
  5316.00    6.3060E-15
  5318.00    6.2755E-15
  5320.00    6.2240E-15
  5322.00    6.2535E-15
  5324.00    6.2858E-15
  5326.00    6.3410E-15
  5328.00    6.1810E-15
  5330.00    6.2099E-15
  5332.00    6.3254E-15
  5334.00    6.1996E-15
  5336.00    6.2762E-15
  5338.00    6.1818E-15
  5340.00    6.3220E-15
  5342.00    6.2082E-15
  5344.00    6.3148E-15
  5346.00    6.1091E-15
  5348.00    6.3129E-15
  5350.00    6.3860E-15
  5352.00    6.0735E-15
  5354.00    6.2622E-15
  5356.00    6.2229E-15
  5358.00    6.3168E-15
  5360.00    6.1845E-15
  5362.00    6.2412E-15
  5364.00    6.3082E-15
  5366.00    6.1529E-15
  5368.00    6.2548E-15
  5370.00    6.1517E-15
  5372.00    6.2408E-15
  5374.00    6.2676E-15
  5376.00    6.1792E-15
  5378.00    6.1260E-15
  5380.00    6.1617E-15
  5382.00    6.2155E-15
  5384.00    6.1792E-15
  5386.00    6.1625E-15
  5388.00    6.0875E-15
  5390.00    6.1753E-15
  5392.00    6.2082E-15
  5394.00    6.2275E-15
  5396.00    6.0653E-15
  5398.00    6.0972E-15
  5400.00    6.2194E-15
  5402.00    6.1543E-15
  5404.00    6.1946E-15
  5406.00    6.0294E-15
  5408.00    6.1214E-15
  5410.00    6.0796E-15
  5412.00    6.1564E-15
  5414.00    6.1487E-15
  5416.00    6.0710E-15
  5418.00    6.1610E-15
  5420.00    6.1329E-15
  5422.00    6.1674E-15
  5424.00    6.1613E-15
  5426.00    6.2796E-15
  5428.00    6.2520E-15
  5430.00    6.1844E-15
  5432.00    6.1643E-15
  5434.00    6.1904E-15
  5436.00    6.2319E-15
  5438.00    6.1193E-15
  5440.00    6.1848E-15
  5442.00    6.0996E-15
  5444.00    6.1442E-15
  5446.00    6.2637E-15
  5448.00    6.0725E-15
  5450.00    6.2156E-15
  5452.00    6.1923E-15
  5454.00    6.2201E-15
  5456.00    6.1344E-15
  5458.00    6.2268E-15
  5460.00    6.1224E-15
  5462.00    6.0611E-15
  5464.00    6.0670E-15
  5466.00    6.0539E-15
  5468.00    6.1459E-15
  5470.00    6.1591E-15
  5472.00    6.1290E-15
  5474.00    6.0346E-15
  5476.00    6.1276E-15
  5478.00    6.0458E-15
  5480.00    6.1451E-15
  5482.00    6.0866E-15
  5484.00    6.0959E-15
  5486.00    6.0415E-15
  5488.00    6.1248E-15
  5490.00    6.1554E-15
  5492.00    6.0663E-15
  5494.00    5.9163E-15
  5496.00    5.9475E-15
  5498.00    6.0053E-15
  5500.00    6.0970E-15
  5502.00    6.0197E-15
  5504.00    5.9772E-15
  5506.00    6.0608E-15
  5508.00    6.1387E-15
  5510.00    6.0443E-15
  5512.00    6.1220E-15
  5514.00    6.0637E-15
  5516.00    6.0433E-15
  5518.00    5.9716E-15
  5520.00    5.9559E-15
  5522.00    5.9293E-15
  5524.00    6.0465E-15
  5526.00    6.1398E-15
  5528.00    6.1857E-15
  5530.00    6.0267E-15
  5532.00    6.1059E-15
  5534.00    5.9861E-15
  5536.00    6.0363E-15
  5538.00    6.1151E-15
  5540.00    5.8861E-15
  5542.00    5.9258E-15
  5544.00    5.9430E-15
  5546.00    6.0776E-15
  5548.00    5.9623E-15
  5550.00    6.0071E-15
  5552.00    6.0339E-15
  5554.00    5.9832E-15
  5556.00    5.9251E-15
  5558.00    5.9868E-15
  5560.00    5.9315E-15
  5562.00    5.9373E-15
  5564.00    5.9541E-15
  5566.00    6.0273E-15
  5568.00    5.8796E-15
  5570.00    5.9351E-15
  5572.00    5.9521E-15
  5574.00    5.9970E-15
  5576.00    5.9929E-15
  5578.00    5.9053E-15
  5580.00    6.0280E-15
  5582.00    6.0680E-15
  5584.00    5.9703E-15
  5586.00    5.9962E-15
  5588.00    5.9817E-15
  5590.00    6.0028E-15
  5592.00    5.9817E-15
  5594.00    6.0264E-15
  5596.00    5.9974E-15
  5598.00    5.9975E-15
  5600.00    5.9204E-15
  5602.00    5.9882E-15
  5604.00    6.0611E-15
  5606.00    5.9456E-15
  5608.00    6.0498E-15
  5610.00    5.8879E-15
  5612.00    6.0234E-15
  5614.00    5.9334E-15
  5616.00    5.9151E-15
  5618.00    5.9052E-15
  5620.00    5.9560E-15
  5622.00    5.9002E-15
  5624.00    5.8764E-15
  5626.00    5.9030E-15
  5628.00    5.9363E-15
  5630.00    5.9388E-15
  5632.00    6.0004E-15
  5634.00    5.9558E-15
  5636.00    6.0276E-15
  5638.00    5.9353E-15
  5640.00    5.9271E-15
  5642.00    5.9810E-15
  5644.00    5.9906E-15
  5646.00    5.9852E-15
  5648.00    5.8469E-15
  5650.00    5.9689E-15
  5652.00    5.9822E-15
  5654.00    5.9365E-15
  5656.00    5.8784E-15
  5658.00    5.7834E-15
  5660.00    5.9680E-15
  5662.00    5.8255E-15
  5664.00    5.9164E-15
  5666.00    5.8998E-15
  5668.00    5.8856E-15
  5670.00    5.8466E-15
  5672.00    5.8487E-15
  5674.00    5.9316E-15
  5676.00    5.9175E-15
  5678.00    5.8692E-15
  5680.00    5.8654E-15
  5682.00    5.8728E-15
  5684.00    5.8636E-15
  5686.00    5.9621E-15
  5688.00    5.8288E-15
  5690.00    5.8158E-15
  5692.00    5.8159E-15
  5694.00    5.8411E-15
  5696.00    5.8692E-15
  5698.00    5.8052E-15
  5700.00    5.8230E-15
  5702.00    5.8531E-15
  5704.00    5.9313E-15
  5706.00    5.9585E-15
  5708.00    5.8997E-15
  5710.00    5.9530E-15
  5712.00    5.7726E-15
  5714.00    5.6972E-15
  5716.00    5.8837E-15
  5718.00    5.8570E-15
  5720.00    5.8442E-15
  5722.00    5.8994E-15
  5724.00    5.8075E-15
  5726.00    5.9233E-15
  5728.00    5.8491E-15
  5730.00    5.9155E-15
  5732.00    5.7731E-15
  5734.00    5.8313E-15
  5736.00    5.7829E-15
  5738.00    5.8656E-15
  5740.00    5.6913E-15
  5742.00    5.9261E-15
  5744.00    5.8446E-15
  5746.00    5.9389E-15
  5748.00    5.8558E-15
  5750.00    5.8605E-15
  5752.00    5.8264E-15
  5754.00    5.7799E-15
  5756.00    5.7969E-15
  5758.00    6.0357E-15
  5760.00    5.8306E-15
  5762.00    5.7973E-15
  5764.00    5.7475E-15
  5766.00    5.7923E-15
  5768.00    5.7404E-15
  5770.00    5.7146E-15
  5772.00    5.8117E-15
  5774.00    5.8515E-15
  5776.00    5.8748E-15
  5778.00    5.7049E-15
  5780.00    5.9290E-15
  5782.00    5.7651E-15
  5784.00    5.8003E-15
  5786.00    5.7414E-15
  5788.00    5.8290E-15
  5790.00    5.8169E-15
  5792.00    5.8720E-15
  5794.00    5.8528E-15
  5796.00    5.9573E-15
  5798.00    5.7398E-15
  5800.00    5.7067E-15
  5802.00    5.8029E-15
  5804.00    5.7895E-15
  5806.00    5.7062E-15
  5808.00    5.7458E-15
  5810.00    5.8191E-15
  5812.00    5.7094E-15
  5814.00    5.7992E-15
  5816.00    5.8658E-15
  5818.00    5.8616E-15
  5820.00    5.7763E-15
  5822.00    5.8131E-15
  5824.00    5.6309E-15
  5826.00    5.7241E-15
  5828.00    5.6863E-15
  5830.00    5.7506E-15
  5832.00    5.7921E-15
  5834.00    5.7570E-15
  5836.00    5.7697E-15
  5838.00    5.7631E-15
  5840.00    5.7673E-15
  5842.00    5.7910E-15
  5844.00    5.7301E-15
  5846.00    5.7388E-15
  5848.00    5.7974E-15
  5850.00    5.6749E-15
  5852.00    5.7341E-15
  5854.00    5.6762E-15
  5856.00    5.7270E-15
  5858.00    5.8706E-15
  5860.00    5.8218E-15
  5862.00    5.6682E-15
  5864.00    5.8751E-15
  5866.00    5.6742E-15
  5868.00    5.6882E-15
  5870.00    5.7292E-15
  5872.00    5.6939E-15
  5874.00    5.7656E-15
  5876.00    5.7509E-15
  5878.00    5.7453E-15
  5880.00    5.7642E-15
  5882.00    5.8020E-15
  5884.00    5.7192E-15
  5886.00    5.6515E-15
  5888.00    5.6802E-15
  5890.00    5.6905E-15
  5892.00    5.7633E-15
  5894.00    5.7749E-15
  5896.00    5.7046E-15
  5898.00    5.7443E-15
  5900.00    5.6784E-15
  5902.00    5.7805E-15
  5904.00    5.6733E-15
  5906.00    5.6470E-15
  5908.00    5.7239E-15
  5910.00    5.6955E-15
  5912.00    5.7530E-15
  5914.00    5.7888E-15
  5916.00    5.7690E-15
  5918.00    5.6607E-15
  5920.00    5.7012E-15
  5922.00    5.6920E-15
  5924.00    5.5869E-15
  5926.00    5.7077E-15
  5928.00    5.7247E-15
  5930.00    5.6610E-15
  5932.00    5.7272E-15
  5934.00    5.6284E-15
  5936.00    5.6557E-15
  5938.00    5.6700E-15
  5940.00    5.6422E-15
  5942.00    5.7863E-15
  5944.00    5.6411E-15
  5946.00    5.5053E-15
  5948.00    5.6611E-15
  5950.00    5.6937E-15
  5952.00    5.6014E-15
  5954.00    5.6724E-15
  5956.00    5.6537E-15
  5958.00    5.6228E-15
  5960.00    5.7622E-15
  5962.00    5.6973E-15
  5964.00    5.7378E-15
  5966.00    5.6130E-15
  5968.00    5.5844E-15
  5970.00    5.6052E-15
  5972.00    5.5597E-15
  5974.00    5.6833E-15
  5976.00    5.6594E-15
  5978.00    5.6697E-15
  5980.00    5.5449E-15
  5982.00    5.6002E-15
  5984.00    5.5818E-15
  5986.00    5.5603E-15
  5988.00    5.6345E-15
  5990.00    5.6482E-15
  5992.00    5.6214E-15
  5994.00    5.6502E-15
  5996.00    5.6428E-15
  5998.00    5.7058E-15
  6000.00    5.6899E-15
  6002.00    5.5816E-15
  6004.00    5.7029E-15
  6006.00    5.6845E-15
  6008.00    5.5917E-15
  6010.00    5.6534E-15
  6012.00    5.6163E-15
  6014.00    5.6073E-15
  6016.00    5.4668E-15
  6018.00    5.5815E-15
  6020.00    5.6345E-15
  6022.00    5.6045E-15
  6024.00    5.6353E-15
  6026.00    5.6078E-15
  6028.00    5.5024E-15
  6030.00    5.5533E-15
  6032.00    5.5066E-15
  6034.00    5.5192E-15
  6036.00    5.5193E-15
  6038.00    5.6036E-15
  6040.00    5.4856E-15
  6042.00    5.6242E-15
  6044.00    5.5431E-15
  6046.00    5.7105E-15
  6048.00    5.5377E-15
  6050.00    5.6313E-15
  6052.00    5.5008E-15
  6054.00    5.5361E-15
  6056.00    5.6233E-15
  6058.00    5.6341E-15
  6060.00    5.5196E-15
  6062.00    5.5700E-15
  6064.00    5.6115E-15
  6066.00    5.5765E-15
  6068.00    5.6604E-15
  6070.00    5.5828E-15
  6072.00    5.6028E-15
  6074.00    5.5651E-15
  6076.00    5.7257E-15
  6078.00    5.5491E-15
  6080.00    5.5628E-15
  6082.00    5.7283E-15
  6084.00    5.5707E-15
  6086.00    5.5553E-15
  6088.00    5.4982E-15
  6090.00    5.4691E-15
  6092.00    5.6240E-15
  6094.00    5.5297E-15
  6096.00    5.5016E-15
  6098.00    5.5663E-15
  6100.00    5.6159E-15
  6102.00    5.6300E-15
  6104.00    5.6171E-15
  6106.00    5.4810E-15
  6108.00    5.5160E-15
  6110.00    5.6624E-15
  6112.00    5.5482E-15
  6114.00    5.4637E-15
  6116.00    5.4583E-15
  6118.00    5.4879E-15
  6120.00    5.4994E-15
  6122.00    5.4816E-15
  6124.00    5.4783E-15
  6126.00    5.6230E-15
  6128.00    5.5939E-15
  6130.00    5.4748E-15
  6132.00    5.4920E-15
  6134.00    5.4456E-15
  6136.00    5.5203E-15
  6138.00    5.6268E-15
  6140.00    5.5883E-15
  6142.00    5.5536E-15
  6144.00    5.4233E-15
  6146.00    5.4337E-15
  6148.00    5.5230E-15
  6150.00    5.4960E-15
  6152.00    5.5742E-15
  6154.00    5.5339E-15
  6156.00    5.5115E-15
  6158.00    5.4245E-15
  6160.00    5.5057E-15
  6162.00    5.4818E-15
  6164.00    5.5738E-15
  6166.00    5.4975E-15
  6168.00    5.4531E-15
  6170.00    5.4069E-15
  6172.00    5.5537E-15
  6174.00    5.4212E-15
  6176.00    5.5304E-15
  6178.00    5.5250E-15
  6180.00    5.4293E-15
  6182.00    5.5184E-15
  6184.00    5.4982E-15
  6186.00    5.3859E-15
  6188.00    5.4991E-15
  6190.00    5.4018E-15
  6192.00    5.4022E-15
  6194.00    5.4457E-15
  6196.00    5.4096E-15
  6198.00    5.5746E-15
  6200.00    5.3683E-15
  6202.00    5.4249E-15
  6204.00    5.3697E-15
  6206.00    5.4237E-15
  6208.00    5.5166E-15
  6210.00    5.4565E-15
  6212.00    5.4635E-15
  6214.00    5.3520E-15
  6216.00    5.4104E-15
  6218.00    5.3719E-15
  6220.00    5.3740E-15
  6222.00    5.4214E-15
  6224.00    5.3936E-15
  6226.00    5.3523E-15
  6228.00    5.3678E-15
  6230.00    5.3330E-15
  6232.00    5.3766E-15
  6234.00    5.4959E-15
  6236.00    5.3977E-15
  6238.00    5.4242E-15
  6240.00    5.4414E-15
  6242.00    5.3814E-15
  6244.00    5.4419E-15
  6246.00    5.3651E-15
  6248.00    5.3662E-15
  6250.00    5.3980E-15
  6252.00    5.3971E-15
  6254.00    5.4057E-15
  6256.00    5.3711E-15
  6258.00    5.4474E-15
  6260.00    5.3658E-15
  6262.00    5.4269E-15
  6264.00    5.2990E-15
  6266.00    5.3787E-15
  6268.00    5.3464E-15
  6270.00    5.4864E-15
  6272.00    5.4211E-15
  6274.00    5.3584E-15
  6276.00    5.3717E-15
  6278.00    5.2861E-15
  6280.00    5.3418E-15
  6282.00    5.5303E-15
  6284.00    5.4395E-15
  6286.00    5.5196E-15
  6288.00    5.3164E-15
  6290.00    5.4526E-15
  6292.00    5.2803E-15
  6294.00    5.3480E-15
  6296.00    5.3579E-15
  6298.00    5.2833E-15
  6300.00    5.4660E-15
  6302.00    5.2959E-15
  6304.00    5.3768E-15
  6306.00    5.3854E-15
  6308.00    5.4697E-15
  6310.00    5.4006E-15
  6312.00    5.3240E-15
  6314.00    5.4143E-15
  6316.00    5.1987E-15
  6318.00    5.3306E-15
  6320.00    5.4081E-15
  6322.00    5.3784E-15
  6324.00    5.2472E-15
  6326.00    5.3352E-15
  6328.00    5.2563E-15
  6330.00    5.3013E-15
  6332.00    5.3623E-15
  6334.00    5.2962E-15
  6336.00    5.4601E-15
  6338.00    5.3488E-15
  6340.00    5.3420E-15
  6342.00    5.3679E-15
  6344.00    5.2814E-15
  6346.00    5.2794E-15
  6348.00    5.3992E-15
  6350.00    5.3401E-15
  6352.00    5.3461E-15
  6354.00    5.3643E-15
  6356.00    5.2999E-15
  6358.00    5.4229E-15
  6360.00    5.4443E-15
  6362.00    5.3999E-15
  6364.00    5.2802E-15
  6366.00    5.4149E-15
  6368.00    5.2282E-15
  6370.00    5.2813E-15
  6372.00    5.2670E-15
  6374.00    5.3663E-15
  6376.00    5.3623E-15
  6378.00    5.2465E-15
  6380.00    5.2757E-15
  6382.00    5.4395E-15
  6384.00    5.2512E-15
  6386.00    5.2795E-15
  6388.00    5.3057E-15
  6390.00    5.3514E-15
  6392.00    5.2887E-15
  6394.00    5.3212E-15
  6396.00    5.4804E-15
  6398.00    5.3583E-15
  6400.00    5.2834E-15
  6402.00    5.2405E-15
  6404.00    5.2666E-15
  6406.00    5.3425E-15
  6408.00    5.3231E-15
  6410.00    5.2305E-15
  6412.00    5.2973E-15
  6414.00    5.1556E-15
  6416.00    5.3331E-15
  6418.00    5.2617E-15
  6420.00    5.3197E-15
  6422.00    5.3557E-15
  6424.00    5.4375E-15
  6426.00    5.2318E-15
  6428.00    5.3755E-15
  6430.00    5.3079E-15
  6432.00    5.3481E-15
  6434.00    5.3024E-15
  6436.00    5.2764E-15
  6438.00    5.2574E-15
  6440.00    5.2050E-15
  6442.00    5.3190E-15
  6444.00    5.3039E-15
  6446.00    5.2612E-15
  6448.00    5.2597E-15
  6450.00    5.1926E-15
  6452.00    5.2876E-15
  6454.00    5.2823E-15
  6456.00    5.2278E-15
  6458.00    5.3048E-15
  6460.00    5.2611E-15
  6462.00    5.3020E-15
  6464.00    5.1698E-15
  6466.00    5.3297E-15
  6468.00    5.2206E-15
  6470.00    5.2924E-15
  6472.00    5.2903E-15
  6474.00    5.3463E-15
  6476.00    5.3121E-15
  6478.00    5.2474E-15
  6480.00    5.2273E-15
  6482.00    5.3140E-15
  6484.00    5.2334E-15
  6486.00    5.2254E-15
  6488.00    5.1914E-15
  6490.00    5.2075E-15
  6492.00    5.1464E-15
  6494.00    5.2309E-15
  6496.00    5.2157E-15
  6498.00    5.1884E-15
  6500.00    5.2771E-15
  6502.00    5.1162E-15
  6504.00    5.1384E-15
  6506.00    5.2658E-15
  6508.00    5.1561E-15
  6510.00    5.1732E-15
  6512.00    5.2419E-15
  6514.00    5.1955E-15
  6516.00    5.2785E-15
  6518.00    5.2959E-15
  6520.00    5.1610E-15
  6522.00    5.2131E-15
  6524.00    5.2671E-15
  6526.00    5.2424E-15
  6528.00    5.1556E-15
  6530.00    5.2308E-15
  6532.00    5.1091E-15
  6534.00    5.2050E-15
  6536.00    5.1761E-15
  6538.00    5.3118E-15
  6540.00    5.2122E-15
  6542.00    5.1956E-15
  6544.00    5.1406E-15
  6546.00    5.1438E-15
  6548.00    5.2397E-15
  6550.00    5.2936E-15
  6552.00    5.1652E-15
  6554.00    5.1982E-15
  6556.00    5.2068E-15
  6558.00    5.1673E-15
  6560.00    5.1938E-15
  6562.00    5.1921E-15
  6564.00    5.0767E-15
  6566.00    5.1694E-15
  6568.00    5.1106E-15
  6570.00    5.1199E-15
  6572.00    5.0330E-15
  6574.00    5.1346E-15
  6576.00    5.1734E-15
  6578.00    5.1791E-15
  6580.00    5.1515E-15
  6582.00    5.1788E-15
  6584.00    5.1805E-15
  6586.00    5.1367E-15
  6588.00    5.1898E-15
  6590.00    5.1327E-15
  6592.00    5.1945E-15
  6594.00    5.0754E-15
  6596.00    5.1768E-15
  6598.00    5.0970E-15
  6600.00    5.2224E-15
  6602.00    5.2021E-15
  6604.00    5.1082E-15
  6606.00    5.1026E-15
  6608.00    5.2027E-15
  6610.00    5.2580E-15
  6612.00    5.2895E-15
  6614.00    5.1383E-15
  6616.00    5.1002E-15
  6618.00    5.0956E-15
  6620.00    5.2341E-15
  6622.00    5.0803E-15
  6624.00    5.0870E-15
  6626.00    5.1530E-15
  6628.00    5.1277E-15
  6630.00    5.2083E-15
  6632.00    5.1588E-15
  6634.00    5.0432E-15
  6636.00    5.1933E-15
  6638.00    5.0967E-15
  6640.00    5.2460E-15
  6642.00    5.1640E-15
  6644.00    5.2662E-15
  6646.00    5.2041E-15
  6648.00    5.1911E-15
  6650.00    5.0942E-15
  6652.00    5.0715E-15
  6654.00    5.1235E-15
  6656.00    5.1019E-15
  6658.00    5.1242E-15
  6660.00    5.1326E-15
  6662.00    5.0488E-15
  6664.00    5.0749E-15
  6666.00    5.1522E-15
  6668.00    5.0419E-15
  6670.00    5.0815E-15
  6672.00    5.1928E-15
  6674.00    5.1464E-15
  6676.00    5.1140E-15
  6678.00    5.1876E-15
  6680.00    5.0180E-15
  6682.00    5.1273E-15
  6684.00    5.1470E-15
  6686.00    4.9107E-15
  6688.00    5.1219E-15
  6690.00    5.0729E-15
  6692.00    5.0703E-15
  6694.00    5.1743E-15
  6696.00    5.1045E-15
  6698.00    5.1259E-15
  6700.00    5.2509E-15
  6702.00    5.0034E-15
  6704.00    4.9712E-15
  6706.00    4.9924E-15
  6708.00    5.2249E-15
  6710.00    5.0503E-15
  6712.00    4.9821E-15
  6714.00    5.0527E-15
  6716.00    5.1507E-15
  6718.00    5.0499E-15
  6720.00    5.0737E-15
  6722.00    5.1143E-15
  6724.00    4.9618E-15
  6726.00    5.1066E-15
  6728.00    5.0324E-15
  6730.00    5.0903E-15
  6732.00    5.0139E-15
  6734.00    5.0527E-15
  6736.00    5.0699E-15
  6738.00    5.0051E-15
  6740.00    5.0521E-15
  6742.00    5.1308E-15
  6744.00    5.0545E-15
  6746.00    4.9634E-15
  6748.00    5.0702E-15
  6750.00    4.9919E-15
  6752.00    5.0636E-15
  6754.00    5.1119E-15
  6756.00    5.1135E-15
  6758.00    5.1724E-15
  6760.00    5.0358E-15
  6762.00    5.0622E-15
  6764.00    4.9750E-15
  6766.00    5.0860E-15
  6768.00    5.0441E-15
  6770.00    4.8904E-15
  6772.00    5.0218E-15
  6774.00    5.0452E-15
  6776.00    5.0651E-15
  6778.00    4.8546E-15
  6780.00    5.0468E-15
  6782.00    4.9847E-15
  6784.00    5.0840E-15
  6786.00    4.9828E-15
  6788.00    5.0907E-15
  6790.00    4.9653E-15
  6792.00    5.0748E-15
  6794.00    5.0940E-15
  6796.00    5.0146E-15
  6798.00    4.9937E-15
  6800.00    4.9716E-15
  6802.00    4.9510E-15
  6804.00    4.9810E-15
  6806.00    5.0222E-15
  6808.00    5.0289E-15
  6810.00    4.9472E-15
  6812.00    4.9048E-15
  6814.00    5.0856E-15
  6816.00    4.9780E-15
  6818.00    4.9667E-15
  6820.00    4.9771E-15
  6822.00    4.9603E-15
  6824.00    5.0936E-15
  6826.00    5.0854E-15
  6828.00    4.9652E-15
  6830.00    5.0081E-15
  6832.00    5.0486E-15
  6834.00    4.9774E-15
  6836.00    5.0737E-15
  6838.00    4.8807E-15
  6840.00    4.9727E-15
  6842.00    4.9861E-15
  6844.00    4.9122E-15
  6846.00    4.9972E-15
  6848.00    5.0928E-15
  6850.00    4.8964E-15
  6852.00    5.0228E-15
  6854.00    4.9662E-15
  6856.00    4.9829E-15
  6858.00    5.0328E-15
  6860.00    4.9388E-15
  6862.00    4.9652E-15
  6864.00    5.1335E-15
  6866.00    5.0101E-15
  6868.00    4.9646E-15
  6870.00    5.0252E-15
  6872.00    4.8980E-15
  6874.00    5.0503E-15
  6876.00    4.8803E-15
  6878.00    4.9106E-15
  6880.00    4.9294E-15
  6882.00    4.8826E-15
  6884.00    4.9782E-15
  6886.00    4.9139E-15
  6888.00    4.9606E-15
  6890.00    4.9790E-15
  6892.00    4.9034E-15
  6894.00    4.9787E-15
  6896.00    4.9205E-15
  6898.00    4.9614E-15
  6900.00    4.9264E-15
  6902.00    4.8076E-15
  6904.00    4.9282E-15
  6906.00    5.0146E-15
  6908.00    4.9053E-15
  6910.00    5.0046E-15
  6912.00    4.9836E-15
  6914.00    4.9974E-15
  6916.00    5.0602E-15
  6918.00    4.9457E-15
  6920.00    4.9091E-15
  6922.00    4.9601E-15
  6924.00    4.9448E-15
  6926.00    4.9285E-15
  6928.00    4.9914E-15
  6930.00    4.8337E-15
  6932.00    4.8606E-15
  6934.00    4.9528E-15
  6936.00    4.9237E-15
  6938.00    4.9492E-15
  6940.00    4.9272E-15
  6942.00    4.9350E-15
  6944.00    4.8997E-15
  6946.00    4.8631E-15
  6948.00    4.9280E-15
  6950.00    4.9439E-15
  6952.00    4.9659E-15
  6954.00    5.0121E-15
  6956.00    5.0337E-15
  6958.00    4.9677E-15
  6960.00    5.0366E-15
  6962.00    4.7827E-15
  6964.00    4.9771E-15
  6966.00    4.8062E-15
  6968.00    4.8814E-15
  6970.00    4.8341E-15
  6972.00    4.9717E-15
  6974.00    4.9183E-15
  6976.00    4.8775E-15
  6978.00    4.9308E-15
  6980.00    4.8417E-15
  6982.00    4.8774E-15
  6984.00    4.8344E-15
  6986.00    4.9613E-15
  6988.00    4.9242E-15
  6990.00    4.8410E-15
  6992.00    4.8805E-15
  6994.00    4.7996E-15
  6996.00    4.8378E-15
  6998.00    4.8298E-15
  7000.00    4.8039E-15
  7002.00    4.7920E-15
  7004.00    4.9711E-15
  7006.00    4.8805E-15
  7008.00    4.9859E-15
  7010.00    4.7820E-15
  7012.00    4.9054E-15
  7014.00    4.9681E-15
  7016.00    4.8175E-15
  7018.00    4.9889E-15
  7020.00    4.9168E-15
  7022.00    4.8758E-15
  7024.00    4.8434E-15
  7026.00    4.8285E-15
  7028.00    4.7500E-15
  7030.00    4.9045E-15
  7032.00    4.8896E-15
  7034.00    4.9006E-15
  7036.00    4.7877E-15
  7038.00    4.9706E-15
  7040.00    4.8542E-15
  7042.00    4.7316E-15
  7044.00    4.8380E-15
  7046.00    4.8965E-15
  7048.00    4.9445E-15
  7050.00    4.8840E-15
  7052.00    4.9246E-15
  7054.00    4.8979E-15
  7056.00    4.8465E-15
  7058.00    4.7345E-15
  7060.00    4.8897E-15
  7062.00    4.7565E-15
  7064.00    4.8845E-15
  7066.00    4.8946E-15
  7068.00    4.7594E-15
  7070.00    4.8764E-15
  7072.00    4.8934E-15
  7074.00    4.8662E-15
  7076.00    4.9101E-15
  7078.00    4.8142E-15
  7080.00    4.8243E-15
  7082.00    4.9263E-15
  7084.00    4.8560E-15
  7086.00    4.8692E-15
  7088.00    4.7866E-15
  7090.00    4.7490E-15
  7092.00    4.7933E-15
  7094.00    4.7782E-15
  7096.00    4.8252E-15
  7098.00    4.8186E-15
  7100.00    4.7733E-15
  7102.00    4.7650E-15
  7104.00    4.7639E-15
  7106.00    4.8277E-15
  7108.00    4.8753E-15
  7110.00    4.7388E-15
  7112.00    4.8506E-15
  7114.00    4.8186E-15
  7116.00    4.7934E-15
  7118.00    4.6832E-15
  7120.00    4.6708E-15
  7122.00    4.6808E-15
  7124.00    4.7805E-15
  7126.00    4.8729E-15
  7128.00    4.7355E-15
  7130.00    4.8113E-15
  7132.00    4.8053E-15
  7134.00    4.8496E-15
  7136.00    4.8505E-15
  7138.00    4.8031E-15
  7140.00    4.7254E-15
  7142.00    4.7198E-15
  7144.00    4.8624E-15
  7146.00    4.8676E-15
  7148.00    4.7336E-15
  7150.00    4.7856E-15
  7152.00    4.8026E-15
  7154.00    4.8104E-15
  7156.00    4.7325E-15
  7158.00    4.8054E-15
  7160.00    4.7824E-15
  7162.00    4.8542E-15
  7164.00    4.7122E-15
  7166.00    4.6908E-15
  7168.00    4.8161E-15
  7170.00    4.7518E-15
  7172.00    4.9067E-15
  7174.00    4.7828E-15
  7176.00    4.8345E-15
  7178.00    4.7564E-15
  7180.00    4.8317E-15
  7182.00    4.7264E-15
  7184.00    4.7697E-15
  7186.00    4.6800E-15
  7188.00    4.8954E-15
  7190.00    4.7918E-15
  7192.00    4.6459E-15
  7194.00    4.8238E-15
  7196.00    4.7327E-15
  7198.00    4.7386E-15
  7200.00    4.7611E-15
  7202.00    4.8201E-15
  7204.00    4.7174E-15
  7206.00    4.7992E-15
  7208.00    4.7030E-15
  7210.00    4.6476E-15
  7212.00    4.7632E-15
  7214.00    4.6806E-15
  7216.00    4.6838E-15
  7218.00    4.6961E-15
  7220.00    4.7430E-15
  7222.00    4.8130E-15
  7224.00    4.6601E-15
  7226.00    4.7897E-15
  7228.00    4.6494E-15
  7230.00    4.6853E-15
  7232.00    4.7301E-15
  7234.00    4.8046E-15
  7236.00    4.7396E-15
  7238.00    4.7457E-15
  7240.00    4.7230E-15
  7242.00    4.7628E-15
  7244.00    4.8131E-15
  7246.00    4.7214E-15
  7248.00    4.6826E-15
  7250.00    4.8554E-15
  7252.00    4.6861E-15
  7254.00    4.7551E-15
  7256.00    4.7161E-15
  7258.00    4.7288E-15
  7260.00    4.7265E-15
  7262.00    4.7158E-15
  7264.00    4.7151E-15
  7266.00    4.7943E-15
  7268.00    4.7237E-15
  7270.00    4.7618E-15
  7272.00    4.7289E-15
  7274.00    4.6394E-15
  7276.00    4.7127E-15
  7278.00    4.6712E-15
  7280.00    4.8439E-15
  7282.00    4.7915E-15
  7284.00    4.7668E-15
  7286.00    4.6571E-15
  7288.00    4.6379E-15
  7290.00    4.6741E-15
  7292.00    4.7441E-15
  7294.00    4.7635E-15
  7296.00    4.7278E-15
  7298.00    4.6833E-15
  7300.00    4.6026E-15
  7302.00    4.7773E-15
  7304.00    4.6530E-15
  7306.00    4.7172E-15
  7308.00    4.7089E-15
  7310.00    4.6870E-15
  7312.00    4.7104E-15
  7314.00    4.6828E-15
  7316.00    4.7518E-15
  7318.00    4.7261E-15
  7320.00    4.7327E-15
  7322.00    4.6841E-15
  7324.00    4.6710E-15
  7326.00    4.7014E-15
  7328.00    4.6679E-15
  7330.00    4.6874E-15
  7332.00    4.6910E-15
  7334.00    4.6989E-15
  7336.00    4.7779E-15
  7338.00    4.7050E-15
  7340.00    4.6665E-15
  7342.00    4.6346E-15
  7344.00    4.7176E-15
  7346.00    4.6334E-15
  7348.00    4.7576E-15
  7350.00    4.6177E-15
  7352.00    4.6745E-15
  7354.00    4.6504E-15
  7356.00    4.7491E-15
  7358.00    4.6327E-15
  7360.00    4.8332E-15
  7362.00    4.6416E-15
  7364.00    4.7107E-15
  7366.00    4.6780E-15
  7368.00    4.6262E-15
  7370.00    4.8463E-15
  7372.00    4.6464E-15
  7374.00    4.7673E-15
  7376.00    4.6798E-15
  7378.00    4.7113E-15
  7380.00    4.6959E-15
  7382.00    4.5918E-15
  7384.00    4.5961E-15
  7386.00    4.8066E-15
  7388.00    4.7334E-15
  7390.00    4.6274E-15
  7392.00    4.6868E-15
  7394.00    4.6584E-15
  7396.00    4.5795E-15
  7398.00    4.6285E-15
  7400.00    4.6242E-15
  7402.00    4.7962E-15
  7404.00    4.6676E-15
  7406.00    4.5989E-15
  7408.00    4.7826E-15
  7410.00    4.6723E-15
  7412.00    4.6522E-15
  7414.00    4.7095E-15
  7416.00    4.6772E-15
  7418.00    4.6677E-15
  7420.00    4.6219E-15
  7422.00    4.5692E-15
  7424.00    4.5484E-15
  7426.00    4.6681E-15
  7428.00    4.6974E-15
  7430.00    4.5749E-15
  7432.00    4.5651E-15
  7434.00    4.5860E-15
  7436.00    4.5835E-15
  7438.00    4.6011E-15
  7440.00    4.6428E-15
  7442.00    4.6895E-15
  7444.00    4.6302E-15
  7446.00    4.5405E-15
  7448.00    4.5684E-15
  7450.00    4.7249E-15
  7452.00    4.5821E-15
  7454.00    4.5803E-15
  7456.00    4.5476E-15
  7458.00    4.6086E-15
  7460.00    4.6371E-15
  7462.00    4.6056E-15
  7464.00    4.5659E-15
  7466.00    4.6099E-15
  7468.00    4.5708E-15
  7470.00    4.6543E-15
  7472.00    4.5355E-15
  7474.00    4.6096E-15
  7476.00    4.6463E-15
  7478.00    4.6317E-15
  7480.00    4.6449E-15
  7482.00    4.5803E-15
  7484.00    4.5919E-15
  7486.00    4.5718E-15
  7488.00    4.5722E-15
  7490.00    4.5843E-15
  7492.00    4.5518E-15
  7494.00    4.6636E-15
  7496.00    4.5898E-15
  7498.00    4.5288E-15
  7500.00    4.6937E-15
  7502.00    4.6320E-15
  7504.00    4.6530E-15
  7506.00    4.6303E-15
  7508.00    4.6559E-15
  7510.00    4.4665E-15
  7512.00    4.5914E-15
  7514.00    4.4712E-15
  7516.00    4.6089E-15
  7518.00    4.5502E-15
  7520.00    4.5357E-15
  7522.00    4.6206E-15
  7524.00    4.5266E-15
  7526.00    4.6034E-15
  7528.00    4.6039E-15
  7530.00    4.4488E-15
  7532.00    4.5698E-15
  7534.00    4.5921E-15
  7536.00    4.5572E-15
  7538.00    4.5763E-15
  7540.00    4.5948E-15
  7542.00    4.5815E-15
  7544.00    4.6616E-15
  7546.00    4.6547E-15
  7548.00    4.5634E-15
  7550.00    4.5815E-15
  7552.00    4.5292E-15
  7554.00    4.6078E-15
  7556.00    4.5921E-15
  7558.00    4.6557E-15
  7560.00    4.4959E-15
  7562.00    4.6959E-15
  7564.00    4.5469E-15
  7566.00    4.5196E-15
  7568.00    4.5646E-15
  7570.00    4.4933E-15
  7572.00    4.5260E-15
  7574.00    4.4955E-15
  7576.00    4.5607E-15
  7578.00    4.6322E-15
  7580.00    4.6343E-15
  7582.00    4.5769E-15
  7584.00    4.6227E-15
  7586.00    4.5822E-15
  7588.00    4.6649E-15
  7590.00    4.6225E-15
  7592.00    4.5781E-15
  7594.00    4.5510E-15
  7596.00    4.3903E-15
  7598.00    4.5666E-15
  7600.00    4.4881E-15
  7602.00    4.5838E-15
  7604.00    4.5449E-15
  7606.00    4.5809E-15
  7608.00    4.5071E-15
  7610.00    4.6049E-15
  7612.00    4.4350E-15
  7614.00    4.5279E-15
  7616.00    4.4516E-15
  7618.00    4.5990E-15
  7620.00    4.5770E-15
  7622.00    4.4650E-15
  7624.00    4.5716E-15
  7626.00    4.6030E-15
  7628.00    4.4415E-15
  7630.00    4.4201E-15
  7632.00    4.5319E-15
  7634.00    4.5735E-15
  7636.00    4.5559E-15
  7638.00    4.4309E-15
  7640.00    4.6178E-15
  7642.00    4.5217E-15
  7644.00    4.5176E-15
  7646.00    4.5221E-15
  7648.00    4.4431E-15
  7650.00    4.4853E-15
  7652.00    4.5342E-15
  7654.00    4.6148E-15
  7656.00    4.4818E-15
  7658.00    4.3400E-15
  7660.00    4.4939E-15
  7662.00    4.5740E-15
  7664.00    4.5187E-15
  7666.00    4.3915E-15
  7668.00    4.4817E-15
  7670.00    4.4275E-15
  7672.00    4.3357E-15
  7674.00    4.3716E-15
  7676.00    4.4574E-15
  7678.00    4.3339E-15
  7680.00    4.5785E-15
  7682.00    4.4811E-15
  7684.00    4.4248E-15
  7686.00    4.4280E-15
  7688.00    4.5200E-15
  7690.00    4.4598E-15
  7692.00    4.4726E-15
  7694.00    4.4290E-15
  7696.00    4.5089E-15
  7698.00    4.5115E-15
  7700.00    4.4459E-15
  7702.00    4.4444E-15
  7704.00    4.3286E-15
  7706.00    4.5503E-15
  7708.00    4.5208E-15
  7710.00    4.5007E-15
  7712.00    4.4969E-15
  7714.00    4.4694E-15
  7716.00    4.4731E-15
  7718.00    4.5018E-15
  7720.00    4.5205E-15
  7722.00    4.5251E-15
  7724.00    4.4573E-15
  7726.00    4.5134E-15
  7728.00    4.4417E-15
  7730.00    4.4923E-15
  7732.00    4.4836E-15
  7734.00    4.3398E-15
  7736.00    4.4280E-15
  7738.00    4.4923E-15
  7740.00    4.5127E-15
  7742.00    4.5438E-15
  7744.00    4.3738E-15
  7746.00    4.4164E-15
  7748.00    4.4603E-15
  7750.00    4.3415E-15
  7752.00    4.5057E-15
  7754.00    4.4621E-15
  7756.00    4.4972E-15
  7758.00    4.4560E-15
  7760.00    4.4564E-15
  7762.00    4.4460E-15
  7764.00    4.5338E-15
  7766.00    4.4932E-15
  7768.00    4.4470E-15
  7770.00    4.4703E-15
  7772.00    4.4721E-15
  7774.00    4.5204E-15
  7776.00    4.5014E-15
  7778.00    4.4571E-15
  7780.00    4.3855E-15
  7782.00    4.3649E-15
  7784.00    4.4063E-15
  7786.00    4.4409E-15
  7788.00    4.4321E-15
  7790.00    4.4370E-15
  7792.00    4.4266E-15
  7794.00    4.5679E-15
  7796.00    4.4455E-15
  7798.00    4.5367E-15
  7800.00    4.3742E-15
  7802.00    4.3943E-15
  7804.00    4.3810E-15
  7806.00    4.4720E-15
  7808.00    4.4052E-15
  7810.00    4.3149E-15
  7812.00    4.4434E-15
  7814.00    4.4735E-15
  7816.00    4.4521E-15
  7818.00    4.4210E-15
  7820.00    4.3879E-15
  7822.00    4.4483E-15
  7824.00    4.4021E-15
  7826.00    4.4236E-15
  7828.00    4.4822E-15
  7830.00    4.3996E-15
  7832.00    4.2756E-15
  7834.00    4.4873E-15
  7836.00    4.4602E-15
  7838.00    4.5199E-15
  7840.00    4.4617E-15
  7842.00    4.4318E-15
  7844.00    4.3586E-15
  7846.00    4.4508E-15
  7848.00    4.5028E-15
  7850.00    4.3655E-15
  7852.00    4.4120E-15
  7854.00    4.4381E-15
  7856.00    4.4311E-15
  7858.00    4.4495E-15
  7860.00    4.2702E-15
  7862.00    4.3515E-15
  7864.00    4.4494E-15
  7866.00    4.4533E-15
  7868.00    4.4336E-15
  7870.00    4.3737E-15
  7872.00    4.4069E-15
  7874.00    4.3128E-15
  7876.00    4.4071E-15
  7878.00    4.4270E-15
  7880.00    4.3974E-15
  7882.00    4.3577E-15
  7884.00    4.4089E-15
  7886.00    4.4113E-15
  7888.00    4.3761E-15
  7890.00    4.4572E-15
  7892.00    4.3956E-15
  7894.00    4.3569E-15
  7896.00    4.3613E-15
  7898.00    4.3725E-15
  7900.00    4.4060E-15
  7902.00    4.4705E-15
  7904.00    4.4316E-15
  7906.00    4.2712E-15
  7908.00    4.3332E-15
  7910.00    4.3546E-15
  7912.00    4.3602E-15
  7914.00    4.4688E-15
  7916.00    4.3962E-15
  7918.00    4.4039E-15
  7920.00    4.3997E-15
  7922.00    4.3340E-15
  7924.00    4.4339E-15
  7926.00    4.3051E-15
  7928.00    4.3496E-15
  7930.00    4.2326E-15
  7932.00    4.3830E-15
  7934.00    4.3420E-15
  7936.00    4.2517E-15
  7938.00    4.3704E-15
  7940.00    4.4127E-15
  7942.00    4.3674E-15
  7944.00    4.3451E-15
  7946.00    4.2285E-15
  7948.00    4.4343E-15
  7950.00    4.4201E-15
  7952.00    4.4609E-15
  7954.00    4.3844E-15
  7956.00    4.3540E-15
  7958.00    4.3816E-15
  7960.00    4.2756E-15
  7962.00    4.3797E-15
  7964.00    4.3996E-15
  7966.00    4.2829E-15
  7968.00    4.2855E-15
  7970.00    4.3501E-15
  7972.00    4.3216E-15
  7974.00    4.3211E-15
  7976.00    4.4111E-15
  7978.00    4.4092E-15
  7980.00    4.3075E-15
  7982.00    4.3197E-15
  7984.00    4.3433E-15
  7986.00    4.3214E-15
  7988.00    4.1878E-15
  7990.00    4.3325E-15
  7992.00    4.3101E-15
  7994.00    4.4178E-15
  7996.00    4.3240E-15
  7998.00    4.2747E-15
  8000.00    4.3305E-15
  8002.00    4.3917E-15
  8004.00    4.3743E-15
  8006.00    4.3398E-15
  8008.00    4.3446E-15
  8010.00    4.3898E-15
  8012.00    4.2673E-15
  8014.00    4.2818E-15
  8016.00    4.3613E-15
  8018.00    4.4285E-15
  8020.00    4.2595E-15
  8022.00    4.3946E-15
  8024.00    4.2877E-15
  8026.00    4.3358E-15
  8028.00    4.2437E-15
  8030.00    4.2777E-15
  8032.00    4.4263E-15
  8034.00    4.2229E-15
  8036.00    4.1971E-15
  8038.00    4.1939E-15
  8040.00    4.3897E-15
  8042.00    4.2665E-15
  8044.00    4.2571E-15
  8046.00    4.1849E-15
  8048.00    4.3305E-15
  8050.00    4.2558E-15
  8052.00    4.2844E-15
  8054.00    4.3390E-15
  8056.00    4.2350E-15
  8058.00    4.2783E-15
  8060.00    4.4100E-15
  8062.00    4.2893E-15
  8064.00    4.3497E-15
  8066.00    4.2990E-15
  8068.00    4.3183E-15
  8070.00    4.2837E-15
  8072.00    4.3357E-15
  8074.00    4.3130E-15
  8076.00    4.3254E-15
  8078.00    4.2725E-15
  8080.00    4.2898E-15
  8082.00    4.3461E-15
  8084.00    4.2764E-15
  8086.00    4.1451E-15
  8088.00    4.4094E-15
  8090.00    4.3078E-15
  8092.00    4.2846E-15
  8094.00    4.4142E-15
  8096.00    4.2227E-15
  8098.00    4.2197E-15
  8100.00    4.2159E-15
  8102.00    4.2914E-15
  8104.00    4.1669E-15
  8106.00    4.2946E-15
  8108.00    4.3267E-15
  8110.00    4.3093E-15
  8112.00    4.3331E-15
  8114.00    4.3866E-15
  8116.00    4.3336E-15
  8118.00    4.1548E-15
  8120.00    4.1894E-15
  8122.00    4.2290E-15
  8124.00    4.2236E-15
  8126.00    4.2493E-15
  8128.00    4.3450E-15
  8130.00    4.1804E-15
  8132.00    4.3920E-15
  8134.00    4.2665E-15
  8136.00    4.3256E-15
  8138.00    4.2717E-15
  8140.00    4.2165E-15
  8142.00    4.3555E-15
  8144.00    4.2297E-15
  8146.00    4.2386E-15
  8148.00    4.2827E-15
  8150.00    4.2033E-15
  8152.00    4.2954E-15
  8154.00    4.2822E-15
  8156.00    4.2735E-15
  8158.00    4.1544E-15
  8160.00    4.3602E-15
  8162.00    4.2641E-15
  8164.00    4.2833E-15
  8166.00    4.2855E-15
  8168.00    4.1973E-15
  8170.00    4.2048E-15
  8172.00    4.3071E-15
  8174.00    4.2880E-15
  8176.00    4.3105E-15
  8178.00    4.3932E-15
  8180.00    4.2600E-15
  8182.00    4.1363E-15
  8184.00    4.1605E-15
  8186.00    4.2322E-15
  8188.00    4.2852E-15
  8190.00    4.2097E-15
  8192.00    4.2075E-15
  8194.00    4.2485E-15
  8196.00    4.3149E-15
  8198.00    4.3300E-15
  8200.00    4.2151E-15
