  1350.00000     6.0713e-16    -1.6472e-19 
  1351.00000     1.1209e-15    -6.5420e-19 
  1352.00000     1.3572e-15     1.9688e-17 
  1353.00000     1.3443e-15    -3.8949e-19 
  1354.00000     2.0930e-15     2.9896e-16 
  1355.00000     2.9848e-15     8.5054e-16 
  1356.00000     1.8568e-15     1.2282e-16 
  1357.00000     3.2807e-15     9.4907e-17 
  1358.00000     2.4158e-15     5.9522e-17 
  1359.00000     2.3823e-15     6.8526e-17 
  1360.00000     2.1959e-15    -8.9076e-17 
  1361.00000     2.5426e-15    -1.3893e-16 
  1362.00000     1.4770e-15     2.3333e-16 
  1363.00000     2.0389e-15     1.3658e-16 
  1364.00000     1.8537e-15     1.2957e-17 
  1365.00000     3.7952e-15     2.5878e-16 
  1366.00000     2.6823e-15     2.7505e-16 
  1367.00000     1.7021e-15     1.1918e-16 
  1368.00000     9.2373e-16     6.9039e-17 
  1369.00000     1.3210e-15     6.6234e-17 
  1370.00000     7.8521e-16    -4.1727e-16 
  1371.00000     2.3824e-15    -9.7726e-16 
  1372.00000     2.9546e-15     2.4415e-16 
  1373.00000     7.6555e-16     2.7296e-17 
  1374.00000     7.4957e-16     1.4259e-17 
  1375.00000     1.7692e-15     5.1291e-17 
  1376.00000     2.7756e-15    -7.7675e-17 
  1377.00000     1.0442e-15    -6.2072e-17 
  1378.00000     2.0125e-15    -2.6376e-17 
  1379.00000     2.5592e-15     8.4060e-17 
  1380.00000     3.4899e-15     8.7194e-17 
  1381.00000     1.0614e-15     2.3429e-17 
  1382.00000    -4.8550e-16    -1.4803e-17 
  1383.00000     1.9359e-15     7.3036e-17 
  1384.00000     1.5863e-15     8.1926e-17 
  1385.00000     1.4478e-16     8.1355e-18 
  1386.00000     1.4324e-15     3.9753e-17 
  1387.00000     1.1729e-15     2.7532e-17 
  1388.00000     1.2772e-15     5.0413e-17 
  1389.00000     1.7718e-15     6.1222e-17 
  1390.00000     1.9512e-15     1.0473e-16 
  1391.00000     2.2716e-15     2.3120e-16 
  1392.00000     2.2613e-16     2.0071e-17 
  1393.00000     3.5323e-16     1.5441e-17 
  1394.00000     4.6607e-17     1.1453e-18 
  1395.00000     1.2685e-15     3.0470e-17 
  1396.00000     1.3622e-15     2.9199e-17 
  1397.00000     8.5882e-16     1.6607e-17 
  1398.00000     1.2863e-15     3.3512e-17 
  1399.00000     8.0479e-16     3.1532e-17 
  1400.00000     7.3634e-16     3.7017e-17 
  1401.00000     7.5423e-16     3.5256e-17 
  1402.00000     1.3213e-15    -5.6669e-17 
  1403.00000     1.4461e-15     3.9268e-16 
  1404.00000     1.3784e-15     1.3473e-15 
  1405.00000     2.3614e-15     6.6919e-16 
  1406.00000     2.6287e-15    -6.2200e-17 
  1407.00000     1.3788e-15     6.3680e-17 
  1408.00000     3.1232e-15     8.5743e-17 
  1409.00000     2.7075e-16     4.7238e-18 
  1410.00000     1.3979e-15     2.3403e-17 
  1411.00000     7.6980e-16     1.4332e-17 
  1412.00000     7.5548e-16    -7.9867e-17 
  1413.00000     1.8761e-15    -1.4000e-16 
  1414.00000     1.0964e-15     3.5250e-17 
  1415.00000     6.5411e-16     1.4125e-17 
  1416.00000     1.5609e-15     5.0439e-17 
  1417.00000     8.2600e-16     1.9680e-17 
  1418.00000     1.4988e-15     2.4062e-17 
  1419.00000     5.1976e-17     8.2846e-19 
  1420.00000     2.8028e-15     4.7568e-17 
  1421.00000     8.6605e-16     1.5974e-17 
  1422.00000     1.2264e-15     3.3629e-17 
  1423.00000     1.0628e-15     4.5734e-17 
  1424.00000     1.8651e-15     4.9408e-17 
  1425.00000     8.4608e-16     2.9463e-17 
  1426.00000     7.2063e-16     3.3482e-17 
  1427.00000     2.1435e-15     7.4073e-17 
  1428.00000     1.5261e-15     6.5874e-17 
  1429.00000     1.5959e-15     4.6362e-17 
  1430.00000     2.3330e-15     5.6500e-17 
  1431.00000     1.4992e-15     4.4080e-17 
  1432.00000     1.3533e-15     4.2876e-17 
  1433.00000     1.5239e-15     4.2602e-17 
  1434.00000     1.0916e-15     2.5700e-17 
  1435.00000     3.1505e-15     1.0981e-16 
  1436.00000     1.4575e-15     8.9838e-17 
  1437.00000     1.6942e-15     8.6624e-17 
  1438.00000     1.4817e-15     3.1595e-17 
  1439.00000     4.4888e-16     8.5786e-18 
  1440.00000     2.0420e-15     6.8047e-17 
  1441.00000     2.8377e-15     1.3209e-16 
  1442.00000     1.4655e-15     5.4893e-17 
  1443.00000     1.7750e-15     7.7184e-17 
  1444.00000     1.6094e-15     1.0909e-16 
  1445.00000     1.4203e-15     8.9939e-17 
  1446.00000     1.1797e-15     3.0629e-17 
  1447.00000     1.8832e-15     4.3284e-17 
  1448.00000     2.2937e-15     5.9684e-17 
  1449.00000     6.1305e-16     1.4978e-17 
  1450.00000     2.7877e-15     6.3482e-17 
  1451.00000     2.2427e-15     3.3121e-17 
  1452.00000     2.7605e-15     8.4948e-17 
  1453.00000     1.8962e-15     2.1259e-16 
  1454.00000     1.7984e-15     1.6097e-17 
  1455.00000     2.5292e-15    -5.6692e-17 
  1456.00000     2.8372e-15     9.5009e-17 
  1457.00000     2.1276e-15     5.0129e-17 
  1458.00000     1.8449e-15     2.4169e-17 
  1459.00000     2.1517e-15    -8.6681e-17 
  1460.00000     1.7679e-15     4.7643e-17 
  1461.00000     6.8062e-16     3.8488e-17 
  1462.00000     2.1407e-15     9.2517e-17 
  1463.00000     9.3678e-16     5.1258e-17 
  1464.00000     1.6869e-15     5.7129e-17 
  1465.00000     9.3720e-16     8.2179e-17 
  1466.00000     1.2247e-15     7.4828e-17 
  1467.00000     2.2592e-15     5.3099e-17 
  1468.00000     2.2588e-15     4.7003e-17 
  1469.00000    -4.1133e-16    -6.5850e-18 
  1470.00000     3.5342e-16     6.0888e-18 
  1471.00000     1.9929e-15     2.9556e-17 
  1472.00000     9.3293e-16     1.3400e-17 
  1473.00000     2.0042e-15     3.5506e-17 
  1474.00000     1.0337e-15     3.1228e-17 
  1475.00000     2.2427e-15     8.6402e-17 
  1476.00000     1.4226e-15     3.7968e-17 
  1477.00000     1.6029e-15     5.2344e-17 
  1478.00000     2.6711e-15     1.6872e-16 
  1479.00000     1.0610e-15     5.8166e-17 
  1480.00000     6.4251e-16     4.2092e-17 
  1481.00000     1.1674e-15     1.0792e-16 
  1482.00000     1.8972e-15     7.1223e-17 
  1483.00000     1.7796e-16     6.4214e-18 
  1484.00000     1.9598e-15     6.9194e-17 
  1485.00000     1.1227e-15     2.9407e-17 
  1486.00000     1.6612e-15     3.6210e-17 
  1487.00000     1.4133e-15     3.6620e-17 
  1488.00000     9.5020e-16     3.3732e-17 
  1489.00000     4.0570e-16     1.1109e-17 
  1490.00000     2.1720e-15     9.6874e-17 
  1491.00000     1.6515e-15     6.5343e-17 
  1492.00000     1.1866e-15     2.1007e-17 
  1493.00000     1.2674e-15     2.4061e-17 
  1494.00000     2.0786e-15     4.9261e-17 
  1495.00000     1.6411e-15     3.4902e-17 
  1496.00000     2.6252e-15     9.2029e-17 
  1497.00000     1.3137e-15     4.4164e-17 
  1498.00000    -6.9117e-17    -1.1708e-18 
  1499.00000     6.8005e-16     7.6737e-18 
  1500.00000     1.3341e-15     2.3010e-17 
  1501.00000     2.0192e-15     6.9146e-17 
  1502.00000    -1.6286e-17    -7.0419e-19 
  1503.00000     1.3973e-15     4.4676e-17 
  1504.00000     1.1791e-16     2.5230e-18 
  1505.00000     9.0712e-16     2.4826e-17 
  1506.00000     2.7281e-15     8.4034e-17 
  1507.00000     4.8525e-16     9.6743e-18 
  1508.00000     1.2462e-15     1.7884e-17 
  1509.00000     2.0386e-15     2.9063e-17 
  1510.00000     1.4750e-15     2.0257e-17 
  1511.00000     4.0900e-16     5.8857e-18 
  1512.00000     1.3122e-15     2.3201e-17 
  1513.00000     1.4557e-15     2.8049e-17 
  1514.00000     1.2278e-15     2.3229e-17 
  1515.00000     2.8094e-16     5.9179e-18 
  1516.00000     2.1815e-15     4.5476e-17 
  1517.00000     1.7402e-15     2.8520e-17 
  1518.00000    -2.3291e-16    -3.6722e-18 
  1519.00000     1.4037e-15     2.2968e-17 
  1520.00000     2.3375e-15     3.4104e-17 
  1521.00000     4.8595e-16     7.5249e-18 
  1522.00000     7.7473e-16     1.2676e-17 
  1523.00000     1.2475e-15     2.1546e-17 
  1524.00000     1.4008e-15     2.9011e-17 
  1525.00000     2.0272e-16     3.3023e-18 
  1526.00000     1.6691e-15     7.4368e-17 
  1527.00000     2.5371e-15     2.1757e-16 
  1528.00000     1.1999e-15     5.2882e-17 
  1529.00000     1.4958e-15     1.6786e-16 
  1530.00000     1.2538e-15     4.8493e-16 
  1531.00000     7.0634e-16     1.3584e-16 
  1532.00000     4.6631e-16     1.7464e-17 
  1533.00000     8.3150e-16     1.9266e-17 
  1534.00000     1.4340e-15     3.4030e-17 
  1535.00000     1.7133e-15     3.2636e-17 
  1536.00000     3.6302e-15     4.9981e-17 
  1537.00000     1.6625e-15     5.2669e-17 
  1538.00000     1.3085e-15     1.6246e-16 
  1539.00000     6.5145e-16     6.4410e-17 
  1540.00000     8.3843e-16     1.7403e-17 
  1541.00000    -2.4280e-16    -7.2359e-18 
  1542.00000     1.3652e-15     3.9612e-17 
  1543.00000     1.3525e-16     2.7366e-18 
  1544.00000     6.0878e-16     2.4159e-17 
  1545.00000     1.8046e-15     6.5508e-17 
  1546.00000     3.3476e-16     6.1840e-18 
  1547.00000     2.2052e-15     4.3308e-17 
  1548.00000     8.0461e-16     3.1590e-17 
  1549.00000     1.3274e-15     4.5245e-17 
  1550.00000     9.6255e-16    -3.9128e-16 
  1551.00000     7.1508e-16    -2.2636e-16 
  1552.00000     1.9999e-15     1.0705e-16 
  1553.00000     8.2055e-16     1.0557e-17 
  1554.00000     6.2170e-16     1.3286e-17 
  1555.00000     1.0772e-15     8.4150e-17 
  1556.00000     7.3057e-16    -4.1251e-18 
  1557.00000     2.2103e-15    -3.8122e-17 
  1558.00000     1.6707e-16     6.4891e-18 
  1559.00000     5.7580e-16     1.3735e-17 
  1560.00000     1.7042e-15     2.8799e-17 
  1561.00000     1.6509e-15     3.4217e-17 
  1562.00000     1.3056e-15     2.9561e-17 
  1563.00000     1.6275e-16     2.7548e-18 
  1564.00000     1.4822e-15     1.9443e-17 
  1565.00000     1.9051e-15     3.1824e-17 
  1566.00000     1.8699e-15     3.5194e-17 
  1567.00000    -5.4349e-16    -9.1451e-18 
  1568.00000     1.5986e-15     3.0765e-17 
  1569.00000     1.5538e-15     5.8518e-17 
  1570.00000     7.2469e-16     2.9186e-17 
  1571.00000     7.2613e-16     1.5423e-17 
  1572.00000     1.6318e-15     3.6120e-17 
  1573.00000     2.9811e-16     7.2267e-18 
  1574.00000     1.7459e-15     3.4489e-17 
  1575.00000     5.7128e-16     8.3008e-18 
  1576.00000     1.5609e-15     2.0639e-17 
  1577.00000     1.4580e-15     2.7523e-17 
  1578.00000     3.1814e-15     9.4479e-17 
  1579.00000     1.9739e-15     5.9617e-17 
  1580.00000     1.5766e-15     3.5867e-17 
  1581.00000     2.5550e-15     3.7071e-17 
  1582.00000     9.8265e-16     1.2658e-17 
  1583.00000     7.7586e-16     1.5727e-17 
  1584.00000     1.2194e-15     3.6742e-17 
  1585.00000     8.4553e-16     2.6726e-17 
  1586.00000     1.0440e-15     1.9346e-17 
  1587.00000     2.4622e-17     3.0431e-19 
  1588.00000     1.9111e-15     2.5599e-17 
  1589.00000     1.0503e-15     1.2283e-17 
  1590.00000     1.0955e-15     1.5407e-17 
  1591.00000     4.9786e-16     8.8829e-18 
  1592.00000     1.6810e-15     2.5182e-17 
  1593.00000     3.4404e-15     4.6527e-17 
  1594.00000     1.0099e-15     3.3697e-17 
  1595.00000     7.1933e-16     3.4114e-17 
  1596.00000     1.2668e-15     2.4429e-17 
  1597.00000     2.3281e-16     2.6879e-18 
  1598.00000     1.6594e-15     2.7762e-17 
  1599.00000     1.6545e-15     2.6294e-17 
  1600.00000     1.3978e-15     1.7262e-17 
  1601.00000     1.4818e-15     2.2917e-17 
  1602.00000     1.7764e-15     3.8773e-17 
  1603.00000     1.7670e-15     4.4867e-17 
  1604.00000     1.6008e-15     4.5675e-17 
  1605.00000     1.1658e-16     2.5820e-18 
  1606.00000     1.3564e-15     1.7243e-17 
  1607.00000     1.1577e-15     1.7343e-17 
  1608.00000     1.8648e-15     4.3751e-17 
  1609.00000     1.4601e-15     2.9892e-17 
  1610.00000     6.0353e-16     8.7425e-18 
  1611.00000     6.8362e-16     7.9319e-18 
  1612.00000     1.0315e-16     1.6329e-18 
  1613.00000     8.3833e-16     2.2175e-17 
  1614.00000     1.0698e-15     3.5295e-17 
  1615.00000     3.9372e-16     1.0985e-17 
  1616.00000     1.8569e-15     4.7379e-17 
  1617.00000     9.3262e-16     2.2773e-17 
  1618.00000     1.8366e-15     3.2202e-17 
  1619.00000     1.2032e-15     1.2721e-17 
  1620.00000     1.9113e-15     2.5276e-17 
  1621.00000     1.3758e-15     2.3781e-17 
  1622.00000     4.6280e-16     6.4619e-18 
  1623.00000     2.7989e-15     4.5621e-17 
  1624.00000    -1.0938e-16    -2.1793e-18 
  1625.00000    -1.9076e-16    -3.0206e-18 
  1626.00000     4.5979e-16     6.3069e-18 
  1627.00000     1.0668e-15     1.7174e-17 
  1628.00000     1.9802e-15     4.2146e-17 
  1629.00000     2.2154e-15     4.5028e-17 
  1630.00000     1.7478e-15     5.5365e-17 
  1631.00000     1.0950e-16     4.8715e-18 
  1632.00000     1.5820e-15     3.7323e-17 
  1633.00000     3.7958e-16     5.3810e-18 
  1634.00000     1.8153e-15     2.1074e-17 
  1635.00000     8.4039e-16     1.1189e-17 
  1636.00000     1.7839e-15     2.5961e-17 
  1637.00000     2.1599e-15     2.7019e-17 
  1638.00000     8.6392e-16     1.3253e-17 
  1639.00000     7.9234e-16     1.8375e-17 
  1640.00000     6.6474e-16     1.2769e-17 
  1641.00000     1.1604e-16     1.6060e-18 
  1642.00000     1.4038e-16     3.6896e-18 
  1643.00000     1.9248e-15     9.1817e-17 
  1644.00000     7.9519e-17     3.7567e-18 
  1645.00000     1.4758e-15     3.3057e-17 
  1646.00000     1.6159e-15     1.8809e-17 
  1647.00000     1.9405e-15     2.0626e-17 
  1648.00000     1.5545e-15     1.5410e-17 
  1649.00000     6.5757e-16     8.0941e-18 
  1650.00000     1.9649e-15     2.8866e-17 
  1651.00000     1.0757e-15     1.3956e-17 
  1652.00000     2.0466e-15     3.2567e-17 
  1653.00000     1.0101e-15     1.6632e-17 
  1654.00000     1.1661e-15     2.6753e-17 
  1655.00000     1.3309e-15     4.8781e-17 
  1656.00000     1.9216e-15     9.7362e-17 
  1657.00000     2.0214e-16     1.7654e-17 
  1658.00000     2.2462e-15     1.8356e-16 
  1659.00000     1.0969e-15     5.3429e-17 
  1660.00000     1.1018e-15     3.0714e-17 
  1661.00000     1.9189e-15     4.1777e-17 
  1662.00000     1.2715e-15     2.1119e-17 
  1663.00000     1.1187e-15     1.5860e-17 
  1664.00000     9.5246e-16     1.2473e-17 
  1665.00000     1.8347e-15     2.2529e-17 
  1666.00000     1.0348e-15     1.2370e-17 
  1667.00000     2.0985e-15     2.3846e-17 
  1668.00000     2.4732e-15     2.3178e-17 
  1669.00000     7.2394e-16     6.0394e-18 
  1670.00000     1.6021e-15     1.7664e-17 
  1671.00000     4.6898e-16     6.2635e-18 
  1672.00000     1.4848e-15     2.0623e-17 
  1673.00000     1.7827e-15     2.4054e-17 
  1674.00000     1.3011e-15     1.5877e-17 
  1675.00000     1.1446e-15     1.4181e-17 
  1676.00000     1.1873e-15     1.1177e-17 
  1677.00000     1.9455e-15     1.6480e-17 
  1678.00000     7.9640e-16     8.8842e-18 
  1679.00000     1.6254e-15     1.9480e-17 
  1680.00000     1.2208e-15     1.1632e-17 
  1681.00000     1.2570e-15     1.1640e-17 
  1682.00000     3.9118e-16     3.9036e-18 
  1683.00000     1.7219e-15     2.5206e-17 
  1684.00000     1.3850e-15     2.1287e-17 
  1685.00000     8.2970e-16     7.7242e-18 
  1686.00000     1.3055e-15     9.9892e-18 
  1687.00000     2.7651e-15     2.5112e-17 
  1688.00000     1.1342e-15     1.4712e-17 
  1689.00000     1.9148e-16     2.1787e-18 
  1690.00000     4.2921e-16     3.2209e-18 
  1691.00000     3.9323e-16     2.9517e-18 
  1692.00000     2.6623e-15     2.1027e-17 
  1693.00000     1.0282e-15     8.3802e-18 
  1694.00000     1.9383e-15     1.5976e-17 
  1695.00000     3.3368e-16     3.5507e-18 
  1696.00000     5.4039e-16     7.2588e-18 
  1697.00000     1.2878e-15     1.5672e-17 
  1698.00000     2.7761e-15     2.3659e-17 
  1699.00000     5.4393e-16     5.0136e-18 
  1700.00000     1.0234e-15     9.1631e-18 
  1701.00000     2.0720e-15     1.5053e-17 
  1702.00000     1.9966e-15     1.4863e-17 
  1703.00000     4.8167e-16     4.3714e-18 
  1704.00000     1.3628e-15     1.2741e-17 
  1705.00000     1.5557e-15     1.5157e-17 
  1706.00000     2.1558e-16     1.9412e-18 
  1707.00000     1.0326e-15     8.3708e-18 
  1708.00000     2.0678e-15     1.6332e-17 
  1709.00000     2.4425e-15     1.8411e-17 
  1710.00000     2.1602e-16     1.4184e-18 
  1711.00000     9.7236e-16     6.4219e-18 
  1712.00000     9.3180e-16     8.0713e-18 
  1713.00000     1.7848e-15     2.0166e-17 
  1714.00000     1.5416e-15     1.8573e-17 
  1715.00000     1.0269e-15     1.0379e-17 
  1716.00000     1.7217e-15     1.3637e-17 
  1717.00000     1.2865e-15     1.2017e-17 
  1718.00000     1.7820e-15     2.4170e-17 
  1719.00000     1.5203e-15     1.7557e-17 
  1720.00000     9.4477e-16     7.4455e-18 
  1721.00000     1.5212e-15     1.3501e-17 
  1722.00000     8.6189e-16     7.5635e-18 
  1723.00000     1.3599e-15     1.0442e-17 
  1724.00000     1.1984e-15     8.0490e-18 
  1725.00000     8.5432e-16     6.2949e-18 
  1726.00000     1.1458e-15     9.8951e-18 
  1727.00000     1.6693e-15     1.8264e-17 
  1728.00000     4.0887e-16     6.2823e-18 
  1729.00000    -1.8375e-17    -2.8923e-19 
  1730.00000     7.2890e-16     7.0333e-18 
  1731.00000     5.5759e-16     2.9471e-18 
  1732.00000     1.7129e-15     1.4837e-17 
  1733.00000     2.7530e-15     3.7026e-17 
  1734.00000     1.0042e-15     1.0898e-17 
  1735.00000     2.7265e-15     1.8283e-17 
  1736.00000     1.8907e-15     1.3113e-17 
  1737.00000     1.8563e-15     1.3412e-17 
  1738.00000     1.1589e-15     6.5330e-18 
  1739.00000     2.1077e-15     9.9976e-18 
  1740.00000     2.0449e-15     9.6515e-18 
  1741.00000     1.9454e-15     7.8767e-18 
  1742.00000     8.2113e-16     3.2915e-18 
  1743.00000     1.3189e-15     5.8389e-18 
  1744.00000     1.3133e-15     6.1946e-18 
  1745.00000     3.0924e-16     1.5638e-18 
  1746.00000     2.1282e-15     1.2016e-17 
  1747.00000     5.3891e-16     3.2306e-18 
  1748.00000     4.5391e-16     2.6576e-18 
  1749.00000     9.5663e-16     5.1991e-18 
  1750.00000     1.0022e-15     4.9419e-18 
  1751.00000     1.6763e-15     7.1410e-18 
  1752.00000    -8.3724e-16    -7.4345e-18 
  1753.00000     1.0006e-15     1.0933e-17 
  1754.00000     1.5224e-15    -1.1188e-16 
  1755.00000     7.4786e-16    -2.6927e-17 
  1756.00000     5.4246e-17     2.3529e-18 
  1757.00000     7.0088e-16     1.0458e-17 
  1758.00000     6.5614e-16     4.3689e-18 
  1759.00000     1.2587e-15     6.5760e-18 
  1760.00000     3.5527e-16     1.7072e-18 
  1761.00000     4.7372e-16     1.8458e-18 
  1762.00000     2.0144e-17     5.5763e-20 
  1763.00000     8.7967e-16     2.0514e-18 
  1764.00000     1.8213e-15     4.4628e-18 
  1765.00000     1.8655e-15     7.0123e-18 
  1766.00000     4.5190e-16     3.9925e-18 
  1767.00000     8.1619e-16     8.6058e-18 
  1768.00000     2.2396e-15     1.9131e-17 
  1769.00000     1.6128e-15     1.1045e-17 
  1770.00000     5.1332e-16     2.3600e-18 
  1771.00000     1.4310e-16     4.4707e-19 
  1772.00000     5.0534e-16     1.5498e-18 
  1773.00000     1.9118e-15     5.8396e-18 
  1774.00000     1.0514e-15     2.8083e-18 
  1775.00000     1.9160e-15     4.8702e-18 
  1776.00000    -4.0845e-17    -1.1247e-19 
  1777.00000     6.6636e-16     2.0734e-18 
  1778.00000     1.3909e-15     4.2822e-18 
  1779.00000     1.8305e-15     5.8373e-18 
  1780.00000    -5.3416e-17    -1.8562e-19 
  1781.00000     8.2902e-16     2.9908e-18 
  1782.00000     2.1525e-15     7.9232e-18 
  1783.00000     1.1298e-16     4.0238e-19 
  1784.00000     1.3977e-15     4.8617e-18 
  1785.00000     8.7888e-16     3.0133e-18 
  1786.00000     2.6659e-16     9.8447e-19 
  1787.00000     2.1877e-15     9.1467e-18 
  1788.00000    -6.0637e-16    -2.7857e-18 
  1789.00000     2.2226e-15     1.2274e-17 
  1790.00000     1.7771e-15     9.5010e-18 
  1791.00000     1.9894e-15     9.0639e-18 
  1792.00000     8.3626e-16     3.7166e-18 
  1793.00000     4.4543e-16     2.2070e-18 
  1794.00000     1.4512e-15     7.6901e-18 
  1795.00000     1.7732e-15     1.0019e-17 
  1796.00000     4.1461e-16     2.2965e-18 
  1797.00000     4.6276e-16     2.5842e-18 
  1798.00000     1.5387e-15     8.6385e-18 
  1799.00000     2.3151e-15     1.2616e-17 
  1800.00000     8.9020e-16     5.0876e-18 
  1801.00000     1.3498e-15     7.8943e-18 
  1802.00000     7.4574e-16     4.1283e-18 
  1803.00000     1.1714e-16     6.2831e-19 
  1804.00000     1.7128e-15     9.1544e-18 
  1805.00000     2.5752e-15     1.4244e-17 
  1806.00000     2.2343e-15     1.4002e-17 
  1807.00000     3.3174e-16     2.2386e-18 
  1808.00000     2.2286e-15     1.6815e-17 
  1809.00000     2.3600e-15     1.7551e-17 
  1810.00000     9.0213e-16     8.9445e-18 
  1811.00000    -1.2972e-16    -1.6906e-18 
  1812.00000     2.0578e-15     2.0280e-17 
  1813.00000     1.4032e-16     1.0984e-18 
  1814.00000     2.9592e-16     1.8651e-18 
  1815.00000     1.0098e-15     5.8768e-18 
  1816.00000     1.9538e-15     1.1977e-17 
  1817.00000     2.6231e-15     1.6002e-17 
  1818.00000    -6.4994e-16    -3.8886e-18 
  1819.00000     2.2693e-15     1.3992e-17 
  1820.00000     2.2101e-16     1.5394e-18 
  1821.00000     7.7011e-16     5.2647e-18 
  1822.00000     1.2206e-15     7.8651e-18 
  1823.00000    -6.4290e-18    -4.2180e-20 
  1824.00000     1.4361e-15     8.8651e-18 
  1825.00000     1.1294e-15     7.2289e-18 
  1826.00000     2.1585e-15     1.5361e-17 
  1827.00000     1.4506e-15     1.0516e-17 
  1828.00000     7.6788e-16     5.7238e-18 
  1829.00000     1.8967e-15     1.4774e-17 
  1830.00000     1.3611e-15     9.5546e-18 
  1831.00000     7.5921e-16     5.4223e-18 
  1832.00000     1.3298e-15     1.3424e-17 
  1833.00000     8.9606e-16     8.4930e-18 
  1834.00000     1.6163e-15     5.5851e-17 
  1835.00000     5.0223e-16     3.1962e-17 
  1836.00000     8.0136e-16     2.8866e-17 
  1837.00000     1.2631e-15     2.1647e-17 
  1838.00000     1.1703e-15     1.6675e-17 
  1839.00000     1.0787e-15     1.3071e-17 
  1840.00000     7.3738e-17     6.0440e-19 
  1841.00000     1.3239e-15     9.5820e-18 
  1842.00000     1.1997e-15     9.0807e-18 
  1843.00000     1.1960e-15     8.2097e-18 
  1844.00000     2.3433e-15     1.7063e-17 
  1845.00000     3.6047e-16     3.8831e-18 
  1846.00000     1.1455e-15     3.1210e-17 
  1847.00000     1.1387e-15     5.2585e-17 
  1848.00000     8.6086e-16     4.3987e-17 
  1849.00000     6.7557e-16     4.3945e-17 
  1850.00000    -2.4530e-16    -8.3018e-18 
  1851.00000     2.1198e-15     1.3667e-17 
  1852.00000     1.2565e-16     6.7322e-19 
  1853.00000     1.2785e-15     7.1522e-18 
  1854.00000     1.4984e-15     9.0632e-18 
  1855.00000     1.5511e-15     9.7534e-18 
  1856.00000     1.1384e-15     6.9933e-18 
  1857.00000     4.4350e-16     3.0860e-18 
  1858.00000     8.5737e-16     5.9407e-18 
  1859.00000     2.7188e-15     1.7591e-17 
  1860.00000     1.5103e-15     1.4046e-17 
  1861.00000     1.1381e-15     1.3186e-17 
  1862.00000    -4.7214e-17    -4.3282e-19 
  1863.00000     7.9669e-16     5.6545e-18 
  1864.00000     1.2355e-15     8.2252e-18 
  1865.00000     2.2078e-16     1.2778e-18 
  1866.00000     8.7864e-16     4.9513e-18 
  1867.00000     1.1141e-15     6.6895e-18 
  1868.00000    -4.6615e-16    -2.8949e-18 
  1869.00000    -4.8082e-16    -3.0068e-18 
  1870.00000     9.8366e-16     6.0337e-18 
  1871.00000     9.8968e-16     6.2098e-18 
  1872.00000     1.2360e-15     8.5971e-18 
  1873.00000     1.4164e-15     9.6379e-18 
  1874.00000     1.9831e-15     1.3276e-17 
  1875.00000     1.3989e-15     9.0204e-18 
  1876.00000     3.9270e-16     2.6992e-18 
  1877.00000     8.6772e-16     6.4938e-18 
  1878.00000     1.4121e-15     9.3739e-18 
  1879.00000    -8.9517e-17    -6.1598e-19 
  1880.00000     1.3067e-15     1.0495e-17 
  1881.00000     1.6020e-15     1.3495e-17 
  1882.00000     6.1254e-16     5.2338e-18 
  1883.00000     1.4886e-15     1.3259e-17 
  1884.00000     2.2296e-15     1.9481e-17 
  1885.00000     1.2652e-15     1.1408e-17 
  1886.00000     1.1188e-15     9.1405e-18 
  1887.00000     5.6088e-16     4.0920e-18 
  1888.00000     2.9908e-16     2.0840e-18 
  1889.00000     1.1292e-15     8.8063e-18 
  1890.00000     1.8847e-15     1.8245e-17 
  1891.00000     1.6433e-15     1.3940e-17 
  1892.00000     1.6574e-15     1.3243e-17 
  1893.00000     4.0990e-16     3.6465e-18 
  1894.00000     7.8485e-16     7.3064e-18 
  1895.00000    -1.6935e-16    -1.4686e-18 
  1896.00000    -6.8523e-16    -5.8196e-18 
  1897.00000     1.4928e-15     1.4453e-17 
  1898.00000     1.1632e-15     1.0826e-17 
  1899.00000     1.7800e-15     1.2813e-17 
  1900.00000     8.0115e-16     4.9642e-18 
  1901.00000     9.3083e-16     6.7606e-18 
  1902.00000     1.0631e-15     8.6495e-18 
  1903.00000     2.3398e-15     1.8723e-17 
  1904.00000     2.2632e-16     1.8110e-18 
  1905.00000     2.7146e-16     2.5749e-18 
  1906.00000     2.0971e-15     2.1506e-17 
  1907.00000     5.4736e-16     5.0679e-18 
  1908.00000     2.0940e-15     2.0130e-17 
  1909.00000     1.2833e-15     1.4668e-17 
  1910.00000    -9.4483e-16    -9.2987e-18 
  1911.00000     1.5009e-15     1.2743e-17 
  1912.00000    -1.0641e-16    -1.1149e-18 
  1913.00000     2.0054e-15     2.6731e-17 
  1914.00000    -2.5344e-17    -3.3186e-19 
  1915.00000     2.5197e-15     2.2688e-17 
  1916.00000     1.0693e-15     7.9140e-18 
  1917.00000     1.0838e-16     9.7782e-19 
  1918.00000     1.2872e-15     1.3055e-17 
  1919.00000     4.9887e-16     5.1658e-18 
  1920.00000     2.0053e-15     2.3897e-17 
  1921.00000     2.8077e-16     3.4852e-18 
  1922.00000     2.6377e-16     3.4134e-18 
  1923.00000     1.0180e-15     1.4780e-17 
  1924.00000    -5.3160e-16    -6.9053e-18 
  1925.00000    -6.0101e-16    -5.7856e-18 
  1926.00000     1.0673e-15     1.1947e-17 
  1927.00000     1.4140e-15     1.7476e-17 
  1928.00000     8.3682e-16     9.9800e-18 
  1929.00000    -2.4421e-16    -2.5002e-18 
  1930.00000     2.1429e-15     2.1843e-17 
  1931.00000     1.5420e-15     2.0082e-17 
  1932.00000    -3.6160e-16    -5.4038e-18 
  1933.00000    -2.3840e-16    -3.0678e-18 
  1934.00000     3.6289e-16     3.6053e-18 
  1935.00000     8.2381e-16     7.1943e-18 
  1936.00000     5.5142e-16     4.7268e-18 
  1937.00000     6.5073e-16     5.9738e-18 
  1938.00000     2.1282e-15     2.1970e-17 
  1939.00000     1.4873e-15     1.2524e-17 
  1940.00000     1.0378e-15     9.6757e-18 
  1941.00000     2.8963e-15     3.2424e-17 
  1942.00000     1.0568e-16     1.1651e-18 
  1943.00000     9.6680e-16     1.0107e-17 
  1944.00000     2.3034e-15     2.4761e-17 
  1945.00000     1.7395e-15     1.5441e-17 
  1946.00000     6.1981e-16     4.8058e-18 
  1947.00000     6.3278e-16     5.3972e-18 
  1948.00000     1.0266e-15     1.0396e-17 
  1949.00000     1.2298e-15     1.3950e-17 
  1950.00000    -2.5680e-16    -3.0941e-18 
  1951.00000     1.5889e-15     2.0036e-17 
  1952.00000     1.4414e-15     1.5496e-17 
  1953.00000     8.7547e-16     7.9315e-18 
  1954.00000     1.1086e-15     1.0356e-17 
  1955.00000     1.7198e-15     1.6481e-17 
  1956.00000     9.3155e-16     8.1879e-18 
  1957.00000     9.7493e-16     9.8389e-18 
  1958.00000     1.2423e-15     1.4427e-17 
  1959.00000     1.9091e-15     2.0518e-17 
  1960.00000     1.6084e-15     1.9661e-17 
  1961.00000     1.3026e-15     1.9299e-17 
  1962.00000     9.4170e-16     1.0536e-17 
  1963.00000    -2.2686e-16    -2.2900e-18 
  1964.00000     2.2940e-15     2.6239e-17 
  1965.00000     1.3795e-15     1.6826e-17 
  1966.00000     1.3763e-15     1.6126e-17 
  1967.00000     1.8927e-15     2.1131e-17 
  1968.00000     6.7309e-16     7.1628e-18 
  1969.00000     1.8016e-15     1.6456e-17 
  1970.00000     6.2458e-16     5.3133e-18 
  1971.00000     1.0797e-15     9.4155e-18 
  1972.00000     7.9649e-16     9.7506e-18 
  1973.00000     1.5444e-15     2.6529e-17 
  1974.00000     1.7232e-15     2.9202e-17 
  1975.00000     1.0316e-15     1.4854e-17 
  1976.00000     1.3020e-15     1.3726e-17 
  1977.00000     1.1027e-15     9.6305e-18 
  1978.00000     8.3800e-16     8.3622e-18 
  1979.00000     3.9029e-16     4.2491e-18 
  1980.00000     8.8936e-16     8.0759e-18 
  1981.00000     9.2539e-16     7.6198e-18 
  1982.00000     1.0579e-15     1.1603e-17 
  1983.00000     1.5950e-15     1.9324e-17 
  1984.00000     3.4791e-16     3.6938e-18 
  1985.00000     1.0507e-15     1.0011e-17 
  1986.00000     1.0750e-15     9.6153e-18 
  1987.00000     1.5681e-15     1.3699e-17 
  1988.00000     8.8053e-16     1.1070e-17 
  1989.00000     1.0764e-15     1.4027e-17 
  1990.00000     1.3265e-15     1.4686e-17 
  1991.00000     2.9809e-16     3.2372e-18 
  1992.00000     9.1347e-16     8.7802e-18 
  1993.00000     2.5689e-15     2.6319e-17 
  1994.00000     2.3822e-15     3.0624e-17 
  1995.00000     2.0778e-15     2.7260e-17 
  1996.00000     1.0012e-15     1.1672e-17 
  1997.00000     1.0371e-15     1.1998e-17 
  1998.00000     8.7427e-16     1.0184e-17 
  1999.00000     1.3854e-16     1.3885e-18 
  2000.00000     9.7767e-16     9.0276e-18 
  2001.00000     1.0868e-15     1.1354e-17 
  2002.00000     1.7886e-15     2.4715e-17 
  2003.00000     2.6664e-16     4.2719e-18 
