  3600.00000     7.6079e-15    -9.2319e-18 
  3602.00000     7.7993e-15     9.4575e-17 
  3604.00000     6.6541e-15     1.5358e-15 
  3606.00000     7.7821e-15     1.2088e-15 
  3608.00000     7.5859e-15     3.2876e-16 
  3610.00000     7.6964e-15    -4.5952e-16 
  3612.00000     7.6482e-15     1.2398e-15 
  3614.00000     7.4125e-15     2.5089e-16 
  3616.00000     7.0770e-15     1.0084e-15 
  3618.00000     8.1413e-15     1.0215e-15 
  3620.00000     7.6267e-15    -4.8855e-15 
  3622.00000     8.9896e-15    -5.3067e-17 
  3624.00000     7.9162e-15     2.7650e-16 
  3626.00000     7.7023e-15    -2.7674e-16 
  3628.00000     8.9290e-15    -1.7615e-16 
  3630.00000     8.7696e-15     3.5821e-16 
  3632.00000     9.7770e-15     4.5271e-16 
  3634.00000     9.6051e-15     7.5292e-16 
  3636.00000     9.2472e-15     4.5089e-16 
  3638.00000     8.7622e-15     4.8246e-16 
  3640.00000     8.2995e-15     7.4999e-16 
  3642.00000     9.0816e-15     1.1788e-15 
  3644.00000     9.2938e-15     3.8134e-16 
  3646.00000     1.0042e-14     3.2994e-16 
  3648.00000     9.1052e-15     3.7597e-16 
  3650.00000     9.5016e-15     7.1328e-16 
  3652.00000     1.0068e-14    -2.3951e-17 
  3654.00000     9.9049e-15     1.1311e-14 
  3656.00000     1.0188e-14     2.1393e-16 
  3658.00000     9.7951e-15     4.4580e-16 
  3660.00000     1.1468e-14     3.4850e-16 
  3662.00000     1.0486e-14    -1.2919e-15 
  3664.00000     1.0865e-14     2.1452e-16 
  3666.00000     1.0358e-14     4.5513e-16 
  3668.00000     1.0298e-14     2.6860e-16 
  3670.00000     1.0498e-14     2.7381e-16 
  3672.00000     1.0287e-14     4.5830e-16 
  3674.00000     9.4728e-15     4.5067e-16 
  3676.00000     9.3200e-15     6.0409e-16 
  3678.00000     9.8319e-15     5.8863e-16 
  3680.00000     9.6333e-15     3.7496e-16 
  3682.00000     9.9627e-15     4.7307e-16 
  3684.00000     9.5532e-15     3.7615e-16 
  3686.00000     9.7350e-15     8.3721e-16 
  3688.00000     8.5476e-15     3.3367e-16 
  3690.00000     9.9030e-15     5.0787e-16 
  3692.00000     1.0875e-14     6.6824e-16 
  3694.00000     9.7605e-15     9.6264e-16 
  3696.00000     1.1281e-14     5.5153e-16 
  3698.00000     1.0783e-14     4.2318e-16 
  3700.00000     1.0626e-14     3.6255e-16 
  3702.00000     1.0228e-14     6.9656e-16 
  3704.00000     1.0183e-14     3.6599e-16 
  3706.00000     8.9428e-15     3.0124e-16 
  3708.00000     9.7515e-15     5.6656e-17 
  3710.00000     8.1507e-15     2.3452e-16 
  3712.00000     9.0723e-15     6.8225e-16 
  3714.00000     8.5597e-15     6.2908e-16 
  3716.00000     8.6625e-15     8.1811e-16 
  3718.00000     8.0157e-15     2.4558e-16 
  3720.00000     8.4905e-15     2.1544e-16 
  3722.00000     8.1537e-15     1.8486e-16 
  3724.00000     8.7475e-15     4.0324e-16 
  3726.00000     7.3985e-15     3.3318e-16 
  3728.00000     7.7174e-15     6.7232e-16 
  3730.00000     7.3416e-15     7.8945e-16 
  3732.00000     6.8643e-15     5.0144e-16 
  3734.00000     6.7257e-15     3.5727e-16 
  3736.00000     7.3688e-15     2.5722e-16 
  3738.00000     6.9860e-15     3.4425e-16 
  3740.00000     6.4924e-15     4.0588e-16 
  3742.00000     6.4697e-15     2.1105e-16 
  3744.00000     6.0104e-15     2.0504e-16 
  3746.00000     7.4811e-15     3.7344e-16 
  3748.00000     8.1085e-15     2.3213e-16 
  3750.00000     7.2881e-15     2.1154e-16 
  3752.00000     6.4392e-15     3.9958e-16 
  3754.00000     7.8790e-15     2.8843e-16 
  3756.00000     8.4079e-15     3.6870e-16 
  3758.00000     7.2112e-15     1.6572e-16 
  3760.00000     8.0004e-15     1.7018e-16 
  3762.00000     8.8613e-15     2.3695e-16 
  3764.00000     8.5003e-15     2.5263e-16 
  3766.00000     9.1177e-15     2.8236e-16 
  3768.00000     9.3059e-15     2.2767e-16 
  3770.00000     8.9348e-15     2.0653e-16 
  3772.00000     9.2252e-15     2.2929e-16 
  3774.00000     9.8675e-15     2.8513e-16 
  3776.00000     9.6914e-15     6.9358e-16 
  3778.00000     9.6459e-15     7.8808e-16 
  3780.00000     9.4268e-15     4.4690e-15 
  3782.00000     9.7081e-15     7.9708e-16 
  3784.00000     9.4941e-15     3.3163e-16 
  3786.00000     8.7812e-15     2.1185e-16 
  3788.00000     9.5018e-15     1.5389e-15 
  3790.00000     8.3401e-15     4.4433e-16 
  3792.00000     9.1690e-15     3.8800e-16 
  3794.00000     7.1483e-15     3.9221e-16 
  3796.00000     7.0174e-15     2.3526e-16 
  3798.00000     8.7058e-15     5.9807e-16 
  3800.00000     7.7496e-15    -3.8070e-15 
  3802.00000     7.7719e-15    -1.4797e-16 
  3804.00000     8.4065e-15     3.8693e-16 
  3806.00000     8.7221e-15     1.0594e-16 
  3808.00000     7.5167e-15     3.1420e-16 
  3810.00000     8.7103e-15     2.4491e-16 
  3812.00000     8.7263e-15     2.8917e-16 
  3814.00000     7.9820e-15     1.7424e-16 
  3816.00000     7.7444e-15     2.1617e-16 
  3818.00000     6.4455e-15     2.1510e-16 
  3820.00000     6.0447e-15     3.4125e-16 
  3822.00000     5.8422e-15     1.9756e-16 
  3824.00000     5.4503e-15     1.6501e-16 
  3826.00000     6.1540e-15     1.3285e-16 
  3828.00000     6.2089e-15     2.6838e-16 
  3830.00000     6.5528e-15     2.2781e-16 
  3832.00000     4.8516e-15     1.0494e-16 
  3834.00000     6.5703e-15     2.9350e-16 
  3836.00000     5.3356e-15     1.6181e-16 
  3838.00000     6.5182e-15     1.2850e-16 
  3840.00000     5.8214e-15     1.2822e-16 
  3842.00000     6.9955e-15     1.6234e-16 
  3844.00000     7.1432e-15     3.6557e-16 
  3846.00000     7.7819e-15     2.7541e-16 
  3848.00000     7.1193e-15     1.7298e-16 
  3850.00000     8.3594e-15     1.7078e-16 
  3852.00000     7.6688e-15     2.5119e-16 
  3854.00000     8.1413e-15     3.3889e-16 
  3856.00000     7.8696e-15     1.7285e-16 
  3858.00000     7.8511e-15     2.6082e-16 
  3860.00000     7.4505e-15     1.6976e-16 
  3862.00000     7.2026e-15     1.8484e-16 
  3864.00000     8.0652e-15     3.8655e-16 
  3866.00000     8.0148e-15     3.1553e-16 
  3868.00000     9.0509e-15     2.4195e-16 
  3870.00000     7.8262e-15     1.6130e-16 
  3872.00000     7.5184e-15     1.7280e-16 
  3874.00000     8.8720e-15     2.5522e-16 
  3876.00000     6.4019e-15     1.4067e-16 
  3878.00000     7.5926e-15     2.3544e-16 
  3880.00000     7.3752e-15     3.6911e-16 
  3882.00000     8.2243e-15     3.2764e-16 
  3884.00000     8.3212e-15     1.5694e-16 
  3886.00000     8.4079e-15     1.8108e-16 
  3888.00000     8.0331e-15     2.0062e-16 
  3890.00000     8.2749e-15     2.4259e-16 
  3892.00000     9.4316e-15     4.0124e-16 
  3894.00000     7.7551e-15     5.1929e-16 
  3896.00000     9.2452e-15     1.7965e-16 
  3898.00000     9.7371e-15     1.5458e-16 
  3900.00000     1.0569e-14     2.2661e-16 
  3902.00000     1.0912e-14     2.5731e-16 
  3904.00000     1.0561e-14     3.9323e-16 
  3906.00000     1.0396e-14     8.7833e-16 
  3908.00000     1.0833e-14     1.3069e-15 
  3910.00000     1.0147e-14     4.6731e-16 
  3912.00000     1.0876e-14     2.8463e-16 
  3914.00000     1.1072e-14     2.2319e-16 
  3916.00000     1.0694e-14     1.9613e-16 
  3918.00000     1.0266e-14     1.4946e-16 
  3920.00000     9.9628e-15     1.6715e-16 
  3922.00000     8.9084e-15     1.8893e-16 
  3924.00000     9.3999e-15     1.8073e-16 
  3926.00000     7.4241e-15     1.1137e-16 
  3928.00000     8.2552e-15     1.3849e-16 
  3930.00000     7.9568e-15     1.2128e-16 
  3932.00000     6.7923e-15     1.1086e-16 
  3934.00000     6.0011e-15     1.3189e-16 
  3936.00000     6.2540e-15     7.6631e-17 
  3938.00000     7.4859e-15     1.3945e-16 
  3940.00000     7.0291e-15     8.7566e-17 
  3942.00000     9.2363e-15     1.1190e-16 
  3944.00000     9.3227e-15     1.2303e-16 
  3946.00000     9.5396e-15     1.8907e-16 
  3948.00000     9.6431e-15     1.3715e-16 
  3950.00000     1.0907e-14     1.4707e-16 
  3952.00000     1.1174e-14     1.3178e-16 
  3954.00000     1.0903e-14     1.5776e-16 
  3956.00000     1.1473e-14     1.5864e-16 
  3958.00000     8.7857e-15     1.0642e-16 
  3960.00000     9.1430e-15     9.4092e-17 
  3962.00000     9.1036e-15     1.2218e-16 
  3964.00000     6.9994e-15     1.2569e-16 
  3966.00000     7.2715e-15     9.4033e-17 
  3968.00000     7.1900e-15     1.3920e-16 
  3970.00000     7.0755e-15     9.3727e-17 
  3972.00000     9.3886e-15     1.2477e-16 
  3974.00000     8.6291e-15     9.2060e-17 
  3976.00000     9.9345e-15     1.3306e-16 
  3978.00000     1.0296e-14     2.3435e-16 
  3980.00000     1.2664e-14     1.9313e-16 
  3982.00000     1.2658e-14     1.7361e-16 
  3984.00000     1.2995e-14     2.1299e-16 
  3986.00000     1.3928e-14     1.4703e-16 
  3988.00000     1.3491e-14     1.1891e-16 
  3990.00000     1.4825e-14     1.0456e-16 
  3992.00000     1.4584e-14     9.0926e-17 
  3994.00000     1.6049e-14     1.1635e-16 
  3996.00000     1.5332e-14     1.3217e-16 
  3998.00000     1.5464e-14     1.3829e-16 
  4000.00000     1.6175e-14     1.2304e-16 
  4002.00000     1.6199e-14     2.5713e-16 
  4004.00000     1.7075e-14    -1.4056e-15 
  4006.00000     1.5856e-14     6.3667e-16 
  4008.00000     1.5778e-14     1.7140e-16 
  4010.00000     1.6356e-14     1.1862e-16 
  4012.00000     1.8875e-14     8.3105e-17 
  4014.00000     1.8365e-14     7.1892e-17 
  4016.00000     1.7347e-14     2.2096e-16 
  4018.00000     1.7489e-14     2.3230e-16 
  4020.00000     1.7425e-14     1.2591e-16 
  4022.00000     1.7008e-14     7.9801e-17 
  4024.00000     1.7199e-14     7.1555e-17 
  4026.00000     1.7749e-14     7.5758e-17 
  4028.00000     1.6490e-14     7.8716e-17 
  4030.00000     1.7028e-14     9.0225e-17 
  4032.00000     1.7488e-14     9.8072e-17 
  4034.00000     1.6505e-14     8.8172e-17 
  4036.00000     1.6178e-14     9.2730e-17 
  4038.00000     1.6363e-14     1.1807e-16 
  4040.00000     1.7068e-14     1.3828e-16 
  4042.00000     1.6316e-14     1.1369e-16 
  4044.00000     1.7104e-14     1.3963e-16 
  4046.00000     1.6175e-14     1.3848e-16 
  4048.00000     1.7025e-14     1.4580e-16 
  4050.00000     1.6501e-14     1.4434e-16 
  4052.00000     1.6601e-14     1.4187e-16 
  4054.00000     1.6896e-14     1.3910e-16 
  4056.00000     1.6647e-14     1.5878e-16 
  4058.00000     1.5791e-14     1.7874e-16 
  4060.00000     1.5998e-14     2.4892e-16 
  4062.00000     1.6139e-14     2.5169e-16 
  4064.00000     1.6384e-14     1.6267e-16 
  4066.00000     1.6966e-14     1.5826e-16 
  4068.00000     1.5000e-14     1.3865e-16 
  4070.00000     1.4713e-14     1.5406e-16 
  4072.00000     1.4662e-14     1.4728e-16 
  4074.00000     1.7130e-14     1.6500e-16 
  4076.00000     1.6981e-14     1.8319e-16 
  4078.00000     1.6909e-14     1.9478e-16 
  4080.00000     1.7000e-14     1.8605e-16 
  4082.00000     1.8340e-14     2.5958e-16 
  4084.00000     1.7939e-14     9.9631e-16 
  4086.00000     1.7573e-14     1.0310e-15 
  4088.00000     1.7657e-14     3.8573e-16 
  4090.00000     1.8212e-14     2.4138e-16 
  4092.00000     1.9029e-14     2.1562e-16 
  4094.00000     1.9338e-14     2.2481e-16 
  4096.00000     1.7300e-14     7.4267e-16 
  4098.00000     1.8376e-14     1.5152e-15 
  4100.00000     1.6940e-14     9.1642e-16 
  4102.00000     1.7483e-14     1.4125e-16 
  4104.00000     1.6693e-14     1.5459e-16 
  4106.00000     1.6326e-14     1.5811e-16 
  4108.00000     1.7862e-14     1.8675e-16 
  4110.00000     1.7439e-14     2.4755e-16 
  4112.00000     1.7788e-14     2.5395e-16 
  4114.00000     1.7927e-14     1.8073e-16 
  4116.00000     1.8009e-14     1.5785e-16 
  4118.00000     1.9054e-14     1.8129e-16 
  4120.00000     1.6492e-14     1.5597e-16 
  4122.00000     1.7181e-14     1.7982e-16 
  4124.00000     1.7968e-14     1.8376e-16 
  4126.00000     1.8451e-14     1.9650e-16 
  4128.00000     1.8114e-14     1.8975e-16 
  4130.00000     1.7585e-14     2.1372e-16 
  4132.00000     1.7163e-14     2.2679e-16 
  4134.00000     1.7785e-14     2.4152e-16 
  4136.00000     1.5754e-14     1.9816e-16 
  4138.00000     1.7223e-14     1.8752e-16 
  4140.00000     1.6335e-14     2.3003e-16 
  4142.00000     1.6554e-14     2.0764e-16 
  4144.00000     1.7092e-14     2.4048e-16 
  4146.00000     1.6425e-14     2.2009e-16 
  4148.00000     1.6069e-14     2.2402e-16 
  4150.00000     1.7356e-14     1.7313e-16 
  4152.00000     1.7499e-14     2.1470e-16 
  4154.00000     1.7698e-14     2.2359e-16 
  4156.00000     1.8310e-14     2.8082e-16 
  4158.00000     1.8404e-14     2.7932e-16 
  4160.00000     1.8435e-14     2.8101e-16 
  4162.00000     1.9176e-14     3.1230e-16 
  4164.00000     1.9339e-14     3.7157e-16 
  4166.00000     1.8459e-14     2.2162e-16 
  4168.00000     1.7704e-14     2.7117e-16 
  4170.00000     1.8173e-14     3.2722e-16 
  4172.00000     1.7843e-14     3.5968e-16 
  4174.00000     1.8074e-14     3.5088e-16 
  4176.00000     1.8157e-14     3.0844e-16 
  4178.00000     1.8684e-14     3.3689e-16 
  4180.00000     1.7828e-14     2.9029e-16 
  4182.00000     1.8311e-14     4.0388e-16 
  4184.00000     1.8372e-14     2.8710e-16 
  4186.00000     1.8436e-14     2.4451e-16 
  4188.00000     1.9011e-14     2.8568e-16 
  4190.00000     1.8521e-14     2.6759e-16 
  4192.00000     1.7129e-14     2.8807e-16 
  4194.00000     1.8569e-14     2.9608e-16 
  4196.00000     1.7661e-14     2.1694e-16 
  4198.00000     1.7607e-14     2.7247e-16 
  4200.00000     1.8991e-14     3.5245e-16 
  4202.00000     1.8420e-14     3.0579e-16 
  4204.00000     1.8518e-14     2.6605e-16 
  4206.00000     1.8750e-14     2.6299e-16 
  4208.00000     1.8554e-14     3.2035e-16 
  4210.00000     1.8284e-14     3.5163e-16 
  4212.00000     1.8607e-14     3.3334e-16 
  4214.00000     1.9602e-14     3.4157e-16 
  4216.00000     1.7803e-14     3.2024e-16 
  4218.00000     1.8174e-14     2.9233e-16 
  4220.00000     1.7998e-14     2.3692e-16 
  4222.00000     1.8105e-14     3.4808e-16 
  4224.00000     1.7549e-14     4.5056e-16 
  4226.00000     1.5930e-14     2.6523e-16 
  4228.00000     1.7233e-14     2.6347e-16 
  4230.00000     1.7333e-14     2.4525e-16 
  4232.00000     1.6983e-14     2.7893e-16 
  4234.00000     1.6763e-14     2.7534e-16 
  4236.00000     1.8030e-14     2.4673e-16 
  4238.00000     1.8984e-14     3.4995e-16 
  4240.00000     1.8747e-14     3.2825e-16 
  4242.00000     1.9801e-14     3.0078e-16 
  4244.00000     1.9097e-14     3.6648e-16 
  4246.00000     2.0060e-14     3.6567e-16 
  4248.00000     2.0000e-14     3.4927e-16 
  4250.00000     1.9716e-14     2.8715e-16 
  4252.00000     1.9470e-14     4.1042e-16 
  4254.00000     1.9941e-14     4.6035e-16 
  4256.00000     1.8628e-14     3.3151e-16 
  4258.00000     1.8967e-14     2.6156e-16 
  4260.00000     1.8308e-14     3.6585e-16 
  4262.00000     1.8591e-14     4.2715e-16 
  4264.00000     1.9163e-14     4.0123e-16 
  4266.00000     1.9570e-14     4.1970e-16 
  4268.00000     1.8456e-14     3.1005e-16 
  4270.00000     2.0219e-14     3.4130e-16 
  4272.00000     1.8695e-14     3.8432e-16 
  4274.00000     1.9111e-14     3.2389e-16 
  4276.00000     1.8200e-14     3.0899e-16 
  4278.00000     1.8623e-14     3.1202e-16 
  4280.00000     1.8502e-14     2.6478e-16 
  4282.00000     1.8391e-14     2.2365e-16 
  4284.00000     1.9607e-14     4.4466e-16 
  4286.00000     1.8280e-14     3.2026e-16 
  4288.00000     1.8807e-14     3.4198e-16 
  4290.00000     1.7635e-14     2.9146e-16 
  4292.00000     1.7637e-14     2.8669e-16 
  4294.00000     1.7020e-14     2.7013e-16 
  4296.00000     1.6537e-14     2.3321e-16 
  4298.00000     1.6383e-14     2.4195e-16 
  4300.00000     1.4882e-14     3.0736e-16 
  4302.00000     1.5310e-14     2.5788e-16 
  4304.00000     1.4879e-14     2.3219e-16 
  4306.00000     1.6024e-14     2.4870e-16 
  4308.00000     1.5576e-14     2.3521e-16 
  4310.00000     1.7172e-14     2.4655e-16 
  4312.00000     1.7807e-14     2.6154e-16 
  4314.00000     1.8718e-14     2.3325e-16 
  4316.00000     1.9316e-14     3.2456e-16 
  4318.00000     2.0897e-14     3.2896e-16 
  4320.00000     2.0938e-14     2.7959e-16 
  4322.00000     2.1032e-14     3.2698e-16 
  4324.00000     2.1146e-14     3.5803e-16 
  4326.00000     2.2986e-14     3.8681e-16 
  4328.00000     2.2360e-14     3.0235e-16 
  4330.00000     2.1452e-14     2.7963e-16 
  4332.00000     2.2514e-14     3.4606e-16 
  4334.00000     2.2399e-14     3.6505e-16 
  4336.00000     2.2350e-14     2.9300e-16 
  4338.00000     2.1905e-14     3.5707e-16 
  4340.00000     2.2448e-14     3.3995e-16 
  4342.00000     2.1979e-14     2.6996e-16 
  4344.00000     2.1305e-14     3.4432e-16 
  4346.00000     2.2413e-14     5.0387e-16 
  4348.00000     2.2458e-14     4.0808e-16 
  4350.00000     2.3378e-14     4.9830e-16 
  4352.00000     2.3995e-14     3.3974e-16 
  4354.00000     2.3273e-14     3.9849e-16 
  4356.00000     2.3288e-14     3.6410e-16 
  4358.00000     2.3675e-14     3.3125e-16 
  4360.00000     2.4797e-14     3.8912e-16 
  4362.00000     2.4572e-14     3.7665e-16 
  4364.00000     2.3664e-14     3.3445e-16 
  4366.00000     2.3058e-14     3.8905e-16 
  4368.00000     2.3359e-14     3.6173e-16 
  4370.00000     2.4345e-14     3.8472e-16 
  4372.00000     2.4099e-14     4.3478e-16 
  4374.00000     2.1951e-14     3.0658e-16 
  4376.00000     2.1919e-14     3.2953e-16 
  4378.00000     2.1720e-14     3.3266e-16 
  4380.00000     2.0368e-14     3.4127e-16 
  4382.00000     2.0641e-14     4.1408e-16 
  4384.00000     2.1074e-14     3.7673e-16 
  4386.00000     2.0151e-14     3.4861e-16 
  4388.00000     1.9962e-14     3.2114e-16 
  4390.00000     2.0706e-14     2.5936e-16 
  4392.00000     2.1844e-14     4.0281e-16 
  4394.00000     2.1373e-14     3.2985e-16 
  4396.00000     2.2274e-14     4.9111e-16 
  4398.00000     2.1823e-14     3.6454e-16 
  4400.00000     2.2397e-14     3.2073e-16 
  4402.00000     2.1714e-14     4.2282e-16 
  4404.00000     2.2012e-14     3.4000e-16 
  4406.00000     2.2472e-14     3.7365e-16 
  4408.00000     2.2573e-14     5.9279e-16 
  4410.00000     2.1866e-14     4.5511e-16 
  4412.00000     2.3593e-14     3.7905e-16 
  4414.00000     2.2792e-14     3.7999e-16 
  4416.00000     2.3667e-14     4.5338e-16 
  4418.00000     2.4045e-14     2.8477e-16 
  4420.00000     2.5076e-14     3.8476e-16 
  4422.00000     2.4553e-14     4.5907e-16 
  4424.00000     2.4622e-14     4.5970e-16 
  4426.00000     2.4490e-14     4.0506e-16 
  4428.00000     2.4143e-14     3.5505e-16 
  4430.00000     2.4114e-14     4.2213e-16 
  4432.00000     2.3309e-14     3.0114e-16 
  4434.00000     2.5186e-14     3.7728e-16 
  4436.00000     2.5155e-14     3.5637e-16 
  4438.00000     2.5369e-14     6.6385e-16 
  4440.00000     2.5631e-14     6.7425e-16 
  4442.00000     2.4917e-14     3.0365e-16 
  4444.00000     2.5824e-14     3.6150e-16 
  4446.00000     2.6176e-14     4.4218e-16 
  4448.00000     2.4893e-14     4.8695e-16 
  4450.00000     2.5138e-14     4.1639e-16 
  4452.00000     2.5205e-14     3.8520e-16 
  4454.00000     2.3973e-14     4.4982e-16 
  4456.00000     2.4661e-14     4.0923e-16 
  4458.00000     2.3945e-14     3.4349e-16 
  4460.00000     2.5216e-14     3.3705e-16 
  4462.00000     2.4307e-14     4.0205e-16 
  4464.00000     2.4390e-14     3.4099e-16 
  4466.00000     2.5629e-14     1.1897e-15 
  4468.00000     2.5830e-14     4.7503e-16 
  4470.00000     2.6563e-14     4.9022e-16 
  4472.00000     2.6534e-14     4.3481e-16 
  4474.00000     2.6794e-14     4.7741e-16 
  4476.00000     2.7404e-14     4.2054e-16 
  4478.00000     2.6783e-14     3.9318e-16 
  4480.00000     2.7826e-14     5.6956e-16 
  4482.00000     2.6392e-14     4.4438e-16 
  4484.00000     2.8070e-14     4.7388e-16 
  4486.00000     2.7931e-14     5.6596e-16 
  4488.00000     2.7581e-14     4.9081e-16 
  4490.00000     2.7620e-14     5.2105e-16 
  4492.00000     2.8302e-14     4.0614e-16 
  4494.00000     2.8409e-14     5.9168e-16 
  4496.00000     2.7614e-14     5.1831e-16 
  4498.00000     2.8388e-14     4.4494e-16 
  4500.00000     2.8613e-14     6.6105e-16 
  4502.00000     2.9788e-14     5.2605e-16 
  4504.00000     3.0091e-14     5.6814e-16 
  4506.00000     3.0934e-14     4.9720e-16 
  4508.00000     3.0472e-14     3.8114e-16 
  4510.00000     3.0248e-14     4.0568e-16 
  4512.00000     3.0144e-14     5.0211e-16 
  4514.00000     2.9243e-14     5.1172e-16 
  4516.00000     2.9288e-14     5.2366e-16 
  4518.00000     2.8962e-14     4.9961e-16 
  4520.00000     2.9194e-14     4.4401e-16 
  4522.00000     2.8818e-14     7.4891e-16 
  4524.00000     2.8508e-14     5.1095e-16 
  4526.00000     2.8021e-14     5.2598e-16 
  4528.00000     2.7001e-14     5.8887e-16 
  4530.00000     2.6351e-14     6.4479e-16 
  4532.00000     2.7647e-14     9.1958e-16 
  4534.00000     2.6436e-14     6.7230e-16 
  4536.00000     2.6680e-14     8.0477e-16 
  4538.00000     2.7613e-14     9.7899e-16 
  4540.00000     2.8956e-14     7.1931e-16 
  4542.00000     2.8023e-14     5.0086e-16 
  4544.00000     2.8076e-14     5.1192e-16 
  4546.00000     2.9075e-14     4.7264e-16 
  4548.00000     2.8486e-14     4.1671e-16 
  4550.00000     2.9006e-14     3.9481e-16 
  4552.00000     2.8775e-14     3.9344e-16 
  4554.00000     2.9097e-14     3.8918e-16 
  4556.00000     3.0209e-14     4.0783e-16 
  4558.00000     2.9536e-14     4.9204e-16 
  4560.00000     3.0301e-14     4.3909e-16 
  4562.00000     3.1345e-14     3.9311e-16 
  4564.00000     3.0180e-14     4.3797e-16 
  4566.00000     3.0260e-14     4.8472e-16 
  4568.00000     3.1367e-14     4.6897e-16 
  4570.00000     3.0172e-14     3.7328e-16 
  4572.00000     3.0968e-14     4.1590e-16 
  4574.00000     3.0568e-14     4.5445e-16 
  4576.00000     3.0645e-14     4.2768e-16 
  4578.00000     3.0444e-14     5.8573e-16 
  4580.00000     3.0694e-14     6.1196e-16 
  4582.00000     2.9602e-14     4.3648e-16 
  4584.00000     2.8936e-14     3.9607e-16 
  4586.00000     2.9890e-14     5.3992e-16 
  4588.00000     2.9861e-14     4.0759e-16 
  4590.00000     3.0347e-14     5.9827e-16 
  4592.00000     2.9461e-14     3.5940e-16 
  4594.00000     3.0105e-14     4.0385e-16 
  4596.00000     3.0476e-14     4.1148e-16 
  4598.00000     2.9339e-14     4.7088e-16 
  4600.00000     2.9267e-14     4.5730e-16 
  4602.00000     3.0318e-14     5.3166e-16 
  4604.00000     3.1135e-14     3.7501e-16 
  4606.00000     3.1109e-14     5.3968e-16 
  4608.00000     3.0864e-14     4.7666e-16 
  4610.00000     3.2189e-14     4.4384e-16 
  4612.00000     3.1853e-14     5.1141e-16 
  4614.00000     3.2857e-14     4.3082e-16 
  4616.00000     3.2022e-14     5.3281e-16 
  4618.00000     3.2203e-14     4.6390e-16 
  4620.00000     3.3370e-14     4.8823e-16 
  4622.00000     3.2923e-14     4.6959e-16 
  4624.00000     3.2914e-14     6.7680e-16 
  4626.00000     3.2125e-14     4.4346e-16 
  4628.00000     3.1899e-14     4.4599e-16 
  4630.00000     3.1674e-14     4.0035e-16 
  4632.00000     3.2006e-14     4.8592e-16 
  4634.00000     3.0324e-14     3.7188e-16 
  4636.00000     3.0230e-14     3.4453e-16 
  4638.00000     2.9482e-14     2.9555e-16 
  4640.00000     2.9985e-14     4.0658e-16 
  4642.00000     2.8577e-14     4.2712e-16 
  4644.00000     2.8765e-14     4.5108e-16 
  4646.00000     2.9638e-14     3.7938e-16 
  4648.00000     3.0303e-14     4.4886e-16 
  4650.00000     3.1373e-14     4.0866e-16 
  4652.00000     3.0263e-14     4.2807e-16 
  4654.00000     3.0930e-14     3.6074e-16 
  4656.00000     3.1314e-14     3.8561e-16 
  4658.00000     3.0549e-14     4.0473e-16 
  4660.00000     3.0549e-14     3.2928e-16 
  4662.00000     3.1033e-14     3.3400e-16 
  4664.00000     2.9858e-14     3.6155e-16 
  4666.00000     3.0031e-14     4.7035e-16 
  4668.00000     2.9884e-14     4.1586e-16 
  4670.00000     2.9520e-14     3.6147e-16 
  4672.00000     3.1157e-14     3.9089e-16 
  4674.00000     2.8972e-14     4.7187e-16 
  4676.00000     3.0558e-14     4.0516e-16 
  4678.00000     2.9747e-14     3.4231e-16 
  4680.00000     3.0099e-14     4.2692e-16 
  4682.00000     3.0247e-14     3.9596e-16 
  4684.00000     3.0412e-14     5.7621e-16 
  4686.00000     2.9941e-14     5.0651e-16 
  4688.00000     3.0958e-14     4.7148e-16 
  4690.00000     3.1013e-14     4.2598e-16 
  4692.00000     3.0439e-14     3.7239e-16 
  4694.00000     3.1370e-14     3.8800e-16 
  4696.00000     3.0215e-14     4.0847e-16 
  4698.00000     2.9902e-14     4.0858e-16 
  4700.00000     3.0569e-14     4.0164e-16 
  4702.00000     2.9782e-14     5.1724e-16 
  4704.00000     3.0403e-14     5.4703e-16 
  4706.00000     3.0362e-14     4.8835e-16 
  4708.00000     3.0374e-14     3.9746e-16 
  4710.00000     3.0522e-14     6.5796e-16 
  4712.00000     3.0612e-14     5.8272e-16 
  4714.00000     3.0998e-14     6.6795e-16 
  4716.00000     3.0797e-14     4.7119e-16 
  4718.00000     3.1399e-14     4.7038e-16 
  4720.00000     3.1560e-14     6.5255e-16 
  4722.00000     3.0620e-14     6.1081e-16 
  4724.00000     3.0916e-14     5.5788e-16 
  4726.00000     3.0518e-14     4.8514e-16 
  4728.00000     3.1229e-14     4.8091e-16 
  4730.00000     3.1691e-14     5.9102e-16 
  4732.00000     3.1337e-14     5.6395e-16 
  4734.00000     3.1313e-14     4.7288e-16 
  4736.00000     3.1121e-14     4.0068e-16 
  4738.00000     3.1586e-14     4.6486e-16 
  4740.00000     3.1167e-14     5.5586e-16 
  4742.00000     3.1396e-14     5.0627e-16 
  4744.00000     3.1325e-14     5.2704e-16 
  4746.00000     3.2200e-14     7.2157e-16 
  4748.00000     3.1830e-14     5.6655e-16 
  4750.00000     3.1495e-14     5.3108e-16 
  4752.00000     3.2640e-14     5.4771e-16 
  4754.00000     3.2066e-14     4.0706e-16 
  4756.00000     3.2094e-14     5.3042e-16 
  4758.00000     3.2602e-14     5.8891e-16 
  4760.00000     3.1610e-14     4.9897e-16 
  4762.00000     3.2043e-14     4.4470e-16 
  4764.00000     3.0172e-14     4.5716e-16 
  4766.00000     3.1291e-14     4.6669e-16 
  4768.00000     3.0891e-14     5.3128e-16 
  4770.00000     3.0465e-14     5.1401e-16 
  4772.00000     2.9937e-14     4.4462e-16 
  4774.00000     3.1884e-14     4.6912e-16 
  4776.00000     3.0831e-14     3.9115e-16 
  4778.00000     3.1814e-14     4.3556e-16 
  4780.00000     3.1012e-14     4.8098e-16 
  4782.00000     3.2449e-14     6.7166e-16 
  4784.00000     3.1774e-14     5.8688e-16 
  4786.00000     3.2214e-14     4.4407e-16 
  4788.00000     3.2251e-14     5.3374e-16 
  4790.00000     3.2043e-14     7.1985e-16 
  4792.00000     3.1466e-14     7.1074e-16 
  4794.00000     3.2722e-14     5.2897e-16 
  4796.00000     3.1760e-14     3.6523e-16 
  4798.00000     3.2796e-14     5.2384e-16 
  4800.00000     3.3209e-14     4.6995e-16 
  4802.00000     3.2259e-14     5.9293e-16 
  4804.00000     3.2536e-14     4.4633e-16 
  4806.00000     3.3677e-14     4.9285e-16 
  4808.00000     3.2968e-14     5.7566e-16 
  4810.00000     3.3426e-14     5.4149e-16 
  4812.00000     3.3630e-14     4.6265e-16 
  4814.00000     3.4003e-14     5.2209e-16 
  4816.00000     3.3560e-14     5.0907e-16 
  4818.00000     3.3629e-14     4.3609e-16 
  4820.00000     3.3059e-14     3.6563e-16 
  4822.00000     3.2197e-14     4.8384e-16 
  4824.00000     3.3122e-14     5.1666e-16 
  4826.00000     3.2340e-14     5.1668e-16 
  4828.00000     3.2867e-14     5.8428e-16 
  4830.00000     3.2311e-14     4.5776e-16 
  4832.00000     3.1969e-14     5.0958e-16 
  4834.00000     3.2937e-14     4.2585e-16 
  4836.00000     3.1772e-14     4.2565e-16 
  4838.00000     3.1778e-14     4.3966e-16 
  4840.00000     3.2987e-14     3.7922e-16 
  4842.00000     3.2192e-14     4.1490e-16 
  4844.00000     3.2545e-14     4.2249e-16 
  4846.00000     3.2665e-14     4.4599e-16 
  4848.00000     3.2178e-14     4.6839e-16 
  4850.00000     3.1984e-14     5.6170e-16 
  4852.00000     3.1088e-14     4.9635e-16 
  4854.00000     3.1226e-14     4.2852e-16 
  4856.00000     2.9766e-14     3.6453e-16 
  4858.00000     2.9492e-14     4.9408e-16 
  4860.00000     3.0037e-14     4.5012e-16 
  4862.00000     2.9272e-14     3.9335e-16 
  4864.00000     2.9512e-14     4.1138e-16 
  4866.00000     2.9327e-14     4.3527e-16 
  4868.00000     2.9403e-14     3.8838e-16 
  4870.00000     3.0476e-14     4.6831e-16 
  4872.00000     3.0381e-14     4.5860e-16 
  4874.00000     3.0522e-14     4.4990e-16 
  4876.00000     3.1520e-14     4.7681e-16 
  4878.00000     3.1846e-14     5.0423e-16 
  4880.00000     3.0447e-14     4.8056e-16 
  4882.00000     3.1392e-14     5.0098e-16 
  4884.00000     3.2257e-14     5.2069e-16 
  4886.00000     3.2314e-14     5.4230e-16 
  4888.00000     3.1833e-14     4.8837e-16 
  4890.00000     3.1948e-14     7.3163e-16 
  4892.00000     3.1947e-14     7.0505e-16 
  4894.00000     3.1891e-14     3.9519e-16 
  4896.00000     3.3129e-14     5.0386e-16 
  4898.00000     3.3936e-14     1.0098e-15 
  4900.00000     3.2991e-14     7.1751e-16 
  4902.00000     3.4610e-14     9.3937e-16 
  4904.00000     3.4105e-14     7.7128e-16 
  4906.00000     3.3920e-14     1.5073e-15 
  4908.00000     3.3513e-14     5.8119e-16 
  4910.00000     3.3809e-14     5.9823e-16 
  4912.00000     3.3443e-14     5.1730e-16 
  4914.00000     3.3274e-14     5.3178e-16 
  4916.00000     3.3737e-14     4.9085e-16 
  4918.00000     3.3220e-14     5.9994e-16 
  4920.00000     3.2656e-14     3.9808e-16 
  4922.00000     3.2172e-14     4.3215e-16 
  4924.00000     3.2985e-14     5.0840e-16 
  4926.00000     3.4181e-14     5.2900e-16 
  4928.00000     3.3028e-14     4.2402e-16 
  4930.00000     3.4090e-14     4.0056e-16 
  4932.00000     3.2600e-14     4.6223e-16 
  4934.00000     3.3666e-14     4.4134e-16 
  4936.00000     3.4569e-14     6.4261e-16 
  4938.00000     3.3816e-14     4.1364e-16 
  4940.00000     3.4153e-14     5.6650e-16 
  4942.00000     3.4045e-14     4.1020e-16 
  4944.00000     3.5014e-14     4.1045e-16 
  4946.00000     3.4640e-14     4.4867e-16 
  4948.00000     3.4293e-14     4.5399e-16 
  4950.00000     3.4929e-14     4.4997e-16 
  4952.00000     3.3443e-14     5.0262e-16 
  4954.00000     3.2967e-14     3.7601e-16 
  4956.00000     3.3864e-14     3.7901e-16 
  4958.00000     3.3931e-14     4.6037e-16 
  4960.00000     3.2383e-14     4.1254e-16 
  4962.00000     3.1797e-14     3.5545e-16 
  4964.00000     3.3316e-14     4.6335e-16 
  4966.00000     3.3456e-14     5.0082e-16 
  4968.00000     3.1953e-14     4.1875e-16 
  4970.00000     3.2625e-14     4.4491e-16 
  4972.00000     3.2703e-14     4.3537e-16 
  4974.00000     3.2045e-14     5.2040e-16 
  4976.00000     3.1380e-14     6.7225e-16 
  4978.00000     3.2495e-14     3.9580e-16 
  4980.00000     3.1912e-14     4.0339e-16 
  4982.00000     3.1610e-14     3.7243e-16 
  4984.00000     3.1610e-14     3.5638e-16 
  4986.00000     3.2972e-14     4.8293e-16 
  4988.00000     3.0937e-14     4.1608e-16 
  4990.00000     3.1596e-14     4.6791e-16 
  4992.00000     3.0634e-14     3.5991e-16 
  4994.00000     3.1973e-14     4.4378e-16 
  4996.00000     3.1918e-14     4.9481e-16 
  4998.00000     3.0895e-14     3.2523e-16 
  5000.00000     3.1197e-14     3.4580e-16 
  5002.00000     3.0410e-14     3.5586e-16 
  5004.00000     2.9949e-14     4.3008e-16 
  5006.00000     3.0073e-14     3.7947e-16 
  5008.00000     2.9716e-14     3.8333e-16 
  5010.00000     2.9613e-14     3.4126e-16 
  5012.00000     3.0156e-14     3.2248e-16 
  5014.00000     2.9404e-14     3.2918e-16 
  5016.00000     2.9960e-14     3.6882e-16 
  5018.00000     3.0068e-14     3.5018e-16 
  5020.00000     3.0407e-14     3.6851e-16 
  5022.00000     2.9833e-14     3.8685e-16 
  5024.00000     3.0707e-14     3.5971e-16 
  5026.00000     3.0813e-14     3.5750e-16 
  5028.00000     3.1009e-14     3.6728e-16 
  5030.00000     3.1178e-14     4.2770e-16 
  5032.00000     3.1857e-14     4.0389e-16 
  5034.00000     3.1265e-14     4.0317e-16 
  5036.00000     3.0901e-14     4.8744e-16 
  5038.00000     3.0733e-14     5.2890e-16 
  5040.00000     3.1287e-14     4.1639e-16 
  5042.00000     3.1390e-14     3.4917e-16 
  5044.00000     3.0911e-14     3.3886e-16 
  5046.00000     3.1486e-14     4.0237e-16 
  5048.00000     3.1268e-14     3.9659e-16 
  5050.00000     3.1682e-14     3.0627e-16 
  5052.00000     3.2235e-14     3.5872e-16 
  5054.00000     3.2570e-14     3.2198e-16 
  5056.00000     3.2114e-14     3.5862e-16 
  5058.00000     3.2769e-14     3.5344e-16 
  5060.00000     3.3227e-14     3.2735e-16 
  5062.00000     3.3260e-14     3.9038e-16 
  5064.00000     3.2662e-14     3.9992e-16 
  5066.00000     3.1971e-14     3.2599e-16 
  5068.00000     3.2768e-14     4.6023e-16 
  5070.00000     3.1973e-14     5.1844e-16 
  5072.00000     3.2207e-14     4.3885e-16 
  5074.00000     3.1185e-14     3.7668e-16 
  5076.00000     3.1915e-14     3.4358e-16 
  5078.00000     3.1568e-14     3.4852e-16 
  5080.00000     2.9976e-14     2.7933e-16 
  5082.00000     3.1164e-14     2.8729e-16 
  5084.00000     3.0192e-14     2.9319e-16 
  5086.00000     3.1535e-14     2.6147e-16 
  5088.00000     3.1977e-14     3.0448e-16 
  5090.00000     3.2058e-14     3.2954e-16 
  5092.00000     3.2191e-14     3.1053e-16 
  5094.00000     3.0660e-14     3.1336e-16 
  5096.00000     3.2000e-14     2.7741e-16 
  5098.00000     3.1715e-14     3.4156e-16 
  5100.00000     3.1128e-14     3.4781e-16 
  5102.00000     3.2316e-14     3.5531e-16 
  5104.00000     3.2348e-14     3.3664e-16 
  5106.00000     3.1318e-14     3.2125e-16 
  5108.00000     3.2353e-14     3.6195e-16 
  5110.00000     3.1983e-14     3.1041e-16 
  5112.00000     3.1344e-14     2.8996e-16 
  5114.00000     3.1969e-14     2.8662e-16 
  5116.00000     3.1388e-14     3.0361e-16 
  5118.00000     3.1762e-14     2.7021e-16 
  5120.00000     3.2173e-14     2.6107e-16 
  5122.00000     3.1635e-14     2.8212e-16 
  5124.00000     3.0905e-14     3.1073e-16 
  5126.00000     3.0176e-14     2.4686e-16 
  5128.00000     3.0988e-14     2.3615e-16 
  5130.00000     3.1401e-14     2.2939e-16 
  5132.00000     3.0327e-14     2.2864e-16 
  5134.00000     3.0702e-14     2.3670e-16 
  5136.00000     3.1698e-14     2.2920e-16 
  5138.00000     3.1392e-14     2.6165e-16 
  5140.00000     3.0391e-14     2.2352e-16 
  5142.00000     3.0791e-14     2.1658e-16 
  5144.00000     3.0451e-14     2.0738e-16 
  5146.00000     3.0563e-14     2.0205e-16 
  5148.00000     2.8759e-14     2.2257e-16 
  5150.00000     3.0435e-14     4.4842e-16 
  5152.00000     3.0405e-14     5.0346e-16 
  5154.00000     3.0499e-14     4.0148e-16 
  5156.00000     3.0305e-14     2.2502e-16 
  5158.00000     2.9185e-14     2.2525e-16 
  5160.00000     2.9584e-14     3.0420e-16 
  5162.00000     2.9127e-14     2.5146e-16 
  5164.00000     2.8457e-14     2.5261e-16 
  5166.00000     2.7433e-14     2.5845e-16 
  5168.00000     2.7185e-14     2.9928e-16 
  5170.00000     2.5338e-14     1.6736e-16 
  5172.00000     2.6516e-14     1.3477e-16 
  5174.00000     2.5886e-14     1.4959e-16 
  5176.00000     2.5745e-14     2.1017e-16 
  5178.00000     2.6056e-14     1.9193e-16 
  5180.00000     2.6076e-14     1.3110e-16 
  5182.00000     2.5939e-14     1.3233e-16 
  5184.00000     2.5906e-14     1.3932e-16 
  5186.00000     2.7939e-14     1.6463e-16 
  5188.00000     2.7176e-14     1.7368e-16 
  5190.00000     2.9001e-14     1.7948e-16 
  5192.00000     2.8782e-14     2.0108e-16 
  5194.00000     2.7796e-14     1.9276e-16 
  5196.00000     2.9407e-14     2.0925e-16 
  5198.00000     2.9953e-14     2.1395e-16 
  5200.00000     2.9152e-14     2.3161e-16 
  5202.00000     2.9488e-14     2.3046e-16 
  5204.00000     3.0297e-14     2.6941e-16 
  5206.00000     3.0010e-14     3.0709e-16 
  5208.00000     2.9976e-14     2.5711e-16 
  5210.00000     2.9724e-14     2.6322e-16 
  5212.00000     3.0587e-14     2.5732e-16 
  5214.00000     3.1419e-14     2.8596e-16 
  5216.00000     3.0817e-14     2.6425e-16 
  5218.00000     3.2297e-14     2.8344e-16 
  5220.00000     3.1319e-14     2.8953e-16 
  5222.00000     3.1759e-14     2.8336e-16 
  5224.00000     3.3543e-14     3.7936e-16 
  5226.00000     3.3332e-14     4.3054e-16 
  5228.00000     3.3306e-14     3.4294e-16 
  5230.00000     3.4035e-14     3.2127e-16 
  5232.00000     3.3747e-14     3.1838e-16 
  5234.00000     3.3954e-14     3.4794e-16 
  5236.00000     3.3029e-14     3.4746e-16 
  5238.00000     3.3979e-14     3.5894e-16 
  5240.00000     3.4305e-14     4.3968e-16 
  5242.00000     3.4124e-14     3.5747e-16 
  5244.00000     3.4901e-14     3.5657e-16 
  5246.00000     3.3422e-14     3.6992e-16 
  5248.00000     3.3757e-14     3.4403e-16 
  5250.00000     3.4754e-14     3.5399e-16 
  5252.00000     3.4440e-14     3.5666e-16 
  5254.00000     3.3322e-14     3.8399e-16 
  5256.00000     3.2305e-14     4.2476e-16 
  5258.00000     3.3686e-14     3.8304e-16 
  5260.00000     3.3531e-14     3.2288e-16 
  5262.00000     3.2530e-14     3.2732e-16 
  5264.00000     3.2506e-14     3.6218e-16 
  5266.00000     3.1775e-14     2.9294e-16 
  5268.00000     3.1936e-14     3.5436e-16 
  5270.00000     3.2094e-14     3.6127e-16 
  5272.00000     3.1275e-14     3.3935e-16 
  5274.00000     3.1349e-14     4.1259e-16 
  5276.00000     3.2873e-14     4.2862e-16 
  5278.00000     3.3521e-14     4.0411e-16 
  5280.00000     3.3930e-14     4.1890e-16 
  5282.00000     3.4931e-14     3.5141e-16 
  5284.00000     3.5629e-14     3.8066e-16 
  5286.00000     3.5582e-14     4.0091e-16 
  5288.00000     3.6247e-14     4.4032e-16 
  5290.00000     3.6302e-14     4.3727e-16 
  5292.00000     3.7405e-14     5.0695e-16 
  5294.00000     3.5934e-14     4.1000e-16 
  5296.00000     3.7131e-14     4.8143e-16 
  5298.00000     3.7901e-14     4.6606e-16 
  5300.00000     3.7039e-14     4.0670e-16 
  5302.00000     3.7200e-14     4.0653e-16 
  5304.00000     3.7391e-14     3.9066e-16 
  5306.00000     3.7780e-14     4.4102e-16 
  5308.00000     3.8813e-14     4.7733e-16 
  5310.00000     3.6393e-14     3.8604e-16 
  5312.00000     3.7830e-14     5.9881e-16 
  5314.00000     3.7003e-14     4.1562e-16 
  5316.00000     3.6931e-14     4.0560e-16 
  5318.00000     3.7344e-14     4.5709e-16 
  5320.00000     3.7226e-14     5.1033e-16 
  5322.00000     3.6012e-14     4.3614e-16 
  5324.00000     3.5344e-14     4.5589e-16 
  5326.00000     3.5240e-14     4.0659e-16 
  5328.00000     3.4711e-14     3.6643e-16 
  5330.00000     3.5937e-14     3.8176e-16 
  5332.00000     3.5672e-14     3.9080e-16 
  5334.00000     3.5097e-14     4.4711e-16 
  5336.00000     3.4746e-14     5.2042e-16 
  5338.00000     3.5349e-14     4.6958e-16 
  5340.00000     3.7324e-14     4.8874e-16 
  5342.00000     3.6291e-14     4.0906e-16 
  5344.00000     3.5833e-14     4.5334e-16 
  5346.00000     3.6674e-14     5.7646e-16 
  5348.00000     3.7389e-14     4.1303e-16 
  5350.00000     3.8155e-14     4.5734e-16 
  5352.00000     3.7267e-14     4.4061e-16 
  5354.00000     3.7989e-14     4.8135e-16 
  5356.00000     3.8215e-14     4.1703e-16 
  5358.00000     3.7557e-14     4.5287e-16 
  5360.00000     3.8772e-14     4.6426e-16 
  5362.00000     3.8677e-14     5.1765e-16 
  5364.00000     3.6941e-14     4.3513e-16 
  5366.00000     3.7945e-14     4.1932e-16 
  5368.00000     3.7658e-14     4.6379e-16 
  5370.00000     3.7093e-14     6.6335e-16 
  5372.00000     3.8209e-14     4.6449e-16 
  5374.00000     3.8050e-14     4.0934e-16 
  5376.00000     3.7331e-14     4.3315e-16 
  5378.00000     3.7577e-14     5.0944e-16 
  5380.00000     3.7755e-14     4.5294e-16 
  5382.00000     3.7648e-14     4.1637e-16 
  5384.00000     3.7761e-14     6.8188e-16 
  5386.00000     3.6489e-14     5.1110e-16 
  5388.00000     3.7847e-14     6.3009e-16 
  5390.00000     3.5827e-14     1.1692e-15 
  5392.00000     3.6640e-14     1.4940e-15 
  5394.00000     3.7094e-14     5.5874e-16 
  5396.00000     3.5613e-14     4.4276e-16 
  5398.00000     3.5421e-14     4.6545e-16 
  5400.00000     3.5534e-14     4.2604e-16 
  5402.00000     3.5576e-14     4.2434e-16 
  5404.00000     3.5053e-14     4.1501e-16 
  5406.00000     3.6581e-14     4.5461e-16 
  5408.00000     3.4457e-14     3.7570e-16 
  5410.00000     3.6416e-14     4.7019e-16 
  5412.00000     3.6168e-14     4.8481e-16 
  5414.00000     3.6766e-14     4.4298e-16 
  5416.00000     3.7242e-14     4.7212e-16 
  5418.00000     3.6969e-14     5.5730e-16 
  5420.00000     3.7169e-14     5.0322e-16 
  5422.00000     3.7446e-14     4.1758e-16 
  5424.00000     3.8241e-14     4.9303e-16 
  5426.00000     3.8219e-14     4.5598e-16 
  5428.00000     3.7991e-14     4.0917e-16 
  5430.00000     3.8700e-14     4.8068e-16 
  5432.00000     3.7960e-14     4.5799e-16 
  5434.00000     3.8395e-14     4.9842e-16 
  5436.00000     3.7814e-14     4.7056e-16 
  5438.00000     3.7010e-14     4.8194e-16 
  5440.00000     3.7935e-14     5.7943e-16 
  5442.00000     3.7832e-14     5.3005e-16 
  5444.00000     3.8119e-14     4.9283e-16 
  5446.00000     3.6691e-14     3.7853e-16 
  5448.00000     3.7030e-14     4.6774e-16 
  5450.00000     3.6850e-14     4.0538e-16 
  5452.00000     3.6254e-14     4.0891e-16 
  5454.00000     3.6475e-14     4.1337e-16 
  5456.00000     3.7647e-14     4.7822e-16 
  5458.00000     3.7238e-14     5.1698e-16 
  5460.00000     3.5639e-14     4.2396e-16 
  5462.00000     3.6439e-14     4.7035e-16 
  5464.00000     3.7100e-14     4.5085e-16 
  5466.00000     3.6816e-14     4.7473e-16 
  5468.00000     3.5949e-14     4.2751e-16 
  5470.00000     3.5967e-14     5.0319e-16 
  5472.00000     3.6502e-14     3.5133e-16 
  5474.00000     3.6809e-14     4.3337e-16 
  5476.00000     3.6841e-14     3.8815e-16 
  5478.00000     3.6046e-14     3.9696e-16 
  5480.00000     3.5745e-14     3.9818e-16 
  5482.00000     3.5485e-14     4.4844e-16 
  5484.00000     3.6965e-14     4.0487e-16 
  5486.00000     3.6937e-14     4.3635e-16 
  5488.00000     3.7003e-14     5.1833e-16 
  5490.00000     3.7235e-14     4.5792e-16 
  5492.00000     3.7188e-14     4.8184e-16 
  5494.00000     3.6175e-14     4.3002e-16 
  5496.00000     3.6992e-14     4.6693e-16 
  5498.00000     3.7123e-14     3.9692e-16 
  5500.00000     3.6367e-14     4.4490e-16 
  5502.00000     3.6537e-14     6.2389e-16 
  5504.00000     3.6554e-14     5.1231e-16 
  5506.00000     3.7011e-14     4.9254e-16 
  5508.00000     3.7008e-14     5.5742e-16 
  5510.00000     3.6619e-14     5.1068e-16 
  5512.00000     3.5892e-14     4.7753e-16 
  5514.00000     3.7198e-14     4.9289e-16 
  5516.00000     3.6278e-14     4.0439e-16 
  5518.00000     3.6576e-14     4.4471e-16 
  5520.00000     3.7858e-14     5.8132e-16 
  5522.00000     3.6968e-14     6.0965e-16 
  5524.00000     3.7858e-14     5.8394e-16 
  5526.00000     3.7554e-14     5.0908e-16 
  5528.00000     3.6785e-14     4.7349e-16 
  5530.00000     3.8430e-14     5.0478e-16 
  5532.00000     3.7686e-14     4.7529e-16 
  5534.00000     3.7268e-14     4.4661e-16 
  5536.00000     3.7963e-14     4.6686e-16 
  5538.00000     3.8203e-14     5.4000e-16 
  5540.00000     3.8131e-14     4.8953e-16 
  5542.00000     3.7727e-14     5.3566e-16 
  5544.00000     3.8278e-14     4.4051e-16 
  5546.00000     3.7741e-14     4.2515e-16 
  5548.00000     3.8427e-14     4.7154e-16 
  5550.00000     3.8801e-14     4.6817e-16 
  5552.00000     3.8178e-14     3.9532e-16 
  5554.00000     3.8075e-14     4.8843e-16 
  5556.00000     3.8885e-14     4.5165e-16 
  5558.00000     3.8195e-14     3.9823e-16 
  5560.00000     3.6993e-14     4.1206e-16 
  5562.00000     3.8405e-14     5.2273e-16 
  5564.00000     3.8207e-14     4.2391e-16 
  5566.00000     3.8447e-14     3.9547e-16 
  5568.00000     3.8318e-14     4.7178e-16 
  5570.00000     3.8289e-14     4.6394e-16 
  5572.00000     3.7677e-14     4.5569e-16 
  5574.00000     3.7237e-14     4.9457e-16 
  5576.00000     3.7452e-14     4.0466e-16 
  5578.00000     3.7477e-14     4.6585e-16 
  5580.00000     3.6892e-14     4.0214e-16 
  5582.00000     3.7003e-14     5.1568e-16 
  5584.00000     3.7007e-14     5.5454e-16 
  5586.00000     3.5543e-14     4.6853e-16 
  5588.00000     3.7077e-14     4.2388e-16 
  5590.00000     3.8365e-14     4.7620e-16 
  5592.00000     3.7173e-14     4.9812e-16 
  5594.00000     3.8146e-14     5.5315e-16 
  5596.00000     3.6100e-14     5.0983e-16 
  5598.00000     3.7312e-14     5.5693e-16 
  5600.00000     3.7870e-14     5.3842e-16 
  5602.00000     3.6467e-14     4.8296e-16 
  5604.00000     3.7616e-14     5.1351e-16 
  5606.00000     3.7359e-14     5.6334e-16 
  5608.00000     3.7007e-14     4.5102e-16 
  5610.00000     3.7564e-14     6.8418e-16 
  5612.00000     3.6999e-14     5.4199e-16 
  5614.00000     3.7473e-14     6.8350e-16 
  5616.00000     3.7521e-14     5.7476e-16 
  5618.00000     3.7742e-14     4.9810e-16 
  5620.00000     3.8901e-14     5.1051e-16 
  5622.00000     3.7194e-14     4.5183e-16 
  5624.00000     3.7934e-14     5.1549e-16 
  5626.00000     3.7738e-14     5.4597e-16 
  5628.00000     3.7461e-14     5.6550e-16 
  5630.00000     3.6807e-14     7.0387e-16 
  5632.00000     3.7837e-14     5.6379e-16 
  5634.00000     3.6950e-14     5.3653e-16 
  5636.00000     3.8577e-14     5.5696e-16 
  5638.00000     3.8352e-14     5.9454e-16 
  5640.00000     3.8287e-14     5.2404e-16 
  5642.00000     3.8016e-14     5.2420e-16 
  5644.00000     3.8191e-14     5.3235e-16 
  5646.00000     3.7265e-14     5.1924e-16 
  5648.00000     3.7980e-14     5.7874e-16 
  5650.00000     3.7653e-14     4.8753e-16 
  5652.00000     3.7271e-14     4.7974e-16 
  5654.00000     3.7770e-14     5.7265e-16 
  5656.00000     3.7477e-14     7.5539e-16 
  5658.00000     3.8416e-14     6.2928e-16 
  5660.00000     3.7293e-14     7.0228e-16 
  5662.00000     3.7707e-14     5.9096e-16 
  5664.00000     3.8470e-14     5.7036e-16 
  5666.00000     3.8561e-14     5.5650e-16 
  5668.00000     3.9539e-14     5.7246e-16 
  5670.00000     3.8608e-14     7.9706e-16 
  5672.00000     3.7918e-14     8.3382e-16 
  5674.00000     3.9073e-14     6.3074e-16 
  5676.00000     3.9342e-14     5.3703e-16 
  5678.00000     3.8048e-14     7.1265e-16 
  5680.00000     3.9483e-14     8.1610e-16 
  5682.00000     3.8752e-14     8.1976e-16 
  5684.00000     3.8376e-14     6.1094e-16 
  5686.00000     3.9410e-14     5.1748e-16 
  5688.00000     3.7577e-14     5.4531e-16 
  5690.00000     3.9354e-14     6.1868e-16 
  5692.00000     3.8692e-14     6.3051e-16 
  5694.00000     3.9196e-14     6.2409e-16 
  5696.00000     3.9517e-14     5.9021e-16 
  5698.00000     3.8290e-14     4.7983e-16 
  5700.00000     3.8605e-14     5.5114e-16 
  5702.00000     3.8226e-14     1.1608e-15 
  5704.00000     3.7942e-14     2.9422e-15 
  5706.00000     3.7820e-14     1.3991e-15 
  5708.00000     3.8025e-14     9.8837e-16 
  5710.00000     3.8454e-14     1.3712e-15 
  5712.00000     3.8703e-14     7.9454e-16 
  5714.00000     3.8920e-14     5.2961e-16 
  5716.00000     3.9433e-14     4.9548e-16 
  5718.00000     3.9887e-14     5.6468e-16 
  5720.00000     3.9577e-14     5.8236e-16 
  5722.00000     3.8992e-14     5.9028e-16 
  5724.00000     4.0699e-14     5.1301e-16 
  5726.00000     4.0412e-14     4.1532e-16 
  5728.00000     4.0081e-14     5.0590e-16 
  5730.00000     4.0808e-14     5.4642e-16 
  5732.00000     3.9164e-14     5.7317e-16 
  5734.00000     4.0107e-14     6.6446e-16 
  5736.00000     4.0312e-14     5.3761e-16 
  5738.00000     4.0986e-14     5.8509e-16 
  5740.00000     4.0395e-14     5.6706e-16 
  5742.00000     4.0619e-14     5.7914e-16 
  5744.00000     4.0818e-14     5.5658e-16 
  5746.00000     4.0910e-14     5.0307e-16 
  5748.00000     4.1158e-14     5.5574e-16 
  5750.00000     4.0771e-14     5.8452e-16 
  5752.00000     4.0405e-14     6.4726e-16 
  5754.00000     4.0885e-14     8.1572e-16 
  5756.00000     4.0650e-14     7.1999e-16 
  5758.00000     4.1248e-14     6.0733e-16 
  5760.00000     4.0287e-14     6.5027e-16 
  5762.00000     3.9664e-14     4.5655e-16 
  5764.00000     3.9688e-14     4.5624e-16 
  5766.00000     3.9876e-14     6.1551e-16 
  5768.00000     4.1132e-14     5.5075e-16 
  5770.00000     4.0935e-14     4.1571e-16 
  5772.00000     4.1100e-14     4.4610e-16 
  5774.00000     4.0549e-14     5.0362e-16 
  5776.00000     3.9789e-14     4.3651e-16 
  5778.00000     4.0202e-14     5.2632e-16 
  5780.00000     3.9690e-14     5.0343e-16 
  5782.00000     4.0032e-14     6.7776e-16 
  5784.00000     3.9696e-14     6.0007e-16 
  5786.00000     4.0149e-14     5.6051e-16 
  5788.00000     4.0255e-14     5.5554e-16 
  5790.00000     4.0512e-14     4.2031e-16 
  5792.00000     4.1355e-14     5.2900e-16 
  5794.00000     4.0091e-14     5.8326e-16 
  5796.00000     4.1233e-14     5.3016e-16 
  5798.00000     4.1385e-14     6.5461e-16 
  5800.00000     4.1365e-14     6.7655e-16 
  5802.00000     4.0839e-14     4.9571e-16 
  5804.00000     4.1648e-14     4.4947e-16 
  5806.00000     4.1689e-14     5.4361e-16 
  5808.00000     4.1725e-14     5.7098e-16 
  5810.00000     4.2014e-14     4.9597e-16 
  5812.00000     4.2078e-14     6.8672e-16 
  5814.00000     4.1772e-14     5.5471e-16 
  5816.00000     4.1591e-14     5.2770e-16 
  5818.00000     4.1288e-14     5.5333e-16 
  5820.00000     4.2580e-14     5.5125e-16 
  5822.00000     4.1749e-14     5.5867e-16 
  5824.00000     4.1826e-14     5.3242e-16 
  5826.00000     4.1816e-14     5.3317e-16 
  5828.00000     4.1874e-14     5.8395e-16 
  5830.00000     4.1651e-14     5.6044e-16 
  5832.00000     4.2255e-14     5.1488e-16 
  5834.00000     4.1748e-14     6.9182e-16 
  5836.00000     4.2270e-14     5.3506e-16 
  5838.00000     4.1404e-14     4.6797e-16 
  5840.00000     4.3181e-14     4.2446e-16 
  5842.00000     4.1239e-14     5.7849e-16 
  5844.00000     4.1765e-14     4.8323e-16 
  5846.00000     4.1369e-14     6.0498e-16 
  5848.00000     4.0215e-14     5.8491e-16 
  5850.00000     4.1018e-14     4.9013e-16 
  5852.00000     4.0738e-14     5.1406e-16 
  5854.00000     4.0468e-14     6.7476e-16 
  5856.00000     3.9999e-14     5.8988e-16 
  5858.00000     3.9946e-14     5.1881e-16 
  5860.00000     3.9750e-14     4.8854e-16 
  5862.00000     3.9421e-14     5.0181e-16 
  5864.00000     3.9736e-14     5.0750e-16 
  5866.00000     3.9656e-14     4.4611e-16 
  5868.00000     3.8366e-14     4.3227e-16 
  5870.00000     3.9622e-14     4.4852e-16 
  5872.00000     3.8821e-14     4.3620e-16 
  5874.00000     3.9429e-14     4.2309e-16 
  5876.00000     3.8371e-14     4.2588e-16 
  5878.00000     3.7861e-14     4.7983e-16 
  5880.00000     3.6890e-14     4.7246e-16 
  5882.00000     3.6966e-14     4.6039e-16 
  5884.00000     3.6953e-14     3.8913e-16 
  5886.00000     3.4507e-14     4.3838e-16 
  5888.00000     3.4111e-14     4.3052e-16 
  5890.00000     3.4673e-14     4.3930e-16 
  5892.00000     3.2917e-14     3.7898e-16 
  5894.00000     3.3662e-14     4.5674e-16 
  5896.00000     3.4648e-14     4.4934e-16 
  5898.00000     3.4634e-14     3.9152e-16 
  5900.00000     3.3935e-14     3.2125e-16 
  5902.00000     3.4654e-14     3.1494e-16 
  5904.00000     3.5187e-14     3.8888e-16 
  5906.00000     3.5444e-14     4.0024e-16 
  5908.00000     3.6390e-14     5.3335e-16 
  5910.00000     3.6186e-14     4.1078e-16 
  5912.00000     3.6693e-14     4.6040e-16 
  5914.00000     3.7566e-14     3.8995e-16 
  5916.00000     3.8842e-14     3.7782e-16 
  5918.00000     3.8885e-14     5.0119e-16 
  5920.00000     3.7643e-14     4.1417e-16 
  5922.00000     3.8401e-14     3.6654e-16 
  5924.00000     3.8250e-14     3.8097e-16 
  5926.00000     3.8114e-14     5.2291e-16 
  5928.00000     3.9674e-14     4.2615e-16 
  5930.00000     3.8241e-14     4.0203e-16 
  5932.00000     3.8807e-14     4.1439e-16 
  5934.00000     4.0103e-14     4.4476e-16 
  5936.00000     3.8548e-14     4.3520e-16 
  5938.00000     3.8469e-14     4.2394e-16 
  5940.00000     3.9555e-14     4.2283e-16 
  5942.00000     3.8959e-14     3.5794e-16 
  5944.00000     4.0181e-14     3.9649e-16 
  5946.00000     3.9909e-14     4.1498e-16 
  5948.00000     3.9556e-14     3.6365e-16 
  5950.00000     3.9502e-14     3.2916e-16 
  5952.00000     4.0283e-14     3.5407e-16 
  5954.00000     3.9709e-14     3.6066e-16 
  5956.00000     3.9859e-14     3.7820e-16 
  5958.00000     4.0359e-14     4.4131e-16 
  5960.00000     3.9724e-14     4.4970e-16 
  5962.00000     3.8224e-14     3.9135e-16 
  5964.00000     3.8204e-14     3.8368e-16 
  5966.00000     3.9303e-14     3.5375e-16 
  5968.00000     4.0214e-14     4.4319e-16 
  5970.00000     3.9493e-14     4.4816e-16 
  5972.00000     4.0090e-14     3.8016e-16 
  5974.00000     3.9499e-14     4.4864e-16 
  5976.00000     3.9957e-14     4.5652e-16 
  5978.00000     3.9565e-14     4.5954e-16 
  5980.00000     3.9742e-14     4.5368e-16 
  5982.00000     3.9493e-14     4.2445e-16 
  5984.00000     3.9350e-14     3.7198e-16 
  5986.00000     3.9835e-14     3.8121e-16 
  5988.00000     3.9284e-14     4.1269e-16 
  5990.00000     4.0580e-14     4.1920e-16 
  5992.00000     3.9834e-14     5.1774e-16 
  5994.00000     3.9399e-14     5.0510e-16 
  5996.00000     4.0992e-14     4.5990e-16 
  5998.00000     3.9482e-14     4.1012e-16 
  6000.00000     4.1044e-14     4.1601e-16 
  6002.00000     4.0413e-14     3.6763e-16 
  6004.00000     4.1355e-14     4.5188e-16 
  6006.00000     3.9573e-14     3.8369e-16 
  6008.00000     3.8976e-14     4.4584e-16 
  6010.00000     3.9618e-14     4.0407e-16 
  6012.00000     4.0193e-14     4.1667e-16 
  6014.00000     4.0040e-14     4.3954e-16 
  6016.00000     4.0213e-14     4.6679e-16 
  6018.00000     3.9621e-14     4.2169e-16 
  6020.00000     4.0454e-14     4.5098e-16 
  6022.00000     4.0492e-14     5.8363e-16 
  6024.00000     4.0952e-14     3.9630e-16 
  6026.00000     4.0529e-14     4.4243e-16 
  6028.00000     4.1737e-14     4.4063e-16 
  6030.00000     4.2129e-14     4.6981e-16 
  6032.00000     4.1557e-14     4.8685e-16 
  6034.00000     4.1681e-14     4.6630e-16 
  6036.00000     4.1528e-14     4.5229e-16 
  6038.00000     4.1630e-14     4.1237e-16 
  6040.00000     4.2890e-14     4.0341e-16 
  6042.00000     4.2887e-14     3.5538e-16 
  6044.00000     4.3106e-14     4.3120e-16 
  6046.00000     4.3808e-14     4.9718e-16 
  6048.00000     4.2411e-14     4.8209e-16 
  6050.00000     4.2438e-14     6.2899e-16 
  6052.00000     4.2238e-14     5.8431e-16 
  6054.00000     4.2669e-14     5.7617e-16 
  6056.00000     4.2934e-14     4.3544e-16 
  6058.00000     4.1961e-14     4.5305e-16 
  6060.00000     4.2378e-14     4.6546e-16 
  6062.00000     4.2485e-14     3.7727e-16 
  6064.00000     4.2449e-14     4.5739e-16 
  6066.00000     4.1375e-14     4.1516e-16 
  6068.00000     4.2804e-14     3.4955e-16 
  6070.00000     4.2204e-14     5.3654e-16 
  6072.00000     4.2778e-14     5.6351e-16 
  6074.00000     4.2838e-14     4.7373e-16 
  6076.00000     4.2313e-14     5.3006e-16 
  6078.00000     4.3403e-14     5.4000e-16 
  6080.00000     4.2639e-14     4.9269e-16 
  6082.00000     4.2957e-14     3.9176e-16 
  6084.00000     4.2001e-14     3.5894e-16 
  6086.00000     4.2343e-14     4.0203e-16 
  6088.00000     4.2031e-14     3.7940e-16 
  6090.00000     4.1209e-14     4.1220e-16 
  6092.00000     4.2052e-14     4.1541e-16 
  6094.00000     4.1443e-14     3.7317e-16 
  6096.00000     4.1456e-14     4.7577e-16 
  6098.00000     4.1096e-14     4.8934e-16 
  6100.00000     4.1792e-14     4.7850e-16 
  6102.00000     4.1225e-14     4.3806e-16 
  6104.00000     4.0960e-14     4.6471e-16 
  6106.00000     4.2486e-14     4.5672e-16 
  6108.00000     4.1522e-14     4.0028e-16 
  6110.00000     4.2244e-14     6.0300e-16 
  6112.00000     4.1281e-14     9.8053e-16 
  6114.00000     4.1844e-14     6.6818e-16 
  6116.00000     4.1335e-14     6.7261e-16 
  6118.00000     4.0849e-14     5.7247e-16 
  6120.00000     4.1827e-14     4.4766e-16 
  6122.00000     4.1076e-14     3.8103e-16 
  6124.00000     4.1157e-14     4.2501e-16 
  6126.00000     4.1510e-14     3.9720e-16 
  6128.00000     4.1285e-14     3.4414e-16 
  6130.00000     4.1902e-14     3.3680e-16 
  6132.00000     4.1291e-14     3.7237e-16 
  6134.00000     4.1216e-14     4.9204e-16 
  6136.00000     4.1008e-14     4.5304e-16 
  6138.00000     4.1603e-14     3.8818e-16 
  6140.00000     4.0633e-14     4.1925e-16 
  6142.00000     4.0512e-14     4.1113e-16 
  6144.00000     4.1096e-14     4.7073e-16 
  6146.00000     4.0297e-14     4.0759e-16 
  6148.00000     4.1130e-14     3.4442e-16 
  6150.00000     3.9871e-14     3.0969e-16 
  6152.00000     3.9182e-14     4.0413e-16 
  6154.00000     3.8869e-14     3.3900e-16 
  6156.00000     3.9545e-14     3.8589e-16 
  6158.00000     3.9569e-14     3.9681e-16 
  6160.00000     3.9297e-14     3.3402e-16 
  6162.00000     3.7762e-14     3.1832e-16 
  6164.00000     3.8438e-14     3.2813e-16 
  6166.00000     3.8025e-14     3.3323e-16 
  6168.00000     3.7780e-14     3.3799e-16 
  6170.00000     3.7186e-14     3.6068e-16 
  6172.00000     3.8182e-14     3.9831e-16 
  6174.00000     3.7648e-14     3.5448e-16 
  6176.00000     3.7561e-14     4.5030e-16 
  6178.00000     3.8232e-14     6.2194e-16 
  6180.00000     3.8114e-14     5.8791e-16 
  6182.00000     3.8604e-14     4.1533e-16 
  6184.00000     3.7656e-14     3.4469e-16 
  6186.00000     3.6830e-14     3.1361e-16 
  6188.00000     3.8702e-14     2.8075e-16 
  6190.00000     3.8708e-14     2.9432e-16 
  6192.00000     3.7373e-14     3.8779e-16 
  6194.00000     3.7050e-14     2.8944e-16 
  6196.00000     3.7653e-14     2.6424e-16 
  6198.00000     3.8827e-14     3.3379e-16 
  6200.00000     3.7103e-14     3.7690e-16 
  6202.00000     3.7708e-14     3.4615e-16 
  6204.00000     3.8680e-14     3.8123e-16 
  6206.00000     3.7081e-14     3.0615e-16 
  6208.00000     3.7302e-14     3.6845e-16 
  6210.00000     3.7051e-14     3.5767e-16 
  6212.00000     3.6933e-14     3.6948e-16 
  6214.00000     3.6587e-14     3.2564e-16 
  6216.00000     3.6606e-14     3.2858e-16 
  6218.00000     3.6345e-14     3.0336e-16 
  6220.00000     3.7139e-14     3.0578e-16 
  6222.00000     3.6090e-14     2.8449e-16 
  6224.00000     3.7209e-14     2.8631e-16 
  6226.00000     3.6028e-14     2.6914e-16 
  6228.00000     3.5077e-14     3.4983e-16 
  6230.00000     3.5482e-14     3.0264e-16 
  6232.00000     3.6071e-14     2.7493e-16 
  6234.00000     3.6363e-14     2.9648e-16 
  6236.00000     3.4500e-14     3.6668e-16 
  6238.00000     3.5765e-14     3.2058e-16 
  6240.00000     3.5866e-14     3.0966e-16 
  6242.00000     3.6376e-14     3.0569e-16 
  6244.00000     3.5435e-14     2.8531e-16 
  6246.00000     3.4880e-14     2.7932e-16 
  6248.00000     3.6123e-14     2.8097e-16 
  6250.00000     3.6948e-14     3.0219e-16 
  6252.00000     3.6454e-14     2.6397e-16 
  6254.00000     3.5848e-14     2.7617e-16 
  6256.00000     3.6734e-14     2.9765e-16 
  6258.00000     3.5596e-14     3.4123e-16 
  6260.00000     3.6645e-14     3.8509e-16 
  6262.00000     3.7480e-14     2.9960e-16 
  6264.00000     3.7409e-14     2.5015e-16 
  6266.00000     3.7146e-14     2.7452e-16 
  6268.00000     3.7973e-14     3.4016e-16 
  6270.00000     3.6623e-14     3.5095e-16 
  6272.00000     3.6616e-14     2.9039e-16 
  6274.00000     3.7257e-14     2.9554e-16 
  6276.00000     3.8711e-14     3.8985e-16 
  6278.00000     3.7751e-14     3.5546e-16 
  6280.00000     3.8371e-14     3.3819e-16 
  6282.00000     3.7519e-14     3.9075e-16 
  6284.00000     3.8025e-14     4.0316e-16 
  6286.00000     3.8651e-14     3.4400e-16 
  6288.00000     3.8136e-14     3.2466e-16 
  6290.00000     3.8552e-14     3.1183e-16 
  6292.00000     3.9394e-14     2.8354e-16 
  6294.00000     3.8132e-14     3.1215e-16 
  6296.00000     3.8337e-14     2.9580e-16 
  6298.00000     3.7606e-14     2.6543e-16 
  6300.00000     3.9425e-14     3.0954e-16 
  6302.00000     3.8921e-14     3.0641e-16 
  6304.00000     3.9098e-14     2.7651e-16 
  6306.00000     3.8885e-14     3.2606e-16 
  6308.00000     3.9401e-14     3.2371e-16 
  6310.00000     3.8933e-14     3.1028e-16 
  6312.00000     3.9733e-14     4.1089e-16 
  6314.00000     3.8358e-14     3.8320e-16 
  6316.00000     4.0613e-14     3.4270e-16 
  6318.00000     3.8608e-14     3.3245e-16 
  6320.00000     3.9499e-14     3.2938e-16 
  6322.00000     4.0836e-14     3.4796e-16 
  6324.00000     3.9445e-14     2.7883e-16 
  6326.00000     3.9462e-14     2.7943e-16 
  6328.00000     4.0334e-14     2.8516e-16 
  6330.00000     4.0821e-14     3.1532e-16 
  6332.00000     3.9114e-14     2.6455e-16 
  6334.00000     4.0539e-14     3.1256e-16 
  6336.00000     4.0541e-14     3.2588e-16 
  6338.00000     4.1120e-14     3.4068e-16 
  6340.00000     4.0939e-14     2.9915e-16 
  6342.00000     4.0540e-14     3.3269e-16 
  6344.00000     4.0948e-14     2.9532e-16 
  6346.00000     4.0420e-14     3.1719e-16 
  6348.00000     4.0490e-14     3.9418e-16 
  6350.00000     4.0904e-14     3.6191e-16 
  6352.00000     4.0506e-14     3.2112e-16 
  6354.00000     4.1349e-14     3.1925e-16 
  6356.00000     4.0483e-14     2.9673e-16 
  6358.00000     4.1381e-14     3.5281e-16 
  6360.00000     4.0803e-14     2.9619e-16 
  6362.00000     4.0180e-14     2.8223e-16 
  6364.00000     4.1369e-14     3.4826e-16 
  6366.00000     4.1542e-14     4.0384e-16 
  6368.00000     3.9532e-14     3.8036e-16 
  6370.00000     4.0653e-14     4.3671e-16 
  6372.00000     4.0882e-14     3.7273e-16 
  6374.00000     4.1152e-14     3.3550e-16 
  6376.00000     4.1727e-14     3.8088e-16 
  6378.00000     4.2560e-14     3.8866e-16 
  6380.00000     4.1366e-14     3.1442e-16 
  6382.00000     4.2438e-14     3.1651e-16 
  6384.00000     4.1535e-14     3.2519e-16 
  6386.00000     4.1609e-14     3.0843e-16 
  6388.00000     4.1842e-14     3.0383e-16 
  6390.00000     4.2227e-14     3.6137e-16 
  6392.00000     4.1485e-14     3.3696e-16 
  6394.00000     4.1401e-14     3.3470e-16 
  6396.00000     4.1864e-14     2.6043e-16 
  6398.00000     4.1562e-14     2.5135e-16 
  6400.00000     4.2148e-14     2.8568e-16 
  6402.00000     4.2534e-14     2.5988e-16 
  6404.00000     4.2481e-14     2.4653e-16 
  6406.00000     4.1282e-14     2.3867e-16 
  6408.00000     4.1489e-14     2.3402e-16 
  6410.00000     4.2867e-14     2.4390e-16 
  6412.00000     4.1687e-14     2.2259e-16 
  6414.00000     4.3066e-14     2.1937e-16 
  6416.00000     4.1656e-14     2.1138e-16 
  6418.00000     4.1855e-14     2.3864e-16 
  6420.00000     4.1941e-14     2.5867e-16 
  6422.00000     4.1716e-14     2.3052e-16 
  6424.00000     4.1270e-14     2.0683e-16 
  6426.00000     4.2162e-14     2.2944e-16 
  6428.00000     4.3366e-14     2.3338e-16 
  6430.00000     4.2570e-14     2.5293e-16 
  6432.00000     4.2723e-14     2.7314e-16 
  6434.00000     4.1755e-14     2.5120e-16 
  6436.00000     4.3013e-14     2.6329e-16 
  6438.00000     4.3134e-14     3.0160e-16 
  6440.00000     4.2388e-14     2.8982e-16 
  6442.00000     4.2300e-14     2.6372e-16 
  6444.00000     4.3367e-14     3.0302e-16 
  6446.00000     4.2169e-14     3.2587e-16 
  6448.00000     4.3044e-14     3.2558e-16 
  6450.00000     4.0850e-14     2.9161e-16 
  6452.00000     4.2727e-14     2.9982e-16 
  6454.00000     4.2272e-14     2.9823e-16 
  6456.00000     4.2359e-14     3.3269e-16 
  6458.00000     4.1698e-14     3.1015e-16 
  6460.00000     4.2430e-14     3.2327e-16 
  6462.00000     4.2199e-14     3.4213e-16 
  6464.00000     4.1879e-14     3.5592e-16 
  6466.00000     4.2639e-14     3.0284e-16 
  6468.00000     4.2632e-14     2.7509e-16 
  6470.00000     4.2894e-14     2.8348e-16 
  6472.00000     4.2387e-14     3.2047e-16 
  6474.00000     4.2080e-14     3.1949e-16 
  6476.00000     4.3252e-14     3.0673e-16 
  6478.00000     4.2257e-14     3.5055e-16 
  6480.00000     4.2026e-14     3.2268e-16 
  6482.00000     4.3145e-14     3.7567e-16 
  6484.00000     4.2130e-14     3.8374e-16 
  6486.00000     4.1652e-14     2.9068e-16 
  6488.00000     4.1670e-14     3.1720e-16 
  6490.00000     4.2407e-14     3.2580e-16 
  6492.00000     4.0654e-14     3.0766e-16 
  6494.00000     4.2102e-14     3.4912e-16 
  6496.00000     4.0294e-14     3.0276e-16 
  6498.00000     4.0874e-14     2.8481e-16 
  6500.00000     4.0971e-14     3.0775e-16 
  6502.00000     4.1909e-14     3.0775e-16 
  6504.00000     4.1317e-14     2.9673e-16 
  6506.00000     4.1032e-14     3.2398e-16 
  6508.00000     4.2409e-14     3.8636e-16 
  6510.00000     4.2766e-14     3.3512e-16 
  6512.00000     4.3333e-14     3.2292e-16 
  6514.00000     4.3156e-14     3.6743e-16 
  6516.00000     4.2434e-14     4.0061e-16 
  6518.00000     4.2016e-14     3.2092e-16 
  6520.00000     4.2584e-14     3.3488e-16 
  6522.00000     4.2791e-14     3.2756e-16 
  6524.00000     4.4287e-14     3.0246e-16 
  6526.00000     4.4053e-14     3.0128e-16 
  6528.00000     4.3171e-14     3.2529e-16 
  6530.00000     4.3498e-14     3.0994e-16 
  6532.00000     4.5123e-14     3.2103e-16 
  6534.00000     4.3661e-14     3.3103e-16 
  6536.00000     4.3483e-14     3.2515e-16 
  6538.00000     4.3663e-14     3.3649e-16 
  6540.00000     4.3483e-14     3.9466e-16 
  6542.00000     4.3338e-14     3.6033e-16 
  6544.00000     4.2226e-14     3.4984e-16 
  6546.00000     4.2367e-14     3.4019e-16 
  6548.00000     4.2465e-14     3.3734e-16 
  6550.00000     4.1779e-14     3.1160e-16 
  6552.00000     4.2748e-14     3.1056e-16 
  6554.00000     4.2063e-14     3.4571e-16 
  6556.00000     4.1012e-14     4.3916e-16 
  6558.00000     4.1068e-14     4.4375e-16 
  6560.00000     4.1073e-14     3.4912e-16 
  6562.00000     4.0434e-14     3.2261e-16 
  6564.00000     4.0199e-14     3.1175e-16 
  6566.00000     3.8962e-14     2.9184e-16 
  6568.00000     4.0578e-14     3.1185e-16 
  6570.00000     4.1365e-14     3.2970e-16 
  6572.00000     3.9708e-14     3.1321e-16 
  6574.00000     4.0673e-14     3.0988e-16 
  6576.00000     4.1804e-14     3.2087e-16 
  6578.00000     4.1352e-14     3.5287e-16 
  6580.00000     4.1438e-14     3.5236e-16 
  6582.00000     4.1114e-14     3.5890e-16 
  6584.00000     4.1883e-14     2.9518e-16 
  6586.00000     4.2499e-14     3.0397e-16 
  6588.00000     4.1486e-14     3.2382e-16 
  6590.00000     4.1341e-14     3.5437e-16 
  6592.00000     4.1893e-14     3.5706e-16 
  6594.00000     4.2457e-14     3.2465e-16 
  6596.00000     4.2750e-14     3.0480e-16 
  6598.00000     4.2112e-14     2.9744e-16 
  6600.00000     4.2484e-14     3.2481e-16 
  6602.00000     4.3310e-14     3.5971e-16 
  6604.00000     4.2116e-14     3.5931e-16 
  6606.00000     4.1175e-14     3.5101e-16 
  6608.00000     4.1605e-14     3.5842e-16 
  6610.00000     4.2062e-14     3.3331e-16 
  6612.00000     4.2771e-14     3.3848e-16 
  6614.00000     4.2507e-14     3.5915e-16 
  6616.00000     4.2113e-14     4.3532e-16 
  6618.00000     4.2531e-14     3.2973e-16 
  6620.00000     4.1555e-14     3.0913e-16 
  6622.00000     4.2530e-14     3.5392e-16 
  6624.00000     4.2582e-14     4.0507e-16 
  6626.00000     4.2008e-14     3.5345e-16 
  6628.00000     4.2128e-14     3.6229e-16 
  6630.00000     4.2283e-14     3.6080e-16 
  6632.00000     4.1274e-14     3.4136e-16 
  6634.00000     4.2401e-14     3.7574e-16 
  6636.00000     4.1569e-14     3.1199e-16 
  6638.00000     4.1796e-14     3.3935e-16 
  6640.00000     4.1520e-14     4.3623e-16 
  6642.00000     4.1446e-14     5.6495e-16 
  6644.00000     4.0949e-14     5.5542e-16 
  6646.00000     4.2019e-14     5.3451e-16 
  6648.00000     4.0216e-14     7.2948e-16 
  6650.00000     4.0418e-14     5.3113e-16 
  6652.00000     4.0930e-14     4.2219e-16 
  6654.00000     4.0954e-14     4.1736e-16 
  6656.00000     4.1255e-14     4.4150e-16 
  6658.00000     4.0619e-14     3.5567e-16 
  6660.00000     3.9784e-14     3.0797e-16 
  6662.00000     4.0035e-14     3.3934e-16 
  6664.00000     4.0747e-14     3.2861e-16 
  6666.00000     4.1387e-14     3.2348e-16 
  6668.00000     4.0859e-14     3.3547e-16 
  6670.00000     4.1022e-14     4.2326e-16 
  6672.00000     4.0894e-14     3.5029e-16 
  6674.00000     4.0441e-14     3.9969e-16 
  6676.00000     3.9043e-14     5.1661e-16 
  6678.00000     4.0541e-14     6.2972e-16 
  6680.00000     4.0459e-14     6.8051e-16 
  6682.00000     4.0640e-14     7.6430e-16 
  6684.00000     3.9537e-14     6.3227e-16 
  6686.00000     4.0585e-14     5.3322e-16 
  6688.00000     4.0278e-14     4.0422e-16 
  6690.00000     4.0002e-14     3.3922e-16 
  6692.00000     4.0698e-14     3.1516e-16 
  6694.00000     4.0145e-14     3.5086e-16 
  6696.00000     4.0269e-14     3.8182e-16 
  6698.00000     4.0073e-14     3.4505e-16 
  6700.00000     3.9710e-14     3.7714e-16 
  6702.00000     3.9352e-14     3.8045e-16 
  6704.00000     4.0737e-14     4.6111e-16 
  6706.00000     3.9849e-14     4.3263e-16 
  6708.00000     3.9682e-14     3.7844e-16 
  6710.00000     3.9666e-14     3.8827e-16 
  6712.00000     4.0548e-14     3.6528e-16 
  6714.00000     4.0859e-14     3.7692e-16 
  6716.00000     3.9266e-14     4.1882e-16 
  6718.00000     3.8069e-14     3.3038e-16 
  6720.00000     3.9062e-14     3.2341e-16 
  6722.00000     3.9863e-14     3.6093e-16 
  6724.00000     3.9300e-14     4.0281e-16 
  6726.00000     3.9506e-14     4.4415e-16 
  6728.00000     3.9758e-14     4.6602e-16 
  6730.00000     3.9966e-14     4.5995e-16 
  6732.00000     3.9383e-14     3.9793e-16 
  6734.00000     3.8997e-14     3.7280e-16 
  6736.00000     3.8487e-14     4.5262e-16 
  6738.00000     3.8766e-14     5.0715e-16 
  6740.00000     3.9870e-14     3.8654e-16 
  6742.00000     3.9450e-14     3.0363e-16 
  6744.00000     3.8935e-14     3.0868e-16 
  6746.00000     3.9310e-14     3.6335e-16 
  6748.00000     3.9607e-14     4.0915e-16 
  6750.00000     3.8085e-14     3.4384e-16 
  6752.00000     3.9170e-14     4.7223e-16 
  6754.00000     3.9676e-14     4.6542e-16 
  6756.00000     4.0239e-14     3.8643e-16 
  6758.00000     3.9435e-14     3.4665e-16 
  6760.00000     4.0055e-14     4.2937e-16 
  6762.00000     3.9007e-14     5.6959e-16 
  6764.00000     4.0643e-14     4.6249e-16 
  6766.00000     3.9618e-14     4.8755e-16 
  6768.00000     3.9692e-14     3.4725e-16 
  6770.00000     3.8487e-14     4.2172e-16 
  6772.00000     3.9704e-14     4.4071e-16 
  6774.00000     4.0124e-14     3.6913e-16 
  6776.00000     3.9773e-14     3.2507e-16 
  6778.00000     4.0032e-14     3.2089e-16 
  6780.00000     3.9350e-14     4.0551e-16 
  6782.00000     3.8710e-14     4.9594e-16 
  6784.00000     3.9701e-14     4.8095e-16 
  6786.00000     3.9315e-14     3.6741e-16 
  6788.00000     3.9764e-14     4.0642e-16 
  6790.00000     3.9075e-14     4.4669e-16 
  6792.00000     4.0144e-14     4.6234e-16 
  6794.00000     3.9694e-14     5.0606e-16 
  6796.00000     3.9477e-14     5.0689e-16 
  6798.00000     3.9826e-14     3.9222e-16 
  6800.00000     3.9341e-14     3.3004e-16 
  6802.00000     3.8702e-14     3.3465e-16 
  6804.00000     4.0533e-14     3.8373e-16 
  6806.00000     4.0108e-14     3.2348e-16 
  6808.00000     3.9740e-14     3.6123e-16 
  6810.00000     4.0146e-14     3.8652e-16 
  6812.00000     4.0428e-14     3.5830e-16 
  6814.00000     3.9763e-14     3.1650e-16 
  6816.00000     3.9496e-14     3.7969e-16 
  6818.00000     3.9940e-14     4.0294e-16 
  6820.00000     3.9560e-14     3.8371e-16 
  6822.00000     4.0272e-14     4.1155e-16 
  6824.00000     3.8619e-14     3.9695e-16 
  6826.00000     4.0740e-14     4.6410e-16 
  6828.00000     3.9162e-14     4.8913e-16 
  6830.00000     4.0758e-14     4.7173e-16 
  6832.00000     3.9385e-14     4.0479e-16 
  6834.00000     3.9654e-14     3.7227e-16 
  6836.00000     4.0440e-14     4.1073e-16 
  6838.00000     3.9789e-14     3.3651e-16 
  6840.00000     3.9253e-14     3.7099e-16 
  6842.00000     3.9369e-14     3.6817e-16 
  6844.00000     3.9236e-14     3.0669e-16 
  6846.00000     4.0050e-14     3.2302e-16 
  6848.00000     3.8895e-14     3.3124e-16 
  6850.00000     3.9188e-14     3.7428e-16 
  6852.00000     3.8877e-14     3.6667e-16 
  6854.00000     3.9000e-14     3.7341e-16 
  6856.00000     3.9683e-14     4.0423e-16 
  6858.00000     3.8817e-14     3.9917e-16 
  6860.00000     3.9282e-14     3.5033e-16 
  6862.00000     3.8137e-14     3.9186e-16 
  6864.00000     3.9248e-14     4.3318e-16 
  6866.00000     3.9156e-14     3.3864e-16 
  6868.00000     3.8843e-14     3.7097e-16 
  6870.00000     3.9070e-14     3.4086e-16 
  6872.00000     3.8394e-14     3.0063e-16 
  6874.00000     4.0378e-14     3.4765e-16 
  6876.00000     3.9462e-14     3.3711e-16 
  6878.00000     3.9609e-14     4.0962e-16 
  6880.00000     3.9169e-14     4.3432e-16 
  6882.00000     3.9318e-14     4.8143e-16 
  6884.00000     3.9689e-14     4.0308e-16 
  6886.00000     3.9795e-14     3.4082e-16 
  6888.00000     3.9861e-14     3.2635e-16 
  6890.00000     4.0225e-14     3.5291e-16 
  6892.00000     4.0777e-14     4.0222e-16 
  6894.00000     3.8711e-14     4.0263e-16 
  6896.00000     3.9721e-14     3.6120e-16 
  6898.00000     3.9655e-14     3.3114e-16 
  6900.00000     4.0049e-14     3.7105e-16 
  6902.00000     3.9870e-14     3.2638e-16 
  6904.00000     4.0353e-14     3.4353e-16 
  6906.00000     4.1173e-14     3.2889e-16 
  6908.00000     4.0343e-14     3.3604e-16 
  6910.00000     4.0230e-14     3.0485e-16 
  6912.00000     4.0612e-14     3.1850e-16 
  6914.00000     4.0677e-14     3.8843e-16 
  6916.00000     4.0757e-14     4.2879e-16 
  6918.00000     4.0684e-14     4.1747e-16 
  6920.00000     4.0522e-14     3.8063e-16 
  6922.00000     4.1323e-14     3.4565e-16 
  6924.00000     4.1370e-14     3.1677e-16 
  6926.00000     4.1182e-14     3.0524e-16 
  6928.00000     4.0794e-14     3.1992e-16 
  6930.00000     4.1267e-14     3.3476e-16 
  6932.00000     4.1910e-14     3.4221e-16 
  6934.00000     4.1484e-14     3.0788e-16 
  6936.00000     4.1430e-14     3.3665e-16 
  6938.00000     4.1949e-14     3.7943e-16 
  6940.00000     4.1550e-14     3.5791e-16 
  6942.00000     4.1907e-14     3.4761e-16 
  6944.00000     4.1260e-14     3.5440e-16 
  6946.00000     4.2764e-14     3.1030e-16 
  6948.00000     4.1650e-14     3.6282e-16 
  6950.00000     4.2427e-14     3.8484e-16 
  6952.00000     4.2423e-14     3.1055e-16 
  6954.00000     4.1590e-14     2.8971e-16 
  6956.00000     4.1818e-14     3.7385e-16 
  6958.00000     4.2092e-14     5.3795e-16 
  6960.00000     4.2420e-14     4.8454e-16 
  6962.00000     4.2916e-14     4.0964e-16 
  6964.00000     4.3081e-14     3.7859e-16 
  6966.00000     4.2592e-14     3.4763e-16 
  6968.00000     4.2183e-14     3.4620e-16 
  6970.00000     4.2118e-14     3.4853e-16 
  6972.00000     4.3487e-14     4.1964e-16 
  6974.00000     4.2227e-14     4.1938e-16 
  6976.00000     4.2233e-14     3.2541e-16 
  6978.00000     4.3157e-14     3.3563e-16 
  6980.00000     4.2249e-14     3.6550e-16 
  6982.00000     4.3028e-14     4.0253e-16 
  6984.00000     4.2379e-14     4.3117e-16 
  6986.00000     4.3122e-14     3.4618e-16 
  6988.00000     4.3161e-14     3.5555e-16 
  6990.00000     4.2449e-14     3.9629e-16 
  6992.00000     4.2960e-14     4.0917e-16 
  6994.00000     4.1208e-14     3.3385e-16 
  6996.00000     4.3318e-14     3.5718e-16 
  6998.00000     4.2560e-14     4.2209e-16 
  7000.00000     4.2388e-14     3.5341e-16 
  7002.00000     4.3663e-14     3.6085e-16 
  7004.00000     4.3090e-14     3.3531e-16 
  7006.00000     4.3283e-14     3.5970e-16 
  7008.00000     4.3107e-14     3.7042e-16 
  7010.00000     4.3072e-14     3.1677e-16 
  7012.00000     4.3174e-14     3.4843e-16 
  7014.00000     4.2838e-14     3.6977e-16 
  7016.00000     4.2671e-14     3.1980e-16 
  7018.00000     4.2824e-14     3.5881e-16 
  7020.00000     4.2495e-14     3.7167e-16 
  7022.00000     4.2860e-14     3.6010e-16 
  7024.00000     4.3122e-14     3.3916e-16 
  7026.00000     4.4014e-14     3.2402e-16 
  7028.00000     4.4254e-14     3.4506e-16 
  7030.00000     4.3582e-14     3.4357e-16 
  7032.00000     4.4918e-14     3.1630e-16 
  7034.00000     4.4660e-14     3.5878e-16 
  7036.00000     4.4538e-14     3.7522e-16 
  7038.00000     4.4082e-14     4.2655e-16 
  7040.00000     4.3870e-14     3.8206e-16 
  7042.00000     4.4344e-14     3.9061e-16 
  7044.00000     4.3579e-14     3.8154e-16 
  7046.00000     4.4641e-14     4.6934e-16 
  7048.00000     4.4368e-14     5.1246e-16 
  7050.00000     4.3006e-14     7.2484e-16 
  7052.00000     4.2915e-14     1.0071e-15 
  7054.00000     4.4746e-14     8.4661e-16 
  7056.00000     4.2095e-14     9.4434e-16 
  7058.00000     4.2589e-14     8.3058e-16 
  7060.00000     4.1427e-14     7.8158e-16 
  7062.00000     4.2424e-14     8.1162e-16 
  7064.00000     4.1671e-14     5.2905e-16 
  7066.00000     4.1022e-14     5.4626e-16 
  7068.00000     4.1063e-14     4.7907e-16 
  7070.00000     4.0587e-14     5.1333e-16 
  7072.00000     4.0755e-14     4.4156e-16 
  7074.00000     4.0929e-14     4.3322e-16 
  7076.00000     4.0867e-14     7.2189e-16 
  7078.00000     4.0525e-14     7.8710e-16 
  7080.00000     4.0002e-14     4.9416e-16 
  7082.00000     4.1022e-14     3.8779e-16 
  7084.00000     4.0167e-14     3.8592e-16 
  7086.00000     3.9518e-14     4.7799e-16 
  7088.00000     4.0298e-14     8.7483e-16 
  7090.00000     3.9242e-14     1.3376e-15 
  7092.00000     3.9467e-14     7.7204e-16 
  7094.00000     3.9474e-14     6.8157e-16 
  7096.00000     3.9362e-14     5.2543e-16 
  7098.00000     3.8642e-14     6.9776e-16 
  7100.00000     3.7979e-14     5.7003e-16 
  7102.00000     3.7895e-14     4.0731e-16 
  7104.00000     3.8314e-14     3.8177e-16 
  7106.00000     3.9383e-14     3.9754e-16 
  7108.00000     3.8598e-14     4.4518e-16 
  7110.00000     3.7804e-14     5.1846e-16 
  7112.00000     3.9452e-14     4.4713e-16 
  7114.00000     3.8892e-14     3.7475e-16 
  7116.00000     3.9198e-14     4.4178e-16 
  7118.00000     3.8483e-14     6.4887e-16 
  7120.00000     3.8020e-14     8.3392e-16 
  7122.00000     3.9180e-14     4.3690e-16 
  7124.00000     3.8734e-14     3.9572e-16 
  7126.00000     3.8465e-14     4.3957e-16 
  7128.00000     3.7978e-14     5.6233e-16 
  7130.00000     3.7141e-14     6.8322e-16 
  7132.00000     3.6974e-14     6.4315e-16 
  7134.00000     3.6931e-14     5.2551e-16 
  7136.00000     3.7432e-14     3.1283e-16 
  7138.00000     3.6751e-14     3.7333e-16 
  7140.00000     3.7029e-14     3.3751e-16 
  7142.00000     3.7611e-14     5.7616e-16 
  7144.00000     3.6751e-14     6.9159e-16 
  7146.00000     3.7365e-14     4.1725e-16 
  7148.00000     3.7641e-14     3.3655e-16 
  7150.00000     3.6986e-14     3.8965e-16 
  7152.00000     3.7522e-14     4.3547e-16 
  7154.00000     3.6547e-14     6.1455e-16 
  7156.00000     3.7476e-14     9.0408e-16 
  7158.00000     3.8145e-14     8.6735e-16 
  7160.00000     3.7812e-14     4.0673e-16 
  7162.00000     3.8004e-14     3.8586e-16 
  7164.00000     3.9343e-14     4.0536e-16 
  7166.00000     3.7169e-14     3.7800e-16 
  7168.00000     3.7385e-14     4.3615e-16 
  7170.00000     3.6969e-14     3.5998e-16 
  7172.00000     3.7945e-14     4.0359e-16 
  7174.00000     3.7724e-14     5.5838e-16 
  7176.00000     3.8339e-14     4.6107e-16 
  7178.00000     3.7499e-14     3.6385e-16 
  7180.00000     3.8474e-14     4.9156e-16 
  7182.00000     3.8425e-14     6.5969e-16 
  7184.00000     3.8111e-14     8.6748e-16 
  7186.00000     3.8519e-14     7.1375e-16 
  7188.00000     3.8319e-14     4.4047e-16 
  7190.00000     3.7495e-14     3.2761e-16 
  7192.00000     3.8485e-14     3.1327e-16 
  7194.00000     3.7935e-14     4.4549e-16 
  7196.00000     3.7237e-14     3.9468e-16 
  7198.00000     3.7989e-14     3.0821e-16 
  7200.00000     3.8154e-14     3.4564e-16 
  7202.00000     3.8044e-14     3.7738e-16 
  7204.00000     3.8013e-14     4.6117e-16 
  7206.00000     3.8721e-14     6.6783e-16 
  7208.00000     3.8172e-14     4.4280e-16 
  7210.00000     3.8654e-14     4.3393e-16 
  7212.00000     3.8273e-14     4.6020e-16 
  7214.00000     3.9551e-14     5.7120e-16 
  7216.00000     3.9429e-14     6.1975e-16 
  7218.00000     3.9275e-14     5.7215e-16 
  7220.00000     3.9878e-14     4.9641e-16 
  7222.00000     3.9896e-14     4.3563e-16 
  7224.00000     3.8961e-14     5.1516e-16 
  7226.00000     4.0849e-14     4.0259e-16 
  7228.00000     4.0291e-14     4.7460e-16 
  7230.00000     4.0062e-14     3.8168e-16 
  7232.00000     4.0197e-14     4.0536e-16 
  7234.00000     4.0750e-14     3.4919e-16 
  7236.00000     4.0966e-14     4.2529e-16 
  7238.00000     4.0493e-14     4.8984e-16 
  7240.00000     4.0550e-14     3.7028e-16 
  7242.00000     4.1448e-14     4.9016e-16 
  7244.00000     4.1508e-14     5.5020e-16 
  7246.00000     4.2584e-14     5.7638e-16 
  7248.00000     4.0573e-14     4.3601e-16 
  7250.00000     4.0134e-14     5.1686e-16 
  7252.00000     4.0677e-14     4.5902e-16 
  7254.00000     4.1702e-14     4.1858e-16 
  7256.00000     4.0886e-14     5.9894e-16 
  7258.00000     4.2422e-14     4.0991e-16 
  7260.00000     4.1843e-14     3.5243e-16 
  7262.00000     4.2570e-14     3.9098e-16 
  7264.00000     4.2802e-14     4.2712e-16 
  7266.00000     4.2333e-14     3.8187e-16 
  7268.00000     4.2342e-14     4.7386e-16 
  7270.00000     4.2145e-14     5.2118e-16 
  7272.00000     4.3099e-14     4.3545e-16 
  7274.00000     4.2203e-14     4.4453e-16 
  7276.00000     4.2200e-14     5.0199e-16 
  7278.00000     4.1450e-14     4.4239e-16 
  7280.00000     4.2906e-14     3.7030e-16 
  7282.00000     4.2508e-14     4.3481e-16 
  7284.00000     4.2162e-14     4.6746e-16 
  7286.00000     4.2747e-14     4.8962e-16 
  7288.00000     4.1585e-14     5.3460e-16 
  7290.00000     4.2615e-14     5.5009e-16 
  7292.00000     4.3254e-14     6.1884e-16 
  7294.00000     4.2358e-14     6.5345e-16 
  7296.00000     4.2758e-14     6.2344e-16 
  7298.00000     4.2396e-14     5.8885e-16 
  7300.00000     4.1920e-14     5.5430e-16 
  7302.00000     4.3368e-14     5.0851e-16 
  7304.00000     4.3535e-14     4.4845e-16 
  7306.00000     4.3628e-14     4.4426e-16 
  7308.00000     4.3541e-14     4.4273e-16 
  7310.00000     4.3124e-14     4.7090e-16 
  7312.00000     4.3885e-14     3.8928e-16 
  7314.00000     4.2903e-14     3.9010e-16 
  7316.00000     4.3990e-14     4.4019e-16 
  7318.00000     4.4786e-14     4.7945e-16 
  7320.00000     4.3503e-14     4.2883e-16 
  7322.00000     4.4014e-14     4.1938e-16 
  7324.00000     4.4485e-14     4.5441e-16 
  7326.00000     4.4054e-14     4.2773e-16 
  7328.00000     4.3945e-14     4.4062e-16 
  7330.00000     4.4069e-14     4.7088e-16 
  7332.00000     4.4358e-14     4.3442e-16 
  7334.00000     4.4079e-14     4.8889e-16 
  7336.00000     4.4723e-14     5.4505e-16 
  7338.00000     4.5324e-14     6.8623e-16 
  7340.00000     4.3919e-14     7.1475e-16 
  7342.00000     4.4442e-14     4.7483e-16 
  7344.00000     4.4768e-14     5.0156e-16 
  7346.00000     4.4756e-14     5.1332e-16 
  7348.00000     4.3727e-14     4.4126e-16 
  7350.00000     4.5140e-14     4.1945e-16 
  7352.00000     4.5461e-14     4.2996e-16 
  7354.00000     4.4615e-14     4.4607e-16 
  7356.00000     4.5236e-14     4.1621e-16 
  7358.00000     4.4490e-14     3.6229e-16 
  7360.00000     4.4539e-14     3.7764e-16 
  7362.00000     4.4353e-14     4.7290e-16 
  7364.00000     4.5221e-14     4.5633e-16 
  7366.00000     4.3888e-14     4.0274e-16 
  7368.00000     4.4547e-14     4.2715e-16 
  7370.00000     4.5419e-14     4.6456e-16 
  7372.00000     4.5389e-14     4.4629e-16 
  7374.00000     4.5709e-14     4.6211e-16 
  7376.00000     4.5141e-14     4.7465e-16 
  7378.00000     4.6090e-14     4.5667e-16 
  7380.00000     4.5170e-14     4.9308e-16 
  7382.00000     4.5174e-14     4.9829e-16 
  7384.00000     4.5788e-14     4.8222e-16 
  7386.00000     4.4752e-14     5.7794e-16 
  7388.00000     4.5379e-14     5.7242e-16 
  7390.00000     4.6028e-14     5.5327e-16 
  7392.00000     4.5201e-14     4.3853e-16 
  7394.00000     4.6609e-14     4.0982e-16 
  7396.00000     4.6021e-14     3.9737e-16 
  7398.00000     4.5351e-14     4.2108e-16 
  7400.00000     4.6260e-14     4.4741e-16 
  7402.00000     4.5615e-14     5.5426e-16 
  7404.00000     4.5441e-14     4.8542e-16 
  7406.00000     4.4239e-14     4.6161e-16 
  7408.00000     4.5693e-14     6.9441e-16 
  7410.00000     4.4314e-14     8.3054e-16 
  7412.00000     4.4891e-14     1.0221e-15 
  7414.00000     4.5502e-14     1.3538e-15 
  7416.00000     4.5063e-14     1.0541e-15 
  7418.00000     4.5060e-14     9.6984e-16 
  7420.00000     4.5608e-14     1.0489e-15 
  7422.00000     4.6598e-14     9.1605e-16 
  7424.00000     4.5914e-14     8.8006e-16 
  7426.00000     4.5016e-14     8.8721e-16 
  7428.00000     4.4858e-14     6.2177e-16 
  7430.00000     4.6037e-14     5.0164e-16 
  7432.00000     4.6043e-14     4.8752e-16 
  7434.00000     4.4803e-14     5.4730e-16 
  7436.00000     4.5799e-14     6.0949e-16 
  7438.00000     4.6927e-14     6.6642e-16 
  7440.00000     4.5426e-14     7.7587e-16 
  7442.00000     4.5854e-14     7.8577e-16 
  7444.00000     4.7089e-14     8.4633e-16 
  7446.00000     4.6446e-14     9.5564e-16 
  7448.00000     4.6006e-14     7.8865e-16 
  7450.00000     4.6317e-14     6.8323e-16 
  7452.00000     4.6584e-14     5.3737e-16 
  7454.00000     4.6160e-14     4.7575e-16 
  7456.00000     4.5017e-14     4.9157e-16 
  7458.00000     4.6434e-14     4.6232e-16 
  7460.00000     4.6977e-14     4.7788e-16 
  7462.00000     4.6210e-14     6.2266e-16 
  7464.00000     4.5811e-14     5.6164e-16 
  7466.00000     4.6929e-14     4.8713e-16 
  7468.00000     4.6385e-14     6.0252e-16 
  7470.00000     4.6334e-14     4.7062e-16 
  7472.00000     4.6606e-14     3.9103e-16 
  7474.00000     4.6393e-14     5.3131e-16 
  7476.00000     4.6687e-14     4.7743e-16 
  7478.00000     4.5621e-14     4.4468e-16 
  7480.00000     4.6955e-14     4.6554e-16 
  7482.00000     4.6044e-14     4.2922e-16 
  7484.00000     4.6477e-14     4.2734e-16 
  7486.00000     4.6332e-14     4.5173e-16 
  7488.00000     4.6033e-14     5.2066e-16 
  7490.00000     4.6887e-14     4.1410e-16 
  7492.00000     4.6976e-14     4.2107e-16 
  7494.00000     4.6996e-14     5.1740e-16 
  7496.00000     4.6684e-14     4.4846e-16 
  7498.00000     4.6432e-14     4.3643e-16 
  7500.00000     4.6318e-14     4.5510e-16 
