  3600.00000     3.0337e-14    -3.7205e-17 
  3602.00000     3.0086e-14     3.6871e-16 
  3604.00000     3.0737e-14     7.1697e-15 
  3606.00000     3.0686e-14     4.8173e-15 
  3608.00000     3.0851e-14     1.3513e-15 
  3610.00000     3.0459e-14    -1.8379e-15 
  3612.00000     3.0920e-14     5.0657e-15 
  3614.00000     3.0817e-14     1.0542e-15 
  3616.00000     3.0417e-14     4.3801e-15 
  3618.00000     3.1537e-14     3.9990e-15 
  3620.00000     3.1167e-14    -2.0178e-14 
  3622.00000     3.1687e-14    -1.8905e-16 
  3624.00000     3.2261e-14     1.1388e-15 
  3626.00000     3.2260e-14    -1.1714e-15 
  3628.00000     3.1617e-14    -6.3038e-16 
  3630.00000     3.1928e-14     1.3180e-15 
  3632.00000     3.1916e-14     1.4936e-15 
  3634.00000     3.1332e-14     2.4822e-15 
  3636.00000     3.1540e-14     1.5543e-15 
  3638.00000     3.1879e-14     1.7740e-15 
  3640.00000     3.2060e-14     2.9280e-15 
  3642.00000     3.1639e-14     4.1504e-15 
  3644.00000     3.1237e-14     1.2953e-15 
  3646.00000     3.1089e-14     1.0323e-15 
  3648.00000     3.1568e-14     1.3174e-15 
  3650.00000     3.1635e-14     2.4001e-15 
  3652.00000     3.1336e-14    -7.5340e-17 
  3654.00000     3.1774e-14     3.6671e-14 
  3656.00000     3.1893e-14     6.7685e-16 
  3658.00000     3.1576e-14     1.4524e-15 
  3660.00000     3.1470e-14     9.6653e-16 
  3662.00000     3.1268e-14    -3.8934e-15 
  3664.00000     3.1030e-14     6.1919e-16 
  3666.00000     3.0941e-14     1.3740e-15 
  3668.00000     3.1062e-14     8.1880e-16 
  3670.00000     3.1293e-14     8.2490e-16 
  3672.00000     3.0971e-14     1.3945e-15 
  3674.00000     3.0524e-14     1.4677e-15 
  3676.00000     3.0452e-14     1.9948e-15 
  3678.00000     3.0527e-14     1.8471e-15 
  3680.00000     3.0752e-14     1.2097e-15 
  3682.00000     3.0681e-14     1.4724e-15 
  3684.00000     3.0008e-14     1.1941e-15 
  3686.00000     2.9754e-14     2.5861e-15 
  3688.00000     3.0205e-14     1.1917e-15 
  3690.00000     3.0217e-14     1.5662e-15 
  3692.00000     3.0106e-14     1.8697e-15 
  3694.00000     3.0467e-14     3.0369e-15 
  3696.00000     3.0789e-14     1.5213e-15 
  3698.00000     3.0350e-14     1.2038e-15 
  3700.00000     2.9093e-14     1.0032e-15 
  3702.00000     2.8458e-14     1.9587e-15 
  3704.00000     2.8930e-14     1.0509e-15 
  3706.00000     2.9494e-14     1.0041e-15 
  3708.00000     2.8928e-14     1.6986e-16 
  3710.00000     2.8899e-14     8.4035e-16 
  3712.00000     2.9405e-14     2.2348e-15 
  3714.00000     3.1174e-14     2.3155e-15 
  3716.00000     3.0652e-14     2.9257e-15 
  3718.00000     2.8403e-14     8.7947e-16 
  3720.00000     2.8069e-14     7.1982e-16 
  3722.00000     3.0150e-14     6.9085e-16 
  3724.00000     3.2726e-14     1.5247e-15 
  3726.00000     3.3656e-14     1.5318e-15 
  3728.00000     3.2617e-14     2.8718e-15 
  3730.00000     2.9076e-14     3.1599e-15 
  3732.00000     2.7001e-14     1.9935e-15 
  3734.00000     2.8027e-14     1.5047e-15 
  3736.00000     3.2626e-14     1.1510e-15 
  3738.00000     3.6522e-14     1.8189e-15 
  3740.00000     3.8195e-14     2.4132e-15 
  3742.00000     3.6704e-14     1.2101e-15 
  3744.00000     3.3114e-14     1.1417e-15 
  3746.00000     2.8010e-14     1.4131e-15 
  3748.00000     2.6891e-14     7.7804e-16 
  3750.00000     2.9016e-14     8.5116e-16 
  3752.00000     3.3569e-14     2.1053e-15 
  3754.00000     3.8080e-14     1.4089e-15 
  3756.00000     3.9807e-14     1.7642e-15 
  3758.00000     4.0464e-14     9.3980e-16 
  3760.00000     4.0198e-14     8.6417e-16 
  3762.00000     3.7663e-14     1.0178e-15 
  3764.00000     3.3506e-14     1.0064e-15 
  3766.00000     2.9039e-14     9.0887e-16 
  3768.00000     2.6495e-14     6.5512e-16 
  3770.00000     2.8039e-14     6.5503e-16 
  3772.00000     3.2020e-14     8.0433e-16 
  3774.00000     3.7384e-14     1.0918e-15 
  3776.00000     4.1477e-14     3.0000e-15 
  3778.00000     4.5093e-14     3.7234e-15 
  3780.00000     4.6389e-14     2.2226e-14 
  3782.00000     4.6541e-14     3.8619e-15 
  3784.00000     4.6303e-14     1.6346e-15 
  3786.00000     4.4653e-14     1.0887e-15 
  3788.00000     4.1501e-14     6.7929e-15 
  3790.00000     3.8141e-14     2.0537e-15 
  3792.00000     3.2192e-14     1.3768e-15 
  3794.00000     2.6999e-14     1.4972e-15 
  3796.00000     2.5475e-14     8.6314e-16 
  3798.00000     2.8583e-14     1.9845e-15 
  3800.00000     3.3927e-14    -1.6844e-14 
  3802.00000     3.9796e-14    -7.6575e-16 
  3804.00000     4.3280e-14     2.0133e-15 
  3806.00000     4.6233e-14     5.6756e-16 
  3808.00000     4.7730e-14     2.0164e-15 
  3810.00000     4.9058e-14     1.3941e-15 
  3812.00000     4.8781e-14     1.6337e-15 
  3814.00000     4.8914e-14     1.0791e-15 
  3816.00000     4.7557e-14     1.3416e-15 
  3818.00000     4.6385e-14     1.5645e-15 
  3820.00000     4.5946e-14     2.6215e-15 
  3822.00000     4.5182e-14     1.5441e-15 
  3824.00000     4.2782e-14     1.3090e-15 
  3826.00000     4.0177e-14     8.7655e-16 
  3828.00000     3.5048e-14     1.5311e-15 
  3830.00000     2.9534e-14     1.0377e-15 
  3832.00000     2.5553e-14     5.5860e-16 
  3834.00000     2.5526e-14     1.1524e-15 
  3836.00000     2.9320e-14     8.9867e-16 
  3838.00000     3.4294e-14     6.8327e-16 
  3840.00000     3.9579e-14     8.8102e-16 
  3842.00000     4.4142e-14     1.0353e-15 
  3844.00000     4.6328e-14     2.3962e-15 
  3846.00000     4.8257e-14     1.7261e-15 
  3848.00000     4.9991e-14     1.2276e-15 
  3850.00000     5.0950e-14     1.0520e-15 
  3852.00000     5.0777e-14     1.6809e-15 
  3854.00000     5.0935e-14     2.1428e-15 
  3856.00000     5.1669e-14     1.1470e-15 
  3858.00000     5.1778e-14     1.7384e-15 
  3860.00000     5.1350e-14     1.1825e-15 
  3862.00000     5.0657e-14     1.3138e-15 
  3864.00000     5.0485e-14     2.4454e-15 
  3866.00000     5.0880e-14     2.0244e-15 
  3868.00000     5.0273e-14     1.3582e-15 
  3870.00000     4.9419e-14     1.0294e-15 
  3872.00000     4.8663e-14     1.1304e-15 
  3874.00000     4.7926e-14     1.3934e-15 
  3876.00000     4.5892e-14     1.0192e-15 
  3878.00000     4.2917e-14     1.3450e-15 
  3880.00000     3.9450e-14     1.9954e-15 
  3882.00000     3.4759e-14     1.3995e-15 
  3884.00000     2.9238e-14     5.5731e-16 
  3886.00000     2.5976e-14     5.6539e-16 
  3888.00000     2.6121e-14     6.5929e-16 
  3890.00000     3.0737e-14     9.1070e-16 
  3892.00000     3.6134e-14     1.5536e-15 
  3894.00000     4.0886e-14     2.7670e-15 
  3896.00000     4.4690e-14     8.7766e-16 
  3898.00000     4.7834e-14     7.6746e-16 
  3900.00000     4.8872e-14     1.0590e-15 
  3902.00000     4.9765e-14     1.1860e-15 
  3904.00000     5.1449e-14     1.9361e-15 
  3906.00000     5.1835e-14     4.4260e-15 
  3908.00000     5.2932e-14     6.4539e-15 
  3910.00000     5.3002e-14     2.4670e-15 
  3912.00000     5.3730e-14     1.4211e-15 
  3914.00000     5.3127e-14     1.0824e-15 
  3916.00000     5.3168e-14     9.8552e-16 
  3918.00000     5.3041e-14     7.8045e-16 
  3920.00000     5.3297e-14     9.0373e-16 
  3922.00000     5.3562e-14     1.1481e-15 
  3924.00000     5.2931e-14     1.0286e-15 
  3926.00000     5.2070e-14     7.8942e-16 
  3928.00000     5.1981e-14     8.8135e-16 
  3930.00000     4.9833e-14     7.6767e-16 
  3932.00000     4.9698e-14     8.1981e-16 
  3934.00000     5.1452e-14     1.1428e-15 
  3936.00000     5.2640e-14     6.5188e-16 
  3938.00000     5.3269e-14     1.0029e-15 
  3940.00000     5.3466e-14     6.7316e-16 
  3942.00000     5.2360e-14     6.4110e-16 
  3944.00000     5.2042e-14     6.9409e-16 
  3946.00000     5.1687e-14     1.0353e-15 
  3948.00000     5.1273e-14     7.3700e-16 
  3950.00000     5.0411e-14     6.8698e-16 
  3952.00000     5.0361e-14     6.0025e-16 
  3954.00000     4.8651e-14     7.1146e-16 
  3956.00000     4.6838e-14     6.5454e-16 
  3958.00000     4.4567e-14     5.4558e-16 
  3960.00000     4.0917e-14     4.2557e-16 
  3962.00000     3.5961e-14     4.8780e-16 
  3964.00000     3.0482e-14     5.5322e-16 
  3966.00000     2.5644e-14     3.3516e-16 
  3968.00000     2.5358e-14     4.9618e-16 
  3970.00000     2.8208e-14     3.7764e-16 
  3972.00000     3.3747e-14     4.5328e-16 
  3974.00000     3.8770e-14     4.1803e-16 
  3976.00000     4.2643e-14     5.7725e-16 
  3978.00000     4.5675e-14     1.0507e-15 
  3980.00000     4.7934e-14     7.3879e-16 
  3982.00000     4.8899e-14     6.7780e-16 
  3984.00000     5.0377e-14     8.3448e-16 
  3986.00000     5.1502e-14     5.4946e-16 
  3988.00000     5.2480e-14     4.6748e-16 
  3990.00000     5.2773e-14     3.7617e-16 
  3992.00000     5.2908e-14     3.3338e-16 
  3994.00000     5.2988e-14     3.8822e-16 
  3996.00000     5.3308e-14     4.6444e-16 
  3998.00000     5.2913e-14     4.7822e-16 
  4000.00000     5.3310e-14     4.0985e-16 
  4002.00000     5.2532e-14     8.4274e-16 
  4004.00000     5.2605e-14    -4.3765e-15 
  4006.00000     5.2569e-14     2.1333e-15 
  4008.00000     5.3189e-14     5.8396e-16 
  4010.00000     5.3372e-14     3.9121e-16 
  4012.00000     5.3474e-14     2.3795e-16 
  4014.00000     5.4344e-14     2.1500e-16 
  4016.00000     5.4260e-14     6.9852e-16 
  4018.00000     5.4266e-14     7.2846e-16 
  4020.00000     5.3441e-14     3.9027e-16 
  4022.00000     5.2303e-14     2.4802e-16 
  4024.00000     5.2200e-14     2.1949e-16 
  4026.00000     5.2648e-14     2.2711e-16 
  4028.00000     5.3074e-14     2.5605e-16 
  4030.00000     5.3659e-14     2.8735e-16 
  4032.00000     5.4339e-14     3.0798e-16 
  4034.00000     5.4967e-14     2.9677e-16 
  4036.00000     5.4949e-14     3.1832e-16 
  4038.00000     5.4779e-14     3.9946e-16 
  4040.00000     5.4767e-14     4.4842e-16 
  4042.00000     5.3582e-14     3.7732e-16 
  4044.00000     5.3937e-14     4.4500e-16 
  4046.00000     5.4686e-14     4.7318e-16 
  4048.00000     5.4441e-14     4.7121e-16 
  4050.00000     5.3874e-14     4.7627e-16 
  4052.00000     5.3503e-14     4.6209e-16 
  4054.00000     5.4244e-14     4.5133e-16 
  4056.00000     5.4038e-14     5.2090e-16 
  4058.00000     5.3622e-14     6.1343e-16 
  4060.00000     5.3543e-14     8.4199e-16 
  4062.00000     5.2536e-14     8.2803e-16 
  4064.00000     5.2176e-14     5.2355e-16 
  4066.00000     5.1873e-14     4.8904e-16 
  4068.00000     5.1222e-14     4.7850e-16 
  4070.00000     5.0568e-14     5.3513e-16 
  4072.00000     5.0876e-14     5.1650e-16 
  4074.00000     5.0063e-14     4.8735e-16 
  4076.00000     4.9920e-14     5.4426e-16 
  4078.00000     4.9704e-14     5.7866e-16 
  4080.00000     4.9462e-14     5.4708e-16 
  4082.00000     4.8753e-14     6.9740e-16 
  4084.00000     4.8715e-14     2.7344e-15 
  4086.00000     4.6788e-14     2.7744e-15 
  4088.00000     4.5372e-14     1.0017e-15 
  4090.00000     4.2929e-14     5.7505e-16 
  4092.00000     4.0021e-14     4.5832e-16 
  4094.00000     3.4813e-14     4.0902e-16 
  4096.00000     3.0538e-14     1.3249e-15 
  4098.00000     2.6586e-14     2.2155e-15 
  4100.00000     2.5505e-14     1.3945e-15 
  4102.00000     2.8887e-14     2.3588e-16 
  4104.00000     3.4834e-14     3.2602e-16 
  4106.00000     3.8978e-14     3.8152e-16 
  4108.00000     4.1814e-14     4.4184e-16 
  4110.00000     4.4469e-14     6.3798e-16 
  4112.00000     4.6277e-14     6.6770e-16 
  4114.00000     4.7579e-14     4.8476e-16 
  4116.00000     4.7675e-14     4.2232e-16 
  4118.00000     4.8618e-14     4.6750e-16 
  4120.00000     4.9025e-14     4.6858e-16 
  4122.00000     4.9559e-14     5.2423e-16 
  4124.00000     4.9283e-14     5.0938e-16 
  4126.00000     4.8855e-14     5.2584e-16 
  4128.00000     4.9321e-14     5.2215e-16 
  4130.00000     4.9773e-14     6.1135e-16 
  4132.00000     5.1390e-14     6.8629e-16 
  4134.00000     5.1123e-14     7.0165e-16 
  4136.00000     5.1965e-14     6.6061e-16 
  4138.00000     5.1271e-14     5.6418e-16 
  4140.00000     5.1122e-14     7.2756e-16 
  4142.00000     5.0635e-14     6.4188e-16 
  4144.00000     5.1040e-14     7.2577e-16 
  4146.00000     5.1339e-14     6.9527e-16 
  4148.00000     5.1637e-14     7.2754e-16 
  4150.00000     5.1405e-14     5.1825e-16 
  4152.00000     5.1369e-14     6.3697e-16 
  4154.00000     5.1704e-14     6.6018e-16 
  4156.00000     5.2369e-14     8.1175e-16 
  4158.00000     5.1914e-14     7.9630e-16 
  4160.00000     5.1960e-14     8.0049e-16 
  4162.00000     5.2406e-14     8.6257e-16 
  4164.00000     5.1873e-14     1.0073e-15 
  4166.00000     5.1882e-14     6.2954e-16 
  4168.00000     5.1408e-14     7.9579e-16 
  4170.00000     5.0603e-14     9.2087e-16 
  4172.00000     5.0459e-14     1.0280e-15 
  4174.00000     5.0604e-14     9.9286e-16 
  4176.00000     5.1132e-14     8.7786e-16 
  4178.00000     5.1263e-14     9.3416e-16 
  4180.00000     5.1467e-14     8.4694e-16 
  4182.00000     5.1832e-14     1.1554e-15 
  4184.00000     5.1624e-14     8.1533e-16 
  4186.00000     5.1608e-14     6.9174e-16 
  4188.00000     5.1591e-14     7.8353e-16 
  4190.00000     5.1787e-14     7.5618e-16 
  4192.00000     5.1118e-14     8.6885e-16 
  4194.00000     5.0649e-14     8.1620e-16 
  4196.00000     5.0405e-14     6.2574e-16 
  4198.00000     4.9596e-14     7.7569e-16 
  4200.00000     4.9825e-14     9.3455e-16 
  4202.00000     5.0623e-14     8.4934e-16 
  4204.00000     5.0647e-14     7.3540e-16 
  4206.00000     5.0574e-14     7.1692e-16 
  4208.00000     5.1290e-14     8.9499e-16 
  4210.00000     5.0646e-14     9.8437e-16 
  4212.00000     5.1127e-14     9.2568e-16 
  4214.00000     5.0711e-14     8.9307e-16 
  4216.00000     5.0235e-14     9.1324e-16 
  4218.00000     5.0806e-14     8.2591e-16 
  4220.00000     5.0503e-14     6.7190e-16 
  4222.00000     5.0383e-14     9.7897e-16 
  4224.00000     5.0179e-14     1.3021e-15 
  4226.00000     5.0589e-14     8.5128e-16 
  4228.00000     5.0234e-14     7.7619e-16 
  4230.00000     5.0114e-14     7.1662e-16 
  4232.00000     5.0431e-14     8.3712e-16 
  4234.00000     4.9768e-14     8.2617e-16 
  4236.00000     5.0398e-14     6.9702e-16 
  4238.00000     5.0656e-14     9.4373e-16 
  4240.00000     5.0396e-14     8.9181e-16 
  4242.00000     5.1043e-14     7.8361e-16 
  4244.00000     5.0573e-14     9.8087e-16 
  4246.00000     5.0417e-14     9.2883e-16 
  4248.00000     5.0300e-14     8.8777e-16 
  4250.00000     5.0446e-14     7.4253e-16 
  4252.00000     5.0052e-14     1.0663e-15 
  4254.00000     5.0132e-14     1.1697e-15 
  4256.00000     4.9952e-14     8.9843e-16 
  4258.00000     4.9763e-14     6.9354e-16 
  4260.00000     4.9789e-14     1.0055e-15 
  4262.00000     5.0180e-14     1.1652e-15 
  4264.00000     4.9706e-14     1.0518e-15 
  4266.00000     4.9645e-14     1.0760e-15 
  4268.00000     4.8774e-14     8.2810e-16 
  4270.00000     4.9422e-14     8.4314e-16 
  4272.00000     4.8828e-14     1.0145e-15 
  4274.00000     4.9857e-14     8.5398e-16 
  4276.00000     4.9950e-14     8.5707e-16 
  4278.00000     4.9316e-14     8.3506e-16 
  4280.00000     4.9764e-14     7.1977e-16 
  4282.00000     4.9509e-14     6.0848e-16 
  4284.00000     4.9469e-14     1.1338e-15 
  4286.00000     4.8984e-14     8.6732e-16 
  4288.00000     4.8480e-14     8.9092e-16 
  4290.00000     4.8280e-14     8.0644e-16 
  4292.00000     4.8279e-14     7.9315e-16 
  4294.00000     4.8027e-14     7.7038e-16 
  4296.00000     4.7813e-14     6.8147e-16 
  4298.00000     4.6845e-14     6.9919e-16 
  4300.00000     4.7018e-14     9.8143e-16 
  4302.00000     4.7591e-14     8.1014e-16 
  4304.00000     4.7303e-14     7.4603e-16 
  4306.00000     4.6734e-14     7.3306e-16 
  4308.00000     4.7352e-14     7.2267e-16 
  4310.00000     4.7172e-14     6.8451e-16 
  4312.00000     4.7351e-14     7.0289e-16 
  4314.00000     4.7712e-14     6.0090e-16 
  4316.00000     4.7408e-14     8.0506e-16 
  4318.00000     4.6694e-14     7.4288e-16 
  4320.00000     4.6314e-14     6.2502e-16 
  4322.00000     4.4590e-14     7.0062e-16 
  4324.00000     4.3881e-14     7.5087e-16 
  4326.00000     4.3207e-14     7.3483e-16 
  4328.00000     4.1126e-14     5.6204e-16 
  4330.00000     3.8645e-14     5.0910e-16 
  4332.00000     3.5050e-14     5.4450e-16 
  4334.00000     3.0569e-14     5.0350e-16 
  4336.00000     2.6797e-14     3.5504e-16 
  4338.00000     2.5214e-14     4.1539e-16 
  4340.00000     2.7288e-14     4.1765e-16 
  4342.00000     3.1554e-14     3.9170e-16 
  4344.00000     3.5756e-14     5.8403e-16 
  4346.00000     3.8721e-14     8.7976e-16 
  4348.00000     4.1279e-14     7.5806e-16 
  4350.00000     4.2722e-14     9.2032e-16 
  4352.00000     4.4194e-14     6.3241e-16 
  4354.00000     4.5180e-14     7.8184e-16 
  4356.00000     4.6209e-14     7.3015e-16 
  4358.00000     4.5934e-14     6.4953e-16 
  4360.00000     4.6562e-14     7.3844e-16 
  4362.00000     4.6542e-14     7.2102e-16 
  4364.00000     4.6987e-14     6.7116e-16 
  4366.00000     4.7031e-14     8.0200e-16 
  4368.00000     4.6525e-14     7.2814e-16 
  4370.00000     4.6212e-14     7.3806e-16 
  4372.00000     4.6299e-14     8.4419e-16 
  4374.00000     4.6440e-14     6.5551e-16 
  4376.00000     4.6577e-14     7.0770e-16 
  4378.00000     4.6457e-14     7.1911e-16 
  4380.00000     4.5465e-14     7.6990e-16 
  4382.00000     4.4953e-14     9.1142e-16 
  4384.00000     4.5127e-14     8.1531e-16 
  4386.00000     4.5016e-14     7.8707e-16 
  4388.00000     4.5404e-14     7.3823e-16 
  4390.00000     4.5842e-14     5.8034e-16 
  4392.00000     4.6155e-14     8.6018e-16 
  4394.00000     4.5863e-14     7.1535e-16 
  4396.00000     4.6577e-14     1.0379e-15 
  4398.00000     4.6142e-14     7.7899e-16 
  4400.00000     4.5975e-14     6.6539e-16 
  4402.00000     4.6152e-14     9.0827e-16 
  4404.00000     4.6483e-14     7.2563e-16 
  4406.00000     4.6366e-14     7.7916e-16 
  4408.00000     4.6456e-14     1.2330e-15 
  4410.00000     4.6319e-14     9.7434e-16 
  4412.00000     4.5581e-14     7.4011e-16 
  4414.00000     4.6004e-14     7.7515e-16 
  4416.00000     4.6810e-14     9.0627e-16 
  4418.00000     4.6271e-14     5.5383e-16 
  4420.00000     4.6156e-14     7.1576e-16 
  4422.00000     4.7051e-14     8.8908e-16 
  4424.00000     4.6884e-14     8.8467e-16 
  4426.00000     4.6583e-14     7.7869e-16 
  4428.00000     4.6121e-14     6.8548e-16 
  4430.00000     4.6854e-14     8.2894e-16 
  4432.00000     4.6356e-14     6.0529e-16 
  4434.00000     4.6531e-14     7.0446e-16 
  4436.00000     4.6143e-14     6.6067e-16 
  4438.00000     4.6643e-14     1.2335e-15 
  4440.00000     4.6432e-14     1.2344e-15 
  4442.00000     4.6699e-14     5.7516e-16 
  4444.00000     4.6590e-14     6.5915e-16 
  4446.00000     4.6216e-14     7.8903e-16 
  4448.00000     4.6995e-14     9.2910e-16 
  4450.00000     4.6866e-14     7.8458e-16 
  4452.00000     4.6815e-14     7.2308e-16 
  4454.00000     4.6421e-14     8.8030e-16 
  4456.00000     4.6612e-14     7.8173e-16 
  4458.00000     4.6172e-14     6.6940e-16 
  4460.00000     4.6527e-14     6.2852e-16 
  4462.00000     4.5780e-14     7.6529e-16 
  4464.00000     4.5639e-14     6.4486e-16 
  4466.00000     4.5132e-14     2.1173e-15 
  4468.00000     4.3947e-14     8.1682e-16 
  4470.00000     4.5794e-14     8.5413e-16 
  4472.00000     4.5708e-14     7.5699e-16 
  4474.00000     4.6545e-14     8.3817e-16 
  4476.00000     4.5455e-14     7.0498e-16 
  4478.00000     4.4688e-14     6.6302e-16 
  4480.00000     4.4998e-14     9.3086e-16 
  4482.00000     4.6247e-14     7.8698e-16 
  4484.00000     4.6381e-14     7.9135e-16 
  4486.00000     4.6534e-14     9.5296e-16 
  4488.00000     4.5313e-14     8.1494e-16 
  4490.00000     4.6555e-14     8.8761e-16 
  4492.00000     4.6500e-14     6.7439e-16 
  4494.00000     4.6191e-14     9.7229e-16 
  4496.00000     4.6112e-14     8.7473e-16 
  4498.00000     4.6336e-14     7.3399e-16 
  4500.00000     4.6122e-14     1.0769e-15 
  4502.00000     4.6356e-14     8.2736e-16 
  4504.00000     4.5544e-14     8.6906e-16 
  4506.00000     4.5896e-14     7.4555e-16 
  4508.00000     4.6095e-14     5.8269e-16 
  4510.00000     4.5118e-14     6.1155e-16 
  4512.00000     4.5475e-14     7.6554e-16 
  4514.00000     4.6111e-14     8.1549e-16 
  4516.00000     4.5130e-14     8.1550e-16 
  4518.00000     4.4996e-14     7.8448e-16 
  4520.00000     4.5828e-14     7.0442e-16 
  4522.00000     4.4906e-14     1.1794e-15 
  4524.00000     4.4761e-14     8.1080e-16 
  4526.00000     4.4726e-14     8.4849e-16 
  4528.00000     4.4421e-14     9.7911e-16 
  4530.00000     4.4594e-14     1.1028e-15 
  4532.00000     4.3923e-14     1.4765e-15 
  4534.00000     4.4717e-14     1.1493e-15 
  4536.00000     4.4897e-14     1.3687e-15 
  4538.00000     4.5071e-14     1.6150e-15 
  4540.00000     4.5275e-14     1.1367e-15 
  4542.00000     4.5043e-14     8.1364e-16 
  4544.00000     4.4561e-14     8.2115e-16 
  4546.00000     4.4211e-14     7.2635e-16 
  4548.00000     4.4203e-14     6.5352e-16 
  4550.00000     4.4152e-14     6.0737e-16 
  4552.00000     4.3768e-14     6.0482e-16 
  4554.00000     4.4543e-14     6.0212e-16 
  4556.00000     4.4819e-14     6.1151e-16 
  4558.00000     4.4973e-14     7.5719e-16 
  4560.00000     4.4904e-14     6.5763e-16 
  4562.00000     4.4809e-14     5.6795e-16 
  4564.00000     4.4537e-14     6.5320e-16 
  4566.00000     4.5181e-14     7.3145e-16 
  4568.00000     4.4705e-14     6.7550e-16 
  4570.00000     4.4915e-14     5.6159e-16 
  4572.00000     4.4997e-14     6.1075e-16 
  4574.00000     4.4071e-14     6.6218e-16 
  4576.00000     4.4718e-14     6.3073e-16 
  4578.00000     4.4149e-14     8.5846e-16 
  4580.00000     4.4113e-14     8.8887e-16 
  4582.00000     4.3517e-14     6.4849e-16 
  4584.00000     4.3581e-14     6.0288e-16 
  4586.00000     4.3708e-14     7.9794e-16 
  4588.00000     4.4387e-14     6.1232e-16 
  4590.00000     4.3907e-14     8.7482e-16 
  4592.00000     4.3697e-14     5.3875e-16 
  4594.00000     4.4407e-14     6.0206e-16 
  4596.00000     4.4575e-14     6.0826e-16 
  4598.00000     4.4563e-14     7.2283e-16 
  4600.00000     4.4568e-14     7.0380e-16 
  4602.00000     4.4075e-14     7.8114e-16 
  4604.00000     4.4136e-14     5.3726e-16 
  4606.00000     4.4216e-14     7.7523e-16 
  4608.00000     4.4647e-14     6.9688e-16 
  4610.00000     4.4557e-14     6.2093e-16 
  4612.00000     4.4836e-14     7.2753e-16 
  4614.00000     4.4060e-14     5.8386e-16 
  4616.00000     4.4601e-14     7.5002e-16 
  4618.00000     4.4573e-14     6.4894e-16 
  4620.00000     4.4782e-14     6.6217e-16 
  4622.00000     4.4329e-14     6.3902e-16 
  4624.00000     4.3892e-14     9.1215e-16 
  4626.00000     4.3552e-14     6.0761e-16 
  4628.00000     4.3633e-14     6.1654e-16 
  4630.00000     4.3546e-14     5.5628e-16 
  4632.00000     4.3879e-14     6.7328e-16 
  4634.00000     4.3101e-14     5.3420e-16 
  4636.00000     4.3540e-14     5.0151e-16 
  4638.00000     4.3433e-14     4.4004e-16 
  4640.00000     4.4059e-14     6.0379e-16 
  4642.00000     4.3494e-14     6.5700e-16 
  4644.00000     4.3637e-14     6.9158e-16 
  4646.00000     4.3158e-14     5.5832e-16 
  4648.00000     4.3821e-14     6.5601e-16 
  4650.00000     4.3888e-14     5.7777e-16 
  4652.00000     4.4180e-14     6.3159e-16 
  4654.00000     4.4451e-14     5.2396e-16 
  4656.00000     4.4345e-14     5.5190e-16 
  4658.00000     4.3610e-14     5.8392e-16 
  4660.00000     4.4345e-14     4.8308e-16 
  4662.00000     4.3550e-14     4.7371e-16 
  4664.00000     4.3071e-14     5.2710e-16 
  4666.00000     4.3210e-14     6.8397e-16 
  4668.00000     4.3061e-14     6.0561e-16 
  4670.00000     4.2685e-14     5.2824e-16 
  4672.00000     4.3450e-14     5.5092e-16 
  4674.00000     4.3220e-14     7.1143e-16 
  4676.00000     4.3238e-14     5.7938e-16 
  4678.00000     4.3343e-14     5.0408e-16 
  4680.00000     4.3289e-14     6.2054e-16 
  4682.00000     4.3760e-14     5.7896e-16 
  4684.00000     4.2813e-14     8.1982e-16 
  4686.00000     4.3123e-14     7.3729e-16 
  4688.00000     4.3375e-14     6.6762e-16 
  4690.00000     4.3188e-14     5.9953e-16 
  4692.00000     4.3473e-14     5.3751e-16 
  4694.00000     4.2018e-14     5.2524e-16 
  4696.00000     4.2840e-14     5.8532e-16 
  4698.00000     4.1947e-14     5.7926e-16 
  4700.00000     4.2471e-14     5.6396e-16 
  4702.00000     4.2213e-14     7.4094e-16 
  4704.00000     4.1991e-14     7.6358e-16 
  4706.00000     4.2480e-14     6.9054e-16 
  4708.00000     4.1796e-14     5.5275e-16 
  4710.00000     4.1664e-14     9.0771e-16 
  4712.00000     4.1713e-14     8.0250e-16 
  4714.00000     4.2123e-14     9.1735e-16 
  4716.00000     4.2733e-14     6.6078e-16 
  4718.00000     4.3166e-14     6.5355e-16 
  4720.00000     4.2632e-14     8.9088e-16 
  4722.00000     4.2070e-14     8.4815e-16 
  4724.00000     4.2593e-14     7.7678e-16 
  4726.00000     4.2266e-14     6.7906e-16 
  4728.00000     4.1800e-14     6.5056e-16 
  4730.00000     4.1883e-14     7.8941e-16 
  4732.00000     4.1724e-14     7.5888e-16 
  4734.00000     4.2026e-14     6.4142e-16 
  4736.00000     4.2074e-14     5.4747e-16 
  4738.00000     4.2139e-14     6.2678e-16 
  4740.00000     4.2692e-14     7.6952e-16 
  4742.00000     4.2119e-14     6.8642e-16 
  4744.00000     4.2320e-14     7.1962e-16 
  4746.00000     4.2512e-14     9.6280e-16 
  4748.00000     4.3124e-14     7.7575e-16 
  4750.00000     4.2753e-14     7.2859e-16 
  4752.00000     4.2695e-14     7.2406e-16 
  4754.00000     4.2836e-14     5.4957e-16 
  4756.00000     4.2471e-14     7.0941e-16 
  4758.00000     4.2495e-14     7.7579e-16 
  4760.00000     4.2026e-14     6.7045e-16 
  4762.00000     4.1253e-14     5.7862e-16 
  4764.00000     4.2269e-14     6.4728e-16 
  4766.00000     4.2137e-14     6.3515e-16 
  4768.00000     4.2027e-14     7.3050e-16 
  4770.00000     4.2729e-14     7.2861e-16 
  4772.00000     4.2395e-14     6.3635e-16 
  4774.00000     4.2589e-14     6.3330e-16 
  4776.00000     4.2334e-14     5.4282e-16 
  4778.00000     4.2385e-14     5.8647e-16 
  4780.00000     4.2466e-14     6.6564e-16 
  4782.00000     4.1987e-14     8.7835e-16 
  4784.00000     4.1875e-14     7.8169e-16 
  4786.00000     4.2222e-14     5.8823e-16 
  4788.00000     4.1856e-14     7.0008e-16 
  4790.00000     4.2692e-14     9.6930e-16 
  4792.00000     4.2277e-14     9.6511e-16 
  4794.00000     4.2337e-14     6.9169e-16 
  4796.00000     4.2137e-14     4.8972e-16 
  4798.00000     4.2506e-14     6.8617e-16 
  4800.00000     4.2210e-14     6.0369e-16 
  4802.00000     4.2222e-14     7.8432e-16 
  4804.00000     4.1577e-14     5.7644e-16 
  4806.00000     4.1988e-14     6.2103e-16 
  4808.00000     4.1729e-14     7.3640e-16 
  4810.00000     4.1962e-14     6.8701e-16 
  4812.00000     4.2274e-14     5.8776e-16 
  4814.00000     4.2057e-14     6.5263e-16 
  4816.00000     4.1996e-14     6.4382e-16 
  4818.00000     4.2320e-14     5.5464e-16 
  4820.00000     4.1679e-14     4.6588e-16 
  4822.00000     4.1039e-14     6.2328e-16 
  4824.00000     4.1122e-14     6.4828e-16 
  4826.00000     4.1168e-14     6.6472e-16 
  4828.00000     4.0784e-14     7.3275e-16 
  4830.00000     4.1243e-14     5.9053e-16 
  4832.00000     4.0761e-14     6.5664e-16 
  4834.00000     4.0622e-14     5.3081e-16 
  4836.00000     4.0410e-14     5.4714e-16 
  4838.00000     4.0314e-14     5.6370e-16 
  4840.00000     3.8952e-14     4.5256e-16 
  4842.00000     3.9108e-14     5.0940e-16 
  4844.00000     3.8193e-14     5.0109e-16 
  4846.00000     3.7046e-14     5.1119e-16 
  4848.00000     3.5846e-14     5.2734e-16 
  4850.00000     3.3977e-14     6.0306e-16 
  4852.00000     3.2110e-14     5.1813e-16 
  4854.00000     2.8869e-14     4.0039e-16 
  4856.00000     2.5975e-14     3.2149e-16 
  4858.00000     2.3530e-14     3.9840e-16 
  4860.00000     2.3437e-14     3.5496e-16 
  4862.00000     2.5881e-14     3.5149e-16 
  4864.00000     2.9162e-14     4.1083e-16 
  4866.00000     3.1801e-14     4.7701e-16 
  4868.00000     3.3324e-14     4.4487e-16 
  4870.00000     3.5693e-14     5.5432e-16 
  4872.00000     3.6836e-14     5.6196e-16 
  4874.00000     3.7801e-14     5.6313e-16 
  4876.00000     3.8322e-14     5.8588e-16 
  4878.00000     3.8462e-14     6.1548e-16 
  4880.00000     3.8990e-14     6.2196e-16 
  4882.00000     3.9581e-14     6.3839e-16 
  4884.00000     3.9646e-14     6.4678e-16 
  4886.00000     3.9284e-14     6.6629e-16 
  4888.00000     4.0230e-14     6.2377e-16 
  4890.00000     4.0240e-14     9.3134e-16 
  4892.00000     4.1184e-14     9.1859e-16 
  4894.00000     4.0781e-14     5.1074e-16 
  4896.00000     4.1480e-14     6.3760e-16 
  4898.00000     4.1221e-14     1.2396e-15 
  4900.00000     4.0530e-14     8.9086e-16 
  4902.00000     4.0923e-14     1.1226e-15 
  4904.00000     4.1198e-14     9.4161e-16 
  4906.00000     4.1022e-14     1.8423e-15 
  4908.00000     4.0047e-14     7.0191e-16 
  4910.00000     4.0814e-14     7.2987e-16 
  4912.00000     4.0371e-14     6.3111e-16 
  4914.00000     4.0172e-14     6.4886e-16 
  4916.00000     3.9244e-14     5.7706e-16 
  4918.00000     3.8546e-14     7.0354e-16 
  4920.00000     3.8583e-14     4.7534e-16 
  4922.00000     3.9605e-14     5.3766e-16 
  4924.00000     3.9812e-14     6.2016e-16 
  4926.00000     4.0976e-14     6.4092e-16 
  4928.00000     4.0738e-14     5.2858e-16 
  4930.00000     4.0726e-14     4.8364e-16 
  4932.00000     4.0268e-14     5.7704e-16 
  4934.00000     4.0133e-14     5.3172e-16 
  4936.00000     3.9903e-14     7.4967e-16 
  4938.00000     4.0444e-14     4.9999e-16 
  4940.00000     4.0697e-14     6.8224e-16 
  4942.00000     4.1040e-14     4.9975e-16 
  4944.00000     4.0724e-14     4.8247e-16 
  4946.00000     4.0724e-14     5.3309e-16 
  4948.00000     4.0738e-14     5.4506e-16 
  4950.00000     4.0768e-14     5.3079e-16 
  4952.00000     3.9525e-14     6.0036e-16 
  4954.00000     3.9126e-14     4.5102e-16 
  4956.00000     3.9119e-14     4.4249e-16 
  4958.00000     3.9100e-14     5.3615e-16 
  4960.00000     4.0025e-14     5.1533e-16 
  4962.00000     4.0044e-14     4.5241e-16 
  4964.00000     3.9238e-14     5.5153e-16 
  4966.00000     3.9363e-14     5.9552e-16 
  4968.00000     3.9874e-14     5.2812e-16 
  4970.00000     4.0108e-14     5.5279e-16 
  4972.00000     3.9272e-14     5.2839e-16 
  4974.00000     3.9808e-14     6.5335e-16 
  4976.00000     3.9203e-14     8.4879e-16 
  4978.00000     3.9008e-14     4.8019e-16 
  4980.00000     3.8423e-14     4.9087e-16 
  4982.00000     3.9131e-14     4.6596e-16 
  4984.00000     3.9242e-14     4.4715e-16 
  4986.00000     3.8983e-14     5.7705e-16 
  4988.00000     3.9257e-14     5.3361e-16 
  4990.00000     3.9537e-14     5.9175e-16 
  4992.00000     3.9437e-14     4.6827e-16 
  4994.00000     3.9101e-14     5.4849e-16 
  4996.00000     3.8580e-14     6.0446e-16 
  4998.00000     3.8982e-14     4.1473e-16 
  5000.00000     3.8720e-14     4.3375e-16 
  5002.00000     3.7857e-14     4.4772e-16 
  5004.00000     3.7579e-14     5.4540e-16 
  5006.00000     3.8117e-14     4.8609e-16 
  5008.00000     3.7960e-14     4.9489e-16 
  5010.00000     3.7584e-14     4.3773e-16 
  5012.00000     3.7485e-14     4.0513e-16 
  5014.00000     3.6979e-14     4.1840e-16 
  5016.00000     3.7373e-14     4.6498e-16 
  5018.00000     3.7881e-14     4.4587e-16 
  5020.00000     3.8270e-14     4.6874e-16 
  5022.00000     3.8133e-14     4.9974e-16 
  5024.00000     3.8390e-14     4.5450e-16 
  5026.00000     3.8438e-14     4.5072e-16 
  5028.00000     3.9028e-14     4.6718e-16 
  5030.00000     3.7825e-14     5.2441e-16 
  5032.00000     3.8756e-14     4.9659e-16 
  5034.00000     3.8048e-14     4.9586e-16 
  5036.00000     3.7512e-14     5.9802e-16 
  5038.00000     3.7512e-14     6.5245e-16 
  5040.00000     3.8364e-14     5.1602e-16 
  5042.00000     3.8118e-14     4.2853e-16 
  5044.00000     3.8786e-14     4.2972e-16 
  5046.00000     3.8294e-14     4.9458e-16 
  5048.00000     3.7758e-14     4.8401e-16 
  5050.00000     3.8103e-14     3.7227e-16 
  5052.00000     3.7727e-14     4.2431e-16 
  5054.00000     3.8000e-14     3.7966e-16 
  5056.00000     3.8847e-14     4.3843e-16 
  5058.00000     3.8876e-14     4.2377e-16 
  5060.00000     3.9152e-14     3.8983e-16 
  5062.00000     3.8664e-14     4.5864e-16 
  5064.00000     3.8653e-14     4.7832e-16 
  5066.00000     3.7668e-14     3.8817e-16 
  5068.00000     3.8046e-14     5.4006e-16 
  5070.00000     3.8589e-14     6.3238e-16 
  5072.00000     3.7456e-14     5.1581e-16 
  5074.00000     3.7875e-14     4.6236e-16 
  5076.00000     3.7813e-14     4.1141e-16 
  5078.00000     3.7497e-14     4.1839e-16 
  5080.00000     3.6932e-14     3.4782e-16 
  5082.00000     3.7626e-14     3.5055e-16 
  5084.00000     3.8183e-14     3.7474e-16 
  5086.00000     3.7994e-14     3.1838e-16 
  5088.00000     3.7996e-14     3.6565e-16 
  5090.00000     3.7884e-14     3.9358e-16 
  5092.00000     3.8153e-14     3.7196e-16 
  5094.00000     3.7927e-14     3.9176e-16 
  5096.00000     3.6794e-14     3.2236e-16 
  5098.00000     3.7014e-14     4.0288e-16 
  5100.00000     3.7854e-14     4.2747e-16 
  5102.00000     3.7770e-14     4.1970e-16 
  5104.00000     3.7153e-14     3.9077e-16 
  5106.00000     3.7739e-14     3.9124e-16 
  5108.00000     3.7845e-14     4.2791e-16 
  5110.00000     3.7508e-14     3.6791e-16 
  5112.00000     3.8495e-14     3.5991e-16 
  5114.00000     3.8105e-14     3.4528e-16 
  5116.00000     3.7798e-14     3.6951e-16 
  5118.00000     3.7629e-14     3.2353e-16 
  5120.00000     3.7013e-14     3.0355e-16 
  5122.00000     3.7041e-14     3.3386e-16 
  5124.00000     3.6597e-14     3.7188e-16 
  5126.00000     3.7063e-14     3.0643e-16 
  5128.00000     3.7321e-14     2.8744e-16 
  5130.00000     3.7401e-14     2.7614e-16 
  5132.00000     3.7790e-14     2.8794e-16 
  5134.00000     3.7269e-14     2.9039e-16 
  5136.00000     3.7285e-14     2.7247e-16 
  5138.00000     3.7654e-14     3.1719e-16 
  5140.00000     3.7499e-14     2.7874e-16 
  5142.00000     3.6370e-14     2.5855e-16 
  5144.00000     3.6736e-14     2.5285e-16 
  5146.00000     3.6361e-14     2.4294e-16 
  5148.00000     3.6926e-14     2.8882e-16 
  5150.00000     3.6651e-14     5.4576e-16 
  5152.00000     3.6639e-14     6.1315e-16 
  5154.00000     3.7432e-14     4.9799e-16 
  5156.00000     3.7635e-14     2.8242e-16 
  5158.00000     3.7192e-14     2.9011e-16 
  5160.00000     3.7554e-14     3.9026e-16 
  5162.00000     3.6450e-14     3.1803e-16 
  5164.00000     3.5483e-14     3.1834e-16 
  5166.00000     3.4191e-14     3.2555e-16 
  5168.00000     3.4182e-14     3.8031e-16 
  5170.00000     3.4964e-14     2.3341e-16 
  5172.00000     3.5258e-14     1.8111e-16 
  5174.00000     3.5218e-14     2.0569e-16 
  5176.00000     3.6087e-14     2.9773e-16 
  5178.00000     3.5824e-14     2.6669e-16 
  5180.00000     3.4839e-14     1.7702e-16 
  5182.00000     3.5524e-14     1.8316e-16 
  5184.00000     3.5711e-14     1.9410e-16 
  5186.00000     3.5800e-14     2.1320e-16 
  5188.00000     3.5997e-14     2.3250e-16 
  5190.00000     3.5477e-14     2.2190e-16 
  5192.00000     3.5229e-14     2.4874e-16 
  5194.00000     3.5253e-14     2.4708e-16 
  5196.00000     3.5806e-14     2.5749e-16 
  5198.00000     3.6040e-14     2.6018e-16 
  5200.00000     3.5621e-14     2.8602e-16 
  5202.00000     3.4854e-14     2.7530e-16 
  5204.00000     3.4746e-14     3.1227e-16 
  5206.00000     3.5132e-14     3.6334e-16 
  5208.00000     3.5739e-14     3.0981e-16 
  5210.00000     3.5677e-14     3.1931e-16 
  5212.00000     3.6052e-14     3.0652e-16 
  5214.00000     3.6460e-14     3.3538e-16 
  5216.00000     3.6817e-14     3.1906e-16 
  5218.00000     3.6696e-14     3.2547e-16 
  5220.00000     3.5520e-14     3.3187e-16 
  5222.00000     3.5130e-14     3.1677e-16 
  5224.00000     3.5004e-14     4.0010e-16 
  5226.00000     3.5608e-14     4.6483e-16 
  5228.00000     3.5900e-14     3.7359e-16 
  5230.00000     3.5582e-14     3.3945e-16 
  5232.00000     3.5188e-14     3.3551e-16 
  5234.00000     3.5958e-14     3.7240e-16 
  5236.00000     3.5721e-14     3.7978e-16 
  5238.00000     3.6178e-14     3.8624e-16 
  5240.00000     3.6430e-14     4.7189e-16 
  5242.00000     3.6664e-14     3.8817e-16 
  5244.00000     3.5802e-14     3.6967e-16 
  5246.00000     3.6051e-14     4.0327e-16 
  5248.00000     3.5605e-14     3.6673e-16 
  5250.00000     3.5569e-14     3.6615e-16 
  5252.00000     3.5822e-14     3.7492e-16 
  5254.00000     3.6362e-14     4.2349e-16 
  5256.00000     3.6169e-14     4.8063e-16 
  5258.00000     3.5378e-14     4.0657e-16 
  5260.00000     3.5169e-14     3.4226e-16 
  5262.00000     3.4894e-14     3.5484e-16 
  5264.00000     3.4949e-14     3.9355e-16 
  5266.00000     3.4756e-14     3.2384e-16 
  5268.00000     3.4935e-14     3.9177e-16 
  5270.00000     3.5013e-14     3.9832e-16 
  5272.00000     3.5988e-14     3.9464e-16 
  5274.00000     3.5422e-14     4.7116e-16 
  5276.00000     3.5482e-14     4.6757e-16 
  5278.00000     3.5660e-14     4.3448e-16 
  5280.00000     3.5940e-14     4.4845e-16 
  5282.00000     3.5767e-14     3.6365e-16 
  5284.00000     3.6335e-14     3.9233e-16 
  5286.00000     3.6533e-14     4.1601e-16 
  5288.00000     3.6201e-14     4.4444e-16 
  5290.00000     3.6228e-14     4.4102e-16 
  5292.00000     3.5775e-14     4.9002e-16 
  5294.00000     3.4809e-14     4.0140e-16 
  5296.00000     3.5605e-14     4.6657e-16 
  5298.00000     3.6061e-14     4.4816e-16 
  5300.00000     3.6172e-14     4.0141e-16 
  5302.00000     3.6542e-14     4.0359e-16 
  5304.00000     3.6380e-14     3.8415e-16 
  5306.00000     3.6819e-14     4.3438e-16 
  5308.00000     3.6346e-14     4.5175e-16 
  5310.00000     3.6181e-14     3.8788e-16 
  5312.00000     3.5246e-14     5.6385e-16 
  5314.00000     3.5452e-14     4.0244e-16 
  5316.00000     3.5811e-14     3.9749e-16 
  5318.00000     3.5952e-14     4.4474e-16 
  5320.00000     3.5415e-14     4.9068e-16 
  5322.00000     3.5305e-14     4.3214e-16 
  5324.00000     3.4640e-14     4.5157e-16 
  5326.00000     3.4893e-14     4.0687e-16 
  5328.00000     3.5246e-14     3.7604e-16 
  5330.00000     3.5718e-14     3.8348e-16 
  5332.00000     3.5534e-14     3.9343e-16 
  5334.00000     3.5347e-14     4.5509e-16 
  5336.00000     3.5706e-14     5.4050e-16 
  5338.00000     3.5634e-14     4.7841e-16 
  5340.00000     3.5190e-14     4.6570e-16 
  5342.00000     3.4839e-14     3.9687e-16 
  5344.00000     3.5436e-14     4.5310e-16 
  5346.00000     3.5694e-14     5.6704e-16 
  5348.00000     3.5237e-14     3.9340e-16 
  5350.00000     3.5751e-14     4.3309e-16 
  5352.00000     3.6778e-14     4.3946e-16 
  5354.00000     3.6618e-14     4.6893e-16 
  5356.00000     3.6198e-14     3.9922e-16 
  5358.00000     3.6076e-14     4.3965e-16 
  5360.00000     3.5424e-14     4.2869e-16 
  5362.00000     3.5188e-14     4.7597e-16 
  5364.00000     3.5653e-14     4.2443e-16 
  5366.00000     3.5013e-14     3.9104e-16 
  5368.00000     3.4829e-14     4.3352e-16 
  5370.00000     3.4707e-14     6.2730e-16 
  5372.00000     3.5688e-14     4.3847e-16 
  5374.00000     3.5424e-14     3.8515e-16 
  5376.00000     3.6421e-14     4.2710e-16 
  5378.00000     3.5407e-14     4.8514e-16 
  5380.00000     3.5953e-14     4.3592e-16 
  5382.00000     3.5258e-14     3.9409e-16 
  5384.00000     3.5457e-14     6.4710e-16 
  5386.00000     3.4980e-14     4.9518e-16 
  5388.00000     3.5072e-14     5.9011e-16 
  5390.00000     3.5104e-14     1.1578e-15 
  5392.00000     3.4424e-14     1.4186e-15 
  5394.00000     3.4969e-14     5.3234e-16 
  5396.00000     3.4345e-14     4.3155e-16 
  5398.00000     3.4634e-14     4.5995e-16 
  5400.00000     3.4847e-14     4.2225e-16 
  5402.00000     3.4196e-14     4.1222e-16 
  5404.00000     3.4423e-14     4.1189e-16 
  5406.00000     3.4472e-14     4.3297e-16 
  5408.00000     3.5339e-14     3.8942e-16 
  5410.00000     3.4820e-14     4.5438e-16 
  5412.00000     3.4903e-14     4.7284e-16 
  5414.00000     3.5625e-14     4.3381e-16 
  5416.00000     3.5596e-14     4.5606e-16 
  5418.00000     3.5946e-14     5.4765e-16 
  5420.00000     3.5201e-14     4.8165e-16 
  5422.00000     3.5848e-14     4.0402e-16 
  5424.00000     3.4773e-14     4.5309e-16 
  5426.00000     3.4842e-14     4.2011e-16 
  5428.00000     3.4961e-14     3.8055e-16 
  5430.00000     3.4249e-14     4.2993e-16 
  5432.00000     3.4290e-14     4.1812e-16 
  5434.00000     3.4858e-14     4.5733e-16 
  5436.00000     3.5259e-14     4.4344e-16 
  5438.00000     3.5415e-14     4.6608e-16 
  5440.00000     3.5489e-14     5.4785e-16 
  5442.00000     3.4931e-14     4.9462e-16 
  5444.00000     3.5194e-14     4.5987e-16 
  5446.00000     3.4587e-14     3.6062e-16 
  5448.00000     3.4306e-14     4.3795e-16 
  5450.00000     3.3593e-14     3.7349e-16 
  5452.00000     3.3934e-14     3.8682e-16 
  5454.00000     3.3311e-14     3.8154e-16 
  5456.00000     3.3907e-14     4.3530e-16 
  5458.00000     3.4131e-14     4.7890e-16 
  5460.00000     3.4363e-14     4.1314e-16 
  5462.00000     3.3925e-14     4.4256e-16 
  5464.00000     3.3914e-14     4.1653e-16 
  5466.00000     3.4357e-14     4.4775e-16 
  5468.00000     3.4544e-14     4.1518e-16 
  5470.00000     3.4223e-14     4.8390e-16 
  5472.00000     3.3388e-14     3.2478e-16 
  5474.00000     3.3172e-14     3.9471e-16 
  5476.00000     3.3827e-14     3.6019e-16 
  5478.00000     3.3093e-14     3.6832e-16 
  5480.00000     3.4157e-14     3.8454e-16 
  5482.00000     3.4886e-14     4.4557e-16 
  5484.00000     3.4326e-14     3.7998e-16 
  5486.00000     3.4026e-14     4.0624e-16 
  5488.00000     3.4537e-14     4.8894e-16 
  5490.00000     3.4106e-14     4.2391e-16 
  5492.00000     3.4117e-14     4.4676e-16 
  5494.00000     3.4004e-14     4.0852e-16 
  5496.00000     3.3360e-14     4.2557e-16 
  5498.00000     3.3676e-14     3.6390e-16 
  5500.00000     3.3621e-14     4.1569e-16 
  5502.00000     3.3564e-14     5.7923e-16 
  5504.00000     3.3453e-14     4.7384e-16 
  5506.00000     3.3730e-14     4.5366e-16 
  5508.00000     3.2750e-14     4.9854e-16 
  5510.00000     3.3153e-14     4.6727e-16 
  5512.00000     3.3208e-14     4.4653e-16 
  5514.00000     3.3446e-14     4.4790e-16 
  5516.00000     3.3981e-14     3.8282e-16 
  5518.00000     3.4137e-14     4.1947e-16 
  5520.00000     3.3814e-14     5.2476e-16 
  5522.00000     3.4498e-14     5.7498e-16 
  5524.00000     3.3382e-14     5.2038e-16 
  5526.00000     3.3660e-14     4.6115e-16 
  5528.00000     3.3950e-14     4.4166e-16 
  5530.00000     3.3603e-14     4.4608e-16 
  5532.00000     3.3805e-14     4.3089e-16 
  5534.00000     3.3904e-14     4.1062e-16 
  5536.00000     3.3575e-14     4.1730e-16 
  5538.00000     3.4094e-14     4.8706e-16 
  5540.00000     3.3599e-14     4.3595e-16 
  5542.00000     3.3757e-14     4.8440e-16 
  5544.00000     3.3803e-14     3.9316e-16 
  5546.00000     3.4243e-14     3.8986e-16 
  5548.00000     3.4104e-14     4.2295e-16 
  5550.00000     3.3956e-14     4.1407e-16 
  5552.00000     3.4225e-14     3.5816e-16 
  5554.00000     3.4154e-14     4.4280e-16 
  5556.00000     3.3847e-14     3.9732e-16 
  5558.00000     3.4157e-14     3.5993e-16 
  5560.00000     3.3350e-14     3.7544e-16 
  5562.00000     3.3562e-14     4.6168e-16 
  5564.00000     3.3738e-14     3.7831e-16 
  5566.00000     3.3351e-14     3.4670e-16 
  5568.00000     3.3429e-14     4.1597e-16 
  5570.00000     3.4508e-14     4.2258e-16 
  5572.00000     3.3766e-14     4.1274e-16 
  5574.00000     3.3197e-14     4.4561e-16 
  5576.00000     3.3475e-14     3.6555e-16 
  5578.00000     3.3789e-14     4.2448e-16 
  5580.00000     3.3943e-14     3.7394e-16 
  5582.00000     3.4253e-14     4.8244e-16 
  5584.00000     3.2829e-14     4.9717e-16 
  5586.00000     3.3184e-14     4.4209e-16 
  5588.00000     3.3032e-14     3.8166e-16 
  5590.00000     3.3361e-14     4.1850e-16 
  5592.00000     3.3867e-14     4.5866e-16 
  5594.00000     3.3379e-14     4.8919e-16 
  5596.00000     3.3171e-14     4.7346e-16 
  5598.00000     3.2689e-14     4.9313e-16 
  5600.00000     3.3150e-14     4.7633e-16 
  5602.00000     3.3597e-14     4.4969e-16 
  5604.00000     3.3678e-14     4.6465e-16 
  5606.00000     3.3548e-14     5.1126e-16 
  5608.00000     3.3436e-14     4.1184e-16 
  5610.00000     3.3412e-14     6.1504e-16 
  5612.00000     3.3273e-14     4.9260e-16 
  5614.00000     3.3126e-14     6.1065e-16 
  5616.00000     3.2914e-14     5.0956e-16 
  5618.00000     3.3050e-14     4.4082e-16 
  5620.00000     3.3430e-14     4.4339e-16 
  5622.00000     3.3339e-14     4.0931e-16 
  5624.00000     3.3223e-14     4.5628e-16 
  5626.00000     3.3057e-14     4.8334e-16 
  5628.00000     3.2680e-14     4.9859e-16 
  5630.00000     3.2920e-14     6.3624e-16 
  5632.00000     3.3789e-14     5.0883e-16 
  5634.00000     3.2764e-14     4.8081e-16 
  5636.00000     3.3139e-14     4.8355e-16 
  5638.00000     3.2757e-14     5.1321e-16 
  5640.00000     3.2464e-14     4.4907e-16 
  5642.00000     3.2803e-14     4.5713e-16 
  5644.00000     3.2847e-14     4.6274e-16 
  5646.00000     3.2799e-14     4.6188e-16 
  5648.00000     3.2211e-14     4.9606e-16 
  5650.00000     3.1919e-14     4.1769e-16 
  5652.00000     3.3107e-14     4.3069e-16 
  5654.00000     3.2828e-14     5.0303e-16 
  5656.00000     3.2207e-14     6.5609e-16 
  5658.00000     3.2515e-14     5.3829e-16 
  5660.00000     3.2576e-14     6.1999e-16 
  5662.00000     3.2466e-14     5.1424e-16 
  5664.00000     3.2693e-14     4.8987e-16 
  5666.00000     3.2512e-14     4.7420e-16 
  5668.00000     3.2718e-14     4.7875e-16 
  5670.00000     3.2800e-14     6.8437e-16 
  5672.00000     3.2806e-14     7.2910e-16 
  5674.00000     3.2549e-14     5.3102e-16 
  5676.00000     3.2436e-14     4.4748e-16 
  5678.00000     3.2854e-14     6.2192e-16 
  5680.00000     3.3022e-14     6.8982e-16 
  5682.00000     3.2955e-14     7.0456e-16 
  5684.00000     3.2834e-14     5.2828e-16 
  5686.00000     3.2857e-14     4.3603e-16 
  5688.00000     3.2787e-14     4.8087e-16 
  5690.00000     3.3308e-14     5.2921e-16 
  5692.00000     3.3251e-14     5.4762e-16 
  5694.00000     3.2779e-14     5.2748e-16 
  5696.00000     3.2684e-14     4.9336e-16 
  5698.00000     3.2409e-14     4.1046e-16 
  5700.00000     3.2207e-14     4.6469e-16 
  5702.00000     3.2087e-14     9.8475e-16 
  5704.00000     3.2555e-14     2.5513e-15 
  5706.00000     3.2348e-14     1.2094e-15 
  5708.00000     3.2594e-14     8.5623e-16 
  5710.00000     3.2619e-14     1.1755e-15 
  5712.00000     3.2573e-14     6.7582e-16 
  5714.00000     3.2483e-14     4.4673e-16 
  5716.00000     3.2957e-14     4.1852e-16 
  5718.00000     3.3148e-14     4.7428e-16 
  5720.00000     3.2625e-14     4.8517e-16 
  5722.00000     3.3140e-14     5.0703e-16 
  5724.00000     3.2945e-14     4.1970e-16 
  5726.00000     3.2890e-14     3.4162e-16 
  5728.00000     3.2335e-14     4.1248e-16 
  5730.00000     3.3444e-14     4.5258e-16 
  5732.00000     3.2829e-14     4.8557e-16 
  5734.00000     3.2455e-14     5.4341e-16 
  5736.00000     3.3247e-14     4.4811e-16 
  5738.00000     3.2956e-14     4.7547e-16 
  5740.00000     3.3445e-14     4.7450e-16 
  5742.00000     3.2968e-14     4.7506e-16 
  5744.00000     3.2655e-14     4.5001e-16 
  5746.00000     3.3105e-14     4.1143e-16 
  5748.00000     3.2600e-14     4.4487e-16 
  5750.00000     3.2766e-14     4.7476e-16 
  5752.00000     3.3151e-14     5.3671e-16 
  5754.00000     3.2521e-14     6.5576e-16 
  5756.00000     3.2104e-14     5.7468e-16 
  5758.00000     3.2713e-14     4.8679e-16 
  5760.00000     3.2731e-14     5.3393e-16 
  5762.00000     3.2415e-14     3.7709e-16 
  5764.00000     3.3285e-14     3.8671e-16 
  5766.00000     3.2767e-14     5.1117e-16 
  5768.00000     3.2841e-14     4.4442e-16 
  5770.00000     3.3049e-14     3.3920e-16 
  5772.00000     3.2665e-14     3.5833e-16 
  5774.00000     3.2161e-14     4.0369e-16 
  5776.00000     3.1697e-14     3.5144e-16 
  5778.00000     3.1815e-14     4.2095e-16 
  5780.00000     3.1621e-14     4.0536e-16 
  5782.00000     3.1756e-14     5.4337e-16 
  5784.00000     3.2074e-14     4.9002e-16 
  5786.00000     3.2568e-14     4.5952e-16 
  5788.00000     3.1768e-14     4.4308e-16 
  5790.00000     3.2884e-14     3.4480e-16 
  5792.00000     3.2939e-14     4.2583e-16 
  5794.00000     3.3245e-14     4.8882e-16 
  5796.00000     3.3183e-14     4.3120e-16 
  5798.00000     3.3067e-14     5.2861e-16 
  5800.00000     3.3335e-14     5.5102e-16 
  5802.00000     3.2834e-14     4.0279e-16 
  5804.00000     3.3166e-14     3.6175e-16 
  5806.00000     3.2989e-14     4.3475e-16 
  5808.00000     3.2343e-14     4.4731e-16 
  5810.00000     3.2707e-14     3.9021e-16 
  5812.00000     3.2489e-14     5.3588e-16 
  5814.00000     3.2915e-14     4.4175e-16 
  5816.00000     3.2825e-14     4.2092e-16 
  5818.00000     3.2926e-14     4.4597e-16 
  5820.00000     3.2383e-14     4.2371e-16 
  5822.00000     3.2852e-14     4.4430e-16 
  5824.00000     3.2937e-14     4.2374e-16 
  5826.00000     3.2965e-14     4.2480e-16 
  5828.00000     3.3093e-14     4.6641e-16 
  5830.00000     3.3042e-14     4.4934e-16 
  5832.00000     3.2761e-14     4.0345e-16 
  5834.00000     3.2562e-14     5.4535e-16 
  5836.00000     3.2460e-14     4.1526e-16 
  5838.00000     3.3150e-14     3.7867e-16 
  5840.00000     3.2735e-14     3.2521e-16 
  5842.00000     3.2534e-14     4.6124e-16 
  5844.00000     3.2373e-14     3.7855e-16 
  5846.00000     3.2079e-14     4.7412e-16 
  5848.00000     3.2058e-14     4.7124e-16 
  5850.00000     3.1828e-14     3.8437e-16 
  5852.00000     3.1978e-14     4.0782e-16 
  5854.00000     3.1773e-14     5.3543e-16 
  5856.00000     3.1705e-14     4.7254e-16 
  5858.00000     3.1604e-14     4.1484e-16 
  5860.00000     3.1711e-14     3.9389e-16 
  5862.00000     3.1675e-14     4.0750e-16 
  5864.00000     3.1621e-14     4.0816e-16 
  5866.00000     3.1704e-14     3.6046e-16 
  5868.00000     3.1611e-14     3.5996e-16 
  5870.00000     3.1359e-14     3.5877e-16 
  5872.00000     3.0997e-14     3.5200e-16 
  5874.00000     3.0696e-14     3.3289e-16 
  5876.00000     3.0992e-14     3.4764e-16 
  5878.00000     3.0475e-14     3.9034e-16 
  5880.00000     3.0826e-14     3.9900e-16 
  5882.00000     3.0422e-14     3.8293e-16 
  5884.00000     2.9523e-14     3.1420e-16 
  5886.00000     2.8719e-14     3.6874e-16 
  5888.00000     2.8813e-14     3.6752e-16 
  5890.00000     2.8810e-14     3.6891e-16 
  5892.00000     2.9297e-14     3.4089e-16 
  5894.00000     2.9293e-14     4.0169e-16 
  5896.00000     2.9362e-14     3.8484e-16 
  5898.00000     2.9560e-14     3.3772e-16 
  5900.00000     3.0060e-14     2.8760e-16 
  5902.00000     3.0030e-14     2.7583e-16 
  5904.00000     3.1148e-14     3.4791e-16 
  5906.00000     3.1134e-14     3.5532e-16 
  5908.00000     3.0329e-14     4.4925e-16 
  5910.00000     3.0237e-14     3.4690e-16 
  5912.00000     3.0635e-14     3.8848e-16 
  5914.00000     3.0432e-14     3.1926e-16 
  5916.00000     3.0600e-14     3.0082e-16 
  5918.00000     3.0412e-14     3.9616e-16 
  5920.00000     3.0898e-14     3.4358e-16 
  5922.00000     3.0691e-14     2.9607e-16 
  5924.00000     3.0615e-14     3.0817e-16 
  5926.00000     3.1443e-14     4.3599e-16 
  5928.00000     3.0807e-14     3.3443e-16 
  5930.00000     3.0798e-14     3.2723e-16 
  5932.00000     3.0481e-14     3.2895e-16 
  5934.00000     3.0890e-14     3.4623e-16 
  5936.00000     3.0930e-14     3.5292e-16 
  5938.00000     3.0116e-14     3.3542e-16 
  5940.00000     3.0487e-14     3.2937e-16 
  5942.00000     3.0531e-14     2.8350e-16 
  5944.00000     3.0495e-14     3.0412e-16 
  5946.00000     3.0615e-14     3.2173e-16 
  5948.00000     3.0526e-14     2.8362e-16 
  5950.00000     3.0768e-14     2.5911e-16 
  5952.00000     3.0596e-14     2.7179e-16 
  5954.00000     3.0547e-14     2.8040e-16 
  5956.00000     3.0837e-14     2.9571e-16 
  5958.00000     3.0964e-14     3.4219e-16 
  5960.00000     3.0884e-14     3.5335e-16 
  5962.00000     3.0018e-14     3.1061e-16 
  5964.00000     3.1580e-14     3.2053e-16 
  5966.00000     3.0858e-14     2.8070e-16 
  5968.00000     3.0186e-14     3.3622e-16 
  5970.00000     3.1208e-14     3.5792e-16 
  5972.00000     3.0372e-14     2.9108e-16 
  5974.00000     3.0741e-14     3.5288e-16 
  5976.00000     3.0379e-14     3.5079e-16 
  5978.00000     3.0170e-14     3.5416e-16 
  5980.00000     3.0454e-14     3.5135e-16 
  5982.00000     3.0552e-14     3.3186e-16 
  5984.00000     3.0795e-14     2.9421e-16 
  5986.00000     3.0402e-14     2.9404e-16 
  5988.00000     3.0729e-14     3.2626e-16 
  5990.00000     3.0383e-14     3.1721e-16 
  5992.00000     3.0997e-14     4.0717e-16 
  5994.00000     3.0765e-14     3.9861e-16 
  5996.00000     3.0369e-14     3.4435e-16 
  5998.00000     3.0632e-14     3.2158e-16 
  6000.00000     3.0700e-14     3.1448e-16 
  6002.00000     3.0122e-14     2.7693e-16 
  6004.00000     3.0410e-14     3.3583e-16 
  6006.00000     3.0600e-14     2.9985e-16 
  6008.00000     3.0501e-14     3.5261e-16 
  6010.00000     3.0927e-14     3.1879e-16 
  6012.00000     3.0718e-14     3.2184e-16 
  6014.00000     3.0671e-14     3.4028e-16 
  6016.00000     3.0374e-14     3.5633e-16 
  6018.00000     2.9984e-14     3.2252e-16 
  6020.00000     3.1416e-14     3.5396e-16 
  6022.00000     3.0702e-14     4.4723e-16 
  6024.00000     3.0998e-14     3.0317e-16 
  6026.00000     3.1294e-14     3.4526e-16 
  6028.00000     3.1570e-14     3.3685e-16 
  6030.00000     3.1629e-14     3.5648e-16 
  6032.00000     3.1214e-14     3.6958e-16 
  6034.00000     3.1385e-14     3.5486e-16 
  6036.00000     3.0715e-14     3.3809e-16 
  6038.00000     3.1336e-14     3.1371e-16 
  6040.00000     3.1631e-14     3.0068e-16 
  6042.00000     3.1243e-14     2.6165e-16 
  6044.00000     3.1409e-14     3.1754e-16 
  6046.00000     3.1599e-14     3.6244e-16 
  6048.00000     3.1311e-14     3.5970e-16 
  6050.00000     3.1128e-14     4.6628e-16 
  6052.00000     3.0562e-14     4.2729e-16 
  6054.00000     3.0510e-14     4.1638e-16 
  6056.00000     3.0464e-14     3.1226e-16 
  6058.00000     3.0464e-14     3.3242e-16 
  6060.00000     3.0806e-14     3.4196e-16 
  6062.00000     3.1426e-14     2.8204e-16 
  6064.00000     3.1379e-14     3.4171e-16 
  6066.00000     3.1093e-14     3.1531e-16 
  6068.00000     3.0872e-14     2.5479e-16 
  6070.00000     3.1445e-14     4.0402e-16 
  6072.00000     3.1486e-14     4.1918e-16 
  6074.00000     3.0684e-14     3.4294e-16 
  6076.00000     3.1121e-14     3.9401e-16 
  6078.00000     3.1082e-14     3.9083e-16 
  6080.00000     3.0918e-14     3.6106e-16 
  6082.00000     3.0820e-14     2.8407e-16 
  6084.00000     3.0845e-14     2.6641e-16 
  6086.00000     3.0438e-14     2.9208e-16 
  6088.00000     3.1143e-14     2.8411e-16 
  6090.00000     3.1071e-14     3.1411e-16 
  6092.00000     3.0607e-14     3.0558e-16 
  6094.00000     3.1055e-14     2.8261e-16 
  6096.00000     3.1049e-14     3.6013e-16 
  6098.00000     3.0444e-14     3.6637e-16 
  6100.00000     3.0974e-14     3.5842e-16 
  6102.00000     3.0409e-14     3.2657e-16 
  6104.00000     3.0746e-14     3.5254e-16 
  6106.00000     3.0444e-14     3.3076e-16 
  6108.00000     3.1133e-14     3.0333e-16 
  6110.00000     3.0983e-14     4.4697e-16 
  6112.00000     3.1415e-14     7.5414e-16 
  6114.00000     3.1120e-14     5.0223e-16 
  6116.00000     3.0824e-14     5.0691e-16 
  6118.00000     3.0139e-14     4.2688e-16 
  6120.00000     2.9897e-14     3.2339e-16 
  6122.00000     3.0474e-14     2.8570e-16 
  6124.00000     3.0527e-14     3.1860e-16 
  6126.00000     3.0814e-14     2.9799e-16 
  6128.00000     3.0743e-14     2.5900e-16 
  6130.00000     3.0904e-14     2.5104e-16 
  6132.00000     3.0556e-14     2.7849e-16 
  6134.00000     3.0161e-14     3.6390e-16 
  6136.00000     3.0030e-14     3.3529e-16 
  6138.00000     3.0397e-14     2.8664e-16 
  6140.00000     3.0569e-14     3.1877e-16 
  6142.00000     3.0433e-14     3.1213e-16 
  6144.00000     3.0848e-14     3.5711e-16 
  6146.00000     2.9722e-14     3.0383e-16 
  6148.00000     3.0396e-14     2.5725e-16 
  6150.00000     3.0451e-14     2.3904e-16 
  6152.00000     2.9877e-14     3.1144e-16 
  6154.00000     2.9139e-14     2.5684e-16 
  6156.00000     2.8753e-14     2.8357e-16 
  6158.00000     2.8792e-14     2.9181e-16 
  6160.00000     2.8862e-14     2.4794e-16 
  6162.00000     2.8549e-14     2.4322e-16 
  6164.00000     2.8840e-14     2.4882e-16 
  6166.00000     2.8626e-14     2.5354e-16 
  6168.00000     2.8490e-14     2.5759e-16 
  6170.00000     2.8790e-14     2.8222e-16 
  6172.00000     2.8815e-14     3.0379e-16 
  6174.00000     2.9141e-14     2.7731e-16 
  6176.00000     2.8862e-14     3.4970e-16 
  6178.00000     2.9300e-14     4.8171e-16 
  6180.00000     2.8706e-14     4.4751e-16 
  6182.00000     2.8445e-14     3.0929e-16 
  6184.00000     2.8826e-14     2.6668e-16 
  6186.00000     2.8522e-14     2.4545e-16 
  6188.00000     2.8504e-14     2.0897e-16 
  6190.00000     2.8124e-14     2.1612e-16 
  6192.00000     2.8729e-14     3.0128e-16 
  6194.00000     2.8394e-14     2.2418e-16 
  6196.00000     2.8455e-14     2.0182e-16 
  6198.00000     2.9051e-14     2.5240e-16 
  6200.00000     2.8724e-14     2.9489e-16 
  6202.00000     2.8962e-14     2.6869e-16 
  6204.00000     2.9553e-14     2.9438e-16 
  6206.00000     2.8836e-14     2.4061e-16 
  6208.00000     2.8614e-14     2.8565e-16 
  6210.00000     2.9024e-14     2.8317e-16 
  6212.00000     2.8749e-14     2.9067e-16 
  6214.00000     2.8009e-14     2.5195e-16 
  6216.00000     2.7537e-14     2.4981e-16 
  6218.00000     2.7787e-14     2.3440e-16 
  6220.00000     2.7986e-14     2.3287e-16 
  6222.00000     2.7264e-14     2.1721e-16 
  6224.00000     2.7558e-14     2.1431e-16 
  6226.00000     2.7787e-14     2.0978e-16 
  6228.00000     2.7544e-14     2.7763e-16 
  6230.00000     2.7289e-14     2.3524e-16 
  6232.00000     2.8220e-14     2.1739e-16 
  6234.00000     2.7766e-14     2.2880e-16 
  6236.00000     2.7346e-14     2.9374e-16 
  6238.00000     2.6949e-14     2.4413e-16 
  6240.00000     2.7492e-14     2.3989e-16 
  6242.00000     2.8230e-14     2.3977e-16 
  6244.00000     2.7631e-14     2.2484e-16 
  6246.00000     2.7727e-14     2.2440e-16 
  6248.00000     2.7954e-14     2.1975e-16 
  6250.00000     2.7819e-14     2.2995e-16 
  6252.00000     2.7697e-14     2.0269e-16 
  6254.00000     2.7839e-14     2.1675e-16 
  6256.00000     2.7505e-14     2.2524e-16 
  6258.00000     2.7948e-14     2.7077e-16 
  6260.00000     2.8242e-14     2.9994e-16 
  6262.00000     2.8646e-14     2.3143e-16 
  6264.00000     2.7948e-14     1.8888e-16 
  6266.00000     2.8134e-14     2.1014e-16 
  6268.00000     2.8138e-14     2.5474e-16 
  6270.00000     2.8342e-14     2.7448e-16 
  6272.00000     2.7759e-14     2.2249e-16 
  6274.00000     2.7558e-14     2.2094e-16 
  6276.00000     2.7894e-14     2.8391e-16 
  6278.00000     2.8187e-14     2.6823e-16 
  6280.00000     2.7738e-14     2.4708e-16 
  6282.00000     2.8109e-14     2.9587e-16 
  6284.00000     2.8306e-14     3.0331e-16 
  6286.00000     2.8909e-14     2.6004e-16 
  6288.00000     2.8091e-14     2.4170e-16 
  6290.00000     2.8226e-14     2.3074e-16 
  6292.00000     2.8178e-14     2.0497e-16 
  6294.00000     2.7834e-14     2.3028e-16 
  6296.00000     2.8250e-14     2.2029e-16 
  6298.00000     2.8402e-14     2.0260e-16 
  6300.00000     2.7923e-14     2.2157e-16 
  6302.00000     2.7872e-14     2.2176e-16 
  6304.00000     2.8488e-14     2.0362e-16 
  6306.00000     2.8264e-14     2.3952e-16 
  6308.00000     2.8601e-14     2.3748e-16 
  6310.00000     2.8331e-14     2.2819e-16 
  6312.00000     2.7415e-14     2.8653e-16 
  6314.00000     2.8944e-14     2.9223e-16 
  6316.00000     2.8509e-14     2.4312e-16 
  6318.00000     2.8449e-14     2.4758e-16 
  6320.00000     2.8595e-14     2.4099e-16 
  6322.00000     2.9246e-14     2.5185e-16 
  6324.00000     2.9167e-14     2.0838e-16 
  6326.00000     2.9292e-14     2.0963e-16 
  6328.00000     2.9208e-14     2.0870e-16 
  6330.00000     2.9167e-14     2.2770e-16 
  6332.00000     2.9579e-14     2.0219e-16 
  6334.00000     2.9411e-14     2.2918e-16 
  6336.00000     2.9410e-14     2.3893e-16 
  6338.00000     2.8930e-14     2.4224e-16 
  6340.00000     2.8965e-14     2.1391e-16 
  6342.00000     2.9107e-14     2.4141e-16 
  6344.00000     2.9338e-14     2.1385e-16 
  6346.00000     2.9162e-14     2.3128e-16 
  6348.00000     2.9119e-14     2.8650e-16 
  6350.00000     2.9178e-14     2.6091e-16 
  6352.00000     2.8808e-14     2.3081e-16 
  6354.00000     2.8853e-14     2.2514e-16 
  6356.00000     2.8098e-14     2.0814e-16 
  6358.00000     2.8937e-14     2.4934e-16 
  6360.00000     2.8836e-14     2.1155e-16 
  6362.00000     2.8628e-14     2.0323e-16 
  6364.00000     2.8719e-14     2.4434e-16 
  6366.00000     2.8864e-14     2.8359e-16 
  6368.00000     2.8722e-14     2.7930e-16 
  6370.00000     2.9618e-14     3.2156e-16 
  6372.00000     2.9432e-14     2.7120e-16 
  6374.00000     2.8846e-14     2.3768e-16 
  6376.00000     2.8839e-14     2.6605e-16 
  6378.00000     2.9278e-14     2.7022e-16 
  6380.00000     2.9300e-14     2.2508e-16 
  6382.00000     2.9138e-14     2.1963e-16 
  6384.00000     2.9963e-14     2.3709e-16 
  6386.00000     2.9311e-14     2.1959e-16 
  6388.00000     2.8938e-14     2.1237e-16 
  6390.00000     2.9301e-14     2.5342e-16 
  6392.00000     2.8921e-14     2.3742e-16 
  6394.00000     2.9215e-14     2.3870e-16 
  6396.00000     2.9823e-14     1.8750e-16 
  6398.00000     2.9814e-14     1.8222e-16 
  6400.00000     2.9313e-14     2.0080e-16 
  6402.00000     3.0298e-14     1.8709e-16 
  6404.00000     2.9578e-14     1.7348e-16 
  6406.00000     2.9600e-14     1.7295e-16 
  6408.00000     2.9067e-14     1.6570e-16 
  6410.00000     2.9030e-14     1.6693e-16 
  6412.00000     2.8850e-14     1.5569e-16 
  6414.00000     2.9203e-14     1.5034e-16 
  6416.00000     2.9869e-14     1.5318e-16 
  6418.00000     2.9055e-14     1.6742e-16 
  6420.00000     2.9548e-14     1.8418e-16 
  6422.00000     2.9580e-14     1.6520e-16 
  6424.00000     2.9383e-14     1.4883e-16 
  6426.00000     2.9162e-14     1.6038e-16 
  6428.00000     2.9175e-14     1.5869e-16 
  6430.00000     2.9324e-14     1.7608e-16 
  6432.00000     2.9334e-14     1.8954e-16 
  6434.00000     2.9153e-14     1.7725e-16 
  6436.00000     2.9336e-14     1.8148e-16 
  6438.00000     2.9657e-14     2.0957e-16 
  6440.00000     3.0029e-14     2.0750e-16 
  6442.00000     2.9985e-14     1.8893e-16 
  6444.00000     2.8911e-14     2.0416e-16 
  6446.00000     2.8591e-14     2.2330e-16 
  6448.00000     2.8750e-14     2.1978e-16 
  6450.00000     2.8880e-14     2.0836e-16 
  6452.00000     2.9393e-14     2.0845e-16 
  6454.00000     2.8726e-14     2.0482e-16 
  6456.00000     2.9829e-14     2.3678e-16 
  6458.00000     2.8575e-14     2.1481e-16 
  6460.00000     2.9427e-14     2.2659e-16 
  6462.00000     2.9391e-14     2.4083e-16 
  6464.00000     2.9705e-14     2.5515e-16 
  6466.00000     2.9584e-14     2.1236e-16 
  6468.00000     2.9466e-14     1.9216e-16 
  6470.00000     2.9558e-14     1.9743e-16 
  6472.00000     2.9380e-14     2.2449e-16 
  6474.00000     2.9552e-14     2.2676e-16 
  6476.00000     2.9217e-14     2.0940e-16 
  6478.00000     2.8575e-14     2.3957e-16 
  6480.00000     2.8896e-14     2.2423e-16 
  6482.00000     2.8983e-14     2.5505e-16 
  6484.00000     2.8906e-14     2.6609e-16 
  6486.00000     2.8601e-14     2.0173e-16 
  6488.00000     2.8514e-14     2.1937e-16 
  6490.00000     2.8175e-14     2.1877e-16 
  6492.00000     2.8353e-14     2.1686e-16 
  6494.00000     2.8017e-14     2.3480e-16 
  6496.00000     2.8275e-14     2.1472e-16 
  6498.00000     2.8502e-14     2.0072e-16 
  6500.00000     2.8723e-14     2.1805e-16 
  6502.00000     2.8425e-14     2.1096e-16 
  6504.00000     2.8982e-14     2.1036e-16 
  6506.00000     2.8776e-14     2.2963e-16 
  6508.00000     2.8898e-14     2.6608e-16 
  6510.00000     2.9442e-14     2.3317e-16 
  6512.00000     2.8407e-14     2.1395e-16 
  6514.00000     2.8944e-14     2.4905e-16 
  6516.00000     2.9487e-14     2.8135e-16 
  6518.00000     2.9368e-14     2.2670e-16 
  6520.00000     2.9025e-14     2.3068e-16 
  6522.00000     2.9284e-14     2.2656e-16 
  6524.00000     2.9124e-14     2.0102e-16 
  6526.00000     2.9309e-14     2.0258e-16 
  6528.00000     2.9396e-14     2.2386e-16 
  6530.00000     2.8723e-14     2.0684e-16 
  6532.00000     2.9020e-14     2.0867e-16 
  6534.00000     2.8729e-14     2.2014e-16 
  6536.00000     2.8621e-14     2.1630e-16 
  6538.00000     2.8465e-14     2.2170e-16 
  6540.00000     2.8024e-14     2.5706e-16 
  6542.00000     2.7442e-14     2.3060e-16 
  6544.00000     2.7668e-14     2.3167e-16 
  6546.00000     2.6725e-14     2.1688e-16 
  6548.00000     2.5984e-14     2.0861e-16 
  6550.00000     2.5720e-14     1.9387e-16 
  6552.00000     2.4586e-14     1.8052e-16 
  6554.00000     2.3431e-14     1.9463e-16 
  6556.00000     2.2195e-14     2.4020e-16 
  6558.00000     2.1488e-14     2.3466e-16 
  6560.00000     2.1499e-14     1.8469e-16 
  6562.00000     2.2748e-14     1.8343e-16 
  6564.00000     2.3358e-14     1.8308e-16 
  6566.00000     2.4688e-14     1.8689e-16 
  6568.00000     2.5377e-14     1.9710e-16 
  6570.00000     2.5505e-14     2.0545e-16 
  6572.00000     2.6214e-14     2.0897e-16 
  6574.00000     2.7496e-14     2.1172e-16 
  6576.00000     2.7038e-14     2.0975e-16 
  6578.00000     2.7472e-14     2.3693e-16 
  6580.00000     2.8127e-14     2.4172e-16 
  6582.00000     2.8092e-14     2.4784e-16 
  6584.00000     2.8063e-14     1.9988e-16 
  6586.00000     2.8667e-14     2.0723e-16 
  6588.00000     2.7923e-14     2.2028e-16 
  6590.00000     2.8709e-14     2.4871e-16 
  6592.00000     2.8019e-14     2.4135e-16 
  6594.00000     2.8495e-14     2.2021e-16 
  6596.00000     2.8448e-14     2.0499e-16 
  6598.00000     2.8405e-14     2.0277e-16 
  6600.00000     2.8214e-14     2.1801e-16 
  6602.00000     2.8021e-14     2.3521e-16 
  6604.00000     2.8212e-14     2.4325e-16 
  6606.00000     2.8452e-14     2.4514e-16 
  6608.00000     2.8155e-14     2.4513e-16 
  6610.00000     2.7930e-14     2.2368e-16 
  6612.00000     2.8797e-14     2.3032e-16 
  6614.00000     2.8356e-14     2.4214e-16 
  6616.00000     2.8247e-14     2.9510e-16 
  6618.00000     2.7800e-14     2.1782e-16 
  6620.00000     2.7944e-14     2.1009e-16 
  6622.00000     2.7679e-14     2.3279e-16 
  6624.00000     2.7665e-14     2.6597e-16 
  6626.00000     2.8507e-14     2.4241e-16 
  6628.00000     2.7428e-14     2.3838e-16 
  6630.00000     2.7468e-14     2.3688e-16 
  6632.00000     2.7942e-14     2.3356e-16 
  6634.00000     2.7987e-14     2.5065e-16 
  6636.00000     2.7839e-14     2.1117e-16 
  6638.00000     2.7394e-14     2.2479e-16 
  6640.00000     2.8371e-14     3.0126e-16 
  6642.00000     2.7349e-14     3.7677e-16 
  6644.00000     2.7893e-14     3.8236e-16 
  6646.00000     2.7638e-14     3.5532e-16 
  6648.00000     2.7528e-14     5.0465e-16 
  6650.00000     2.7634e-14     3.6700e-16 
  6652.00000     2.7542e-14     2.8712e-16 
  6654.00000     2.7497e-14     2.8321e-16 
  6656.00000     2.7242e-14     2.9464e-16 
  6658.00000     2.7465e-14     2.4305e-16 
  6660.00000     2.6766e-14     2.0940e-16 
  6662.00000     2.7643e-14     2.3680e-16 
  6664.00000     2.7695e-14     2.2573e-16 
  6666.00000     2.7094e-14     2.1402e-16 
  6668.00000     2.7438e-14     2.2768e-16 
  6670.00000     2.7439e-14     2.8613e-16 
  6672.00000     2.6724e-14     2.3135e-16 
  6674.00000     2.6556e-14     2.6526e-16 
  6676.00000     2.7117e-14     3.6263e-16 
  6678.00000     2.6407e-14     4.1455e-16 
  6680.00000     2.6835e-14     4.5617e-16 
  6682.00000     2.6361e-14     5.0104e-16 
  6684.00000     2.6423e-14     4.2705e-16 
  6686.00000     2.6563e-14     3.5271e-16 
  6688.00000     2.6951e-14     2.7336e-16 
  6690.00000     2.6734e-14     2.2912e-16 
  6692.00000     2.7780e-14     2.1742e-16 
  6694.00000     2.7200e-14     2.4026e-16 
  6696.00000     2.7139e-14     2.6007e-16 
  6698.00000     2.7193e-14     2.3664e-16 
  6700.00000     2.7157e-14     2.6067e-16 
  6702.00000     2.7503e-14     2.6873e-16 
  6704.00000     2.7002e-14     3.0889e-16 
  6706.00000     2.7464e-14     3.0135e-16 
  6708.00000     2.6897e-14     2.5925e-16 
  6710.00000     2.6290e-14     2.6008e-16 
  6712.00000     2.6519e-14     2.4144e-16 
  6714.00000     2.6506e-14     2.4712e-16 
  6716.00000     2.6092e-14     2.8127e-16 
  6718.00000     2.6825e-14     2.3528e-16 
  6720.00000     2.6564e-14     2.2227e-16 
  6722.00000     2.6752e-14     2.4480e-16 
  6724.00000     2.7206e-14     2.8182e-16 
  6726.00000     2.6231e-14     2.9805e-16 
  6728.00000     2.6847e-14     3.1803e-16 
  6730.00000     2.6431e-14     3.0742e-16 
  6732.00000     2.7343e-14     2.7922e-16 
  6734.00000     2.6984e-14     2.6071e-16 
  6736.00000     2.6991e-14     3.2081e-16 
  6738.00000     2.6496e-14     3.5032e-16 
  6740.00000     2.6410e-14     2.5877e-16 
  6742.00000     2.6370e-14     2.0512e-16 
  6744.00000     2.5979e-14     2.0816e-16 
  6746.00000     2.6497e-14     2.4753e-16 
  6748.00000     2.6341e-14     2.7501e-16 
  6750.00000     2.6124e-14     2.3837e-16 
  6752.00000     2.6506e-14     3.2296e-16 
  6754.00000     2.6529e-14     3.1451e-16 
  6756.00000     2.6260e-14     2.5487e-16 
  6758.00000     2.6370e-14     2.3427e-16 
  6760.00000     2.6713e-14     2.8940e-16 
  6762.00000     2.6731e-14     3.9449e-16 
  6764.00000     2.6713e-14     3.0722e-16 
  6766.00000     2.7006e-14     3.3588e-16 
  6768.00000     2.6902e-14     2.3786e-16 
  6770.00000     2.7082e-14     2.9991e-16 
  6772.00000     2.7143e-14     3.0450e-16 
  6774.00000     2.7279e-14     2.5363e-16 
  6776.00000     2.7424e-14     2.2653e-16 
  6778.00000     2.6703e-14     2.1632e-16 
  6780.00000     2.6270e-14     2.7360e-16 
  6782.00000     2.6336e-14     3.4100e-16 
  6784.00000     2.6164e-14     3.2034e-16 
  6786.00000     2.6435e-14     2.4967e-16 
  6788.00000     2.6112e-14     2.6973e-16 
  6790.00000     2.5947e-14     2.9977e-16 
  6792.00000     2.6283e-14     3.0593e-16 
  6794.00000     2.6351e-14     3.3953e-16 
  6796.00000     2.6742e-14     3.4703e-16 
  6798.00000     2.7010e-14     2.6884e-16 
  6800.00000     2.6578e-14     2.2534e-16 
  6802.00000     2.7007e-14     2.3601e-16 
  6804.00000     2.7255e-14     2.6077e-16 
  6806.00000     2.6603e-14     2.1685e-16 
  6808.00000     2.6586e-14     2.4423e-16 
  6810.00000     2.7364e-14     2.6626e-16 
  6812.00000     2.6642e-14     2.3863e-16 
  6814.00000     2.6551e-14     2.1359e-16 
  6816.00000     2.7148e-14     2.6377e-16 
  6818.00000     2.6598e-14     2.7120e-16 
  6820.00000     2.6654e-14     2.6129e-16 
  6822.00000     2.6644e-14     2.7518e-16 
  6824.00000     2.6923e-14     2.7968e-16 
  6826.00000     2.6935e-14     3.1011e-16 
  6828.00000     2.6759e-14     3.3778e-16 
  6830.00000     2.7114e-14     3.1716e-16 
  6832.00000     2.6420e-14     2.7443e-16 
  6834.00000     2.6992e-14     2.5610e-16 
  6836.00000     2.6819e-14     2.7529e-16 
  6838.00000     2.6461e-14     2.2617e-16 
  6840.00000     2.6928e-14     2.5722e-16 
  6842.00000     2.6502e-14     2.5048e-16 
  6844.00000     2.6897e-14     2.1248e-16 
  6846.00000     2.6749e-14     2.1804e-16 
  6848.00000     2.7284e-14     2.3484e-16 
  6850.00000     2.6900e-14     2.5966e-16 
  6852.00000     2.6299e-14     2.5068e-16 
  6854.00000     2.6350e-14     2.5498e-16 
  6856.00000     2.6088e-14     2.6857e-16 
  6858.00000     2.5955e-14     2.6975e-16 
  6860.00000     2.6341e-14     2.3742e-16 
  6862.00000     2.6771e-14     2.7800e-16 
  6864.00000     2.6244e-14     2.9274e-16 
  6866.00000     2.6430e-14     2.3102e-16 
  6868.00000     2.6312e-14     2.5397e-16 
  6870.00000     2.6305e-14     2.3194e-16 
  6872.00000     2.6822e-14     2.1225e-16 
  6874.00000     2.6707e-14     2.3239e-16 
  6876.00000     2.6646e-14     2.3005e-16 
  6878.00000     2.6106e-14     2.7285e-16 
  6880.00000     2.6240e-14     2.9406e-16 
  6882.00000     2.6221e-14     3.2449e-16 
  6884.00000     2.6192e-14     2.6884e-16 
  6886.00000     2.7300e-14     2.3630e-16 
  6888.00000     2.6444e-14     2.1881e-16 
  6890.00000     2.6874e-14     2.3829e-16 
  6892.00000     2.6144e-14     2.6063e-16 
  6894.00000     2.6476e-14     2.7831e-16 
  6896.00000     2.6276e-14     2.4148e-16 
  6898.00000     2.6285e-14     2.2183e-16 
  6900.00000     2.5925e-14     2.4275e-16 
  6902.00000     2.6898e-14     2.2254e-16 
  6904.00000     2.7119e-14     2.3333e-16 
  6906.00000     2.7066e-14     2.1851e-16 
  6908.00000     2.7144e-14     2.2851e-16 
  6910.00000     2.6593e-14     2.0366e-16 
  6912.00000     2.6751e-14     2.1203e-16 
  6914.00000     2.6366e-14     2.5445e-16 
  6916.00000     2.6898e-14     2.8600e-16 
  6918.00000     2.6737e-14     2.7728e-16 
  6920.00000     2.7058e-14     2.5687e-16 
  6922.00000     2.6492e-14     2.2396e-16 
  6924.00000     2.7012e-14     2.0904e-16 
  6926.00000     2.7774e-14     2.0805e-16 
  6928.00000     2.7818e-14     2.2048e-16 
  6930.00000     2.7797e-14     2.2789e-16 
  6932.00000     2.7843e-14     2.2977e-16 
  6934.00000     2.7877e-14     2.0910e-16 
  6936.00000     2.7738e-14     2.2779e-16 
  6938.00000     2.7821e-14     2.5432e-16 
  6940.00000     2.7842e-14     2.4239e-16 
  6942.00000     2.8252e-14     2.3684e-16 
  6944.00000     2.7853e-14     2.4179e-16 
  6946.00000     2.7860e-14     2.0431e-16 
  6948.00000     2.8024e-14     2.4673e-16 
  6950.00000     2.7753e-14     2.5442e-16 
  6952.00000     2.7485e-14     2.0334e-16 
  6954.00000     2.7652e-14     1.9467e-16 
  6956.00000     2.8150e-14     2.5434e-16 
  6958.00000     2.7763e-14     3.5860e-16 
  6960.00000     2.8116e-14     3.2458e-16 
  6962.00000     2.8105e-14     2.7113e-16 
  6964.00000     2.8638e-14     2.5435e-16 
  6966.00000     2.8014e-14     2.3108e-16 
  6968.00000     2.8583e-14     2.3708e-16 
  6970.00000     2.7824e-14     2.3270e-16 
  6972.00000     2.7855e-14     2.7166e-16 
  6974.00000     2.7877e-14     2.7981e-16 
  6976.00000     2.7613e-14     2.1503e-16 
  6978.00000     2.7478e-14     2.1597e-16 
  6980.00000     2.7913e-14     2.4405e-16 
  6982.00000     2.7716e-14     2.6205e-16 
  6984.00000     2.7814e-14     2.8600e-16 
  6986.00000     2.7866e-14     2.2609e-16 
  6988.00000     2.8338e-14     2.3593e-16 
  6990.00000     2.7549e-14     2.5993e-16 
  6992.00000     2.7439e-14     2.6412e-16 
  6994.00000     2.8348e-14     2.3211e-16 
  6996.00000     2.7154e-14     2.2629e-16 
  6998.00000     2.8184e-14     2.8250e-16 
  7000.00000     2.7511e-14     2.3182e-16 
  7002.00000     2.7678e-14     2.3118e-16 
  7004.00000     2.8000e-14     2.2020e-16 
  7006.00000     2.8123e-14     2.3621e-16 
  7008.00000     2.8093e-14     2.4398e-16 
  7010.00000     2.7713e-14     2.0598e-16 
  7012.00000     2.7763e-14     2.2645e-16 
  7014.00000     2.8696e-14     2.5034e-16 
  7016.00000     2.7912e-14     2.1141e-16 
  7018.00000     2.8139e-14     2.3828e-16 
  7020.00000     2.7753e-14     2.4532e-16 
  7022.00000     2.7925e-14     2.3712e-16 
  7024.00000     2.8533e-14     2.2681e-16 
  7026.00000     2.8731e-14     2.1377e-16 
  7028.00000     2.8292e-14     2.2295e-16 
  7030.00000     2.8440e-14     2.2659e-16 
  7032.00000     2.8491e-14     2.0276e-16 
  7034.00000     2.8387e-14     2.3048e-16 
  7036.00000     2.8825e-14     2.4543e-16 
  7038.00000     2.8974e-14     2.8335e-16 
  7040.00000     2.8799e-14     2.5348e-16 
  7042.00000     2.9149e-14     2.5950e-16 
  7044.00000     2.9575e-14     2.6169e-16 
  7046.00000     2.8315e-14     3.0086e-16 
  7048.00000     2.8189e-14     3.2906e-16 
  7050.00000     2.7427e-14     4.6719e-16 
  7052.00000     2.6628e-14     6.3157e-16 
  7054.00000     2.6542e-14     5.0754e-16 
  7056.00000     2.5892e-14     5.8704e-16 
  7058.00000     2.6375e-14     5.1985e-16 
  7060.00000     2.6129e-14     4.9821e-16 
  7062.00000     2.5782e-14     4.9849e-16 
  7064.00000     2.6671e-14     3.4222e-16 
  7066.00000     2.6333e-14     3.5439e-16 
  7068.00000     2.6430e-14     3.1164e-16 
  7070.00000     2.6696e-14     3.4124e-16 
  7072.00000     2.7176e-14     2.9758e-16 
  7074.00000     2.6964e-14     2.8845e-16 
  7076.00000     2.6906e-14     4.8034e-16 
  7078.00000     2.6677e-14     5.2366e-16 
  7080.00000     2.6567e-14     3.3169e-16 
  7082.00000     2.6188e-14     2.5020e-16 
  7084.00000     2.5774e-14     2.5027e-16 
  7086.00000     2.5424e-14     3.1079e-16 
  7088.00000     2.5163e-14     5.5208e-16 
  7090.00000     2.5229e-14     8.6911e-16 
  7092.00000     2.5542e-14     5.0497e-16 
  7094.00000     2.5501e-14     4.4500e-16 
  7096.00000     2.4911e-14     3.3607e-16 
  7098.00000     2.5361e-14     4.6282e-16 
  7100.00000     2.5125e-14     3.8112e-16 
  7102.00000     2.5412e-14     2.7605e-16 
  7104.00000     2.5695e-14     2.5876e-16 
  7106.00000     2.5574e-14     2.6090e-16 
  7108.00000     2.5363e-14     2.9565e-16 
  7110.00000     2.5588e-14     3.5466e-16 
  7112.00000     2.5634e-14     2.9362e-16 
  7114.00000     2.6406e-14     2.5715e-16 
  7116.00000     2.6137e-14     2.9771e-16 
  7118.00000     2.5724e-14     4.3836e-16 
  7120.00000     2.5102e-14     5.5645e-16 
  7122.00000     2.5134e-14     2.8326e-16 
  7124.00000     2.4382e-14     2.5175e-16 
  7126.00000     2.4458e-14     2.8248e-16 
  7128.00000     2.3837e-14     3.5671e-16 
  7130.00000     2.4980e-14     4.6441e-16 
  7132.00000     2.4151e-14     4.2457e-16 
  7134.00000     2.4495e-14     3.5227e-16 
  7136.00000     2.4122e-14     2.0374e-16 
  7138.00000     2.4795e-14     2.5456e-16 
  7140.00000     2.4408e-14     2.2484e-16 
  7142.00000     2.4922e-14     3.8585e-16 
  7144.00000     2.4683e-14     4.6944e-16 
  7146.00000     2.4916e-14     2.8120e-16 
  7148.00000     2.4640e-14     2.2265e-16 
  7150.00000     2.5442e-14     2.7089e-16 
  7152.00000     2.5688e-14     3.0130e-16 
  7154.00000     2.5105e-14     4.2665e-16 
  7156.00000     2.5134e-14     6.1280e-16 
  7158.00000     2.5598e-14     5.8825e-16 
  7160.00000     2.5190e-14     2.7385e-16 
  7162.00000     2.5146e-14     2.5803e-16 
  7164.00000     2.4520e-14     2.5533e-16 
  7166.00000     2.5112e-14     2.5810e-16 
  7168.00000     2.4677e-14     2.9096e-16 
  7170.00000     2.5024e-14     2.4626e-16 
  7172.00000     2.4061e-14     2.5864e-16 
  7174.00000     2.4295e-14     3.6344e-16 
  7176.00000     2.4463e-14     2.9733e-16 
  7178.00000     2.5225e-14     2.4736e-16 
  7180.00000     2.4975e-14     3.2249e-16 
  7182.00000     2.4920e-14     4.3239e-16 
  7184.00000     2.4719e-14     5.6864e-16 
  7186.00000     2.4533e-14     4.5943e-16 
  7188.00000     2.4514e-14     2.8479e-16 
  7190.00000     2.5184e-14     2.2239e-16 
  7192.00000     2.4907e-14     2.0490e-16 
  7194.00000     2.4536e-14     2.9121e-16 
  7196.00000     2.4569e-14     2.6319e-16 
  7198.00000     2.4635e-14     2.0199e-16 
  7200.00000     2.4881e-14     2.2780e-16 
  7202.00000     2.4871e-14     2.4934e-16 
  7204.00000     2.5463e-14     3.1221e-16 
  7206.00000     2.5326e-14     4.4146e-16 
  7208.00000     2.5893e-14     3.0356e-16 
  7210.00000     2.5565e-14     2.9005e-16 
  7212.00000     2.5499e-14     3.0987e-16 
  7214.00000     2.5966e-14     3.7900e-16 
  7216.00000     2.6303e-14     4.1784e-16 
  7218.00000     2.6096e-14     3.8421e-16 
  7220.00000     2.6358e-14     3.3160e-16 
  7222.00000     2.6313e-14     2.9037e-16 
  7224.00000     2.6220e-14     3.5039e-16 
  7226.00000     2.6586e-14     2.6481e-16 
  7228.00000     2.6196e-14     3.1186e-16 
  7230.00000     2.6142e-14     2.5172e-16 
  7232.00000     2.5748e-14     2.6242e-16 
  7234.00000     2.5259e-14     2.1875e-16 
  7236.00000     2.6224e-14     2.7515e-16 
  7238.00000     2.6301e-14     3.2155e-16 
  7240.00000     2.6177e-14     2.4158e-16 
  7242.00000     2.6079e-14     3.1170e-16 
  7244.00000     2.6501e-14     3.5502e-16 
  7246.00000     2.6155e-14     3.5778e-16 
  7248.00000     2.6087e-14     2.8333e-16 
  7250.00000     2.6472e-14     3.4455e-16 
  7252.00000     2.6407e-14     3.0116e-16 
  7254.00000     2.6591e-14     2.6975e-16 
  7256.00000     2.6218e-14     3.8816e-16 
  7258.00000     2.6495e-14     2.5874e-16 
  7260.00000     2.6421e-14     2.2491e-16 
  7262.00000     2.6861e-14     2.4933e-16 
  7264.00000     2.6935e-14     2.7165e-16 
  7266.00000     2.6439e-14     2.4103e-16 
  7268.00000     2.6269e-14     2.9712e-16 
  7270.00000     2.6817e-14     3.3516e-16 
  7272.00000     2.6421e-14     2.6979e-16 
  7274.00000     2.6685e-14     2.8407e-16 
  7276.00000     2.6823e-14     3.2247e-16 
  7278.00000     2.6354e-14     2.8427e-16 
  7280.00000     2.7349e-14     2.3855e-16 
  7282.00000     2.6913e-14     2.7822e-16 
  7284.00000     2.7504e-14     3.0819e-16 
  7286.00000     2.7042e-14     3.1304e-16 
  7288.00000     2.6720e-14     3.4716e-16 
  7290.00000     2.7112e-14     3.5370e-16 
  7292.00000     2.7516e-14     3.9787e-16 
  7294.00000     2.7564e-14     4.2976e-16 
  7296.00000     2.6830e-14     3.9537e-16 
  7298.00000     2.7142e-14     3.8100e-16 
  7300.00000     2.7560e-14     3.6830e-16 
  7302.00000     2.7591e-14     3.2696e-16 
  7304.00000     2.7354e-14     2.8477e-16 
  7306.00000     2.7791e-14     2.8601e-16 
  7308.00000     2.7559e-14     2.8321e-16 
  7310.00000     2.7792e-14     3.0671e-16 
  7312.00000     2.8332e-14     2.5399e-16 
  7314.00000     2.7691e-14     2.5446e-16 
  7316.00000     2.8144e-14     2.8463e-16 
  7318.00000     2.7759e-14     3.0033e-16 
  7320.00000     2.8065e-14     2.7959e-16 
  7322.00000     2.7942e-14     2.6908e-16 
  7324.00000     2.8047e-14     2.8955e-16 
  7326.00000     2.7805e-14     2.7284e-16 
  7328.00000     2.8620e-14     2.9002e-16 
  7330.00000     2.8279e-14     3.0539e-16 
  7332.00000     2.8910e-14     2.8615e-16 
  7334.00000     2.8390e-14     3.1823e-16 
  7336.00000     2.9050e-14     3.5781e-16 
  7338.00000     2.8671e-14     4.3872e-16 
  7340.00000     2.8781e-14     4.7338e-16 
  7342.00000     2.8056e-14     3.0295e-16 
  7344.00000     2.8720e-14     3.2519e-16 
  7346.00000     2.8147e-14     3.2627e-16 
  7348.00000     2.8099e-14     2.8657e-16 
  7350.00000     2.7843e-14     2.6148e-16 
  7352.00000     2.7376e-14     2.6168e-16 
  7354.00000     2.8000e-14     2.8293e-16 
  7356.00000     2.8236e-14     2.6256e-16 
  7358.00000     2.8655e-14     2.3583e-16 
  7360.00000     2.8207e-14     2.4171e-16 
  7362.00000     2.8574e-14     3.0791e-16 
  7364.00000     2.8816e-14     2.9388e-16 
  7366.00000     2.8736e-14     2.6651e-16 
  7368.00000     2.8877e-14     2.7984e-16 
  7370.00000     2.9261e-14     3.0248e-16 
  7372.00000     2.8732e-14     2.8552e-16 
  7374.00000     2.8925e-14     2.9554e-16 
  7376.00000     2.9863e-14     3.1735e-16 
  7378.00000     2.8867e-14     2.8907e-16 
  7380.00000     2.8527e-14     3.1472e-16 
  7382.00000     2.8471e-14     3.1739e-16 
  7384.00000     2.9072e-14     3.0944e-16 
  7386.00000     2.8232e-14     3.6848e-16 
  7388.00000     2.8778e-14     3.6688e-16 
  7390.00000     2.8491e-14     3.4612e-16 
  7392.00000     2.8710e-14     2.8151e-16 
  7394.00000     2.8938e-14     2.5715e-16 
  7396.00000     2.8671e-14     2.5020e-16 
  7398.00000     2.8036e-14     2.6309e-16 
  7400.00000     2.8980e-14     2.8327e-16 
  7402.00000     2.9080e-14     3.5711e-16 
  7404.00000     2.8824e-14     3.1119e-16 
  7406.00000     2.9326e-14     3.0926e-16 
  7408.00000     2.8902e-14     4.4391e-16 
  7410.00000     2.8421e-14     5.3834e-16 
  7412.00000     2.8676e-14     6.5986e-16 
  7414.00000     2.8734e-14     8.6400e-16 
  7416.00000     2.8324e-14     6.6961e-16 
  7418.00000     2.8659e-14     6.2341e-16 
  7420.00000     2.8202e-14     6.5552e-16 
  7422.00000     2.9007e-14     5.7631e-16 
  7424.00000     2.9265e-14     5.6692e-16 
  7426.00000     2.9296e-14     5.8354e-16 
  7428.00000     2.8570e-14     4.0022e-16 
  7430.00000     2.8708e-14     3.1615e-16 
  7432.00000     2.9072e-14     3.1110e-16 
  7434.00000     2.8682e-14     3.5410e-16 
  7436.00000     2.8316e-14     3.8084e-16 
  7438.00000     2.8564e-14     4.0996e-16 
  7440.00000     2.8652e-14     4.9459e-16 
  7442.00000     2.8737e-14     4.9769e-16 
  7444.00000     2.8929e-14     5.2548e-16 
  7446.00000     2.8487e-14     5.9237e-16 
  7448.00000     2.8983e-14     5.0213e-16 
  7450.00000     2.9340e-14     4.3741e-16 
  7452.00000     2.9223e-14     3.4069e-16 
  7454.00000     2.8170e-14     2.9343e-16 
  7456.00000     2.8765e-14     3.1745e-16 
  7458.00000     2.8789e-14     2.8969e-16 
  7460.00000     2.8518e-14     2.9319e-16 
  7462.00000     2.9113e-14     3.9647e-16 
  7464.00000     2.9126e-14     3.6089e-16 
  7466.00000     2.8469e-14     2.9866e-16 
  7468.00000     2.8520e-14     3.7441e-16 
  7470.00000     2.9574e-14     3.0359e-16 
  7472.00000     2.9594e-14     2.5094e-16 
  7474.00000     2.8693e-14     3.3210e-16 
  7476.00000     2.8964e-14     2.9935e-16 
  7478.00000     2.9167e-14     2.8732e-16 
  7480.00000     2.8783e-14     2.8842e-16 
  7482.00000     2.9217e-14     2.7526e-16 
  7484.00000     2.9345e-14     2.7269e-16 
  7486.00000     2.8452e-14     2.8036e-16 
  7488.00000     2.8497e-14     3.2575e-16 
  7490.00000     2.8689e-14     2.5607e-16 
  7492.00000     2.8438e-14     2.5762e-16 
  7494.00000     2.8585e-14     3.1806e-16 
  7496.00000     2.9278e-14     2.8425e-16 
  7498.00000     2.8977e-14     2.7527e-16 
  7500.00000     2.9069e-14     2.8866e-16 
