  4300.00000     4.0341e-14     1.6008e-14 
  4301.25000     3.7960e-14     4.0428e-15 
  4302.50000     3.7317e-14     3.3309e-15 
  4303.75000     3.9696e-14     1.0828e-14 
  4305.00000     4.0651e-14     7.8247e-15 
  4306.25000     3.9066e-14     9.6125e-15 
  4307.50000     3.9238e-14    -2.2277e-14 
  4308.75000     3.8660e-14    -5.5958e-14 
  4310.00000     3.9840e-14     7.0565e-15 
  4311.25000     3.9888e-14     2.7662e-15 
  4312.50000     4.1084e-14     2.9922e-15 
  4313.75000     4.3143e-14    -1.1000e-15 
  4315.00000     4.3073e-14    -6.7476e-15 
  4316.25000     4.2468e-14     2.4732e-16 
  4317.50000     4.3184e-14     3.6907e-15 
  4318.75000     4.4136e-14     2.5859e-15 
  4320.00000     4.2639e-14     3.5271e-15 
  4321.25000     4.3955e-14     4.7912e-15 
  4322.50000     4.2041e-14     6.6543e-15 
  4323.75000     4.1763e-14     3.9550e-15 
  4325.00000     4.1254e-14     2.6974e-15 
  4326.25000     4.2293e-14     4.6184e-15 
  4327.50000     4.1262e-14     4.1625e-15 
  4328.75000     4.0129e-14     1.0098e-14 
  4330.00000     3.9659e-14     9.4837e-15 
  4331.25000     4.0532e-14     4.0034e-15 
  4332.50000     3.9425e-14     2.5818e-15 
  4333.75000     3.7092e-14     2.2525e-15 
  4335.00000     3.5614e-14     1.8974e-15 
  4336.25000     3.4221e-14     2.7071e-15 
  4337.50000     3.1840e-14     3.9651e-15 
  4338.75000     3.2412e-14     4.3586e-15 
  4340.00000     2.9855e-14    -2.9179e-15 
  4341.25000     3.1157e-14     4.2611e-14 
  4342.50000     3.0223e-14     5.9573e-14 
  4343.75000     3.1690e-14    -1.7157e-15 
  4345.00000     3.3605e-14     4.0639e-15 
  4346.25000     3.6239e-14     2.4663e-15 
  4347.50000     3.8908e-14     1.4719e-15 
  4348.75000     3.8637e-14     2.5184e-15 
  4350.00000     3.8506e-14    -1.0525e-14 
  4351.25000     3.8582e-14    -3.9371e-15 
  4352.50000     4.2320e-14     3.2003e-15 
  4353.75000     4.3008e-14     3.4684e-15 
  4355.00000     4.3036e-14     2.8091e-15 
  4356.25000     4.1737e-14     1.7880e-15 
  4357.50000     4.2823e-14     1.9262e-15 
  4358.75000     4.4575e-14     2.1663e-15 
  4360.00000     4.3832e-14     3.3183e-15 
  4361.25000     4.3717e-14     4.8421e-15 
  4362.50000     4.5026e-14     3.1133e-15 
  4363.75000     4.6419e-14     5.9101e-15 
  4365.00000     4.4034e-14     4.2574e-15 
  4366.25000     4.5460e-14     5.0550e-15 
  4367.50000     4.5733e-14     3.0383e-15 
  4368.75000     4.4134e-14     3.3794e-15 
  4370.00000     4.4525e-14     3.8192e-15 
  4371.25000     4.4410e-14     3.1794e-15 
  4372.50000     4.3657e-14     3.2100e-15 
  4373.75000     4.2245e-14     6.3391e-15 
  4375.00000     4.2708e-14     5.8853e-15 
  4376.25000     4.4828e-14     2.3278e-15 
  4377.50000     4.2189e-14     2.8926e-15 
  4378.75000     4.2063e-14     5.0806e-15 
  4380.00000     4.3528e-14     4.4968e-15 
  4381.25000     4.1836e-14     5.6596e-15 
  4382.50000     4.2800e-14     8.2541e-15 
  4383.75000     4.2030e-14     3.9389e-15 
  4385.00000     4.0278e-14     2.5098e-15 
  4386.25000     4.0546e-14     2.8313e-15 
  4387.50000     4.0053e-14     2.5721e-15 
  4388.75000     4.3030e-14     2.0691e-15 
  4390.00000     4.1318e-14     3.8382e-15 
  4391.25000     4.0870e-14     1.1006e-14 
  4392.50000     4.2438e-14    -3.4776e-15 
  4393.75000     4.3809e-14     2.9974e-15 
  4395.00000     4.4431e-14     2.9509e-15 
  4396.25000     4.0455e-14    -1.9440e-16 
  4397.50000     4.2291e-14    -2.1891e-15 
  4398.75000     4.2650e-14     6.8853e-15 
  4400.00000     4.2518e-14     5.1442e-15 
  4401.25000     4.1910e-14     5.3148e-15 
  4402.50000     4.2399e-14     6.7438e-15 
  4403.75000     4.1725e-14     8.5764e-15 
  4405.00000     4.1841e-14     2.7671e-15 
  4406.25000     4.2982e-14     2.2385e-15 
  4407.50000     4.3956e-14     1.9872e-15 
  4408.75000     4.3174e-14     1.8324e-15 
  4410.00000     4.3425e-14     1.7047e-15 
  4411.25000     4.2844e-14     2.3224e-15 
  4412.50000     4.1933e-14     4.2132e-15 
  4413.75000     4.2562e-14     3.4310e-15 
  4415.00000     4.2152e-14     3.8430e-15 
  4416.25000     4.2864e-14     7.5723e-15 
  4417.50000     4.2521e-14     5.9626e-15 
  4418.75000     4.1941e-14     1.0526e-14 
  4420.00000     4.4118e-14     4.7920e-15 
  4421.25000     4.3033e-14     4.4087e-15 
  4422.50000     4.2407e-14     3.4799e-15 
  4423.75000     4.5252e-14     2.7925e-15 
  4425.00000     4.3859e-14     3.1286e-15 
  4426.25000     4.5341e-14     4.1459e-15 
  4427.50000     4.4320e-14     4.0394e-15 
  4428.75000     4.4529e-14     5.3871e-15 
  4430.00000     4.2756e-14     2.1407e-15 
  4431.25000     4.2967e-14     2.4149e-15 
  4432.50000     4.2928e-14     2.5868e-15 
  4433.75000     4.1819e-14     3.4880e-15 
  4435.00000     4.3207e-14     3.9079e-15 
  4436.25000     4.2431e-14     1.7069e-15 
  4437.50000     4.3087e-14     1.5018e-15 
  4438.75000     4.2898e-14     3.4783e-15 
  4440.00000     4.4511e-14     5.1676e-15 
  4441.25000     4.2476e-14     3.2374e-15 
  4442.50000     4.2968e-14     2.7536e-15 
  4443.75000     4.2496e-14     3.5728e-15 
  4445.00000     4.4751e-14     2.4566e-15 
  4446.25000     4.3395e-14     1.6861e-15 
  4447.50000     4.3451e-14     1.6596e-15 
  4448.75000     4.5163e-14     1.7188e-15 
  4450.00000     4.4169e-14     2.1168e-15 
  4451.25000     4.3234e-14     2.2589e-15 
  4452.50000     4.5321e-14     2.4240e-15 
  4453.75000     4.2395e-14     2.4719e-15 
  4455.00000     4.3557e-14     1.9579e-15 
  4456.25000     4.4995e-14     1.9561e-15 
  4457.50000     4.1752e-14     1.7763e-15 
  4458.75000     4.3622e-14     1.7689e-15 
  4460.00000     4.2134e-14     1.8694e-15 
  4461.25000     4.2304e-14     2.1560e-15 
  4462.50000     4.3981e-14     2.1013e-15 
  4463.75000     4.3395e-14     4.1040e-15 
  4465.00000     4.3028e-14     9.8205e-15 
  4466.25000     4.3357e-14     3.8099e-15 
  4467.50000     4.3733e-14     3.2774e-14 
  4468.75000     4.3134e-14     3.0947e-14 
  4470.00000     4.3436e-14     4.7602e-15 
  4471.25000     4.3593e-14     2.7549e-15 
  4472.50000     4.5652e-14     2.7200e-15 
  4473.75000     4.4998e-14     1.8212e-15 
  4475.00000     4.5489e-14     4.2836e-15 
  4476.25000     4.3863e-14     1.5699e-14 
  4477.50000     4.4136e-14     5.9922e-15 
  4478.75000     4.3359e-14     3.0726e-15 
  4480.00000     4.3473e-14     3.3892e-15 
  4481.25000     4.2458e-14     2.7139e-15 
  4482.50000     4.3382e-14     5.0687e-15 
  4483.75000     4.3853e-14     2.5308e-15 
  4485.00000     4.3794e-14     2.3238e-15 
  4486.25000     4.5313e-14     6.7668e-15 
  4487.50000     4.5879e-14    -2.0045e-14 
  4488.75000     4.3126e-14    -4.7966e-14 
  4490.00000     4.4940e-14     4.9108e-15 
  4491.25000     4.4423e-14     8.5949e-16 
  4492.50000     4.3612e-14     6.5175e-15 
  4493.75000     4.4730e-14     2.9238e-15 
  4495.00000     4.2991e-14    -1.8299e-15 
  4496.25000     4.4135e-14     4.3848e-15 
  4497.50000     4.4794e-14     2.2859e-15 
  4498.75000     4.4707e-14     2.3644e-15 
  4500.00000     4.5229e-14     2.7597e-15 
  4501.25000     4.5630e-14     1.9010e-15 
  4502.50000     4.2915e-14     1.7099e-15 
  4503.75000     4.4223e-14     2.2404e-15 
  4505.00000     4.5759e-14     2.1053e-15 
  4506.25000     4.4675e-14     2.7830e-15 
  4507.50000     4.4332e-14     5.2014e-15 
  4508.75000     4.4864e-14     3.0662e-15 
  4510.00000     4.5838e-14     2.7515e-15 
  4511.25000     4.5500e-14     2.9107e-15 
  4512.50000     4.3217e-14     1.9751e-15 
  4513.75000     4.5567e-14     1.6417e-15 
  4515.00000     4.4130e-14     2.2898e-15 
  4516.25000     4.5439e-14     3.7922e-15 
  4517.50000     4.4240e-14     3.2363e-15 
  4518.75000     4.4309e-14     1.9710e-15 
  4520.00000     4.2987e-14     1.5330e-15 
  4521.25000     4.5346e-14     2.8259e-15 
  4522.50000     4.2441e-14     3.7267e-15 
  4523.75000     4.2841e-14     2.6106e-15 
  4525.00000     4.3572e-14     1.4852e-15 
  4526.25000     4.3132e-14     1.5055e-15 
  4527.50000     4.3345e-14     1.4658e-15 
  4528.75000     4.3479e-14     2.0284e-15 
  4530.00000     4.2397e-14     1.7301e-15 
  4531.25000     4.2438e-14     1.8977e-15 
  4532.50000     4.1458e-14     5.1196e-15 
  4533.75000     4.3586e-14     3.1629e-15 
  4535.00000     4.3781e-14     1.4042e-15 
  4536.25000     3.9932e-14     1.8670e-15 
  4537.50000     4.2627e-14     1.5796e-15 
  4538.75000     4.3155e-14     1.6736e-15 
  4540.00000     4.3570e-14     2.5725e-15 
  4541.25000     4.3267e-14     3.0982e-15 
  4542.50000     4.3168e-14     3.1254e-15 
  4543.75000     4.3263e-14     1.7087e-15 
  4545.00000     4.3318e-14     1.7915e-15 
  4546.25000     4.3471e-14     2.7792e-15 
  4547.50000     4.2846e-14     2.0084e-15 
  4548.75000     4.3451e-14     1.4198e-15 
  4550.00000     4.2728e-14     1.8593e-15 
  4551.25000     4.3114e-14     3.3827e-15 
  4552.50000     4.0776e-14     3.4494e-15 
  4553.75000     4.3671e-14     3.0434e-15 
  4555.00000     4.3074e-14     2.8448e-15 
  4556.25000     4.2930e-14     1.7769e-15 
  4557.50000     4.3038e-14     1.3082e-15 
  4558.75000     4.3652e-14     1.9745e-15 
  4560.00000     4.4496e-14     1.7150e-15 
  4561.25000     4.4480e-14     2.1639e-15 
  4562.50000     4.1852e-14     2.0561e-15 
  4563.75000     4.3875e-14     1.6654e-15 
  4565.00000     4.3462e-14     1.9147e-15 
  4566.25000     4.3651e-14     2.5509e-15 
  4567.50000     4.4756e-14     2.8317e-15 
  4568.75000     4.3882e-14     5.2305e-15 
  4570.00000     4.5073e-14     2.9633e-15 
  4571.25000     4.4690e-14     1.6293e-15 
  4572.50000     4.4824e-14     1.4590e-15 
  4573.75000     4.3236e-14     1.7205e-15 
  4575.00000     4.2637e-14     1.4652e-15 
  4576.25000     4.4115e-14     2.0955e-15 
  4577.50000     4.2603e-14     2.6145e-15 
  4578.75000     4.3038e-14     1.6888e-15 
  4580.00000     4.2596e-14     3.0781e-15 
  4581.25000     4.2256e-14     5.7196e-15 
  4582.50000     4.1197e-14     3.9886e-15 
  4583.75000     4.2311e-14     1.4550e-15 
  4585.00000     4.2295e-14     1.2245e-15 
  4586.25000     4.1892e-14     1.1751e-15 
  4587.50000     4.2806e-14     1.6197e-15 
  4588.75000     4.1057e-14     1.4956e-15 
  4590.00000     4.3534e-14     1.8695e-15 
  4591.25000     4.3301e-14     1.9871e-15 
  4592.50000     4.1634e-14     3.4710e-15 
  4593.75000     4.1144e-14     5.0874e-15 
  4595.00000     4.2460e-14     9.9190e-15 
  4596.25000     4.3238e-14     8.6497e-15 
  4597.50000     4.2034e-14     4.1439e-15 
  4598.75000     4.4262e-14     2.7658e-15 
  4600.00000     4.3094e-14     1.9577e-15 
  4601.25000     4.2408e-14     1.6000e-15 
  4602.50000     4.4724e-14     1.5409e-15 
  4603.75000     4.1374e-14     1.3491e-15 
  4605.00000     4.3815e-14     1.3487e-15 
  4606.25000     4.4043e-14     1.0695e-15 
  4607.50000     4.3722e-14     1.1142e-15 
  4608.75000     4.5452e-14     1.6048e-15 
  4610.00000     4.4728e-14     1.6881e-15 
  4611.25000     4.3272e-14     1.5414e-15 
  4612.50000     4.4660e-14     1.4990e-15 
  4613.75000     4.4345e-14     1.2505e-15 
  4615.00000     4.3265e-14     1.0068e-15 
  4616.25000     4.3577e-14     1.3847e-15 
  4617.50000     4.3610e-14     1.2760e-15 
  4618.75000     4.1348e-14     1.0318e-15 
  4620.00000     4.2595e-14     1.1714e-15 
  4621.25000     4.2728e-14     1.8166e-15 
  4622.50000     4.4164e-14     1.4660e-15 
  4623.75000     4.3167e-14     9.1277e-16 
  4625.00000     4.3262e-14     1.0801e-15 
  4626.25000     4.3711e-14     1.5636e-15 
  4627.50000     4.3487e-14     1.0692e-15 
  4628.75000     4.2313e-14     8.5108e-16 
  4630.00000     4.4496e-14     9.5569e-16 
  4631.25000     4.3747e-14     9.6750e-16 
  4632.50000     4.2554e-14     1.0586e-15 
  4633.75000     4.2302e-14     1.4856e-15 
  4635.00000     4.3249e-14     1.4206e-15 
  4636.25000     4.3699e-14     1.0057e-15 
  4637.50000     4.2963e-14     1.0980e-15 
  4638.75000     4.2608e-14     8.8782e-16 
  4640.00000     4.5448e-14     9.2609e-16 
  4641.25000     4.2267e-14     1.0563e-15 
  4642.50000     4.3744e-14     1.1380e-15 
  4643.75000     4.2758e-14     1.0793e-15 
  4645.00000     4.4848e-14     9.9080e-16 
  4646.25000     4.3612e-14     9.3333e-16 
  4647.50000     4.3131e-14     8.2608e-16 
  4648.75000     4.1881e-14     7.3644e-16 
  4650.00000     4.2667e-14     1.0069e-15 
  4651.25000     4.3704e-14     1.3892e-15 
  4652.50000     4.2901e-14     1.3175e-15 
  4653.75000     4.1666e-14     9.4184e-16 
  4655.00000     4.2159e-14     1.0826e-15 
  4656.25000     4.4378e-14     1.6521e-15 
  4657.50000     4.2435e-14     1.0540e-15 
  4658.75000     4.2320e-14     9.8770e-16 
  4660.00000     4.1589e-14     9.9002e-16 
  4661.25000     4.3729e-14     8.7770e-16 
  4662.50000     4.2920e-14     7.9997e-16 
  4663.75000     4.2709e-14     9.7024e-16 
  4665.00000     4.1960e-14     1.2582e-15 
  4666.25000     4.3647e-14     1.8890e-15 
  4667.50000     4.0688e-14     1.4526e-15 
  4668.75000     4.1958e-14     6.7205e-16 
  4670.00000     4.1020e-14     9.7278e-16 
  4671.25000     4.2574e-14     1.5306e-15 
  4672.50000     4.3199e-14     1.0036e-15 
  4673.75000     4.3006e-14     7.6967e-16 
  4675.00000     4.2608e-14     8.3218e-16 
  4676.25000     4.2059e-14     6.0838e-16 
  4677.50000     4.2925e-14     5.5470e-16 
  4678.75000     4.2486e-14     4.8912e-16 
  4680.00000     4.2547e-14     4.6489e-16 
  4681.25000     4.2745e-14     5.2439e-16 
  4682.50000     4.1421e-14     5.4705e-16 
  4683.75000     4.4048e-14     6.5872e-16 
  4685.00000     4.3064e-14     7.0065e-16 
  4686.25000     4.2830e-14     6.7087e-16 
  4687.50000     4.3179e-14     6.0863e-16 
  4688.75000     4.2759e-14     5.1859e-16 
  4690.00000     4.1100e-14     1.0540e-15 
  4691.25000     4.1046e-14    -7.6099e-16 
  4692.50000     4.2494e-14    -8.7700e-15 
  4693.75000     4.2745e-14     3.8530e-15 
  4695.00000     4.1657e-14     1.8263e-15 
  4696.25000     4.1511e-14     7.0506e-16 
  4697.50000     4.1932e-14     5.6825e-16 
  4698.75000     4.0643e-14     4.6290e-16 
  4700.00000     4.2428e-14     3.2164e-16 
  4701.25000     4.2443e-14     2.6920e-16 
  4702.50000     4.1913e-14     3.2129e-16 
  4703.75000     4.0862e-14     8.2410e-16 
  4705.00000     4.0269e-14     1.1451e-15 
  4706.25000     4.0051e-14     8.8884e-16 
  4707.50000     4.1876e-14     6.5127e-16 
  4708.75000     4.0606e-14     3.7499e-16 
  4710.00000     3.9698e-14     3.3074e-16 
  4711.25000     4.0865e-14     3.2828e-16 
  4712.50000     4.2192e-14     2.9526e-16 
  4713.75000     4.0156e-14     2.9248e-16 
  4715.00000     4.1565e-14     3.5014e-16 
  4716.25000     4.0113e-14     3.3534e-16 
  4717.50000     4.3026e-14     3.9179e-16 
  4718.75000     4.2442e-14     4.1293e-16 
  4720.00000     4.1127e-14     4.1101e-16 
  4721.25000     4.2451e-14     4.0798e-16 
  4722.50000     4.2649e-14     4.0009e-16 
  4723.75000     4.1591e-14     4.0598e-16 
  4725.00000     4.1044e-14     4.6572e-16 
  4726.25000     4.2623e-14     5.5988e-16 
  4727.50000     4.1458e-14     6.2950e-16 
  4728.75000     4.4124e-14     5.6856e-16 
  4730.00000     4.0021e-14     4.8576e-16 
  4731.25000     3.9291e-14     5.3921e-16 
  4732.50000     4.1922e-14     6.2641e-16 
  4733.75000     4.1524e-14     6.3198e-16 
  4735.00000     4.0791e-14     6.1951e-16 
  4736.25000     3.9259e-14     5.9233e-16 
  4737.50000     4.0979e-14     6.1987e-16 
  4738.75000     4.1095e-14     6.5324e-16 
  4740.00000     4.2411e-14     6.3924e-16 
  4741.25000     4.1067e-14     5.9974e-16 
  4742.50000     4.2388e-14     6.1857e-16 
  4743.75000     4.1872e-14     6.9298e-16 
  4745.00000     4.0767e-14     7.5026e-16 
  4746.25000     4.2519e-14     8.7701e-16 
  4747.50000     4.2062e-14     9.3021e-16 
  4748.75000     4.2247e-14     1.4594e-15 
  4750.00000     4.2267e-14     1.1421e-15 
  4751.25000     4.3496e-14     8.8112e-16 
  4752.50000     4.2494e-14     6.8122e-16 
  4753.75000     4.0765e-14     6.7251e-16 
  4755.00000     4.3454e-14     7.2076e-16 
  4756.25000     4.2012e-14     6.8438e-16 
  4757.50000     4.2220e-14     7.5152e-16 
  4758.75000     4.2241e-14     8.0155e-16 
  4760.00000     4.1791e-14     7.3471e-16 
  4761.25000     4.2047e-14     7.3923e-16 
  4762.50000     4.1768e-14     7.0475e-16 
  4763.75000     4.0833e-14     7.7037e-16 
  4765.00000     4.2363e-14     8.3543e-16 
  4766.25000     4.1160e-14     8.5272e-16 
  4767.50000     4.2463e-14     8.5967e-16 
  4768.75000     4.0858e-14     7.7054e-16 
  4770.00000     4.0125e-14     1.0807e-15 
  4771.25000     4.2148e-14     1.4120e-15 
  4772.50000     4.2404e-14     6.3210e-15 
  4773.75000     4.2528e-14     5.1396e-15 
  4775.00000     4.3454e-14     2.0696e-15 
  4776.25000     4.3609e-14     1.6661e-15 
  4777.50000     4.1887e-14     1.1318e-15 
  4778.75000     4.3145e-14     8.5671e-16 
  4780.00000     4.2214e-14     8.6384e-16 
  4781.25000     4.0555e-14     7.5004e-16 
  4782.50000     4.2089e-14     9.7008e-16 
  4783.75000     4.0885e-14     2.4323e-15 
  4785.00000     4.1232e-14     5.1086e-15 
  4786.25000     4.3325e-14     6.5217e-15 
  4787.50000     3.9881e-14     5.8847e-15 
  4788.75000     4.2459e-14     1.1898e-15 
  4790.00000     4.0578e-14     5.8758e-16 
  4791.25000     4.4718e-14     6.9539e-16 
  4792.50000     4.1143e-14     6.9425e-16 
  4793.75000     4.1257e-14     6.9317e-16 
  4795.00000     4.3334e-14     8.1777e-16 
  4796.25000     4.3104e-14     7.7525e-16 
  4797.50000     4.1516e-14     8.6667e-16 
  4798.75000     4.3924e-14     1.3456e-15 
  4800.00000     4.2396e-14     1.0605e-15 
  4801.25000     4.3165e-14     8.2486e-16 
  4802.50000     4.1360e-14     6.9563e-16 
  4803.75000     4.2638e-14     6.5177e-16 
  4805.00000     4.3010e-14     7.0156e-16 
  4806.25000     4.4305e-14     7.5006e-16 
  4807.50000     4.3123e-14     7.2920e-16 
  4808.75000     4.3869e-14     7.3701e-16 
  4810.00000     4.1931e-14     7.8955e-16 
  4811.25000     4.1350e-14     7.5972e-16 
  4812.50000     4.1601e-14     7.4653e-16 
  4813.75000     4.3159e-14     7.8256e-16 
  4815.00000     4.2907e-14     8.6682e-16 
  4816.25000     4.1865e-14     7.5052e-16 
  4817.50000     4.2926e-14     8.6856e-16 
  4818.75000     4.1261e-14     9.4437e-16 
  4820.00000     4.2293e-14     9.8434e-16 
  4821.25000     4.2914e-14     1.0335e-15 
  4822.50000     4.2893e-14     1.0370e-15 
  4823.75000     4.2956e-14     9.9003e-16 
  4825.00000     4.1806e-14     8.3114e-16 
  4826.25000     4.0952e-14     7.7912e-16 
  4827.50000     4.2428e-14     1.0312e-15 
  4828.75000     3.9680e-14     9.6200e-16 
  4830.00000     4.1676e-14     9.0942e-16 
  4831.25000     4.2983e-14     1.0628e-15 
  4832.50000     4.1644e-14     1.0237e-15 
  4833.75000     4.1970e-14     9.6210e-16 
  4835.00000     4.1060e-14     1.0754e-15 
  4836.25000     4.1989e-14     1.0084e-15 
  4837.50000     4.0399e-14     7.0659e-16 
  4838.75000     3.9134e-14     7.3898e-16 
  4840.00000     4.0261e-14     8.8749e-16 
  4841.25000     4.1916e-14     9.0515e-16 
  4842.50000     3.9349e-14     9.2099e-16 
  4843.75000     4.0341e-14     1.1247e-15 
  4845.00000     4.0481e-14     1.0236e-15 
  4846.25000     4.0450e-14     1.1128e-15 
  4847.50000     3.9479e-14     1.1821e-15 
  4848.75000     3.8742e-14     9.0425e-16 
  4850.00000     3.9822e-14     1.1375e-15 
  4851.25000     3.6998e-14     1.3685e-15 
  4852.50000     3.8004e-14     1.1552e-15 
  4853.75000     3.5735e-14     7.2658e-16 
  4855.00000     3.5407e-14     8.6783e-16 
  4856.25000     3.4304e-14     9.4224e-16 
  4857.50000     3.3375e-14     1.0115e-15 
  4858.75000     3.0213e-14     1.0154e-15 
  4860.00000     2.9067e-14     1.0260e-15 
  4861.25000     2.9519e-14     1.1698e-15 
  4862.50000     2.9685e-14     8.7781e-16 
  4863.75000     2.8666e-14     8.2993e-16 
  4865.00000     3.1167e-14     1.0447e-15 
  4866.25000     3.0257e-14     9.5005e-16 
  4867.50000     3.3707e-14     9.0349e-16 
  4868.75000     3.2976e-14     1.0970e-15 
  4870.00000     3.4992e-14     1.4106e-15 
  4871.25000     3.4662e-14     1.1380e-15 
  4872.50000     3.5517e-14     8.8177e-16 
  4873.75000     3.6747e-14     8.6040e-16 
  4875.00000     3.7575e-14     9.4241e-16 
  4876.25000     3.7232e-14     1.0059e-15 
  4877.50000     3.9537e-14     9.0873e-16 
  4878.75000     3.8990e-14     1.1509e-15 
  4880.00000     4.2052e-14     1.2591e-15 
  4881.25000     4.0016e-14     1.1534e-15 
  4882.50000     4.0339e-14     1.0935e-15 
  4883.75000     3.8738e-14     8.3010e-16 
  4885.00000     3.8229e-14     8.8897e-16 
  4886.25000     3.9622e-14     1.1299e-15 
  4887.50000     3.9933e-14     1.2691e-15 
  4888.75000     4.0816e-14     1.3952e-15 
  4890.00000     4.0385e-14     1.1823e-15 
  4891.25000     4.0348e-14     9.9030e-16 
  4892.50000     4.0404e-14     1.0592e-15 
  4893.75000     4.1496e-14     1.0058e-15 
  4895.00000     4.0698e-14     1.1174e-15 
  4896.25000     4.1235e-14     1.2954e-15 
  4897.50000     3.9944e-14     1.1811e-15 
  4898.75000     4.1041e-14     1.6322e-15 
  4900.00000     4.1541e-14     1.2769e-15 
  4901.25000     4.1259e-14     1.1629e-15 
  4902.50000     4.2145e-14     1.3736e-15 
  4903.75000     4.0825e-14     1.3190e-15 
  4905.00000     4.2009e-14     1.2767e-15 
  4906.25000     4.0220e-14     1.1262e-15 
  4907.50000     4.1621e-14     9.8164e-16 
  4908.75000     4.1351e-14     9.6750e-16 
  4910.00000     4.1370e-14     1.3841e-15 
  4911.25000     4.0335e-14     1.9113e-15 
  4912.50000     4.0372e-14     1.7379e-15 
  4913.75000     3.9691e-14     1.2433e-15 
  4915.00000     4.0144e-14     9.6157e-16 
  4916.25000     3.9576e-14     1.1199e-15 
  4917.50000     3.9843e-14     1.0958e-15 
  4918.75000     3.8399e-14     8.5872e-16 
  4920.00000     3.8716e-14     1.1489e-15 
  4921.25000     3.9842e-14     1.2759e-15 
  4922.50000     3.7641e-14     1.0228e-15 
  4923.75000     3.8630e-14     9.5697e-16 
  4925.00000     3.8053e-14     9.1981e-16 
  4926.25000     3.8364e-14     1.3753e-15 
  4927.50000     3.8669e-14     1.2402e-15 
  4928.75000     4.1485e-14     1.2390e-15 
  4930.00000     4.0605e-14     1.0679e-15 
  4931.25000     4.1114e-14     1.2142e-15 
  4932.50000     4.0259e-14     1.4660e-15 
  4933.75000     4.0891e-14     1.3304e-15 
  4935.00000     4.0301e-14     1.2694e-15 
  4936.25000     4.0467e-14     1.2456e-15 
  4937.50000     3.9983e-14     1.0244e-15 
  4938.75000     3.9667e-14     1.0795e-15 
  4940.00000     4.0538e-14     1.5220e-15 
  4941.25000     3.7963e-14     1.6158e-15 
  4942.50000     3.9805e-14     1.6076e-15 
  4943.75000     3.9615e-14     1.3646e-15 
  4945.00000     4.0361e-14     9.3882e-16 
  4946.25000     4.2196e-14     1.0506e-15 
  4947.50000     4.1335e-14     1.2251e-15 
  4948.75000     4.3168e-14     1.9120e-15 
  4950.00000     4.1158e-14     1.6464e-15 
  4951.25000     4.2259e-14     1.5629e-15 
  4952.50000     4.1800e-14     1.5184e-15 
  4953.75000     4.0384e-14     1.5338e-15 
  4955.00000     4.0948e-14     1.5032e-15 
  4956.25000     3.8955e-14     1.0751e-15 
  4957.50000     4.2747e-14     1.1528e-15 
  4958.75000     3.9780e-14     1.3680e-15 
  4960.00000     3.8063e-14     1.4107e-15 
  4961.25000     4.0893e-14     1.3060e-15 
  4962.50000     3.8915e-14     1.1294e-15 
  4963.75000     4.1524e-14     1.2053e-15 
  4965.00000     3.9928e-14     1.2772e-15 
  4966.25000     4.0833e-14     1.1778e-15 
  4967.50000     4.0192e-14     1.1078e-15 
  4968.75000     4.0195e-14     8.9068e-16 
  4970.00000     4.0019e-14     8.2785e-16 
  4971.25000     3.8816e-14     1.2812e-15 
  4972.50000     3.9689e-14     1.6843e-15 
  4973.75000     4.1892e-14     1.3283e-15 
  4975.00000     3.9999e-14     1.1460e-15 
  4976.25000     3.9910e-14     1.3409e-15 
  4977.50000     3.9797e-14     1.1968e-15 
  4978.75000     4.0608e-14     1.2149e-15 
  4980.00000     3.8429e-14     1.0958e-15 
  4981.25000     3.9366e-14     1.0759e-15 
  4982.50000     4.0018e-14     1.1295e-15 
  4983.75000     3.8822e-14     1.0013e-15 
  4985.00000     3.8268e-14     8.6568e-16 
  4986.25000     3.9194e-14     1.0709e-15 
  4987.50000     3.7603e-14     1.3697e-15 
  4988.75000     3.7674e-14     1.3392e-15 
  4990.00000     4.0145e-14     1.2012e-15 
  4991.25000     3.9377e-14     1.0039e-15 
  4992.50000     3.8456e-14     1.1254e-15 
  4993.75000     3.7534e-14     1.0330e-15 
  4995.00000     3.9009e-14     1.0564e-15 
  4996.25000     3.8225e-14     1.0181e-15 
  4997.50000     3.9632e-14     1.0098e-15 
  4998.75000     3.8091e-14     9.8137e-16 
  5000.00000     3.8253e-14     1.0077e-15 
  5001.25000     4.1068e-14     9.5306e-16 
  5002.50000     3.7617e-14     8.1489e-16 
  5003.75000     3.8947e-14     1.1069e-15 
  5005.00000     3.8924e-14     1.2740e-15 
  5006.25000     3.8107e-14     1.0086e-15 
  5007.50000     3.8385e-14     8.4385e-16 
  5008.75000     3.9322e-14     1.0647e-15 
  5010.00000     3.6817e-14     1.0073e-15 
  5011.25000     3.7564e-14     1.0299e-15 
  5012.50000     3.6632e-14     1.1571e-15 
  5013.75000     3.8750e-14     1.2185e-15 
  5015.00000     3.6724e-14     8.9590e-16 
  5016.25000     3.6467e-14     8.8737e-16 
  5017.50000     3.7739e-14     9.2366e-16 
  5018.75000     3.7364e-14     7.9682e-16 
  5020.00000     3.6978e-14     9.8104e-16 
  5021.25000     3.8552e-14     1.3667e-15 
  5022.50000     3.7562e-14     8.7984e-16 
  5023.75000     3.6819e-14     8.1013e-16 
  5025.00000     3.7557e-14     1.0325e-15 
  5026.25000     3.6153e-14     1.0509e-15 
  5027.50000     4.0155e-14     1.0882e-15 
  5028.75000     3.8177e-14     9.7585e-16 
  5030.00000     3.9323e-14     8.3333e-16 
  5031.25000     3.9114e-14     9.0493e-16 
  5032.50000     3.9226e-14     1.3037e-15 
  5033.75000     3.8914e-14     1.6239e-15 
  5035.00000     3.8425e-14     1.2610e-15 
  5036.25000     3.7276e-14     1.2179e-15 
  5037.50000     3.6976e-14     1.5234e-15 
  5038.75000     3.7653e-14     1.1488e-15 
  5040.00000     3.7420e-14     9.2451e-16 
  5041.25000     3.8349e-14     1.0515e-15 
  5042.50000     3.7463e-14     1.2131e-15 
  5043.75000     3.7754e-14     1.0707e-15 
  5045.00000     3.7353e-14     9.4143e-16 
  5046.25000     3.8714e-14     9.4784e-16 
  5047.50000     3.6884e-14     1.0227e-15 
  5048.75000     3.8371e-14     1.0632e-15 
  5050.00000     3.9545e-14     1.0981e-15 
  5051.25000     3.8367e-14     9.0683e-16 
  5052.50000     3.9175e-14     1.0323e-15 
  5053.75000     3.9457e-14     1.1242e-15 
  5055.00000     4.0622e-14     1.3140e-15 
  5056.25000     3.8723e-14     9.9675e-16 
  5057.50000     3.8866e-14     1.0030e-15 
  5058.75000     3.8497e-14     1.2043e-15 
  5060.00000     3.7937e-14     1.2329e-15 
  5061.25000     3.8020e-14     1.0084e-15 
  5062.50000     3.8758e-14     9.4458e-16 
  5063.75000     3.8833e-14     1.0343e-15 
  5065.00000     3.9270e-14     1.0604e-15 
  5066.25000     3.8915e-14     1.0520e-15 
  5067.50000     3.6853e-14     1.0483e-15 
  5068.75000     3.7415e-14     1.1812e-15 
  5070.00000     3.8867e-14     1.4231e-15 
  5071.25000     3.8311e-14     1.1970e-15 
  5072.50000     3.8255e-14     1.2729e-15 
  5073.75000     3.7741e-14     1.1843e-15 
  5075.00000     3.8341e-14     1.0888e-15 
  5076.25000     3.7641e-14     1.0802e-15 
  5077.50000     3.5653e-14     8.1623e-16 
  5078.75000     3.8650e-14     8.9042e-16 
  5080.00000     3.7927e-14     1.2721e-15 
  5081.25000     3.7218e-14     1.2338e-15 
  5082.50000     3.8010e-14     9.0970e-16 
  5083.75000     3.6911e-14     1.3105e-15 
  5085.00000     3.7155e-14     1.6742e-15 
  5086.25000     3.8007e-14     9.3273e-16 
  5087.50000     3.9532e-14     9.1012e-16 
  5088.75000     3.8459e-14     1.1570e-15 
  5090.00000     3.9770e-14     1.4175e-15 
  5091.25000     3.9183e-14     1.1294e-15 
  5092.50000     3.8407e-14     1.0291e-15 
  5093.75000     4.0128e-14     1.1480e-15 
  5095.00000     3.8191e-14     1.2779e-15 
  5096.25000     3.7925e-14     1.9345e-15 
  5097.50000     3.8466e-14     1.7483e-15 
  5098.75000     3.6947e-14     9.9582e-16 
  5100.00000     3.8421e-14     1.0933e-15 
  5101.25000     3.7339e-14     1.1570e-15 
  5102.50000     3.8770e-14     1.1098e-15 
  5103.75000     3.7870e-14     1.3415e-15 
  5105.00000     3.8103e-14     1.0621e-15 
  5106.25000     3.7137e-14     7.2405e-16 
  5107.50000     3.9947e-14     9.3821e-16 
  5108.75000     3.7914e-14     1.2020e-15 
  5110.00000     3.8997e-14     1.2568e-15 
  5111.25000     3.9684e-14     1.4633e-15 
  5112.50000     3.7636e-14     1.1238e-15 
  5113.75000     3.9824e-14     1.1655e-15 
  5115.00000     3.9355e-14     1.0995e-15 
  5116.25000     3.8819e-14     9.8910e-16 
  5117.50000     3.9040e-14     1.2574e-15 
  5118.75000     3.9397e-14     1.0855e-15 
  5120.00000     4.0910e-14     9.0001e-16 
  5121.25000     3.8947e-14     1.0053e-15 
  5122.50000     3.8120e-14     1.0174e-15 
  5123.75000     3.8124e-14     9.6824e-16 
  5125.00000     3.8051e-14     9.7768e-16 
  5126.25000     3.7020e-14     1.9830e-15 
  5127.50000     3.7102e-14     2.2007e-15 
  5128.75000     3.8295e-14     1.0859e-15 
  5130.00000     3.6442e-14     7.5511e-16 
  5131.25000     3.7590e-14     9.9900e-16 
  5132.50000     3.8176e-14     8.7391e-16 
  5133.75000     3.7386e-14     1.0118e-15 
  5135.00000     3.8354e-14     1.4745e-15 
  5136.25000     3.6909e-14     1.2020e-15 
  5137.50000     3.6454e-14     1.1188e-15 
  5138.75000     3.6587e-14     9.9160e-16 
  5140.00000     3.7441e-14     1.0107e-15 
  5141.25000     3.8993e-14     1.1710e-15 
  5142.50000     3.8655e-14     1.3544e-15 
  5143.75000     3.8586e-14     1.1857e-15 
  5145.00000     3.7449e-14     9.4305e-16 
  5146.25000     3.7178e-14     9.5472e-16 
  5147.50000     3.7398e-14     9.0088e-16 
  5148.75000     3.6764e-14     9.2255e-16 
  5150.00000     3.5381e-14     1.0808e-15 
  5151.25000     3.7006e-14     8.7089e-16 
  5152.50000     3.8807e-14     1.0673e-15 
  5153.75000     3.4796e-14     2.7753e-15 
  5155.00000     3.6159e-14     2.6454e-15 
  5156.25000     3.9006e-14     9.2957e-16 
  5157.50000     3.8244e-14     1.2662e-15 
  5158.75000     3.8363e-14     1.1752e-15 
  5160.00000     3.6283e-14     1.0311e-15 
  5161.25000     3.8334e-14     1.2777e-15 
  5162.50000     3.7746e-14     1.1112e-15 
  5163.75000     3.6521e-14     1.0240e-15 
  5165.00000     3.4847e-14     8.5055e-16 
  5166.25000     3.4256e-14     9.1780e-16 
  5167.50000     3.4448e-14     1.1842e-15 
  5168.75000     3.5366e-14     1.3170e-15 
  5170.00000     3.2580e-14     9.4111e-16 
  5171.25000     3.3946e-14     9.6405e-16 
  5172.50000     3.2351e-14     1.0047e-15 
  5173.75000     3.4566e-14     1.2442e-15 
  5175.00000     3.4263e-14     1.1879e-15 
  5176.25000     3.4909e-14     1.0688e-15 
  5177.50000     3.5400e-14     1.1920e-15 
  5178.75000     3.6918e-14     1.1546e-15 
  5180.00000     3.4870e-14     8.4480e-16 
  5181.25000     3.4743e-14     1.1125e-15 
  5182.50000     3.5439e-14     1.3728e-15 
  5183.75000     3.5371e-14     1.2291e-15 
  5185.00000     3.4394e-14     9.1230e-16 
  5186.25000     3.4612e-14     9.9868e-16 
  5187.50000     3.3679e-14     1.4003e-15 
  5188.75000     3.6568e-14     1.3885e-15 
  5190.00000     3.5049e-14     1.0775e-15 
  5191.25000     3.5828e-14     1.1125e-15 
  5192.50000     3.6944e-14     1.2884e-15 
  5193.75000     3.5614e-14     1.0608e-15 
  5195.00000     3.6118e-14     8.5933e-16 
  5196.25000     3.6681e-14     8.0124e-16 
  5197.50000     3.4848e-14     7.5245e-16 
  5198.75000     3.7615e-14     1.0300e-15 
  5200.00000     3.8268e-14     1.1509e-15 
  5201.25000     3.6268e-14     1.0074e-15 
  5202.50000     3.8042e-14     1.2741e-15 
  5203.75000     3.6961e-14     1.2044e-15 
  5205.00000     3.6317e-14     1.0671e-15 
  5206.25000     3.6540e-14     1.1351e-15 
  5207.50000     3.6430e-14     9.5773e-16 
  5208.75000     3.6132e-14     1.1882e-15 
  5210.00000     3.5894e-14     1.7602e-15 
  5211.25000     3.6064e-14     1.2274e-15 
  5212.50000     3.7581e-14     1.1906e-15 
  5213.75000     3.5222e-14     1.1645e-15 
  5215.00000     3.4838e-14     1.2454e-15 
  5216.25000     3.6610e-14     1.4272e-15 
  5217.50000     3.6562e-14     1.4394e-15 
  5218.75000     3.7817e-14     1.8993e-15 
  5220.00000     3.5818e-14     2.1426e-15 
  5221.25000     3.7428e-14     2.0780e-15 
  5222.50000     3.6849e-14     1.3862e-15 
  5223.75000     3.6450e-14     1.5469e-15 
  5225.00000     3.6470e-14     3.0858e-15 
  5226.25000     3.6381e-14     1.8799e-15 
  5227.50000     3.5896e-14     1.6327e-15 
  5228.75000     3.7667e-14     1.4641e-15 
  5230.00000     3.6829e-14     1.1056e-15 
  5231.25000     3.4926e-14     1.2564e-15 
  5232.50000     3.5454e-14     1.0348e-15 
  5233.75000     3.8450e-14     1.1458e-15 
  5235.00000     3.7217e-14     9.8002e-16 
  5236.25000     3.7914e-14     9.8422e-16 
  5237.50000     3.7593e-14     9.1519e-16 
  5238.75000     3.8090e-14     9.0639e-16 
  5240.00000     3.7113e-14     8.9667e-16 
  5241.25000     3.7545e-14     9.2475e-16 
  5242.50000     3.8107e-14     8.7652e-16 
  5243.75000     3.8563e-14     9.0689e-16 
  5245.00000     3.8589e-14     9.7698e-16 
  5246.25000     3.7810e-14     1.1743e-15 
  5247.50000     3.7173e-14     1.0354e-15 
  5248.75000     3.8149e-14     9.1364e-16 
  5250.00000     3.7774e-14     8.3093e-16 
  5251.25000     3.4596e-14     7.5178e-16 
  5252.50000     3.7369e-14     1.0634e-15 
  5253.75000     3.7664e-14     1.0633e-15 
  5255.00000     3.5877e-14     1.0235e-15 
  5256.25000     3.7356e-14     9.5892e-16 
  5257.50000     3.6552e-14     8.0410e-16 
  5258.75000     3.6246e-14     8.0087e-16 
  5260.00000     3.7461e-14     8.8452e-16 
  5261.25000     3.6029e-14     9.5670e-16 
  5262.50000     3.6383e-14     9.2973e-16 
  5263.75000     3.5925e-14     8.2565e-16 
  5265.00000     3.3352e-14     9.6861e-16 
  5266.25000     3.3067e-14     1.1673e-15 
  5267.50000     3.3868e-14     1.4044e-15 
  5268.75000     3.5051e-14     9.5390e-16 
  5270.00000     3.4202e-14     9.0398e-16 
  5271.25000     3.5661e-14     8.4507e-16 
  5272.50000     3.6191e-14     9.2783e-16 
  5273.75000     3.3867e-14     1.1122e-15 
  5275.00000     3.5526e-14     9.9660e-16 
  5276.25000     3.6342e-14     8.4300e-16 
  5277.50000     3.9625e-14     1.3806e-15 
  5278.75000     3.7317e-14     1.1663e-15 
  5280.00000     3.6371e-14     7.6003e-16 
  5281.25000     3.6851e-14     7.9347e-16 
  5282.50000     3.6479e-14     9.2096e-16 
  5283.75000     3.8279e-14     9.3420e-16 
  5285.00000     3.7145e-14     8.7463e-16 
  5286.25000     3.7893e-14     1.1539e-15 
  5287.50000     3.6643e-14     8.8148e-16 
  5288.75000     3.7343e-14     1.2671e-15 
  5290.00000     3.7125e-14     1.1694e-15 
  5291.25000     3.7982e-14     8.0828e-16 
  5292.50000     3.9940e-14     9.1081e-16 
  5293.75000     3.8206e-14     1.2047e-15 
  5295.00000     3.6765e-14     1.0651e-15 
  5296.25000     3.8002e-14     1.0283e-15 
  5297.50000     3.8471e-14     9.3394e-16 
  5298.75000     3.5013e-14     8.9838e-16 
  5300.00000     3.8166e-14     1.1108e-15 
  5301.25000     3.5357e-14     8.7219e-16 
  5302.50000     3.6919e-14     8.5159e-16 
  5303.75000     3.6030e-14     1.0531e-15 
  5305.00000     3.7538e-14     1.0954e-15 
  5306.25000     3.7132e-14     9.1094e-16 
  5307.50000     3.6691e-14     9.6662e-16 
  5308.75000     3.9084e-14     9.5054e-16 
  5310.00000     3.7755e-14     9.1874e-16 
  5311.25000     3.8563e-14     1.3574e-15 
  5312.50000     3.8756e-14     1.3736e-15 
  5313.75000     4.0128e-14     9.8799e-16 
  5315.00000     3.8375e-14     9.1224e-16 
  5316.25000     3.8066e-14     9.4613e-16 
  5317.50000     3.8588e-14     8.8686e-16 
  5318.75000     3.7029e-14     8.3159e-16 
  5320.00000     3.5775e-14     9.9199e-16 
  5321.25000     3.8318e-14     9.4293e-16 
  5322.50000     3.8676e-14     7.8204e-16 
  5323.75000     3.8123e-14     7.8806e-16 
  5325.00000     3.6681e-14     6.7512e-16 
  5326.25000     3.7270e-14     6.5661e-16 
  5327.50000     3.6057e-14     8.0214e-16 
  5328.75000     3.5238e-14     9.1543e-16 
  5330.00000     3.5051e-14     9.2201e-16 
  5331.25000     3.5399e-14     9.9549e-16 
  5332.50000     3.5688e-14     9.6152e-16 
  5333.75000     3.6377e-14     8.0995e-16 
  5335.00000     3.6406e-14     9.0042e-16 
  5336.25000     3.6905e-14     9.7422e-16 
  5337.50000     3.6224e-14     8.0436e-16 
  5338.75000     3.6559e-14     9.2359e-16 
  5340.00000     3.6489e-14     9.2186e-16 
  5341.25000     3.5837e-14     7.5867e-16 
  5342.50000     3.7025e-14     7.6063e-16 
  5343.75000     3.6106e-14     7.5094e-16 
  5345.00000     3.6804e-14     9.1404e-16 
  5346.25000     3.6249e-14     8.2071e-16 
  5347.50000     3.8722e-14     7.8053e-16 
  5348.75000     3.5676e-14     6.3432e-16 
  5350.00000     3.7329e-14     7.1557e-16 
  5351.25000     3.7763e-14     7.6832e-16 
  5352.50000     3.7436e-14     8.3794e-16 
  5353.75000     3.7403e-14     1.0113e-15 
  5355.00000     3.7579e-14     1.0869e-15 
  5356.25000     3.8958e-14     9.0752e-16 
  5357.50000     3.6983e-14     7.9571e-16 
  5358.75000     3.9693e-14     8.5000e-16 
  5360.00000     3.8747e-14     8.3631e-16 
  5361.25000     3.8445e-14     1.1043e-15 
  5362.50000     3.7856e-14     1.0447e-15 
  5363.75000     3.8666e-14     8.9684e-16 
  5365.00000     3.6944e-14     8.5006e-16 
  5366.25000     3.6642e-14     7.1853e-16 
  5367.50000     3.6111e-14     8.3336e-16 
  5368.75000     3.6626e-14     9.9673e-16 
  5370.00000     3.9071e-14     8.9506e-16 
  5371.25000     3.4855e-14     8.0364e-16 
  5372.50000     3.6425e-14     1.4938e-15 
  5373.75000     3.8648e-14     1.1957e-15 
  5375.00000     3.6746e-14     9.7988e-16 
  5376.25000     3.6955e-14     9.8391e-16 
  5377.50000     3.5728e-14     8.8396e-16 
  5378.75000     3.8604e-14     9.1045e-16 
  5380.00000     3.7818e-14     8.1465e-16 
  5381.25000     3.6523e-14     7.6901e-16 
  5382.50000     3.6960e-14     8.3151e-16 
  5383.75000     3.9581e-14     9.3063e-16 
  5385.00000     3.7336e-14     9.2860e-16 
  5386.25000     3.8014e-14     9.0995e-16 
  5387.50000     3.5892e-14     8.4699e-16 
  5388.75000     3.8099e-14     8.8798e-16 
  5390.00000     3.6526e-14     1.1260e-15 
  5391.25000     3.6686e-14     1.2683e-15 
  5392.50000     3.6882e-14     1.1339e-15 
  5393.75000     3.6916e-14     1.1028e-15 
  5395.00000     3.5421e-14     8.6220e-16 
  5396.25000     3.5413e-14     7.9835e-16 
  5397.50000     3.5410e-14     1.2849e-15 
  5398.75000     3.6239e-14     1.3400e-15 
  5400.00000     3.5282e-14     1.1890e-15 
  5401.25000     3.6655e-14     1.2957e-15 
  5402.50000     3.6131e-14     1.4549e-15 
  5403.75000     3.5568e-14     1.0241e-15 
  5405.00000     3.6622e-14     8.1265e-16 
  5406.25000     3.5785e-14     1.0045e-15 
  5407.50000     3.6156e-14     1.0967e-15 
  5408.75000     3.4811e-14     1.5534e-15 
  5410.00000     3.5484e-14     1.2234e-15 
  5411.25000     3.6102e-14     1.0602e-15 
  5412.50000     3.5640e-14     1.1881e-15 
  5413.75000     3.5443e-14     9.8588e-16 
  5415.00000     3.5414e-14     9.9892e-16 
  5416.25000     3.5976e-14     9.6628e-16 
  5417.50000     3.6185e-14     1.0910e-15 
  5418.75000     3.7449e-14     1.3418e-15 
  5420.00000     3.7893e-14     1.1995e-15 
  5421.25000     3.5346e-14     1.0091e-15 
  5422.50000     3.7066e-14     9.4489e-16 
  5423.75000     3.7509e-14     8.6251e-16 
  5425.00000     3.8120e-14     8.4970e-16 
  5426.25000     3.7986e-14     1.0375e-15 
  5427.50000     3.6158e-14     1.1809e-15 
  5428.75000     3.6209e-14     1.0592e-15 
  5430.00000     3.6466e-14     1.0270e-15 
  5431.25000     3.7205e-14     1.1798e-15 
  5432.50000     3.5587e-14     1.0041e-15 
  5433.75000     3.5267e-14     1.3643e-15 
  5435.00000     3.7077e-14     1.5288e-15 
  5436.25000     3.6730e-14     1.0410e-15 
  5437.50000     3.7420e-14     1.1024e-15 
  5438.75000     3.7134e-14     1.1207e-15 
  5440.00000     3.7847e-14     1.1586e-15 
  5441.25000     3.5519e-14     8.2403e-16 
  5442.50000     3.5535e-14     8.2195e-16 
  5443.75000     3.6442e-14     1.0671e-15 
  5445.00000     3.6396e-14     1.0929e-15 
  5446.25000     3.6581e-14     1.1936e-15 
  5447.50000     3.7248e-14     1.1792e-15 
  5448.75000     3.8451e-14     8.7317e-16 
  5450.00000     3.6755e-14     8.8757e-16 
  5451.25000     3.7376e-14     1.0933e-15 
  5452.50000     3.5274e-14     8.8204e-16 
  5453.75000     3.6274e-14     9.1841e-16 
  5455.00000     3.6818e-14     1.1109e-15 
  5456.25000     3.6441e-14     1.1000e-15 
  5457.50000     3.5920e-14     1.0938e-15 
  5458.75000     3.6600e-14     1.0254e-15 
  5460.00000     3.7109e-14     9.6057e-16 
  5461.25000     3.5897e-14     1.0281e-15 
  5462.50000     3.7382e-14     8.8220e-16 
  5463.75000     3.6270e-14     8.1404e-16 
  5465.00000     3.6070e-14     8.2347e-16 
  5466.25000     3.6372e-14     9.0618e-16 
  5467.50000     3.6164e-14     8.7532e-16 
  5468.75000     3.8057e-14     1.2588e-15 
  5470.00000     3.6731e-14     1.3719e-15 
  5471.25000     3.6601e-14     1.2279e-15 
  5472.50000     3.5532e-14     1.1373e-15 
  5473.75000     3.6456e-14     8.9568e-16 
  5475.00000     3.6257e-14     8.8223e-16 
  5476.25000     3.5292e-14     1.0836e-15 
  5477.50000     3.5146e-14     1.3228e-15 
  5478.75000     3.5437e-14     1.4971e-15 
  5480.00000     3.5417e-14     1.4287e-15 
  5481.25000     3.6093e-14     1.2048e-15 
  5482.50000     3.6431e-14     9.3009e-16 
  5483.75000     3.6745e-14     7.3920e-16 
  5485.00000     3.7009e-14     8.2210e-16 
  5486.25000     3.4314e-14     1.0339e-15 
  5487.50000     3.6356e-14     9.6795e-16 
  5488.75000     3.7075e-14     9.2319e-16 
  5490.00000     3.7904e-14     1.2836e-15 
  5491.25000     3.6106e-14     1.0284e-15 
  5492.50000     3.5497e-14     8.0223e-16 
  5493.75000     3.5825e-14     9.1236e-16 
  5495.00000     3.7643e-14     1.0519e-15 
  5496.25000     3.5419e-14     1.1283e-15 
  5497.50000     3.5428e-14     1.1221e-15 
  5498.75000     3.5910e-14     8.7884e-16 
  5500.00000     3.5721e-14     8.7125e-16 
  5501.25000     3.6289e-14     9.5751e-16 
  5502.50000     3.5382e-14     9.6589e-16 
  5503.75000     3.5737e-14     9.1022e-16 
  5505.00000     3.6134e-14     1.0404e-15 
  5506.25000     3.6184e-14     7.6058e-16 
  5507.50000     3.5448e-14     6.7610e-16 
  5508.75000     3.5434e-14     7.3106e-16 
  5510.00000     3.4395e-14     9.1596e-16 
  5511.25000     3.4800e-14     1.0433e-15 
  5512.50000     3.7107e-14     9.7935e-16 
  5513.75000     3.5525e-14     9.8278e-16 
  5515.00000     3.6556e-14     1.1392e-15 
  5516.25000     3.7530e-14     1.1743e-15 
  5517.50000     3.6432e-14     9.4067e-16 
  5518.75000     3.5964e-14     8.9403e-16 
  5520.00000     3.7886e-14     1.1008e-15 
  5521.25000     3.6387e-14     9.0379e-16 
  5522.50000     3.6329e-14     8.1563e-16 
  5523.75000     3.5389e-14     8.2575e-16 
  5525.00000     3.7576e-14     9.4001e-16 
  5526.25000     3.4822e-14     8.4526e-16 
  5527.50000     3.6710e-14     7.5499e-16 
  5528.75000     3.5638e-14     7.3427e-16 
  5530.00000     3.6197e-14     8.2711e-16 
  5531.25000     3.4410e-14     8.3014e-16 
  5532.50000     3.5795e-14     7.8878e-16 
  5533.75000     3.6231e-14     8.2906e-16 
  5535.00000     3.6936e-14     1.0050e-15 
  5536.25000     3.7201e-14     9.3418e-16 
  5537.50000     3.5762e-14     1.0451e-15 
  5538.75000     3.6472e-14     1.1750e-15 
  5540.00000     3.6170e-14     1.0067e-15 
  5541.25000     3.6098e-14     9.5811e-16 
  5542.50000     3.6636e-14     8.3540e-16 
  5543.75000     3.6258e-14     7.7230e-16 
  5545.00000     3.6193e-14     8.5696e-16 
  5546.25000     3.5926e-14     1.1362e-15 
  5547.50000     3.5807e-14     1.0455e-15 
  5548.75000     3.5571e-14     8.4985e-16 
  5550.00000     3.6525e-14     8.5822e-16 
  5551.25000     3.7954e-14     9.6428e-16 
  5552.50000     3.6932e-14     8.7612e-16 
  5553.75000     3.7795e-14     9.6977e-16 
  5555.00000     3.6859e-14     1.0154e-15 
  5556.25000     3.6968e-14     8.1057e-16 
  5557.50000     3.6347e-14     8.3974e-16 
  5558.75000     3.6234e-14     1.1631e-15 
  5560.00000     3.6653e-14     9.5653e-16 
  5561.25000     3.6181e-14     8.7725e-16 
  5562.50000     3.6135e-14     9.8575e-16 
  5563.75000     3.5734e-14     9.5906e-16 
  5565.00000     3.7235e-14     9.9155e-16 
  5566.25000     3.5316e-14     1.0053e-15 
  5567.50000     3.5741e-14     1.0424e-15 
  5568.75000     3.6177e-14     9.7502e-16 
  5570.00000     3.4976e-14     1.0014e-15 
  5571.25000     3.3844e-14     9.1622e-16 
  5572.50000     3.6060e-14     1.0858e-15 
  5573.75000     3.6475e-14     1.1226e-15 
  5575.00000     3.6351e-14     9.7278e-16 
  5576.25000     3.6574e-14     9.9658e-16 
  5577.50000     3.6788e-14     1.2807e-15 
  5578.75000     3.5886e-14     1.7298e-15 
  5580.00000     3.7444e-14     1.4587e-15 
  5581.25000     3.6101e-14     9.3049e-16 
  5582.50000     3.5652e-14     6.9694e-16 
  5583.75000     3.8205e-14     8.7283e-16 
  5585.00000     3.4353e-14     1.4605e-15 
  5586.25000     3.3651e-14     1.8577e-15 
  5587.50000     3.5150e-14     1.4549e-15 
  5588.75000     3.4181e-14     1.3139e-15 
  5590.00000     3.4147e-14     1.7559e-15 
  5591.25000     3.5791e-14     1.1983e-15 
  5592.50000     3.5519e-14     1.8211e-15 
  5593.75000     3.5228e-14     3.3087e-15 
  5595.00000     3.3766e-14     1.2796e-15 
  5596.25000     3.5476e-14     1.1118e-15 
  5597.50000     3.5559e-14     1.1839e-15 
  5598.75000     3.5782e-14     1.0162e-15 
  5600.00000     3.4503e-14     9.3834e-16 
  5601.25000     3.5559e-14     1.0137e-15 
  5602.50000     3.6573e-14     1.0216e-15 
  5603.75000     3.5358e-14     8.9435e-16 
  5605.00000     3.7259e-14     1.0649e-15 
  5606.25000     3.4842e-14     1.1435e-15 
  5607.50000     3.5100e-14     8.5023e-16 
  5608.75000     3.6604e-14     7.1415e-16 
  5610.00000     3.5820e-14     8.6123e-16 
  5611.25000     3.4918e-14     9.1444e-16 
  5612.50000     3.5846e-14     1.0094e-15 
  5613.75000     3.4368e-14     9.6327e-16 
  5615.00000     3.5322e-14     8.8580e-16 
  5616.25000     3.4276e-14     7.6183e-16 
  5617.50000     3.5980e-14     6.9397e-16 
  5618.75000     3.5270e-14     8.3373e-16 
  5620.00000     3.5897e-14     9.1835e-16 
  5621.25000     3.5380e-14     7.7883e-16 
  5622.50000     3.7199e-14     9.3293e-16 
  5623.75000     3.5272e-14     1.1983e-15 
  5625.00000     3.5201e-14     1.0039e-15 
  5626.25000     3.6147e-14     7.1595e-16 
  5627.50000     3.6315e-14     9.3969e-16 
  5628.75000     3.5453e-14     1.1071e-15 
  5630.00000     3.6884e-14     7.5091e-16 
  5631.25000     3.6526e-14     6.6136e-16 
  5632.50000     3.6627e-14     8.6619e-16 
  5633.75000     3.4521e-14     8.5452e-16 
  5635.00000     3.4794e-14     6.6550e-16 
  5636.25000     3.6318e-14     9.0226e-16 
  5637.50000     3.6493e-14     8.5412e-16 
  5638.75000     3.6260e-14     8.4108e-16 
  5640.00000     3.4804e-14     9.5054e-16 
  5641.25000     3.5270e-14     8.1802e-16 
  5642.50000     3.4454e-14     6.4360e-16 
  5643.75000     3.4807e-14     6.5420e-16 
  5645.00000     3.5792e-14     8.3132e-16 
  5646.25000     3.5275e-14     8.4384e-16 
  5647.50000     3.5000e-14     8.3003e-16 
  5648.75000     3.4363e-14     7.0784e-16 
  5650.00000     3.5539e-14     6.9069e-16 
  5651.25000     3.5137e-14     7.9608e-16 
  5652.50000     3.5410e-14     9.1708e-16 
  5653.75000     3.4477e-14     9.4634e-16 
  5655.00000     3.4520e-14     8.1517e-16 
  5656.25000     3.4715e-14     8.0717e-16 
  5657.50000     3.3121e-14     8.1254e-16 
  5658.75000     3.4953e-14     8.3673e-16 
  5660.00000     3.5262e-14     8.4192e-16 
  5661.25000     3.4849e-14     7.4484e-16 
  5662.50000     3.5030e-14     1.2537e-15 
  5663.75000     3.4250e-14     1.4485e-15 
  5665.00000     3.4391e-14     8.4838e-16 
  5666.25000     3.6011e-14     7.6586e-16 
  5667.50000     3.5498e-14     8.0994e-16 
  5668.75000     3.6388e-14     7.8650e-16 
  5670.00000     3.5492e-14     7.4588e-16 
  5671.25000     3.4291e-14     6.6404e-16 
  5672.50000     3.5455e-14     7.4245e-16 
  5673.75000     3.5526e-14     9.3212e-16 
  5675.00000     3.4983e-14     8.6720e-16 
  5676.25000     3.5303e-14     8.3443e-16 
  5677.50000     3.6104e-14     9.8407e-16 
  5678.75000     3.6665e-14     8.7707e-16 
  5680.00000     3.4911e-14     7.1717e-16 
  5681.25000     3.4924e-14     7.4647e-16 
  5682.50000     3.6622e-14     9.9389e-16 
  5683.75000     3.7082e-14     1.1126e-15 
  5685.00000     3.6377e-14     7.2727e-16 
  5686.25000     3.4799e-14     6.4990e-16 
  5687.50000     3.5590e-14     7.1039e-16 
  5688.75000     3.5250e-14     6.7410e-16 
  5690.00000     3.4081e-14     6.9856e-16 
  5691.25000     3.5044e-14     8.6371e-16 
  5692.50000     3.3341e-14     8.4623e-16 
  5693.75000     3.6224e-14     8.1953e-16 
  5695.00000     3.5805e-14     7.6331e-16 
  5696.25000     3.5099e-14     8.2451e-16 
  5697.50000     3.3733e-14     7.5862e-16 
  5698.75000     3.6346e-14     6.4442e-16 
  5700.00000     3.3802e-14     6.4383e-16 
  5701.25000     3.6230e-14     7.2978e-16 
  5702.50000     3.4411e-14     6.7986e-16 
  5703.75000     3.4672e-14     7.5756e-16 
  5705.00000     3.4199e-14     7.3592e-16 
  5706.25000     3.6150e-14     7.3840e-16 
  5707.50000     3.3705e-14     6.9933e-16 
  5708.75000     3.2766e-14     7.4117e-16 
  5710.00000     3.5213e-14     8.1976e-16 
  5711.25000     3.5089e-14     7.3078e-16 
  5712.50000     3.4185e-14     7.1505e-16 
  5713.75000     3.5163e-14     7.2820e-16 
  5715.00000     3.4840e-14     7.0441e-16 
  5716.25000     3.5153e-14     7.4522e-16 
  5717.50000     3.5135e-14     8.1973e-16 
  5718.75000     3.4899e-14     8.7367e-16 
  5720.00000     3.6446e-14     8.1241e-16 
  5721.25000     3.5655e-14     7.6439e-16 
  5722.50000     3.6321e-14     8.6980e-16 
  5723.75000     3.6251e-14     9.8535e-16 
  5725.00000     3.5718e-14     1.0985e-15 
  5726.25000     3.5910e-14     1.0850e-15 
  5727.50000     3.5741e-14     9.0244e-16 
  5728.75000     3.5415e-14     7.5466e-16 
  5730.00000     3.5607e-14     6.9406e-16 
  5731.25000     3.5397e-14     7.0756e-16 
  5732.50000     3.5733e-14     6.7446e-16 
  5733.75000     3.4980e-14     7.5477e-16 
  5735.00000     3.4987e-14     8.9541e-16 
  5736.25000     3.6820e-14     7.8201e-16 
  5737.50000     3.6608e-14     6.3689e-16 
  5738.75000     3.5079e-14     6.0607e-16 
  5740.00000     3.7728e-14     7.5742e-16 
  5741.25000     3.6980e-14     7.0062e-16 
  5742.50000     3.6045e-14     6.0426e-16 
  5743.75000     3.5175e-14     6.7142e-16 
  5745.00000     3.5116e-14     7.5225e-16 
  5746.25000     3.4949e-14     6.4013e-16 
  5747.50000     3.6489e-14     6.0770e-16 
  5748.75000     3.4925e-14     6.5712e-16 
  5750.00000     3.6035e-14     7.5115e-16 
  5751.25000     3.5590e-14     7.8240e-16 
  5752.50000     3.5184e-14     7.4600e-16 
  5753.75000     3.4685e-14     6.3063e-16 
  5755.00000     3.6393e-14     6.7113e-16 
  5756.25000     3.4130e-14     9.1925e-16 
  5757.50000     3.4802e-14     1.0365e-15 
  5758.75000     3.4987e-14     9.5890e-16 
  5760.00000     3.4441e-14     8.2956e-16 
  5761.25000     3.7436e-14     7.8255e-16 
  5762.50000     3.4892e-14     7.6310e-16 
  5763.75000     3.5139e-14     6.8210e-16 
  5765.00000     3.7228e-14     6.7758e-16 
  5766.25000     3.5063e-14     7.0326e-16 
  5767.50000     3.3066e-14     5.8112e-16 
  5768.75000     3.5787e-14     5.4967e-16 
  5770.00000     3.7230e-14     6.0778e-16 
  5771.25000     3.4976e-14     6.1377e-16 
  5772.50000     3.6649e-14     6.1178e-16 
  5773.75000     3.7344e-14     5.3852e-16 
  5775.00000     3.4950e-14     5.4595e-16 
  5776.25000     3.5951e-14     6.1686e-16 
  5777.50000     3.5672e-14     6.3635e-16 
  5778.75000     3.5766e-14     6.5471e-16 
  5780.00000     3.4030e-14     5.7343e-16 
  5781.25000     3.4069e-14     6.1275e-16 
  5782.50000     3.4322e-14     6.1053e-16 
  5783.75000     3.5038e-14     5.3244e-16 
  5785.00000     3.4571e-14     5.6356e-16 
  5786.25000     3.5042e-14     6.9570e-16 
  5787.50000     3.4151e-14     6.8557e-16 
  5788.75000     3.6377e-14     7.1417e-16 
  5790.00000     3.6028e-14     7.0727e-16 
  5791.25000     3.5008e-14     6.2820e-16 
  5792.50000     3.3913e-14     6.4483e-16 
  5793.75000     3.6014e-14     6.5214e-16 
  5795.00000     3.3878e-14     6.3077e-16 
  5796.25000     3.4687e-14     6.9951e-16 
  5797.50000     3.5303e-14     6.2969e-16 
  5798.75000     3.5771e-14     5.9300e-16 
  5800.00000     3.6912e-14     6.1007e-16 
