  4300.00000     3.8695e-14     1.2748e-14 
  4301.25000     3.6777e-14     3.2519e-15 
  4302.50000     3.8640e-14     2.8635e-15 
  4303.75000     3.7431e-14     8.4766e-15 
  4305.00000     3.7668e-14     6.0197e-15 
  4306.25000     3.7096e-14     7.5783e-15 
  4307.50000     3.7896e-14    -1.7863e-14 
  4308.75000     3.5882e-14    -4.3121e-14 
  4310.00000     3.6689e-14     5.3953e-15 
  4311.25000     3.8748e-14     2.2310e-15 
  4312.50000     3.8670e-14     2.3383e-15 
  4313.75000     3.9105e-14    -8.2776e-16 
  4315.00000     3.9241e-14    -5.1038e-15 
  4316.25000     3.9251e-14     1.8978e-16 
  4317.50000     3.9674e-14     2.8152e-15 
  4318.75000     3.9443e-14     1.9186e-15 
  4320.00000     3.7930e-14     2.6050e-15 
  4321.25000     3.8864e-14     3.5172e-15 
  4322.50000     3.8522e-14     5.0623e-15 
  4323.75000     3.9429e-14     3.1001e-15 
  4325.00000     3.9166e-14     2.1261e-15 
  4326.25000     3.8635e-14     3.5028e-15 
  4327.50000     3.8300e-14     3.2078e-15 
  4328.75000     3.8461e-14     8.0352e-15 
  4330.00000     3.5612e-14     7.0703e-15 
  4331.25000     3.6367e-14     2.9822e-15 
  4332.50000     3.3780e-14     1.8366e-15 
  4333.75000     3.3637e-14     1.6959e-15 
  4335.00000     3.3917e-14     1.5002e-15 
  4336.25000     3.2626e-14     2.1428e-15 
  4337.50000     3.0898e-14     3.1946e-15 
  4338.75000     3.1596e-14     3.5276e-15 
  4340.00000     2.9976e-14    -2.4324e-15 
  4341.25000     2.9714e-14     3.3739e-14 
  4342.50000     3.0548e-14     4.9992e-14 
  4343.75000     3.0467e-14    -1.3695e-15 
  4345.00000     3.1967e-14     3.2096e-15 
  4346.25000     3.3569e-14     1.8968e-15 
  4347.50000     3.4075e-14     1.0702e-15 
  4348.75000     3.4684e-14     1.8770e-15 
  4350.00000     3.7763e-14    -8.5697e-15 
  4351.25000     3.6071e-14    -3.0561e-15 
  4352.50000     3.8638e-14     2.4259e-15 
  4353.75000     3.8461e-14     2.5752e-15 
  4355.00000     3.9105e-14     2.1192e-15 
  4356.25000     3.8550e-14     1.3711e-15 
  4357.50000     3.5961e-14     1.3429e-15 
  4358.75000     4.0275e-14     1.6251e-15 
  4360.00000     3.9194e-14     2.4635e-15 
  4361.25000     4.1852e-14     3.8486e-15 
  4362.50000     3.9100e-14     2.2446e-15 
  4363.75000     3.9971e-14     4.2252e-15 
  4365.00000     4.0228e-14     3.2292e-15 
  4366.25000     4.1398e-14     3.8219e-15 
  4367.50000     4.1368e-14     2.2818e-15 
  4368.75000     4.0802e-14     2.5939e-15 
  4370.00000     3.8521e-14     2.7433e-15 
  4371.25000     4.0596e-14     2.4130e-15 
  4372.50000     3.9511e-14     2.4120e-15 
  4373.75000     4.1484e-14     5.1682e-15 
  4375.00000     3.9220e-14     4.4872e-15 
  4376.25000     3.9378e-14     1.6977e-15 
  4377.50000     3.9762e-14     2.2634e-15 
  4378.75000     3.8939e-14     3.9049e-15 
  4380.00000     3.7864e-14     3.2476e-15 
  4381.25000     3.7767e-14     4.2419e-15 
  4382.50000     3.8003e-14     6.0849e-15 
  4383.75000     3.8327e-14     2.9821e-15 
  4385.00000     3.8315e-14     1.9822e-15 
  4386.25000     4.0390e-14     2.3416e-15 
  4387.50000     3.6703e-14     1.9569e-15 
  4388.75000     3.9033e-14     1.5583e-15 
  4390.00000     3.8136e-14     2.9413e-15 
  4391.25000     3.8965e-14     8.7118e-15 
  4392.50000     3.8792e-14    -2.6392e-15 
  4393.75000     3.8479e-14     2.1858e-15 
  4395.00000     3.7801e-14     2.0844e-15 
  4396.25000     3.8751e-14    -1.5460e-16 
  4397.50000     3.9023e-14    -1.6771e-15 
  4398.75000     3.9723e-14     5.3242e-15 
  4400.00000     4.0726e-14     4.0909e-15 
  4401.25000     3.8688e-14     4.0733e-15 
  4402.50000     3.9725e-14     5.2459e-15 
  4403.75000     3.8396e-14     6.5524e-15 
  4405.00000     3.8613e-14     2.1201e-15 
  4406.25000     3.7967e-14     1.6417e-15 
  4407.50000     3.9917e-14     1.4983e-15 
  4408.75000     4.1897e-14     1.4763e-15 
  4410.00000     3.7594e-14     1.2252e-15 
  4411.25000     4.0612e-14     1.8277e-15 
  4412.50000     3.8432e-14     3.2060e-15 
  4413.75000     3.9786e-14     2.6628e-15 
  4415.00000     4.1116e-14     3.1122e-15 
  4416.25000     4.0459e-14     5.9341e-15 
  4417.50000     4.0931e-14     4.7653e-15 
  4418.75000     3.8224e-14     7.9648e-15 
  4420.00000     3.9248e-14     3.5394e-15 
  4421.25000     3.9125e-14     3.3279e-15 
  4422.50000     3.7664e-14     2.5660e-15 
  4423.75000     4.0105e-14     2.0548e-15 
  4425.00000     4.1790e-14     2.4750e-15 
  4426.25000     3.8791e-14     2.9449e-15 
  4427.50000     4.1149e-14     3.1137e-15 
  4428.75000     3.9662e-14     3.9838e-15 
  4430.00000     3.9146e-14     1.6272e-15 
  4431.25000     4.0871e-14     1.9071e-15 
  4432.50000     4.0162e-14     2.0093e-15 
  4433.75000     4.1906e-14     2.9019e-15 
  4435.00000     3.9763e-14     2.9859e-15 
  4436.25000     3.7459e-14     1.2511e-15 
  4437.50000     3.9588e-14     1.1456e-15 
  4438.75000     3.8828e-14     2.6139e-15 
  4440.00000     3.9125e-14     3.7712e-15 
  4441.25000     3.8627e-14     2.4443e-15 
  4442.50000     3.9387e-14     2.0957e-15 
  4443.75000     3.9257e-14     2.7402e-15 
  4445.00000     3.9371e-14     1.7944e-15 
  4446.25000     3.9805e-14     1.2841e-15 
  4447.50000     4.1459e-14     1.3147e-15 
  4448.75000     4.0887e-14     1.2919e-15 
  4450.00000     4.1657e-14     1.6575e-15 
  4451.25000     4.0592e-14     1.7609e-15 
  4452.50000     4.2014e-14     1.8657e-15 
  4453.75000     3.9708e-14     1.9222e-15 
  4455.00000     3.9512e-14     1.4746e-15 
  4456.25000     3.8542e-14     1.3911e-15 
  4457.50000     4.0128e-14     1.4174e-15 
  4458.75000     3.7875e-14     1.2752e-15 
  4460.00000     3.9488e-14     1.4546e-15 
  4461.25000     3.9805e-14     1.6843e-15 
  4462.50000     4.1024e-14     1.6273e-15 
  4463.75000     4.0011e-14     3.1416e-15 
  4465.00000     3.8956e-14     7.3818e-15 
  4466.25000     3.8650e-14     2.8197e-15 
  4467.50000     3.9329e-14     2.4470e-14 
  4468.75000     4.0107e-14     2.3890e-14 
  4470.00000     4.0071e-14     3.6460e-15 
  4471.25000     3.8947e-14     2.0435e-15 
  4472.50000     4.0399e-14     1.9984e-15 
  4473.75000     3.8676e-14     1.2996e-15 
  4475.00000     3.7800e-14     2.9553e-15 
  4476.25000     4.2705e-14     1.2690e-14 
  4477.50000     3.9517e-14     4.4544e-15 
  4478.75000     4.1231e-14     2.4258e-15 
  4480.00000     4.1216e-14     2.6678e-15 
  4481.25000     4.1355e-14     2.1947e-15 
  4482.50000     4.0935e-14     3.9709e-15 
  4483.75000     4.1985e-14     2.0117e-15 
  4485.00000     3.9410e-14     1.7362e-15 
  4486.25000     3.9138e-14     4.8525e-15 
  4487.50000     3.9423e-14    -1.4300e-14 
  4488.75000     4.0877e-14    -3.7747e-14 
  4490.00000     4.1499e-14     3.7650e-15 
  4491.25000     4.1610e-14     6.6840e-16 
  4492.50000     4.1596e-14     5.1610e-15 
  4493.75000     4.1599e-14     2.2576e-15 
  4495.00000     4.0727e-14    -1.4393e-15 
  4496.25000     4.1931e-14     3.4587e-15 
  4497.50000     4.2209e-14     1.7883e-15 
  4498.75000     3.9928e-14     1.7532e-15 
  4500.00000     4.1682e-14     2.1116e-15 
  4501.25000     4.0456e-14     1.3993e-15 
  4502.50000     4.1176e-14     1.3621e-15 
  4503.75000     4.0882e-14     1.7195e-15 
  4505.00000     4.0467e-14     1.5457e-15 
  4506.25000     4.2554e-14     2.2009e-15 
  4507.50000     4.0903e-14     3.9844e-15 
  4508.75000     4.1587e-14     2.3598e-15 
  4510.00000     4.0398e-14     2.0133e-15 
  4511.25000     4.1395e-14     2.1986e-15 
  4512.50000     4.2497e-14     1.6125e-15 
  4513.75000     4.0482e-14     1.2109e-15 
  4515.00000     4.0505e-14     1.7449e-15 
  4516.25000     4.1473e-14     2.8737e-15 
  4517.50000     4.3562e-14     2.6458e-15 
  4518.75000     4.0729e-14     1.5042e-15 
  4520.00000     4.0967e-14     1.2130e-15 
  4521.25000     3.9124e-14     2.0242e-15 
  4522.50000     4.1477e-14     3.0238e-15 
  4523.75000     4.1636e-14     2.1065e-15 
  4525.00000     3.8979e-14     1.1031e-15 
  4526.25000     4.0059e-14     1.1609e-15 
  4527.50000     3.9207e-14     1.1008e-15 
  4528.75000     3.8888e-14     1.5063e-15 
  4530.00000     3.7160e-14     1.2590e-15 
  4531.25000     3.9070e-14     1.4505e-15 
  4532.50000     3.9861e-14     4.0868e-15 
  4533.75000     3.9495e-14     2.3795e-15 
  4535.00000     3.9013e-14     1.0389e-15 
  4536.25000     3.9736e-14     1.5424e-15 
  4537.50000     4.0952e-14     1.2599e-15 
  4538.75000     4.2176e-14     1.3579e-15 
  4540.00000     4.0394e-14     1.9801e-15 
  4541.25000     4.1349e-14     2.4582e-15 
  4542.50000     4.1581e-14     2.4995e-15 
  4543.75000     4.0165e-14     1.3171e-15 
  4545.00000     3.9929e-14     1.3710e-15 
  4546.25000     3.9237e-14     2.0827e-15 
  4547.50000     4.0544e-14     1.5779e-15 
  4548.75000     4.0101e-14     1.0879e-15 
  4550.00000     4.1888e-14     1.5134e-15 
  4551.25000     4.0728e-14     2.6530e-15 
  4552.50000     3.9944e-14     2.8054e-15 
  4553.75000     3.9463e-14     2.2833e-15 
  4555.00000     3.9306e-14     2.1553e-15 
  4556.25000     4.0386e-14     1.3879e-15 
  4557.50000     4.1023e-14     1.0353e-15 
  4558.75000     4.2075e-14     1.5801e-15 
  4560.00000     4.0568e-14     1.2982e-15 
  4561.25000     4.0729e-14     1.6451e-15 
  4562.50000     3.9462e-14     1.6096e-15 
  4563.75000     3.9585e-14     1.2475e-15 
  4565.00000     4.0958e-14     1.4981e-15 
  4566.25000     4.1820e-14     2.0290e-15 
  4567.50000     4.1964e-14     2.2043e-15 
  4568.75000     4.0698e-14     4.0275e-15 
  4570.00000     4.1939e-14     2.2892e-15 
  4571.25000     4.1467e-14     1.2552e-15 
  4572.50000     4.0518e-14     1.0950e-15 
  4573.75000     4.1909e-14     1.3846e-15 
  4575.00000     3.8180e-14     1.0893e-15 
  4576.25000     4.1661e-14     1.6430e-15 
  4577.50000     4.0190e-14     2.0478e-15 
  4578.75000     3.9582e-14     1.2896e-15 
  4580.00000     4.0779e-14     2.4465e-15 
  4581.25000     3.8953e-14     4.3775e-15 
  4582.50000     4.1603e-14     3.3441e-15 
  4583.75000     3.9273e-14     1.1213e-15 
  4585.00000     3.8533e-14     9.2621e-16 
  4586.25000     3.9549e-14     9.2109e-16 
  4587.50000     4.0550e-14     1.2738e-15 
  4588.75000     3.9867e-14     1.2057e-15 
  4590.00000     3.8606e-14     1.3764e-15 
  4591.25000     3.9018e-14     1.4866e-15 
  4592.50000     3.8663e-14     2.6761e-15 
  4593.75000     4.0956e-14     4.2045e-15 
  4595.00000     4.0294e-14     7.8151e-15 
  4596.25000     4.0728e-14     6.7645e-15 
  4597.50000     4.2613e-14     3.4879e-15 
  4598.75000     3.9764e-14     2.0629e-15 
  4600.00000     3.9851e-14     1.5031e-15 
  4601.25000     4.0497e-14     1.2685e-15 
  4602.50000     4.1856e-14     1.1973e-15 
  4603.75000     4.0052e-14     1.0843e-15 
  4605.00000     4.0701e-14     1.0401e-15 
  4606.25000     4.0915e-14     8.2490e-16 
  4607.50000     4.1070e-14     8.6894e-16 
  4608.75000     4.0309e-14     1.1816e-15 
  4610.00000     4.1674e-14     1.3058e-15 
  4611.25000     4.1300e-14     1.2214e-15 
  4612.50000     3.9427e-14     1.0987e-15 
  4613.75000     4.2880e-14     1.0039e-15 
  4615.00000     3.9735e-14     7.6771e-16 
  4616.25000     4.1563e-14     1.0965e-15 
  4617.50000     3.8993e-14     9.4722e-16 
  4618.75000     4.0297e-14     8.3484e-16 
  4620.00000     3.9401e-14     8.9961e-16 
  4621.25000     4.0626e-14     1.4340e-15 
  4622.50000     4.2328e-14     1.1665e-15 
  4623.75000     3.9668e-14     6.9640e-16 
  4625.00000     4.0937e-14     8.4852e-16 
  4626.25000     3.9473e-14     1.1723e-15 
  4627.50000     4.0385e-14     8.2435e-16 
  4628.75000     4.1776e-14     6.9764e-16 
  4630.00000     4.1043e-14     7.3188e-16 
  4631.25000     4.0390e-14     7.4162e-16 
  4632.50000     3.9870e-14     8.2344e-16 
  4633.75000     4.0069e-14     1.1683e-15 
  4635.00000     3.9194e-14     1.0689e-15 
  4636.25000     4.1707e-14     7.9693e-16 
  4637.50000     4.0025e-14     8.4928e-16 
  4638.75000     4.1747e-14     7.2221e-16 
  4640.00000     3.9863e-14     6.7439e-16 
  4641.25000     4.0267e-14     8.3548e-16 
  4642.50000     3.8358e-14     8.2850e-16 
  4643.75000     3.9878e-14     8.3575e-16 
  4645.00000     3.9974e-14     7.3321e-16 
  4646.25000     3.9388e-14     6.9984e-16 
  4647.50000     3.9289e-14     6.2475e-16 
  4648.75000     3.9844e-14     5.8169e-16 
  4650.00000     3.7026e-14     7.2543e-16 
  4651.25000     4.1030e-14     1.0828e-15 
  4652.50000     4.0347e-14     1.0287e-15 
  4653.75000     4.2437e-14     7.9643e-16 
  4655.00000     4.1061e-14     8.7538e-16 
  4656.25000     4.0637e-14     1.2561e-15 
  4657.50000     4.1059e-14     8.4668e-16 
  4658.75000     4.0022e-14     7.7551e-16 
  4660.00000     3.9140e-14     7.7356e-16 
  4661.25000     4.0680e-14     6.7790e-16 
  4662.50000     3.9446e-14     6.1041e-16 
  4663.75000     4.0538e-14     7.6459e-16 
  4665.00000     3.9591e-14     9.8567e-16 
  4666.25000     3.9487e-14     1.4188e-15 
  4667.50000     4.0761e-14     1.2081e-15 
  4668.75000     4.0538e-14     5.3909e-16 
  4670.00000     3.9817e-14     7.8396e-16 
  4671.25000     3.8337e-14     1.1443e-15 
  4672.50000     4.1404e-14     7.9863e-16 
  4673.75000     3.9191e-14     5.8233e-16 
  4675.00000     4.2083e-14     6.8240e-16 
  4676.25000     4.0059e-14     4.8108e-16 
  4677.50000     4.0728e-14     4.3697e-16 
  4678.75000     3.9329e-14     3.7592e-16 
  4680.00000     4.1691e-14     3.7820e-16 
  4681.25000     3.9615e-14     4.0349e-16 
  4682.50000     3.8618e-14     4.2345e-16 
  4683.75000     3.9941e-14     4.9591e-16 
  4685.00000     4.0076e-14     5.4135e-16 
  4686.25000     3.8662e-14     5.0278e-16 
  4687.50000     3.9021e-14     4.5665e-16 
  4688.75000     3.9293e-14     3.9566e-16 
  4690.00000     3.8642e-14     8.2275e-16 
  4691.25000     3.9669e-14    -6.1061e-16 
  4692.50000     4.0152e-14    -6.8800e-15 
  4693.75000     3.8688e-14     2.8953e-15 
  4695.00000     3.7973e-14     1.3822e-15 
  4696.25000     3.8790e-14     5.4700e-16 
  4697.50000     3.9510e-14     4.4454e-16 
  4698.75000     3.8162e-14     3.6086e-16 
  4700.00000     4.0067e-14     2.5218e-16 
  4701.25000     3.9891e-14     2.1006e-16 
  4702.50000     3.7898e-14     2.4120e-16 
  4703.75000     3.8416e-14     6.4325e-16 
  4705.00000     3.8539e-14     9.0985e-16 
  4706.25000     4.0203e-14     7.4076e-16 
  4707.50000     4.0066e-14     5.1734e-16 
  4708.75000     3.7990e-14     2.9128e-16 
  4710.00000     3.8240e-14     2.6451e-16 
  4711.25000     3.9876e-14     2.6596e-16 
  4712.50000     3.8364e-14     2.2290e-16 
  4713.75000     3.8137e-14     2.3062e-16 
  4715.00000     3.8908e-14     2.7212e-16 
  4716.25000     4.0237e-14     2.7928e-16 
  4717.50000     4.0869e-14     3.0898e-16 
  4718.75000     3.9697e-14     3.2066e-16 
  4720.00000     4.0953e-14     3.3980e-16 
  4721.25000     4.1372e-14     3.3011e-16 
  4722.50000     3.9990e-14     3.1146e-16 
  4723.75000     4.1504e-14     3.3636e-16 
  4725.00000     3.9991e-14     3.7674e-16 
  4726.25000     3.8027e-14     4.1472e-16 
  4727.50000     3.9058e-14     4.9239e-16 
  4728.75000     3.8941e-14     4.1659e-16 
  4730.00000     3.7119e-14     3.7405e-16 
  4731.25000     4.1222e-14     4.6968e-16 
  4732.50000     3.8268e-14     4.7475e-16 
  4733.75000     4.0539e-14     5.1225e-16 
  4735.00000     3.8780e-14     4.8899e-16 
  4736.25000     3.8905e-14     4.8735e-16 
  4737.50000     4.0578e-14     5.0961e-16 
  4738.75000     3.9366e-14     5.1953e-16 
  4740.00000     3.8792e-14     4.8544e-16 
  4741.25000     4.1934e-14     5.0845e-16 
  4742.50000     3.8669e-14     4.6850e-16 
  4743.75000     3.8688e-14     5.3159e-16 
  4745.00000     3.9272e-14     6.0006e-16 
  4746.25000     4.0968e-14     7.0157e-16 
  4747.50000     4.0926e-14     7.5145e-16 
  4748.75000     3.9907e-14     1.1445e-15 
  4750.00000     4.1478e-14     9.3053e-16 
  4751.25000     4.1086e-14     6.9101e-16 
  4752.50000     4.1773e-14     5.5598e-16 
  4753.75000     4.1451e-14     5.6775e-16 
  4755.00000     3.9587e-14     5.4515e-16 
  4756.25000     3.8606e-14     5.2214e-16 
  4757.50000     4.1789e-14     6.1758e-16 
  4758.75000     3.8123e-14     6.0060e-16 
  4760.00000     3.8995e-14     5.6918e-16 
  4761.25000     4.0004e-14     5.8392e-16 
  4762.50000     3.8268e-14     5.3609e-16 
  4763.75000     4.0021e-14     6.2688e-16 
  4765.00000     3.9489e-14     6.4656e-16 
  4766.25000     3.9810e-14     6.8475e-16 
  4767.50000     3.9772e-14     6.6851e-16 
  4768.75000     3.7595e-14     5.8865e-16 
  4770.00000     3.9603e-14     8.8556e-16 
  4771.25000     4.2108e-14     1.1712e-15 
  4772.50000     4.0866e-14     5.0577e-15 
  4773.75000     4.1660e-14     4.1800e-15 
  4775.00000     3.8959e-14     1.5405e-15 
  4776.25000     3.9095e-14     1.2401e-15 
  4777.50000     3.9836e-14     8.9368e-16 
  4778.75000     3.9519e-14     6.5150e-16 
  4780.00000     3.7916e-14     6.4418e-16 
  4781.25000     3.9907e-14     6.1277e-16 
  4782.50000     4.0155e-14     7.6840e-16 
  4783.75000     3.7893e-14     1.8717e-15 
  4785.00000     3.9898e-14     4.1042e-15 
  4786.25000     4.0790e-14     5.0978e-15 
  4787.50000     4.0867e-14     5.0065e-15 
  4788.75000     4.0744e-14     9.4795e-16 
  4790.00000     4.0948e-14     4.9228e-16 
  4791.25000     4.1652e-14     5.3776e-16 
  4792.50000     3.9682e-14     5.5593e-16 
  4793.75000     4.1128e-14     5.7370e-16 
  4795.00000     4.0764e-14     6.3869e-16 
  4796.25000     3.9756e-14     5.9365e-16 
  4797.50000     4.0194e-14     6.9664e-16 
  4798.75000     4.1476e-14     1.0549e-15 
  4800.00000     3.9428e-14     8.1884e-16 
  4801.25000     4.0503e-14     6.4261e-16 
  4802.50000     4.0951e-14     5.7183e-16 
  4803.75000     3.9783e-14     5.0489e-16 
  4805.00000     4.1880e-14     5.6717e-16 
  4806.25000     4.0662e-14     5.7153e-16 
  4807.50000     3.8891e-14     5.4600e-16 
  4808.75000     4.0307e-14     5.6222e-16 
  4810.00000     3.9845e-14     6.2291e-16 
  4811.25000     4.1324e-14     6.3036e-16 
  4812.50000     4.1736e-14     6.2181e-16 
  4813.75000     4.0383e-14     6.0793e-16 
  4815.00000     4.0692e-14     6.8252e-16 
  4816.25000     4.0837e-14     6.0782e-16 
  4817.50000     4.1077e-14     6.9005e-16 
  4818.75000     3.9939e-14     7.5894e-16 
  4820.00000     4.0526e-14     7.8310e-16 
  4821.25000     4.0608e-14     8.1193e-16 
  4822.50000     3.9533e-14     7.9352e-16 
  4823.75000     4.0438e-14     7.7379e-16 
  4825.00000     3.8339e-14     6.3282e-16 
  4826.25000     3.8825e-14     6.1326e-16 
  4827.50000     3.9229e-14     7.9160e-16 
  4828.75000     3.9257e-14     7.9018e-16 
  4830.00000     3.9945e-14     7.2368e-16 
  4831.25000     4.0950e-14     8.4063e-16 
  4832.50000     4.0096e-14     8.1835e-16 
  4833.75000     4.0017e-14     7.6161e-16 
  4835.00000     3.8872e-14     8.4524e-16 
  4836.25000     3.7999e-14     7.5770e-16 
  4837.50000     3.9834e-14     5.7844e-16 
  4838.75000     3.8173e-14     5.9847e-16 
  4840.00000     3.8332e-14     7.0153e-16 
  4841.25000     3.8894e-14     6.9732e-16 
  4842.50000     3.7864e-14     7.3579e-16 
  4843.75000     3.9150e-14     9.0619e-16 
  4845.00000     3.7835e-14     7.9429e-16 
  4846.25000     3.5702e-14     8.1544e-16 
  4847.50000     3.8010e-14     9.4491e-16 
  4848.75000     3.6430e-14     7.0595e-16 
  4850.00000     3.6239e-14     8.5941e-16 
  4851.25000     3.4955e-14     1.0734e-15 
  4852.50000     3.2985e-14     8.3246e-16 
  4853.75000     3.5704e-14     6.0272e-16 
  4855.00000     3.2395e-14     6.5922e-16 
  4856.25000     3.2310e-14     7.3682e-16 
  4857.50000     3.1651e-14     7.9645e-16 
  4858.75000     3.1128e-14     8.6858e-16 
  4860.00000     3.0210e-14     8.8534e-16 
  4861.25000     3.1054e-14     1.0217e-15 
  4862.50000     3.0750e-14     7.5495e-16 
  4863.75000     2.9996e-14     7.2102e-16 
  4865.00000     2.9715e-14     8.2697e-16 
  4866.25000     3.2082e-14     8.3636e-16 
  4867.50000     3.3180e-14     7.3839e-16 
  4868.75000     3.2334e-14     8.9303e-16 
  4870.00000     3.1936e-14     1.0689e-15 
  4871.25000     3.4569e-14     9.4230e-16 
  4872.50000     3.5211e-14     7.2578e-16 
  4873.75000     3.7793e-14     7.3468e-16 
  4875.00000     3.5051e-14     7.2987e-16 
  4876.25000     3.6306e-14     8.1437e-16 
  4877.50000     3.5060e-14     6.6904e-16 
  4878.75000     3.6662e-14     8.9850e-16 
  4880.00000     3.9479e-14     9.8138e-16 
  4881.25000     3.6080e-14     8.6341e-16 
  4882.50000     3.7778e-14     8.5024e-16 
  4883.75000     3.7733e-14     6.7131e-16 
  4885.00000     3.5187e-14     6.7934e-16 
  4886.25000     3.8977e-14     9.2286e-16 
  4887.50000     3.7703e-14     9.9486e-16 
  4888.75000     3.8685e-14     1.0979e-15 
  4890.00000     3.8032e-14     9.2443e-16 
  4891.25000     3.7339e-14     7.6087e-16 
  4892.50000     3.8525e-14     8.3850e-16 
  4893.75000     4.0501e-14     8.1507e-16 
  4895.00000     4.0141e-14     9.1504e-16 
  4896.25000     3.7716e-14     9.8370e-16 
  4897.50000     3.9963e-14     9.8107e-16 
  4898.75000     4.1715e-14     1.3774e-15 
  4900.00000     3.8487e-14     9.8222e-16 
  4901.25000     4.0126e-14     9.3901e-16 
  4902.50000     4.0071e-14     1.0843e-15 
  4903.75000     3.9158e-14     1.0504e-15 
  4905.00000     3.9216e-14     9.8952e-16 
  4906.25000     3.8779e-14     9.0154e-16 
  4907.50000     3.9571e-14     7.7487e-16 
  4908.75000     3.9664e-14     7.7049e-16 
  4910.00000     3.9708e-14     1.1029e-15 
  4911.25000     3.9899e-14     1.5697e-15 
  4912.50000     3.6844e-14     1.3168e-15 
  4913.75000     3.8445e-14     9.9988e-16 
  4915.00000     3.9755e-14     7.9061e-16 
  4916.25000     3.7272e-14     8.7568e-16 
  4917.50000     3.9343e-14     8.9840e-16 
  4918.75000     3.8143e-14     7.0820e-16 
  4920.00000     3.9107e-14     9.6350e-16 
  4921.25000     3.7009e-14     9.8401e-16 
  4922.50000     3.6775e-14     8.2966e-16 
  4923.75000     3.8268e-14     7.8708e-16 
  4925.00000     3.8180e-14     7.6622e-16 
  4926.25000     3.9667e-14     1.1806e-15 
  4927.50000     3.9525e-14     1.0524e-15 
  4928.75000     3.7226e-14     9.2306e-16 
  4930.00000     3.6300e-14     7.9265e-16 
  4931.25000     3.7358e-14     9.1603e-16 
  4932.50000     3.9129e-14     1.1829e-15 
  4933.75000     3.9819e-14     1.0756e-15 
  4935.00000     3.8483e-14     1.0064e-15 
  4936.25000     3.8640e-14     9.8743e-16 
  4937.50000     3.7367e-14     7.9488e-16 
  4938.75000     3.9926e-14     9.0212e-16 
  4940.00000     3.9728e-14     1.2384e-15 
  4941.25000     4.0780e-14     1.4410e-15 
  4942.50000     4.0151e-14     1.3463e-15 
  4943.75000     4.0584e-14     1.1606e-15 
  4945.00000     4.3073e-14     8.3183e-16 
  4946.25000     4.0349e-14     8.3410e-16 
  4947.50000     3.8410e-14     9.4513e-16 
  4948.75000     3.9600e-14     1.4562e-15 
  4950.00000     3.9809e-14     1.3221e-15 
  4951.25000     3.9160e-14     1.2025e-15 
  4952.50000     3.9113e-14     1.1796e-15 
  4953.75000     3.9943e-14     1.2596e-15 
  4955.00000     3.8876e-14     1.1849e-15 
  4956.25000     3.9138e-14     8.9682e-16 
  4957.50000     3.9411e-14     8.8238e-16 
  4958.75000     3.9009e-14     1.1137e-15 
  4960.00000     3.9844e-14     1.2260e-15 
  4961.25000     3.7031e-14     9.8188e-16 
  4962.50000     3.9550e-14     9.5295e-16 
  4963.75000     3.7453e-14     9.0261e-16 
  4965.00000     3.9613e-14     1.0520e-15 
  4966.25000     3.9015e-14     9.3435e-16 
  4967.50000     3.8737e-14     8.8644e-16 
  4968.75000     3.7883e-14     6.9695e-16 
  4970.00000     3.9113e-14     6.7176e-16 
  4971.25000     3.8902e-14     1.0661e-15 
  4972.50000     3.8460e-14     1.3551e-15 
  4973.75000     4.0838e-14     1.0750e-15 
  4975.00000     3.9236e-14     9.3331e-16 
  4976.25000     3.8982e-14     1.0874e-15 
  4977.50000     3.8837e-14     9.6970e-16 
  4978.75000     3.9491e-14     9.8091e-16 
  4980.00000     3.9997e-14     9.4695e-16 
  4981.25000     3.9087e-14     8.8694e-16 
  4982.50000     3.6110e-14     8.4619e-16 
  4983.75000     3.7952e-14     8.1270e-16 
  4985.00000     3.8833e-14     7.2934e-16 
  4986.25000     3.7164e-14     8.4306e-16 
  4987.50000     3.9394e-14     1.1913e-15 
  4988.75000     3.7041e-14     1.0932e-15 
  4990.00000     3.8797e-14     9.6377e-16 
  4991.25000     3.8365e-14     8.1205e-16 
  4992.50000     3.7901e-14     9.2089e-16 
  4993.75000     3.8125e-14     8.7112e-16 
  4995.00000     3.7970e-14     8.5369e-16 
  4996.25000     3.8026e-14     8.4090e-16 
  4997.50000     3.7105e-14     7.8494e-16 
  4998.75000     3.9178e-14     8.3803e-16 
  5000.00000     3.6093e-14     7.8942e-16 
  5001.25000     3.7699e-14     7.2636e-16 
  5002.50000     3.7880e-14     6.8129e-16 
  5003.75000     3.7819e-14     8.9234e-16 
  5005.00000     3.7710e-14     1.0247e-15 
  5006.25000     3.5428e-14     7.7852e-16 
  5007.50000     3.6756e-14     6.7087e-16 
  5008.75000     3.7176e-14     8.3571e-16 
  5010.00000     3.5887e-14     8.1514e-16 
  5011.25000     3.7836e-14     8.6125e-16 
  5012.50000     3.6269e-14     9.5117e-16 
  5013.75000     3.7953e-14     9.9083e-16 
  5015.00000     3.7236e-14     7.5419e-16 
  5016.25000     3.6643e-14     7.4029e-16 
  5017.50000     3.5960e-14     7.3072e-16 
  5018.75000     3.5469e-14     6.2801e-16 
  5020.00000     3.6179e-14     7.9691e-16 
  5021.25000     3.7196e-14     1.0948e-15 
  5022.50000     3.7096e-14     7.2142e-16 
  5023.75000     3.6840e-14     6.7299e-16 
  5025.00000     3.8453e-14     8.7764e-16 
  5026.25000     3.7246e-14     8.9888e-16 
  5027.50000     3.9195e-14     8.8186e-16 
  5028.75000     3.8694e-14     8.2117e-16 
  5030.00000     3.6834e-14     6.4808e-16 
  5031.25000     3.7783e-14     7.2575e-16 
  5032.50000     3.8227e-14     1.0549e-15 
  5033.75000     3.5726e-14     1.2378e-15 
  5035.00000     3.7161e-14     1.0125e-15 
  5036.25000     3.6277e-14     9.8407e-16 
  5037.50000     3.5887e-14     1.2275e-15 
  5038.75000     3.8075e-14     9.6448e-16 
  5040.00000     3.8344e-14     7.8653e-16 
  5041.25000     3.7212e-14     8.4708e-16 
  5042.50000     3.7835e-14     1.0171e-15 
  5043.75000     3.7385e-14     8.8024e-16 
  5045.00000     3.8213e-14     7.9961e-16 
  5046.25000     3.6900e-14     7.5007e-16 
  5047.50000     3.6958e-14     8.5082e-16 
  5048.75000     3.7431e-14     8.6111e-16 
  5050.00000     3.7490e-14     8.6432e-16 
  5051.25000     3.8709e-14     7.5960e-16 
  5052.50000     3.7214e-14     8.1415e-16 
  5053.75000     3.6568e-14     8.6500e-16 
  5055.00000     3.7370e-14     1.0036e-15 
  5056.25000     3.6391e-14     7.7771e-16 
  5057.50000     3.9434e-14     8.4487e-16 
  5058.75000     3.6768e-14     9.5499e-16 
  5060.00000     3.6724e-14     9.9087e-16 
  5061.25000     3.8564e-14     8.4917e-16 
  5062.50000     3.8819e-14     7.8547e-16 
  5063.75000     3.7959e-14     8.3940e-16 
  5065.00000     3.7142e-14     8.3269e-16 
  5066.25000     3.7024e-14     8.3097e-16 
  5067.50000     3.9261e-14     9.2724e-16 
  5068.75000     3.7402e-14     9.8031e-16 
  5070.00000     3.7669e-14     1.1451e-15 
  5071.25000     3.8412e-14     9.9645e-16 
  5072.50000     3.7373e-14     1.0324e-15 
  5073.75000     3.7908e-14     9.8759e-16 
  5075.00000     3.6951e-14     8.7121e-16 
  5076.25000     3.8428e-14     9.1560e-16 
  5077.50000     3.8284e-14     7.2768e-16 
  5078.75000     3.6968e-14     7.0710e-16 
  5080.00000     3.7707e-14     1.0500e-15 
  5081.25000     3.6671e-14     1.0093e-15 
  5082.50000     3.6965e-14     7.3451e-16 
  5083.75000     3.7299e-14     1.0994e-15 
  5085.00000     3.8686e-14     1.4473e-15 
  5086.25000     3.7888e-14     7.7197e-16 
  5087.50000     3.8360e-14     7.3322e-16 
  5088.75000     3.8503e-14     9.6168e-16 
  5090.00000     3.5759e-14     1.0582e-15 
  5091.25000     3.8140e-14     9.1270e-16 
  5092.50000     3.6896e-14     8.2079e-16 
  5093.75000     3.8242e-14     9.0834e-16 
  5095.00000     3.5624e-14     9.8964e-16 
  5096.25000     3.5416e-14     1.4998e-15 
  5097.50000     3.6304e-14     1.3700e-15 
  5098.75000     3.9187e-14     8.7690e-16 
  5100.00000     3.7717e-14     8.9106e-16 
  5101.25000     3.4854e-14     8.9665e-16 
  5102.50000     3.7523e-14     8.9177e-16 
  5103.75000     3.6967e-14     1.0872e-15 
  5105.00000     3.8316e-14     8.8671e-16 
  5106.25000     3.8448e-14     6.2236e-16 
  5107.50000     3.7009e-14     7.2166e-16 
  5108.75000     3.5968e-14     9.4673e-16 
  5110.00000     3.7352e-14     9.9944e-16 
  5111.25000     3.5879e-14     1.0984e-15 
  5112.50000     3.8034e-14     9.4290e-16 
  5113.75000     3.7928e-14     9.2161e-16 
  5115.00000     3.8501e-14     8.9305e-16 
  5116.25000     3.6841e-14     7.7935e-16 
  5117.50000     4.0211e-14     1.0753e-15 
  5118.75000     3.6879e-14     8.4361e-16 
  5120.00000     3.4096e-14     6.2277e-16 
  5121.25000     3.6083e-14     7.7329e-16 
  5122.50000     3.6328e-14     8.0501e-16 
  5123.75000     3.7332e-14     7.8718e-16 
  5125.00000     3.8262e-14     8.1622e-16 
  5126.25000     3.9467e-14     1.7552e-15 
  5127.50000     3.6251e-14     1.7852e-15 
  5128.75000     3.6062e-14     8.4897e-16 
  5130.00000     3.4476e-14     5.9311e-16 
  5131.25000     3.5205e-14     7.7680e-16 
  5132.50000     3.7429e-14     7.1136e-16 
  5133.75000     3.6655e-14     8.2364e-16 
  5135.00000     3.5085e-14     1.1198e-15 
  5136.25000     3.7698e-14     1.0193e-15 
  5137.50000     3.6616e-14     9.3303e-16 
  5138.75000     3.6731e-14     8.2652e-16 
  5140.00000     3.7191e-14     8.3350e-16 
  5141.25000     3.5464e-14     8.8421e-16 
  5142.50000     3.6654e-14     1.0663e-15 
  5143.75000     3.5645e-14     9.0943e-16 
  5145.00000     3.6240e-14     7.5769e-16 
  5146.25000     3.8622e-14     8.2344e-16 
  5147.50000     3.5051e-14     7.0101e-16 
  5148.75000     3.6767e-14     7.6601e-16 
  5150.00000     3.5858e-14     9.0940e-16 
  5151.25000     3.4607e-14     6.7618e-16 
  5152.50000     3.7621e-14     8.5907e-16 
  5153.75000     3.3975e-14     2.2498e-15 
  5155.00000     3.6611e-14     2.2238e-15 
  5156.25000     3.5801e-14     7.0835e-16 
  5157.50000     3.8074e-14     1.0466e-15 
  5158.75000     3.6938e-14     9.3950e-16 
  5160.00000     3.7578e-14     8.8664e-16 
  5161.25000     3.5842e-14     9.9183e-16 
  5162.50000     3.7169e-14     9.0851e-16 
  5163.75000     3.5420e-14     8.2452e-16 
  5165.00000     3.5948e-14     7.2848e-16 
  5166.25000     3.5684e-14     7.9376e-16 
  5167.50000     3.7866e-14     1.0808e-15 
  5168.75000     3.4924e-14     1.0798e-15 
  5170.00000     3.4736e-14     8.3306e-16 
  5171.25000     3.2032e-14     7.5527e-16 
  5172.50000     3.5573e-14     9.1721e-16 
  5173.75000     3.2682e-14     9.7672e-16 
  5175.00000     3.4764e-14     1.0007e-15 
  5176.25000     3.4302e-14     8.7191e-16 
  5177.50000     3.5570e-14     9.9439e-16 
  5178.75000     3.4239e-14     8.8904e-16 
  5180.00000     3.3492e-14     6.7368e-16 
  5181.25000     3.4037e-14     9.0484e-16 
  5182.50000     3.6518e-14     1.1744e-15 
  5183.75000     3.5617e-14     1.0276e-15 
  5185.00000     3.3400e-14     7.3554e-16 
  5186.25000     3.4495e-14     8.2635e-16 
  5187.50000     3.4997e-14     1.2081e-15 
  5188.75000     3.5271e-14     1.1119e-15 
  5190.00000     3.4343e-14     8.7657e-16 
  5191.25000     3.5967e-14     9.2725e-16 
  5192.50000     3.5352e-14     1.0236e-15 
  5193.75000     3.6856e-14     9.1140e-16 
  5195.00000     3.6759e-14     7.2612e-16 
  5196.25000     3.4169e-14     6.1967e-16 
  5197.50000     3.8064e-14     6.8237e-16 
  5198.75000     3.7393e-14     8.5014e-16 
  5200.00000     3.5267e-14     8.8060e-16 
  5201.25000     3.5721e-14     8.2374e-16 
  5202.50000     3.4528e-14     9.6010e-16 
  5203.75000     3.7207e-14     1.0066e-15 
  5205.00000     3.6532e-14     8.9123e-16 
  5206.25000     3.6051e-14     9.2977e-16 
  5207.50000     3.4961e-14     7.6309e-16 
  5208.75000     3.4825e-14     9.5084e-16 
  5210.00000     3.7376e-14     1.5217e-15 
  5211.25000     3.7124e-14     1.0490e-15 
  5212.50000     3.7195e-14     9.7833e-16 
  5213.75000     3.7987e-14     1.0428e-15 
  5215.00000     3.7586e-14     1.1156e-15 
  5216.25000     3.7554e-14     1.2154e-15 
  5217.50000     3.7455e-14     1.2242e-15 
  5218.75000     3.6767e-14     1.5331e-15 
  5220.00000     3.5598e-14     1.7679e-15 
  5221.25000     3.6871e-14     1.6996e-15 
  5222.50000     3.5443e-14     1.1070e-15 
  5223.75000     3.7096e-14     1.3071e-15 
  5225.00000     3.6260e-14     2.5472e-15 
  5226.25000     3.6766e-14     1.5773e-15 
  5227.50000     3.6713e-14     1.3864e-15 
  5228.75000     3.5126e-14     1.1336e-15 
  5230.00000     3.7301e-14     9.2969e-16 
  5231.25000     3.6422e-14     1.0878e-15 
  5232.50000     3.4152e-14     8.2761e-16 
  5233.75000     3.4933e-14     8.6429e-16 
  5235.00000     3.5371e-14     7.7330e-16 
  5236.25000     3.8663e-14     8.3329e-16 
  5237.50000     3.7929e-14     7.6662e-16 
  5238.75000     3.8162e-14     7.5395e-16 
  5240.00000     3.8529e-14     7.7286e-16 
  5241.25000     3.7092e-14     7.5851e-16 
  5242.50000     3.9867e-14     7.6134e-16 
  5243.75000     3.5609e-14     6.9527e-16 
  5245.00000     3.7766e-14     7.9384e-16 
  5246.25000     3.8736e-14     9.9881e-16 
  5247.50000     3.6585e-14     8.4603e-16 
  5248.75000     3.7747e-14     7.5056e-16 
  5250.00000     3.6189e-14     6.6093e-16 
  5251.25000     3.6573e-14     6.5984e-16 
  5252.50000     3.5959e-14     8.4957e-16 
  5253.75000     3.7027e-14     8.6789e-16 
  5255.00000     3.6857e-14     8.7295e-16 
  5256.25000     3.6531e-14     7.7856e-16 
  5257.50000     3.5349e-14     6.4563e-16 
  5258.75000     3.6962e-14     6.7805e-16 
  5260.00000     3.8439e-14     7.5355e-16 
  5261.25000     3.6458e-14     8.0376e-16 
  5262.50000     3.8178e-14     8.0999e-16 
  5263.75000     3.5524e-14     6.7784e-16 
  5265.00000     3.5580e-14     8.5791e-16 
  5266.25000     3.6232e-14     1.0619e-15 
  5267.50000     3.5058e-14     1.2070e-15 
  5268.75000     3.4665e-14     7.8325e-16 
  5270.00000     3.6555e-14     8.0216e-16 
  5271.25000     3.4378e-14     6.7638e-16 
  5272.50000     3.6271e-14     7.7203e-16 
  5273.75000     3.5354e-14     9.6393e-16 
  5275.00000     3.7695e-14     8.7794e-16 
  5276.25000     3.6170e-14     6.9659e-16 
  5277.50000     3.7590e-14     1.0874e-15 
  5278.75000     3.4457e-14     8.9410e-16 
  5280.00000     3.7221e-14     6.4576e-16 
  5281.25000     3.8190e-14     6.8271e-16 
  5282.50000     3.6826e-14     7.7189e-16 
  5283.75000     3.6545e-14     7.4048e-16 
  5285.00000     3.8809e-14     7.5868e-16 
  5286.25000     3.7046e-14     9.3660e-16 
  5287.50000     3.8873e-14     7.7638e-16 
  5288.75000     3.7604e-14     1.0594e-15 
  5290.00000     3.7762e-14     9.8758e-16 
  5291.25000     3.8462e-14     6.7955e-16 
  5292.50000     3.7900e-14     7.1757e-16 
  5293.75000     3.6398e-14     9.5288e-16 
  5295.00000     3.6310e-14     8.7339e-16 
  5296.25000     3.8324e-14     8.6096e-16 
  5297.50000     3.8097e-14     7.6786e-16 
  5298.75000     3.8403e-14     8.1810e-16 
  5300.00000     3.6750e-14     8.8806e-16 
  5301.25000     3.5674e-14     7.3062e-16 
  5302.50000     3.6094e-14     6.9123e-16 
  5303.75000     3.6794e-14     8.9287e-16 
  5305.00000     3.7320e-14     9.0414e-16 
  5306.25000     3.8150e-14     7.7704e-16 
  5307.50000     3.8012e-14     8.3143e-16 
  5308.75000     3.5523e-14     7.1728e-16 
  5310.00000     3.7005e-14     7.4763e-16 
  5311.25000     3.8786e-14     1.1335e-15 
  5312.50000     3.7394e-14     1.1004e-15 
  5313.75000     3.9992e-14     8.1750e-16 
  5315.00000     3.7467e-14     7.3946e-16 
  5316.25000     3.6992e-14     7.6336e-16 
  5317.50000     3.7009e-14     7.0618e-16 
  5318.75000     4.0115e-14     7.4796e-16 
  5320.00000     3.9848e-14     9.1736e-16 
  5321.25000     3.4804e-14     7.1107e-16 
  5322.50000     3.9018e-14     6.5503e-16 
  5323.75000     3.5302e-14     6.0587e-16 
  5325.00000     3.6122e-14     5.5198e-16 
  5326.25000     3.4768e-14     5.0855e-16 
  5327.50000     3.5012e-14     6.4667e-16 
  5328.75000     3.6995e-14     7.9793e-16 
  5330.00000     3.4999e-14     7.6436e-16 
  5331.25000     3.6605e-14     8.5466e-16 
  5332.50000     3.3407e-14     7.4727e-16 
  5333.75000     3.7722e-14     6.9732e-16 
  5335.00000     3.6647e-14     7.5252e-16 
  5336.25000     3.8073e-14     8.3444e-16 
  5337.50000     3.6044e-14     6.6450e-16 
  5338.75000     3.8199e-14     8.0121e-16 
  5340.00000     3.6853e-14     7.7300e-16 
  5341.25000     3.8989e-14     6.8528e-16 
  5342.50000     3.7202e-14     6.3453e-16 
  5343.75000     3.5513e-14     6.1323e-16 
  5345.00000     3.7388e-14     7.7092e-16 
  5346.25000     3.5289e-14     6.6334e-16 
  5347.50000     3.7356e-14     6.2517e-16 
  5348.75000     3.7086e-14     5.4746e-16 
  5350.00000     3.8004e-14     6.0484e-16 
  5351.25000     3.8908e-14     6.5724e-16 
  5352.50000     3.8157e-14     7.0910e-16 
  5353.75000     3.8790e-14     8.7073e-16 
  5355.00000     3.7856e-14     9.0901e-16 
  5356.25000     3.8503e-14     7.4467e-16 
  5357.50000     3.8603e-14     6.8958e-16 
  5358.75000     3.9327e-14     6.9920e-16 
  5360.00000     3.6704e-14     6.5773e-16 
  5361.25000     4.0173e-14     9.5806e-16 
  5362.50000     3.6410e-14     8.3419e-16 
  5363.75000     3.4890e-14     6.7188e-16 
  5365.00000     3.7061e-14     7.0799e-16 
  5366.25000     3.6335e-14     5.9156e-16 
  5367.50000     3.5807e-14     6.8607e-16 
  5368.75000     3.7094e-14     8.3811e-16 
  5370.00000     3.6665e-14     6.9736e-16 
  5371.25000     3.5800e-14     6.8531e-16 
  5372.50000     3.5701e-14     1.2156e-15 
  5373.75000     3.7162e-14     9.5458e-16 
  5375.00000     3.7575e-14     8.3190e-16 
  5376.25000     3.6310e-14     8.0263e-16 
  5377.50000     3.6592e-14     7.5165e-16 
  5378.75000     3.9541e-14     7.7424e-16 
  5380.00000     3.5570e-14     6.3616e-16 
  5381.25000     3.7667e-14     6.5846e-16 
  5382.50000     3.8748e-14     7.2376e-16 
  5383.75000     3.7899e-14     7.3982e-16 
  5385.00000     3.6219e-14     7.4790e-16 
  5386.25000     3.7708e-14     7.4940e-16 
  5387.50000     3.7597e-14     7.3662e-16 
  5388.75000     3.7229e-14     7.2041e-16 
  5390.00000     3.7263e-14     9.5374e-16 
  5391.25000     3.5971e-14     1.0325e-15 
  5392.50000     3.7546e-14     9.5834e-16 
  5393.75000     3.5276e-14     8.7494e-16 
  5395.00000     3.7850e-14     7.6493e-16 
  5396.25000     3.6484e-14     6.8287e-16 
  5397.50000     3.6612e-14     1.1030e-15 
  5398.75000     3.6654e-14     1.1253e-15 
  5400.00000     3.5657e-14     9.9763e-16 
  5401.25000     3.5821e-14     1.0513e-15 
  5402.50000     3.6431e-14     1.2180e-15 
  5403.75000     3.7813e-14     9.0392e-16 
  5405.00000     3.7208e-14     6.8549e-16 
  5406.25000     3.5746e-14     8.3308e-16 
  5407.50000     3.4859e-14     8.7787e-16 
  5408.75000     3.6431e-14     1.3497e-15 
  5410.00000     3.7474e-14     1.0727e-15 
  5411.25000     3.6362e-14     8.8658e-16 
  5412.50000     3.6994e-14     1.0239e-15 
  5413.75000     3.8229e-14     8.8286e-16 
  5415.00000     3.8972e-14     9.1267e-16 
  5416.25000     3.6082e-14     8.0461e-16 
  5417.50000     3.6133e-14     9.0449e-16 
  5418.75000     3.7187e-14     1.1062e-15 
  5420.00000     3.8180e-14     1.0034e-15 
  5421.25000     3.8078e-14     9.0258e-16 
  5422.50000     3.8454e-14     8.1387e-16 
  5423.75000     3.8148e-14     7.2830e-16 
  5425.00000     3.5706e-14     6.6079e-16 
  5426.25000     3.6600e-14     8.2996e-16 
  5427.50000     3.8640e-14     1.0477e-15 
  5428.75000     3.6820e-14     8.9425e-16 
  5430.00000     3.6208e-14     8.4661e-16 
  5431.25000     3.8189e-14     1.0054e-15 
  5432.50000     3.7528e-14     8.7913e-16 
  5433.75000     3.6410e-14     1.1694e-15 
  5435.00000     3.8169e-14     1.3067e-15 
  5436.25000     3.7267e-14     8.7696e-16 
  5437.50000     3.8262e-14     9.3583e-16 
  5438.75000     3.6874e-14     9.2397e-16 
  5440.00000     3.7852e-14     9.6209e-16 
  5441.25000     3.5820e-14     6.8995e-16 
  5442.50000     3.6021e-14     6.9176e-16 
  5443.75000     3.6535e-14     8.8822e-16 
  5445.00000     3.7477e-14     9.3435e-16 
  5446.25000     3.5404e-14     9.5909e-16 
  5447.50000     3.6409e-14     9.5695e-16 
  5448.75000     3.6720e-14     6.9231e-16 
  5450.00000     3.9175e-14     7.8543e-16 
  5451.25000     3.8109e-14     9.2553e-16 
  5452.50000     3.6455e-14     7.5683e-16 
  5453.75000     3.7048e-14     7.7878e-16 
  5455.00000     3.7936e-14     9.5034e-16 
  5456.25000     3.5596e-14     8.9211e-16 
  5457.50000     3.7176e-14     9.3985e-16 
  5458.75000     3.8290e-14     8.9069e-16 
  5460.00000     3.7331e-14     8.0228e-16 
  5461.25000     3.4735e-14     8.2598e-16 
  5462.50000     3.7852e-14     7.4165e-16 
  5463.75000     3.5378e-14     6.5924e-16 
  5465.00000     3.5931e-14     6.8105e-16 
  5466.25000     3.7708e-14     7.7999e-16 
  5467.50000     3.6444e-14     7.3236e-16 
  5468.75000     3.8571e-14     1.0593e-15 
  5470.00000     3.8091e-14     1.1812e-15 
  5471.25000     3.7134e-14     1.0343e-15 
  5472.50000     3.8637e-14     1.0268e-15 
  5473.75000     3.4415e-14     7.0200e-16 
  5475.00000     3.4244e-14     6.9180e-16 
  5476.25000     3.7755e-14     9.6246e-16 
  5477.50000     3.7558e-14     1.1736e-15 
  5478.75000     3.7966e-14     1.3317e-15 
  5480.00000     3.7274e-14     1.2483e-15 
  5481.25000     3.5028e-14     9.7080e-16 
  5482.50000     3.8412e-14     8.1420e-16 
  5483.75000     3.6842e-14     6.1534e-16 
  5485.00000     3.6753e-14     6.7783e-16 
  5486.25000     3.6286e-14     9.0774e-16 
  5487.50000     3.5069e-14     7.7519e-16 
  5488.75000     3.5587e-14     7.3571e-16 
  5490.00000     3.7419e-14     1.0521e-15 
  5491.25000     3.5621e-14     8.4237e-16 
  5492.50000     3.5976e-14     6.7504e-16 
  5493.75000     3.7280e-14     7.8824e-16 
  5495.00000     3.6479e-14     8.4634e-16 
  5496.25000     3.6919e-14     9.7640e-16 
  5497.50000     3.4991e-14     9.2011e-16 
  5498.75000     3.6695e-14     7.4560e-16 
  5500.00000     3.5963e-14     7.2825e-16 
  5501.25000     3.4560e-14     7.5709e-16 
  5502.50000     3.5556e-14     8.0587e-16 
  5503.75000     3.6002e-14     7.6131e-16 
  5505.00000     3.6981e-14     8.8402e-16 
  5506.25000     3.6877e-14     6.4356e-16 
  5507.50000     3.7377e-14     5.9188e-16 
  5508.75000     3.3718e-14     5.7757e-16 
  5510.00000     3.5021e-14     7.7431e-16 
  5511.25000     3.6254e-14     9.0237e-16 
  5512.50000     3.6230e-14     7.9389e-16 
  5513.75000     3.6932e-14     8.4827e-16 
  5515.00000     3.6805e-14     9.5225e-16 
  5516.25000     3.6178e-14     9.3983e-16 
  5517.50000     3.5753e-14     7.6643e-16 
  5518.75000     3.6810e-14     7.5973e-16 
  5520.00000     3.6279e-14     8.7519e-16 
  5521.25000     3.5499e-14     7.3205e-16 
  5522.50000     3.8190e-14     7.1186e-16 
  5523.75000     3.7609e-14     7.2858e-16 
  5525.00000     3.7131e-14     7.7119e-16 
  5526.25000     3.6660e-14     7.3882e-16 
  5527.50000     3.7091e-14     6.3334e-16 
  5528.75000     3.7522e-14     6.4185e-16 
  5530.00000     3.7036e-14     7.0263e-16 
  5531.25000     3.6271e-14     7.2650e-16 
  5532.50000     3.7635e-14     6.8855e-16 
  5533.75000     3.5557e-14     6.7552e-16 
  5535.00000     3.5475e-14     8.0143e-16 
  5536.25000     3.7363e-14     7.7898e-16 
  5537.50000     3.7274e-14     9.0440e-16 
  5538.75000     3.5724e-14     9.5556e-16 
  5540.00000     3.6251e-14     8.3769e-16 
  5541.25000     3.7996e-14     8.3729e-16 
  5542.50000     3.7326e-14     7.0665e-16 
  5543.75000     3.5016e-14     6.1924e-16 
  5545.00000     3.6377e-14     7.1510e-16 
  5546.25000     3.8081e-14     9.9988e-16 
  5547.50000     3.5139e-14     8.5186e-16 
  5548.75000     3.7719e-14     7.4819e-16 
  5550.00000     3.8017e-14     7.4164e-16 
  5551.25000     3.7990e-14     8.0135e-16 
  5552.50000     3.6946e-14     7.2767e-16 
  5553.75000     3.5904e-14     7.6486e-16 
  5555.00000     3.6493e-14     8.3468e-16 
  5556.25000     3.7726e-14     6.8678e-16 
  5557.50000     3.6903e-14     7.0786e-16 
  5558.75000     3.4837e-14     9.2841e-16 
  5560.00000     3.5175e-14     7.6213e-16 
  5561.25000     3.8874e-14     7.8254e-16 
  5562.50000     3.7467e-14     8.4858e-16 
  5563.75000     3.7744e-14     8.4104e-16 
  5565.00000     3.7394e-14     8.2674e-16 
  5566.25000     3.5873e-14     8.4785e-16 
  5567.50000     3.6085e-14     8.7374e-16 
  5568.75000     3.8534e-14     8.6225e-16 
  5570.00000     3.6537e-14     8.6855e-16 
  5571.25000     3.6509e-14     8.2059e-16 
  5572.50000     3.7368e-14     9.3417e-16 
  5573.75000     3.7914e-14     9.6879e-16 
  5575.00000     3.5940e-14     7.9852e-16 
  5576.25000     3.5609e-14     8.0557e-16 
  5577.50000     3.6683e-14     1.0603e-15 
  5578.75000     3.8854e-14     1.5549e-15 
  5580.00000     3.5743e-14     1.1560e-15 
  5581.25000     3.8700e-14     8.2815e-16 
  5582.50000     3.6278e-14     5.8879e-16 
  5583.75000     3.6212e-14     6.8686e-16 
  5585.00000     3.6291e-14     1.2810e-15 
  5586.25000     3.7742e-14     1.7299e-15 
  5587.50000     3.6370e-14     1.2499e-15 
  5588.75000     3.6118e-14     1.1527e-15 
  5590.00000     3.3520e-14     1.4310e-15 
  5591.25000     3.3341e-14     9.2679e-16 
  5592.50000     3.4827e-14     1.4825e-15 
  5593.75000     3.5544e-14     2.7717e-15 
  5595.00000     3.6470e-14     1.1475e-15 
  5596.25000     3.5722e-14     9.2949e-16 
  5597.50000     3.6113e-14     9.9822e-16 
  5598.75000     3.4664e-14     8.1732e-16 
  5600.00000     3.5251e-14     7.9595e-16 
  5601.25000     3.3824e-14     8.0056e-16 
  5602.50000     3.5777e-14     8.2976e-16 
  5603.75000     3.5799e-14     7.5179e-16 
  5605.00000     3.7532e-14     8.9060e-16 
  5606.25000     3.7863e-14     1.0317e-15 
  5607.50000     3.7294e-14     7.5003e-16 
  5608.75000     3.4959e-14     5.6627e-16 
  5610.00000     3.7190e-14     7.4238e-16 
  5611.25000     3.8295e-14     8.3263e-16 
  5612.50000     3.6497e-14     8.5331e-16 
  5613.75000     3.7800e-14     8.7961e-16 
  5615.00000     3.6662e-14     7.6333e-16 
  5616.25000     3.6994e-14     6.8266e-16 
  5617.50000     3.4526e-14     5.5288e-16 
  5618.75000     3.7791e-14     7.4168e-16 
  5620.00000     3.7708e-14     8.0092e-16 
  5621.25000     3.6810e-14     6.7276e-16 
  5622.50000     3.7932e-14     7.8982e-16 
  5623.75000     3.6093e-14     1.0180e-15 
  5625.00000     3.5392e-14     8.3802e-16 
  5626.25000     3.7212e-14     6.1192e-16 
  5627.50000     3.7828e-14     8.1268e-16 
  5628.75000     3.7019e-14     9.5978e-16 
  5630.00000     3.5423e-14     5.9875e-16 
  5631.25000     3.6756e-14     5.5255e-16 
  5632.50000     3.8382e-14     7.5361e-16 
  5633.75000     3.6465e-14     7.4942e-16 
  5635.00000     3.7373e-14     5.9349e-16 
  5636.25000     3.5257e-14     7.2722e-16 
  5637.50000     3.7347e-14     7.2572e-16 
  5638.75000     3.6036e-14     6.9399e-16 
  5640.00000     3.6057e-14     8.1759e-16 
  5641.25000     3.6588e-14     7.0454e-16 
  5642.50000     3.8761e-14     6.0115e-16 
  5643.75000     3.6635e-14     5.7167e-16 
  5645.00000     3.7626e-14     7.2557e-16 
  5646.25000     3.7811e-14     7.5097e-16 
  5647.50000     3.8348e-14     7.5505e-16 
  5648.75000     3.5874e-14     6.1353e-16 
  5650.00000     3.5250e-14     5.6878e-16 
  5651.25000     3.7085e-14     6.9759e-16 
  5652.50000     3.6239e-14     7.7923e-16 
  5653.75000     3.4890e-14     7.9511e-16 
  5655.00000     3.5789e-14     7.0167e-16 
  5656.25000     3.6500e-14     7.0461e-16 
  5657.50000     3.5749e-14     7.2814e-16 
  5658.75000     3.5570e-14     7.0696e-16 
  5660.00000     3.5954e-14     7.1272e-16 
  5661.25000     3.5380e-14     6.2782e-16 
  5662.50000     3.8074e-14     1.1313e-15 
  5663.75000     3.5926e-14     1.2615e-15 
  5665.00000     3.5308e-14     7.2314e-16 
  5666.25000     3.6752e-14     6.4894e-16 
  5667.50000     3.4917e-14     6.6144e-16 
  5668.75000     3.4785e-14     6.2423e-16 
  5670.00000     3.4950e-14     6.0980e-16 
  5671.25000     3.7586e-14     6.0430e-16 
  5672.50000     3.5357e-14     6.1471e-16 
  5673.75000     3.7318e-14     8.1293e-16 
  5675.00000     3.6057e-14     7.4209e-16 
  5676.25000     3.5443e-14     6.9553e-16 
  5677.50000     3.5526e-14     8.0394e-16 
  5678.75000     3.7945e-14     7.5361e-16 
  5680.00000     3.5186e-14     6.0012e-16 
  5681.25000     3.5689e-14     6.3333e-16 
  5682.50000     3.5305e-14     7.9550e-16 
  5683.75000     3.7023e-14     9.2224e-16 
  5685.00000     3.7799e-14     6.2741e-16 
  5686.25000     3.5741e-14     5.5418e-16 
  5687.50000     3.7967e-14     6.2919e-16 
  5688.75000     3.6417e-14     5.7820e-16 
  5690.00000     3.6453e-14     6.2034e-16 
  5691.25000     3.7890e-14     7.7533e-16 
  5692.50000     3.4902e-14     7.3547e-16 
  5693.75000     3.6490e-14     6.8541e-16 
  5695.00000     3.7308e-14     6.6034e-16 
  5696.25000     3.6158e-14     7.0520e-16 
  5697.50000     3.6652e-14     6.8435e-16 
  5698.75000     3.6233e-14     5.3336e-16 
  5700.00000     3.8158e-14     6.0342e-16 
  5701.25000     3.6669e-14     6.1324e-16 
  5702.50000     3.7721e-14     6.1874e-16 
  5703.75000     3.5473e-14     6.4349e-16 
  5705.00000     3.5076e-14     6.2666e-16 
  5706.25000     3.5206e-14     5.9705e-16 
  5707.50000     3.5522e-14     6.1191e-16 
  5708.75000     3.4952e-14     6.5641e-16 
  5710.00000     3.7205e-14     7.1911e-16 
  5711.25000     3.7250e-14     6.4409e-16 
  5712.50000     3.4035e-14     5.9106e-16 
  5713.75000     3.5027e-14     6.0225e-16 
  5715.00000     3.6754e-14     6.1696e-16 
  5716.25000     3.7460e-14     6.5932e-16 
  5717.50000     3.7797e-14     7.3214e-16 
  5718.75000     3.7116e-14     7.7144e-16 
  5720.00000     3.6593e-14     6.7722e-16 
  5721.25000     3.7794e-14     6.7270e-16 
  5722.50000     3.7624e-14     7.4805e-16 
  5723.75000     3.7725e-14     8.5135e-16 
  5725.00000     3.8249e-14     9.7665e-16 
  5726.25000     3.6826e-14     9.2380e-16 
  5727.50000     3.5066e-14     7.3510e-16 
  5728.75000     3.5080e-14     6.2063e-16 
  5730.00000     3.8666e-14     6.2574e-16 
  5731.25000     3.6834e-14     6.1130e-16 
  5732.50000     3.7150e-14     5.8218e-16 
  5733.75000     3.7249e-14     6.6729e-16 
  5735.00000     3.7040e-14     7.8703e-16 
  5736.25000     3.8630e-14     6.8118e-16 
  5737.50000     3.8321e-14     5.5351e-16 
  5738.75000     3.5772e-14     5.1313e-16 
  5740.00000     3.8169e-14     6.3620e-16 
  5741.25000     3.7525e-14     5.9026e-16 
  5742.50000     3.7445e-14     5.2117e-16 
  5743.75000     3.7433e-14     5.9323e-16 
  5745.00000     3.6849e-14     6.5538e-16 
  5746.25000     3.7462e-14     5.6968e-16 
  5747.50000     3.7701e-14     5.2130e-16 
  5748.75000     3.6010e-14     5.6252e-16 
  5750.00000     3.7567e-14     6.5015e-16 
  5751.25000     3.6811e-14     6.7187e-16 
  5752.50000     3.6280e-14     6.3866e-16 
  5753.75000     3.5598e-14     5.3736e-16 
  5755.00000     3.6659e-14     5.6127e-16 
  5756.25000     3.5431e-14     7.9230e-16 
  5757.50000     3.9129e-14     9.6752e-16 
  5758.75000     3.6955e-14     8.4090e-16 
  5760.00000     3.8434e-14     7.6859e-16 
  5761.25000     3.7064e-14     6.4326e-16 
  5762.50000     3.8228e-14     6.9414e-16 
  5763.75000     3.6925e-14     5.9510e-16 
  5765.00000     3.6944e-14     5.5827e-16 
  5766.25000     3.8374e-14     6.3902e-16 
  5767.50000     3.5152e-14     5.1291e-16 
  5768.75000     3.8164e-14     4.8668e-16 
  5770.00000     3.6194e-14     4.9057e-16 
  5771.25000     3.7748e-14     5.4997e-16 
  5772.50000     3.6305e-14     5.0316e-16 
  5773.75000     3.5077e-14     4.1996e-16 
  5775.00000     3.8548e-14     4.9994e-16 
  5776.25000     3.7011e-14     5.2725e-16 
  5777.50000     3.8360e-14     5.6814e-16 
  5778.75000     3.5918e-14     5.4588e-16 
  5780.00000     3.5456e-14     4.9604e-16 
  5781.25000     3.5674e-14     5.3270e-16 
  5782.50000     3.3833e-14     4.9967e-16 
  5783.75000     3.6052e-14     4.5485e-16 
  5785.00000     3.5157e-14     4.7583e-16 
  5786.25000     3.6474e-14     6.0120e-16 
  5787.50000     3.7758e-14     6.2931e-16 
  5788.75000     3.4787e-14     5.6702e-16 
  5790.00000     3.8750e-14     6.3158e-16 
  5791.25000     3.7390e-14     5.5705e-16 
  5792.50000     3.8288e-14     6.0443e-16 
  5793.75000     3.5664e-14     5.3617e-16 
  5795.00000     3.6469e-14     5.6375e-16 
  5796.25000     3.6153e-14     6.0531e-16 
  5797.50000     3.7034e-14     5.4843e-16 
  5798.75000     3.7055e-14     5.1001e-16 
  5800.00000     3.7496e-14     5.1453e-16 
