4300.00  1.639372E-14
4301.25  1.601811E-14
4302.50  1.571077E-14
4303.75  1.551383E-14
4305.00  1.545599E-14
4306.25  1.555993E-14
4307.50  1.585934E-14
4308.75  1.635893E-14
4310.00  1.706890E-14
4311.25  1.793928E-14
4312.50  1.893120E-14
4313.75  1.995414E-14
4315.00  2.090786E-14
4316.25  2.171860E-14
4317.50  2.230015E-14
4318.75  2.262990E-14
4320.00  2.271940E-14
4321.25  2.262563E-14
4322.50  2.244289E-14
4323.75  2.226077E-14
4325.00  2.217422E-14
4326.25  2.221316E-14
4327.50  2.239554E-14
4328.75  2.268015E-14
4330.00  2.297705E-14
4331.25  2.324107E-14
4332.50  2.337416E-14
4333.75  2.336577E-14
4335.00  2.321722E-14
4336.25  2.296600E-14
4337.50  2.268609E-14
4338.75  2.244892E-14
4340.00  2.231619E-14
4341.25  2.232568E-14
4342.50  2.247065E-14
4343.75  2.271601E-14
4345.00  2.301583E-14
4346.25  2.330081E-14
4347.50  2.354300E-14
4348.75  2.371033E-14
4350.00  2.381997E-14
4351.25  2.388755E-14
4352.50  2.395831E-14
4353.75  2.406662E-14
4355.00  2.422401E-14
4356.25  2.445705E-14
4357.50  2.473152E-14
4358.75  2.503477E-14
4360.00  2.533052E-14
4361.25  2.558083E-14
4362.50  2.576201E-14
4363.75  2.584521E-14
4365.00  2.582406E-14
4366.25  2.569118E-14
4367.50  2.546447E-14
4368.75  2.516028E-14
4370.00  2.480077E-14
4371.25  2.441389E-14
4372.50  2.401045E-14
4373.75  2.360567E-14
4375.00  2.319085E-14
4376.25  2.276962E-14
4377.50  2.232855E-14
4378.75  2.187578E-14
4380.00  2.143296E-14
4381.25  2.102598E-14
4382.50  2.070774E-14
4383.75  2.050874E-14
4385.00  2.047138E-14
4386.25  2.058648E-14
4387.50  2.085487E-14
4388.75  2.123528E-14
4390.00  2.167617E-14
4391.25  2.214621E-14
4392.50  2.258416E-14
4393.75  2.296272E-14
4395.00  2.324648E-14
4396.25  2.341504E-14
4397.50  2.346019E-14
4398.75  2.338730E-14
4400.00  2.322497E-14
4401.25  2.301222E-14
4402.50  2.280693E-14
4403.75  2.265795E-14
4405.00  2.261448E-14
4406.25  2.268939E-14
4407.50  2.288543E-14
4408.75  2.317650E-14
4410.00  2.351005E-14
4411.25  2.386723E-14
4412.50  2.419469E-14
4413.75  2.448394E-14
4415.00  2.473945E-14
4416.25  2.494404E-14
4417.50  2.512460E-14
4418.75  2.527101E-14
4420.00  2.538155E-14
4421.25  2.546229E-14
4422.50  2.550187E-14
4423.75  2.551065E-14
4425.00  2.549124E-14
4426.25  2.545344E-14
4427.50  2.540509E-14
4428.75  2.535503E-14
4430.00  2.531351E-14
4431.25  2.528904E-14
4432.50  2.529359E-14
4433.75  2.533876E-14
4435.00  2.542483E-14
4436.25  2.556186E-14
4437.50  2.573701E-14
4438.75  2.594262E-14
4440.00  2.617458E-14
4441.25  2.640452E-14
4442.50  2.663333E-14
4443.75  2.683470E-14
4445.00  2.698847E-14
4446.25  2.707531E-14
4447.50  2.706630E-14
4448.75  2.694850E-14
4450.00  2.671649E-14
4451.25  2.638291E-14
4452.50  2.597856E-14
4453.75  2.554839E-14
4455.00  2.514052E-14
4456.25  2.480837E-14
4457.50  2.458600E-14
4458.75  2.449837E-14
4460.00  2.454966E-14
4461.25  2.472582E-14
4462.50  2.500473E-14
4463.75  2.535671E-14
4465.00  2.575339E-14
4466.25  2.617156E-14
4467.50  2.659394E-14
4468.75  2.700738E-14
4470.00  2.740210E-14
4471.25  2.776439E-14
4472.50  2.808179E-14
4473.75  2.833969E-14
4475.00  2.852714E-14
4476.25  2.864300E-14
4477.50  2.869406E-14
4478.75  2.869777E-14
4480.00  2.867788E-14
4481.25  2.865210E-14
4482.50  2.863622E-14
4483.75  2.863292E-14
4485.00  2.863208E-14
4486.25  2.862935E-14
4487.50  2.860948E-14
4488.75  2.857453E-14
4490.00  2.853266E-14
4491.25  2.849874E-14
4492.50  2.849762E-14
4493.75  2.854792E-14
4495.00  2.867119E-14
4496.25  2.887166E-14
4497.50  2.915338E-14
4498.75  2.950543E-14
4500.00  2.990183E-14
4501.25  3.032617E-14
4502.50  3.073692E-14
4503.75  3.110814E-14
4505.00  3.141550E-14
4506.25  3.163104E-14
4507.50  3.175462E-14
4508.75  3.178305E-14
4510.00  3.172851E-14
4511.25  3.161343E-14
4512.50  3.145622E-14
4513.75  3.127970E-14
4515.00  3.109589E-14
4516.25  3.090991E-14
4517.50  3.071455E-14
4518.75  3.049472E-14
4520.00  3.023310E-14
4521.25  2.991119E-14
4522.50  2.952438E-14
4523.75  2.907873E-14
4525.00  2.859593E-14
4526.25  2.811337E-14
4527.50  2.767109E-14
4528.75  2.731194E-14
4530.00  2.706917E-14
4531.25  2.696288E-14
4532.50  2.699738E-14
4533.75  2.716032E-14
4535.00  2.742774E-14
4536.25  2.776377E-14
4537.50  2.813127E-14
4538.75  2.849154E-14
4540.00  2.881288E-14
4541.25  2.907283E-14
4542.50  2.926171E-14
4543.75  2.938070E-14
4545.00  2.944333E-14
4546.25  2.946541E-14
4547.50  2.947215E-14
4548.75  2.948330E-14
4550.00  2.952050E-14
4551.25  2.959771E-14
4552.50  2.972568E-14
4553.75  2.991103E-14
4555.00  3.013790E-14
4556.25  3.040857E-14
4557.50  3.068899E-14
4558.75  3.096299E-14
4560.00  3.121611E-14
4561.25  3.142032E-14
4562.50  3.158591E-14
4563.75  3.170713E-14
4565.00  3.179418E-14
4566.25  3.186116E-14
4567.50  3.190997E-14
4568.75  3.195040E-14
4570.00  3.197045E-14
4571.25  3.197465E-14
4572.50  3.194496E-14
4573.75  3.187668E-14
4575.00  3.177352E-14
4576.25  3.162320E-14
4577.50  3.144988E-14
4578.75  3.125950E-14
4580.00  3.107524E-14
4581.25  3.091793E-14
4582.50  3.080152E-14
4583.75  3.073609E-14
4585.00  3.071677E-14
4586.25  3.073544E-14
4587.50  3.077058E-14
4588.75  3.080710E-14
4590.00  3.082391E-14
4591.25  3.081910E-14
4592.50  3.078637E-14
4593.75  3.073768E-14
4595.00  3.068629E-14
4596.25  3.064572E-14
4597.50  3.063221E-14
4598.75  3.065653E-14
4600.00  3.072576E-14
4601.25  3.084653E-14
4602.50  3.101897E-14
4603.75  3.123734E-14
4605.00  3.150489E-14
4606.25  3.179463E-14
4607.50  3.210746E-14
4608.75  3.241606E-14
4610.00  3.270829E-14
4611.25  3.297238E-14
4612.50  3.319833E-14
4613.75  3.338927E-14
4615.00  3.353697E-14
4616.25  3.365843E-14
4617.50  3.374329E-14
4618.75  3.380318E-14
4620.00  3.383293E-14
4621.25  3.383591E-14
4622.50  3.380992E-14
4623.75  3.375504E-14
4625.00  3.367838E-14
4626.25  3.357186E-14
4627.50  3.344575E-14
4628.75  3.329435E-14
4630.00  3.311608E-14
4631.25  3.291321E-14
4632.50  3.268155E-14
4633.75  3.242299E-14
4635.00  3.214931E-14
4636.25  3.185719E-14
4637.50  3.156710E-14
4638.75  3.128547E-14
4640.00  3.101411E-14
4641.25  3.077619E-14
4642.50  3.056344E-14
4643.75  3.040048E-14
4645.00  3.028056E-14
4646.25  3.023259E-14
4647.50  3.024837E-14
4648.75  3.033385E-14
4650.00  3.050319E-14
4651.25  3.071544E-14
4652.50  3.098538E-14
4653.75  3.127550E-14
4655.00  3.155628E-14
4656.25  3.181839E-14
4657.50  3.201459E-14
4658.75  3.213171E-14
4660.00  3.215060E-14
4661.25  3.206027E-14
4662.50  3.187527E-14
4663.75  3.161914E-14
4665.00  3.132592E-14
4666.25  3.104694E-14
4667.50  3.081407E-14
4668.75  3.066269E-14
4670.00  3.059957E-14
4671.25  3.062279E-14
4672.50  3.070831E-14
4673.75  3.082271E-14
4675.00  3.095011E-14
4676.25  3.104557E-14
4677.50  3.111773E-14
4678.75  3.114920E-14
4680.00  3.115502E-14
4681.25  3.114368E-14
4682.50  3.113003E-14
4683.75  3.112639E-14
4685.00  3.113143E-14
4686.25  3.115877E-14
4687.50  3.119422E-14
4688.75  3.123720E-14
4690.00  3.128322E-14
4691.25  3.131401E-14
4692.50  3.132967E-14
4693.75  3.131660E-14
4695.00  3.126775E-14
4696.25  3.118650E-14
4697.50  3.107068E-14
4698.75  3.093811E-14
4700.00  3.079091E-14
4701.25  3.066056E-14
4702.50  3.054883E-14
4703.75  3.047195E-14
4705.00  3.044789E-14
4706.25  3.046021E-14
4707.50  3.053004E-14
4708.75  3.064237E-14
4710.00  3.080040E-14
4711.25  3.100167E-14
4712.50  3.123990E-14
4713.75  3.151625E-14
4715.00  3.180502E-14
4716.25  3.211244E-14
4717.50  3.239550E-14
4718.75  3.264794E-14
4720.00  3.283503E-14
4721.25  3.294525E-14
4722.50  3.296310E-14
4723.75  3.288124E-14
4725.00  3.273818E-14
4726.25  3.251890E-14
4727.50  3.229558E-14
4728.75  3.207665E-14
4730.00  3.190102E-14
4731.25  3.179377E-14
4732.50  3.175886E-14
4733.75  3.180379E-14
4735.00  3.190449E-14
4736.25  3.206207E-14
4737.50  3.224138E-14
4738.75  3.243956E-14
4740.00  3.263625E-14
4741.25  3.282935E-14
4742.50  3.300977E-14
4743.75  3.317192E-14
4745.00  3.332167E-14
4746.25  3.343758E-14
4747.50  3.352943E-14
4748.75  3.358255E-14
4750.00  3.359198E-14
4751.25  3.356231E-14
4752.50  3.348567E-14
4753.75  3.337217E-14
4755.00  3.321878E-14
4756.25  3.303892E-14
4757.50  3.282948E-14
4758.75  3.260427E-14
4760.00  3.236579E-14
4761.25  3.213118E-14
4762.50  3.191026E-14
4763.75  3.172165E-14
4765.00  3.158941E-14
4766.25  3.151624E-14
4767.50  3.152373E-14
4768.75  3.159078E-14
4770.00  3.173574E-14
4771.25  3.190222E-14
4772.50  3.210063E-14
4773.75  3.229306E-14
4775.00  3.243839E-14
4776.25  3.255949E-14
4777.50  3.260451E-14
4778.75  3.259882E-14
4780.00  3.254282E-14
4781.25  3.244866E-14
4782.50  3.234845E-14
4783.75  3.225375E-14
4785.00  3.221630E-14
4786.25  3.222065E-14
4787.50  3.230736E-14
4788.75  3.247222E-14
4790.00  3.267470E-14
4791.25  3.295547E-14
4792.50  3.323327E-14
4793.75  3.351417E-14
4795.00  3.378064E-14
4796.25  3.397976E-14
4797.50  3.413749E-14
4798.75  3.422498E-14
4800.00  3.426399E-14
4801.25  3.425266E-14
4802.50  3.421081E-14
4803.75  3.415534E-14
4805.00  3.407394E-14
4806.25  3.402007E-14
4807.50  3.396722E-14
4808.75  3.394610E-14
4810.00  3.396741E-14
4811.25  3.400960E-14
4812.50  3.409198E-14
4813.75  3.418299E-14
4815.00  3.427925E-14
4816.25  3.435973E-14
4817.50  3.441303E-14
4818.75  3.443556E-14
4820.00  3.439865E-14
4821.25  3.433410E-14
4822.50  3.422065E-14
4823.75  3.408499E-14
4825.00  3.394673E-14
4826.25  3.380121E-14
4827.50  3.368130E-14
4828.75  3.357379E-14
4830.00  3.350040E-14
4831.25  3.343796E-14
4832.50  3.340220E-14
4833.75  3.338487E-14
4835.00  3.336353E-14
4836.25  3.336243E-14
4837.50  3.334767E-14
4838.75  3.333605E-14
4840.00  3.333580E-14
4841.25  3.332199E-14
4842.50  3.332308E-14
4843.75  3.332070E-14
4845.00  3.331075E-14
4846.25  3.328563E-14
4847.50  3.322344E-14
4848.75  3.313005E-14
4850.00  3.295958E-14
4851.25  3.275068E-14
4852.50  3.244805E-14
4853.75  3.209285E-14
4855.00  3.167473E-14
4856.25  3.124426E-14
4857.50  3.081767E-14
4858.75  3.042138E-14
4860.00  3.011684E-14
4861.25  2.987106E-14
4862.50  2.974996E-14
4863.75  2.971487E-14
4865.00  2.977353E-14
4866.25  2.990030E-14
4867.50  3.008366E-14
4868.75  3.031113E-14
4870.00  3.054388E-14
4871.25  3.081454E-14
4872.50  3.107718E-14
4873.75  3.134948E-14
4875.00  3.161697E-14
4876.25  3.186746E-14
4877.50  3.209675E-14
4878.75  3.227335E-14
4880.00  3.240442E-14
4881.25  3.246191E-14
4882.50  3.247069E-14
4883.75  3.241376E-14
4885.00  3.233827E-14
4886.25  3.226223E-14
4887.50  3.224163E-14
4888.75  3.231373E-14
4890.00  3.243768E-14
4891.25  3.270734E-14
4892.50  3.302177E-14
4893.75  3.341207E-14
4895.00  3.383578E-14
4896.25  3.424176E-14
4897.50  3.460875E-14
4898.75  3.489857E-14
4900.00  3.513677E-14
4901.25  3.527176E-14
4902.50  3.533494E-14
4903.75  3.532283E-14
4905.00  3.525330E-14
4906.25  3.517301E-14
4907.50  3.506342E-14
4908.75  3.493446E-14
4910.00  3.480975E-14
4911.25  3.462265E-14
4912.50  3.441534E-14
4913.75  3.417090E-14
4915.00  3.386357E-14
4916.25  3.359893E-14
4917.50  3.331979E-14
4918.75  3.310168E-14
4920.00  3.296746E-14
4921.25  3.292271E-14
4922.50  3.301509E-14
4923.75  3.318477E-14
4925.00  3.350201E-14
4926.25  3.380211E-14
4927.50  3.417482E-14
4928.75  3.450618E-14
4930.00  3.476267E-14
4931.25  3.493460E-14
4932.50  3.498173E-14
4933.75  3.496360E-14
4935.00  3.490176E-14
4936.25  3.482866E-14
4937.50  3.477968E-14
4938.75  3.479032E-14
4940.00  3.485122E-14
4941.25  3.501624E-14
4942.50  3.523039E-14
4943.75  3.550656E-14
4945.00  3.575463E-14
4946.25  3.600770E-14
4947.50  3.617394E-14
4948.75  3.624214E-14
4950.00  3.618443E-14
4951.25  3.597497E-14
4952.50  3.566304E-14
4953.75  3.526231E-14
4955.00  3.484571E-14
4956.25  3.440052E-14
4957.50  3.400020E-14
4958.75  3.362944E-14
4960.00  3.336211E-14
4961.25  3.314612E-14
4962.50  3.303682E-14
4963.75  3.300736E-14
4965.00  3.303002E-14
4966.25  3.313416E-14
4967.50  3.324071E-14
4968.75  3.336500E-14
4970.00  3.346803E-14
4971.25  3.356543E-14
4972.50  3.361958E-14
4973.75  3.361449E-14
4975.00  3.356562E-14
4976.25  3.340826E-14
4977.50  3.319789E-14
4978.75  3.294067E-14
4980.00  3.263496E-14
4981.25  3.239670E-14
4982.50  3.216801E-14
4983.75  3.203036E-14
4985.00  3.196462E-14
4986.25  3.198694E-14
4987.50  3.207946E-14
4988.75  3.221018E-14
4990.00  3.239573E-14
4991.25  3.253789E-14
4992.50  3.266710E-14
4993.75  3.271462E-14
4995.00  3.266789E-14
4996.25  3.255599E-14
4997.50  3.236805E-14
4998.75  3.212995E-14
5000.00  3.185594E-14
5001.25  3.154638E-14
5002.50  3.125260E-14
5003.75  3.095855E-14
5005.00  3.073424E-14
5006.25  3.050038E-14
5007.50  3.033708E-14
5008.75  3.018467E-14
5010.00  3.007086E-14
5011.25  2.998337E-14
5012.50  2.993397E-14
5013.75  2.993284E-14
5015.00  2.993578E-14
5016.25  3.000098E-14
5017.50  3.007172E-14
5018.75  3.019563E-14
5020.00  3.037533E-14
5021.25  3.059594E-14
5022.50  3.084855E-14
5023.75  3.109953E-14
5025.00  3.138515E-14
5026.25  3.164714E-14
5027.50  3.191312E-14
5028.75  3.214770E-14
5030.00  3.231936E-14
5031.25  3.243293E-14
5032.50  3.244726E-14
5033.75  3.240732E-14
5035.00  3.228689E-14
5036.25  3.212658E-14
5037.50  3.193329E-14
5038.75  3.180457E-14
5040.00  3.167263E-14
5041.25  3.166587E-14
5042.50  3.168191E-14
5043.75  3.178413E-14
5045.00  3.191918E-14
5046.25  3.209063E-14
5047.50  3.232036E-14
5048.75  3.254666E-14
5050.00  3.281190E-14
5051.25  3.300827E-14
5052.50  3.322239E-14
5053.75  3.341861E-14
5055.00  3.360696E-14
5056.25  3.381206E-14
5057.50  3.398341E-14
5058.75  3.409676E-14
5060.00  3.414339E-14
5061.25  3.409098E-14
5062.50  3.399876E-14
5063.75  3.383604E-14
5065.00  3.365287E-14
5066.25  3.342455E-14
5067.50  3.320125E-14
5068.75  3.296152E-14
5070.00  3.275440E-14
5071.25  3.257219E-14
5072.50  3.241156E-14
5073.75  3.226207E-14
5075.00  3.208255E-14
5076.25  3.192817E-14
5077.50  3.176695E-14
5078.75  3.165543E-14
5080.00  3.158665E-14
5081.25  3.156506E-14
5082.50  3.161503E-14
5083.75  3.171013E-14
5085.00  3.187238E-14
5086.25  3.208037E-14
5087.50  3.232867E-14
5088.75  3.258280E-14
5090.00  3.278467E-14
5091.25  3.294952E-14
5092.50  3.300866E-14
5093.75  3.300299E-14
5095.00  3.294698E-14
5096.25  3.282278E-14
5097.50  3.270124E-14
5098.75  3.253209E-14
5100.00  3.236935E-14
5101.25  3.218251E-14
5102.50  3.205115E-14
5103.75  3.194675E-14
5105.00  3.188522E-14
5106.25  3.188719E-14
5107.50  3.192136E-14
5108.75  3.198687E-14
5110.00  3.209001E-14
5111.25  3.222695E-14
5112.50  3.238202E-14
5113.75  3.253534E-14
5115.00  3.267264E-14
5116.25  3.274276E-14
5117.50  3.275967E-14
5118.75  3.267990E-14
5120.00  3.255241E-14
5121.25  3.234843E-14
5122.50  3.213011E-14
5123.75  3.189274E-14
5125.00  3.166385E-14
5126.25  3.147853E-14
5127.50  3.136809E-14
5128.75  3.132808E-14
5130.00  3.135350E-14
5131.25  3.142977E-14
5132.50  3.153426E-14
5133.75  3.162119E-14
5135.00  3.169349E-14
5136.25  3.174678E-14
5137.50  3.177074E-14
5138.75  3.173670E-14
5140.00  3.166711E-14
5141.25  3.156640E-14
5142.50  3.143301E-14
5143.75  3.129841E-14
5145.00  3.119583E-14
5146.25  3.111254E-14
5147.50  3.104048E-14
5148.75  3.101038E-14
5150.00  3.100299E-14
5151.25  3.106561E-14
5152.50  3.115986E-14
5153.75  3.129558E-14
5155.00  3.140209E-14
5156.25  3.146809E-14
5157.50  3.145435E-14
5158.75  3.134299E-14
5160.00  3.109553E-14
5161.25  3.069209E-14
5162.50  3.010717E-14
5163.75  2.936908E-14
5165.00  2.860490E-14
5166.25  2.779042E-14
5167.50  2.702372E-14
5168.75  2.627482E-14
5170.00  2.572770E-14
5171.25  2.529813E-14
5172.50  2.511101E-14
5173.75  2.507898E-14
5175.00  2.514704E-14
5176.25  2.530366E-14
5177.50  2.545811E-14
5178.75  2.566589E-14
5180.00  2.587167E-14
5181.25  2.613785E-14
5182.50  2.640537E-14
5183.75  2.671907E-14
5185.00  2.703432E-14
5186.25  2.740797E-14
5187.50  2.779699E-14
5188.75  2.825296E-14
5190.00  2.872621E-14
5191.25  2.923510E-14
5192.50  2.965761E-14
5193.75  3.002592E-14
5195.00  3.032895E-14
5196.25  3.053567E-14
5197.50  3.068307E-14
5198.75  3.072112E-14
5200.00  3.069277E-14
5201.25  3.053097E-14
5202.50  3.033569E-14
5203.75  3.010592E-14
5205.00  2.986955E-14
5206.25  2.972642E-14
5207.50  2.967646E-14
5208.75  2.977782E-14
5210.00  2.999858E-14
5211.25  3.034488E-14
5212.50  3.078359E-14
5213.75  3.128180E-14
5215.00  3.184354E-14
5216.25  3.234766E-14
5217.50  3.280247E-14
5218.75  3.312039E-14
5220.00  3.332106E-14
5221.25  3.340039E-14
5222.50  3.341173E-14
5223.75  3.337165E-14
5225.00  3.334769E-14
5226.25  3.332030E-14
5227.50  3.332563E-14
5228.75  3.337217E-14
5230.00  3.346513E-14
5231.25  3.369426E-14
5232.50  3.399464E-14
5233.75  3.437417E-14
5235.00  3.470406E-14
5236.25  3.502697E-14
5237.50  3.528269E-14
5238.75  3.552128E-14
5240.00  3.572269E-14
5241.25  3.583443E-14
5242.50  3.585029E-14
5243.75  3.574744E-14
5245.00  3.563405E-14
5246.25  3.545896E-14
5247.50  3.532223E-14
5248.75  3.516136E-14
5250.00  3.502777E-14
5251.25  3.489264E-14
5252.50  3.481055E-14
5253.75  3.475258E-14
5255.00  3.468639E-14
5256.25  3.458184E-14
5257.50  3.438377E-14
5258.75  3.407213E-14
5260.00  3.368958E-14
5261.25  3.321431E-14
5262.50  3.271444E-14
5263.75  3.218714E-14
5265.00  3.166602E-14
5266.25  3.120757E-14
5267.50  3.088586E-14
5268.75  3.082128E-14
5270.00  3.084982E-14
5271.25  3.116130E-14
5272.50  3.146649E-14
5273.75  3.202585E-14
5275.00  3.256701E-14
5276.25  3.330871E-14
5277.50  3.389204E-14
5278.75  3.449907E-14
5280.00  3.500184E-14
5281.25  3.554995E-14
5282.50  3.602098E-14
5283.75  3.644472E-14
5285.00  3.680067E-14
5286.25  3.707274E-14
5287.50  3.732806E-14
5288.75  3.751998E-14
5290.00  3.766883E-14
5291.25  3.768891E-14
5292.50  3.762494E-14
5293.75  3.750412E-14
5295.00  3.733317E-14
5296.25  3.722467E-14
5297.50  3.711065E-14
5298.75  3.708671E-14
5300.00  3.707636E-14
5301.25  3.722209E-14
5302.50  3.741403E-14
5303.75  3.770615E-14
5305.00  3.799307E-14
5306.25  3.831362E-14
5307.50  3.859155E-14
5308.75  3.885090E-14
5310.00  3.899107E-14
5311.25  3.909223E-14
5312.50  3.907667E-14
5313.75  3.902589E-14
5315.00  3.885359E-14
5316.25  3.864812E-14
5317.50  3.833078E-14
5318.75  3.797707E-14
5320.00  3.754955E-14
5321.25  3.712818E-14
5322.50  3.667638E-14
5323.75  3.623343E-14
5325.00  3.580519E-14
5326.25  3.546402E-14
5327.50  3.524247E-14
5328.75  3.517540E-14
5330.00  3.515928E-14
5331.25  3.524287E-14
5332.50  3.540140E-14
5333.75  3.571237E-14
5335.00  3.596049E-14
5336.25  3.623174E-14
5337.50  3.639059E-14
5338.75  3.657313E-14
5340.00  3.668938E-14
5341.25  3.683560E-14
5342.50  3.688651E-14
5343.75  3.696623E-14
5345.00  3.706761E-14
5346.25  3.726379E-14
5347.50  3.747753E-14
5348.75  3.776832E-14
5350.00  3.806266E-14
5351.25  3.841962E-14
5352.50  3.875745E-14
5353.75  3.912643E-14
5355.00  3.941896E-14
5356.25  3.966629E-14
5357.50  3.978940E-14
5358.75  3.983281E-14
5360.00  3.976105E-14
5361.25  3.958771E-14
5362.50  3.932655E-14
5363.75  3.901399E-14
5365.00  3.867407E-14
5366.25  3.833315E-14
5367.50  3.798944E-14
5368.75  3.773613E-14
5370.00  3.755975E-14
5371.25  3.755333E-14
5372.50  3.756411E-14
5373.75  3.767951E-14
5375.00  3.779906E-14
5376.25  3.808554E-14
5377.50  3.833287E-14
5378.75  3.858115E-14
5380.00  3.868431E-14
5381.25  3.880489E-14
5382.50  3.883523E-14
5383.75  3.884136E-14
5385.00  3.872296E-14
5386.25  3.854804E-14
5387.50  3.829682E-14
5388.75  3.803449E-14
5390.00  3.777462E-14
5391.25  3.746903E-14
5392.50  3.716261E-14
5393.75  3.684472E-14
5395.00  3.658217E-14
5396.25  3.632934E-14
5397.50  3.614499E-14
5398.75  3.597176E-14
5400.00  3.579164E-14
5401.25  3.564757E-14
5402.50  3.555092E-14
5403.75  3.551639E-14
5405.00  3.551621E-14
5406.25  3.559110E-14
5407.50  3.567784E-14
5408.75  3.586823E-14
5410.00  3.616815E-14
5411.25  3.655715E-14
5412.50  3.692718E-14
5413.75  3.733453E-14
5415.00  3.773596E-14
5416.25  3.813684E-14
5417.50  3.845021E-14
5418.75  3.870837E-14
5420.00  3.886284E-14
5421.25  3.894485E-14
5422.50  3.894145E-14
5423.75  3.888607E-14
5425.00  3.877199E-14
5426.25  3.858396E-14
5427.50  3.836081E-14
5428.75  3.818760E-14
5430.00  3.806126E-14
5431.25  3.793440E-14
5432.50  3.781308E-14
5433.75  3.781119E-14
5435.00  3.790589E-14
5436.25  3.806007E-14
5437.50  3.817075E-14
5438.75  3.831502E-14
5440.00  3.844273E-14
5441.25  3.857079E-14
5442.50  3.856415E-14
5443.75  3.848617E-14
5445.00  3.829867E-14
5446.25  3.812976E-14
5447.50  3.788427E-14
5448.75  3.762716E-14
5450.00  3.731881E-14
5451.25  3.710437E-14
5452.50  3.691477E-14
5453.75  3.677387E-14
5455.00  3.668080E-14
5456.25  3.665392E-14
5457.50  3.665148E-14
5458.75  3.666218E-14
5460.00  3.673172E-14
5461.25  3.683923E-14
5462.50  3.694302E-14
5463.75  3.701341E-14
5465.00  3.705936E-14
5466.25  3.709753E-14
5467.50  3.710957E-14
5468.75  3.707938E-14
5470.00  3.703535E-14
5471.25  3.694997E-14
5472.50  3.685017E-14
5473.75  3.671073E-14
5475.00  3.663865E-14
5476.25  3.657681E-14
5477.50  3.658681E-14
5478.75  3.654691E-14
5480.00  3.659504E-14
5481.25  3.669007E-14
5482.50  3.690714E-14
5483.75  3.702954E-14
5485.00  3.716758E-14
5486.25  3.730809E-14
5487.50  3.751803E-14
5488.75  3.765888E-14
5490.00  3.774832E-14
5491.25  3.779459E-14
5492.50  3.785137E-14
5493.75  3.787740E-14
5495.00  3.786120E-14
5496.25  3.780472E-14
5497.50  3.774546E-14
5498.75  3.764463E-14
5500.00  3.753251E-14
5501.25  3.740918E-14
5502.50  3.731810E-14
5503.75  3.717002E-14
5505.00  3.702954E-14
5506.25  3.692441E-14
5507.50  3.687569E-14
5508.75  3.678796E-14
5510.00  3.672841E-14
5511.25  3.673726E-14
5512.50  3.681931E-14
5513.75  3.690234E-14
5515.00  3.701395E-14
5516.25  3.717759E-14
5517.50  3.738281E-14
5518.75  3.757837E-14
5520.00  3.774230E-14
5521.25  3.792236E-14
5522.50  3.805874E-14
5523.75  3.815170E-14
5525.00  3.816828E-14
5526.25  3.819359E-14
5527.50  3.820333E-14
5528.75  3.822023E-14
5530.00  3.819417E-14
5531.25  3.818815E-14
5532.50  3.822783E-14
5533.75  3.831818E-14
5535.00  3.839664E-14
5536.25  3.847552E-14
5537.50  3.858887E-14
5538.75  3.872862E-14
5540.00  3.885546E-14
5541.25  3.896975E-14
5542.50  3.909307E-14
5543.75  3.922211E-14
5545.00  3.932352E-14
5546.25  3.940539E-14
5547.50  3.948471E-14
5548.75  3.954509E-14
5550.00  3.956918E-14
5551.25  3.957324E-14
5552.50  3.956325E-14
5553.75  3.951806E-14
5555.00  3.943576E-14
5556.25  3.933686E-14
5557.50  3.922673E-14
5558.75  3.910802E-14
5560.00  3.896823E-14
5561.25  3.883118E-14
5562.50  3.871230E-14
5563.75  3.860145E-14
5565.00  3.849348E-14
5566.25  3.841101E-14
5567.50  3.836912E-14
5568.75  3.835047E-14
5570.00  3.834799E-14
5571.25  3.836490E-14
5572.50  3.841639E-14
5573.75  3.847783E-14
5575.00  3.852707E-14
5576.25  3.853488E-14
5577.50  3.855963E-14
5578.75  3.851739E-14
5580.00  3.844363E-14
5581.25  3.827033E-14
5582.50  3.814226E-14
5583.75  3.790175E-14
5585.00  3.769879E-14
5586.25  3.740543E-14
5587.50  3.725948E-14
5588.75  3.705445E-14
5590.00  3.695778E-14
5591.25  3.679229E-14
5592.50  3.680884E-14
5593.75  3.680470E-14
5595.00  3.690017E-14
5596.25  3.689041E-14
5597.50  3.702033E-14
5598.75  3.713895E-14
5600.00  3.733771E-14
5601.25  3.743107E-14
5602.50  3.763838E-14
5603.75  3.783916E-14
5605.00  3.808307E-14
5606.25  3.822665E-14
5607.50  3.840503E-14
5608.75  3.852334E-14
5610.00  3.864430E-14
5611.25  3.863221E-14
5612.50  3.858969E-14
5613.75  3.846743E-14
5615.00  3.842552E-14
5616.25  3.827701E-14
5617.50  3.813484E-14
5618.75  3.795448E-14
5620.00  3.795828E-14
5621.25  3.788607E-14
5622.50  3.785213E-14
5623.75  3.780045E-14
5625.00  3.793058E-14
5626.25  3.797150E-14
5627.50  3.803027E-14
5628.75  3.806252E-14
5630.00  3.820445E-14
5631.25  3.825389E-14
5632.50  3.829126E-14
5633.75  3.828567E-14
5635.00  3.832433E-14
5636.25  3.831274E-14
5637.50  3.829673E-14
5638.75  3.825495E-14
5640.00  3.824071E-14
5641.25  3.823822E-14
5642.50  3.825082E-14
5643.75  3.826972E-14
5645.00  3.830315E-14
5646.25  3.835231E-14
5647.50  3.839305E-14
5648.75  3.844187E-14
5650.00  3.846938E-14
5651.25  3.845595E-14
5652.50  3.841949E-14
5653.75  3.838888E-14
5655.00  3.833426E-14
5656.25  3.820491E-14
5657.50  3.812404E-14
5658.75  3.807527E-14
5660.00  3.804102E-14
5661.25  3.795084E-14
5662.50  3.799092E-14
5663.75  3.806641E-14
5665.00  3.816570E-14
5666.25  3.823028E-14
5667.50  3.840488E-14
5668.75  3.857981E-14
5670.00  3.875169E-14
5671.25  3.889817E-14
5672.50  3.906880E-14
5673.75  3.921355E-14
5675.00  3.932377E-14
5676.25  3.940800E-14
5677.50  3.946523E-14
5678.75  3.949554E-14
5680.00  3.948316E-14
5681.25  3.945640E-14
5682.50  3.943682E-14
5683.75  3.941955E-14
5685.00  3.938174E-14
5686.25  3.935337E-14
5687.50  3.936895E-14
5688.75  3.940347E-14
5690.00  3.941241E-14
5691.25  3.941673E-14
5692.50  3.942583E-14
5693.75  3.943640E-14
5695.00  3.937613E-14
5696.25  3.930290E-14
5697.50  3.918742E-14
5698.75  3.908255E-14
5700.00  3.888566E-14
5701.25  3.873665E-14
5702.50  3.855726E-14
5703.75  3.843309E-14
5705.00  3.825111E-14
5706.25  3.818597E-14
5707.50  3.813907E-14
5708.75  3.817346E-14
5710.00  3.820986E-14
5711.25  3.836076E-14
5712.50  3.856368E-14
5713.75  3.880519E-14
5715.00  3.906876E-14
5716.25  3.935932E-14
5717.50  3.968234E-14
5718.75  3.994901E-14
5720.00  4.020890E-14
5721.25  4.041705E-14
5722.50  4.063834E-14
5723.75  4.075171E-14
5725.00  4.085144E-14
5726.25  4.091088E-14
5727.50  4.100851E-14
5728.75  4.101646E-14
5730.00  4.103287E-14
5731.25  4.105357E-14
5732.50  4.113107E-14
5733.75  4.114764E-14
5735.00  4.117756E-14
5736.25  4.120499E-14
5737.50  4.128754E-14
5738.75  4.131760E-14
5740.00  4.135581E-14
5741.25  4.134285E-14
5742.50  4.140741E-14
5743.75  4.141765E-14
5745.00  4.143709E-14
5746.25  4.135657E-14
5747.50  4.138922E-14
5748.75  4.137072E-14
5750.00  4.137048E-14
5751.25  4.126041E-14
5752.50  4.126652E-14
5753.75  4.124085E-14
5755.00  4.123903E-14
5756.25  4.117292E-14
5757.50  4.118821E-14
5758.75  4.118917E-14
5760.00  4.119673E-14
5761.25  4.120785E-14
5762.50  4.126272E-14
5763.75  4.131321E-14
5765.00  4.133284E-14
5766.25  4.138917E-14
5767.50  4.142154E-14
5768.75  4.144213E-14
5770.00  4.140110E-14
5771.25  4.137466E-14
5772.50  4.127405E-14
5773.75  4.114022E-14
5775.00  4.096610E-14
5776.25  4.079823E-14
5777.50  4.058113E-14
5778.75  4.033901E-14
5780.00  4.013634E-14
5781.25  3.998092E-14
5782.50  3.985045E-14
5783.75  3.973018E-14
5785.00  3.973742E-14
5786.25  3.979657E-14
5787.50  3.993097E-14
5788.75  4.006754E-14
5790.00  4.031272E-14
5791.25  4.056576E-14
5792.50  4.087771E-14
5793.75  4.114800E-14
5795.00  4.143461E-14
5796.25  4.167255E-14
5797.50  4.193253E-14
5798.75  4.214636E-14
5800.00  4.232198E-14
5801.25  4.242594E-14
5802.50  4.252220E-14
5803.75  4.259105E-14
5805.00  4.262366E-14
5806.25  4.261499E-14
5807.50  4.259400E-14
5808.75  4.255783E-14
5810.00  4.250639E-14
5811.25  4.246757E-14
5812.50  4.241888E-14
5813.75  4.237090E-14
5815.00  4.233360E-14
5816.25  4.235167E-14
5817.50  4.235194E-14
5818.75  4.237322E-14
5820.00  4.240467E-14
5821.25  4.246013E-14
5822.50  4.251540E-14
5823.75  4.257861E-14
5825.00  4.263969E-14
5826.25  4.268508E-14
5827.50  4.273423E-14
5828.75  4.276924E-14
5830.00  4.280447E-14
5831.25  4.281250E-14
5832.50  4.281632E-14
5833.75  4.280661E-14
5835.00  4.281922E-14
5836.25  4.278017E-14
5837.50  4.274958E-14
5838.75  4.270000E-14
5840.00  4.266605E-14
5841.25  4.256506E-14
5842.50  4.245651E-14
5843.75  4.232364E-14
5845.00  4.215375E-14
5846.25  4.195492E-14
5847.50  4.172638E-14
5848.75  4.151141E-14
5850.00  4.121355E-14
5851.25  4.096293E-14
5852.50  4.070343E-14
5853.75  4.051545E-14
5855.00  4.023888E-14
5856.25  4.007676E-14
5857.50  3.993174E-14
5858.75  3.988698E-14
5860.00  3.977083E-14
5861.25  3.977714E-14
5862.50  3.978262E-14
5863.75  3.985115E-14
5865.00  3.986010E-14
5866.25  3.995411E-14
5867.50  4.002679E-14
5868.75  4.007941E-14
5870.00  4.008475E-14
5871.25  4.008990E-14
5872.50  4.005161E-14
5873.75  3.994252E-14
5875.00  3.978011E-14
5876.25  3.954568E-14
5877.50  3.923628E-14
5878.75  3.882691E-14
5880.00  3.835821E-14
5881.25  3.779570E-14
5882.50  3.712764E-14
5883.75  3.642887E-14
5885.00  3.568221E-14
5886.25  3.490880E-14
5887.50  3.406007E-14
5888.75  3.337678E-14
5890.00  3.277541E-14
5891.25  3.238975E-14
5892.50  3.197054E-14
5893.75  3.183377E-14
5895.00  3.181864E-14
5896.25  3.219485E-14
5897.50  3.247763E-14
5898.75  3.306425E-14
5900.00  3.358172E-14
5901.25  3.433132E-14
5902.50  3.491780E-14
5903.75  3.565931E-14
5905.00  3.621525E-14
5906.25  3.679025E-14
5907.50  3.720239E-14
5908.75  3.762284E-14
5910.00  3.791506E-14
5911.25  3.814566E-14
5912.50  3.830339E-14
5913.75  3.844018E-14
5915.00  3.854472E-14
5916.25  3.862413E-14
5917.50  3.869410E-14
5918.75  3.876055E-14
5920.00  3.882027E-14
5921.25  3.888162E-14
5922.50  3.896045E-14
5923.75  3.902104E-14
5925.00  3.909599E-14
5926.25  3.913763E-14
5927.50  3.920076E-14
5928.75  3.923463E-14
5930.00  3.932566E-14
5931.25  3.934608E-14
5932.50  3.939235E-14
5933.75  3.942071E-14
5935.00  3.949615E-14
5936.25  3.951961E-14
5937.50  3.957551E-14
5938.75  3.959646E-14
5940.00  3.962284E-14
5941.25  3.964135E-14
5942.50  3.967436E-14
5943.75  3.967412E-14
5945.00  3.966617E-14
5946.25  3.964153E-14
5947.50  3.960357E-14
5948.75  3.959782E-14
5950.00  3.956437E-14
5951.25  3.953580E-14
5952.50  3.952168E-14
5953.75  3.953368E-14
5955.00  3.952679E-14
5956.25  3.956270E-14
5957.50  3.963991E-14
5958.75  3.970848E-14
5960.00  3.979097E-14
5961.25  3.988864E-14
5962.50  3.999627E-14
5963.75  4.007713E-14
5965.00  4.017693E-14
5966.25  4.026862E-14
5967.50  4.031680E-14
5968.75  4.035537E-14
5970.00  4.037444E-14
5971.25  4.037106E-14
5972.50  4.033736E-14
5973.75  4.028508E-14
5975.00  4.022887E-14
5976.25  4.014992E-14
5977.50  4.009833E-14
5978.75  4.003071E-14
5980.00  4.000278E-14
5981.25  3.994258E-14
5982.50  3.994578E-14
5983.75  3.996576E-14
5985.00  4.004309E-14
5986.25  4.008083E-14
5987.50  4.018268E-14
5988.75  4.026690E-14
5990.00  4.036400E-14
5991.25  4.045996E-14
5992.50  4.055708E-14
5993.75  4.061183E-14
5995.00  4.063146E-14
5996.25  4.065925E-14
5997.50  4.063970E-14
5998.75  4.061315E-14
6000.00  4.057210E-14
6001.25  4.050723E-14
6002.50  4.043529E-14
6003.75  4.037410E-14
6005.00  4.029816E-14
6006.25  4.023483E-14
6007.50  4.018608E-14
6008.75  4.017914E-14
6010.00  4.010313E-14
6011.25  4.011704E-14
6012.50  4.008164E-14
6013.75  4.013344E-14
6015.00  4.009368E-14
6016.25  4.019545E-14
6017.50  4.022262E-14
6018.75  4.031588E-14
6020.00  4.039905E-14
6021.25  4.054769E-14
6022.50  4.068681E-14
6023.75  4.085336E-14
6025.00  4.105235E-14
6026.25  4.123066E-14
6027.50  4.144845E-14
6028.75  4.163062E-14
6030.00  4.183533E-14
6031.25  4.200167E-14
6032.50  4.218672E-14
6033.75  4.231781E-14
6035.00  4.246370E-14
6036.25  4.257065E-14
6037.50  4.267564E-14
6038.75  4.276599E-14
6040.00  4.284912E-14
6041.25  4.293222E-14
6042.50  4.299579E-14
6043.75  4.305263E-14
6045.00  4.309772E-14
6046.25  4.312896E-14
6047.50  4.313714E-14
6048.75  4.313415E-14
6050.00  4.312614E-14
6051.25  4.305277E-14
6052.50  4.300745E-14
6053.75  4.291787E-14
6055.00  4.284184E-14
6056.25  4.274761E-14
6057.50  4.269796E-14
6058.75  4.262239E-14
6060.00  4.257675E-14
6061.25  4.254880E-14
6062.50  4.255360E-14
6063.75  4.256833E-14
6065.00  4.265056E-14
6066.25  4.271995E-14
6067.50  4.280964E-14
6068.75  4.286942E-14
6070.00  4.297238E-14
6071.25  4.300851E-14
6072.50  4.305579E-14
6073.75  4.307451E-14
6075.00  4.304559E-14
6076.25  4.298292E-14
6077.50  4.289094E-14
6078.75  4.281238E-14
6080.00  4.266051E-14
6081.25  4.257421E-14
6082.50  4.245693E-14
6083.75  4.235708E-14
6085.00  4.226332E-14
6086.25  4.221101E-14
6087.50  4.215037E-14
6088.75  4.210069E-14
6090.00  4.210463E-14
6091.25  4.207709E-14
6092.50  4.206512E-14
6093.75  4.207186E-14
6095.00  4.204955E-14
6096.25  4.202989E-14
6097.50  4.200429E-14
6098.75  4.200210E-14
6100.00  4.195860E-14
6101.25  4.192886E-14
6102.50  4.196776E-14
6103.75  4.194401E-14
6105.00  4.201310E-14
6106.25  4.199348E-14
6107.50  4.210368E-14
6108.75  4.205565E-14
6110.00  4.218473E-14
6111.25  4.216443E-14
6112.50  4.223272E-14
6113.75  4.215802E-14
6115.00  4.215329E-14
6116.25  4.207014E-14
6117.50  4.197194E-14
6118.75  4.188015E-14
6120.00  4.176437E-14
6121.25  4.171579E-14
6122.50  4.159535E-14
6123.75  4.156509E-14
6125.00  4.149585E-14
6126.25  4.147249E-14
6127.50  4.142883E-14
6128.75  4.143441E-14
6130.00  4.143026E-14
6131.25  4.139262E-14
6132.50  4.136793E-14
6133.75  4.133269E-14
6135.00  4.127340E-14
6136.25  4.132575E-14
6137.50  4.130389E-14
6138.75  4.136964E-14
6140.00  4.133811E-14
6141.25  4.145592E-14
6142.50  4.143331E-14
6143.75  4.152983E-14
6145.00  4.154569E-14
6146.25  4.155562E-14
6147.50  4.148804E-14
6148.75  4.137594E-14
6150.00  4.124602E-14
6151.25  4.100131E-14
6152.50  4.073176E-14
6153.75  4.039700E-14
6155.00  4.000930E-14
6156.25  3.959536E-14
6157.50  3.915212E-14
6158.75  3.874818E-14
6160.00  3.829864E-14
6161.25  3.793814E-14
6162.50  3.765575E-14
6163.75  3.737388E-14
6165.00  3.723685E-14
6166.25  3.710992E-14
6167.50  3.709591E-14
6168.75  3.710898E-14
6170.00  3.728832E-14
6171.25  3.740908E-14
6172.50  3.760404E-14
6173.75  3.781206E-14
6175.00  3.797458E-14
6176.25  3.816689E-14
6177.50  3.832080E-14
6178.75  3.844188E-14
6180.00  3.850856E-14
6181.25  3.854265E-14
6182.50  3.851923E-14
6183.75  3.845651E-14
6185.00  3.838283E-14
6186.25  3.824155E-14
6187.50  3.816012E-14
6188.75  3.802808E-14
6190.00  3.793888E-14
6191.25  3.789951E-14
6192.50  3.785830E-14
6193.75  3.787406E-14
6195.00  3.791258E-14
6196.25  3.801539E-14
6197.50  3.806224E-14
6198.75  3.823209E-14
6200.00  3.831862E-14
6201.25  3.844350E-14
6202.50  3.851432E-14
6203.75  3.858098E-14
6205.00  3.856254E-14
6206.25  3.853801E-14
6207.50  3.845563E-14
6208.75  3.831115E-14
6210.00  3.815606E-14
6211.25  3.792628E-14
6212.50  3.771752E-14
6213.75  3.746602E-14
6215.00  3.723326E-14
6216.25  3.700591E-14
6217.50  3.678433E-14
6218.75  3.659529E-14
6220.00  3.643134E-14
6221.25  3.629010E-14
6222.50  3.617755E-14
6223.75  3.609807E-14
6225.00  3.601425E-14
6226.25  3.595372E-14
6227.50  3.592491E-14
6228.75  3.586989E-14
6230.00  3.587992E-14
6231.25  3.585724E-14
6232.50  3.586773E-14
6233.75  3.586696E-14
6235.00  3.587369E-14
6236.25  3.586421E-14
6237.50  3.587784E-14
6238.75  3.587060E-14
6240.00  3.589389E-14
6241.25  3.588197E-14
6242.50  3.591245E-14
6243.75  3.589155E-14
6245.00  3.592334E-14
6246.25  3.591302E-14
6247.50  3.591285E-14
6248.75  3.593091E-14
6250.00  3.590342E-14
6251.25  3.594437E-14
6252.50  3.591048E-14
6253.75  3.598143E-14
6255.00  3.596735E-14
6256.25  3.605988E-14
6257.50  3.613166E-14
6258.75  3.623380E-14
6260.00  3.638225E-14
6261.25  3.651479E-14
6262.50  3.670235E-14
6263.75  3.684954E-14
6265.00  3.705022E-14
6266.25  3.719648E-14
6267.50  3.735887E-14
6268.75  3.748749E-14
6270.00  3.759311E-14
6271.25  3.767934E-14
6272.50  3.773328E-14
6273.75  3.778340E-14
6275.00  3.781044E-14
6276.25  3.785213E-14
6277.50  3.789024E-14
6278.75  3.795122E-14
6280.00  3.800258E-14
6281.25  3.810400E-14
6282.50  3.817837E-14
6283.75  3.829515E-14
6285.00  3.837665E-14
6286.25  3.848070E-14
6287.50  3.855381E-14
6288.75  3.860476E-14
6290.00  3.866813E-14
6291.25  3.864166E-14
6292.50  3.867587E-14
6293.75  3.863004E-14
6295.00  3.861266E-14
6296.25  3.858940E-14
6297.50  3.855708E-14
6298.75  3.857984E-14
6300.00  3.855711E-14
6301.25  3.864356E-14
6302.50  3.866399E-14
6303.75  3.878567E-14
6305.00  3.884154E-14
6306.25  3.896039E-14
6307.50  3.904618E-14
6308.75  3.914697E-14
6310.00  3.922194E-14
6311.25  3.929426E-14
6312.50  3.937185E-14
6313.75  3.941222E-14
6315.00  3.950836E-14
6316.25  3.955052E-14
6317.50  3.964487E-14
6318.75  3.973998E-14
6320.00  3.983173E-14
6321.25  3.996474E-14
6322.50  4.008281E-14
6323.75  4.023554E-14
6325.00  4.035149E-14
6326.25  4.049437E-14
6327.50  4.061985E-14
6328.75  4.070318E-14
6330.00  4.082417E-14
6331.25  4.083884E-14
6332.50  4.093949E-14
6333.75  4.092373E-14
6335.00  4.099623E-14
6336.25  4.098171E-14
6337.50  4.101893E-14
6338.75  4.102515E-14
6340.00  4.103565E-14
6341.25  4.109864E-14
6342.50  4.109050E-14
6343.75  4.116248E-14
6345.00  4.114811E-14
6346.25  4.120131E-14
6347.50  4.118568E-14
6348.75  4.117795E-14
6350.00  4.111436E-14
6351.25  4.106343E-14
6352.50  4.094583E-14
6353.75  4.083129E-14
6355.00  4.071234E-14
6356.25  4.057295E-14
6357.50  4.046429E-14
6358.75  4.036624E-14
6360.00  4.031704E-14
6361.25  4.029079E-14
6362.50  4.033847E-14
6363.75  4.041089E-14
6365.00  4.053202E-14
6366.25  4.071335E-14
6367.50  4.087185E-14
6368.75  4.110699E-14
6370.00  4.127111E-14
6371.25  4.149680E-14
6372.50  4.164477E-14
6373.75  4.178952E-14
6375.00  4.191654E-14
6376.25  4.196632E-14
6377.50  4.205239E-14
6378.75  4.204969E-14
6380.00  4.207019E-14
6381.25  4.205002E-14
6382.50  4.203335E-14
6383.75  4.199774E-14
6385.00  4.196790E-14
6386.25  4.193203E-14
6387.50  4.189011E-14
6388.75  4.184063E-14
6390.00  4.184284E-14
6391.25  4.180076E-14
6392.50  4.180347E-14
6393.75  4.179565E-14
6395.00  4.178320E-14
6396.25  4.181796E-14
6397.50  4.185466E-14
6398.75  4.188497E-14
6400.00  4.194708E-14
6401.25  4.199193E-14
6402.50  4.202742E-14
6403.75  4.210032E-14
6405.00  4.212591E-14
6406.25  4.216651E-14
6407.50  4.218259E-14
6408.75  4.220370E-14
6410.00  4.219333E-14
6411.25  4.221539E-14
6412.50  4.219257E-14
6413.75  4.219264E-14
6415.00  4.219365E-14
6416.25  4.217206E-14
6417.50  4.221489E-14
6418.75  4.220493E-14
6420.00  4.225857E-14
6421.25  4.226482E-14
6422.50  4.232833E-14
6423.75  4.233821E-14
6425.00  4.239462E-14
6426.25  4.241333E-14
6427.50  4.245330E-14
6428.75  4.249207E-14
6430.00  4.249414E-14
6431.25  4.255798E-14
6432.50  4.253982E-14
6433.75  4.260722E-14
6435.00  4.259413E-14
6436.25  4.267587E-14
6437.50  4.267080E-14
6438.75  4.273177E-14
6440.00  4.274025E-14
6441.25  4.275245E-14
6442.50  4.277426E-14
6443.75  4.272991E-14
6445.00  4.274477E-14
6446.25  4.268151E-14
6447.50  4.267951E-14
6448.75  4.263500E-14
6450.00  4.259782E-14
6451.25  4.260403E-14
6452.50  4.257820E-14
6453.75  4.260903E-14
6455.00  4.263668E-14
6456.25  4.265642E-14
6457.50  4.272653E-14
6458.75  4.276195E-14
6460.00  4.284267E-14
6461.25  4.289516E-14
6462.50  4.295191E-14
6463.75  4.302754E-14
6465.00  4.305249E-14
6466.25  4.312907E-14
6467.50  4.313415E-14
6468.75  4.318644E-14
6470.00  4.318953E-14
6471.25  4.319458E-14
6472.50  4.319839E-14
6473.75  4.314936E-14
6475.00  4.312825E-14
6476.25  4.305099E-14
6477.50  4.298105E-14
6478.75  4.288606E-14
6480.00  4.276464E-14
6481.25  4.263623E-14
6482.50  4.247288E-14
6483.75  4.229708E-14
6485.00  4.210251E-14
6486.25  4.187157E-14
6487.50  4.165793E-14
6488.75  4.140220E-14
6490.00  4.118137E-14
6491.25  4.095646E-14
6492.50  4.076648E-14
6493.75  4.061926E-14
6495.00  4.051120E-14
6496.25  4.048024E-14
6497.50  4.049523E-14
6498.75  4.058824E-14
6500.00  4.072114E-14
6501.25  4.092806E-14
6502.50  4.114414E-14
6503.75  4.141079E-14
6505.00  4.166868E-14
6506.25  4.192806E-14
6507.50  4.218385E-14
6508.75  4.240049E-14
6510.00  4.260918E-14
6511.25  4.278046E-14
6512.50  4.292891E-14
6513.75  4.306520E-14
6515.00  4.315811E-14
6516.25  4.327363E-14
6517.50  4.334130E-14
6518.75  4.342953E-14
6520.00  4.350851E-14
6521.25  4.356822E-14
6522.50  4.366418E-14
6523.75  4.370877E-14
6525.00  4.380817E-14
6526.25  4.385463E-14
6527.50  4.393912E-14
6528.75  4.399389E-14
6530.00  4.405542E-14
6531.25  4.411983E-14
6532.50  4.415230E-14
6533.75  4.420395E-14
6535.00  4.420826E-14
6536.25  4.422236E-14
6537.50  4.419455E-14
6538.75  4.414942E-14
6540.00  4.407979E-14
6541.25  4.397401E-14
6542.50  4.383908E-14
6543.75  4.368393E-14
6545.00  4.347568E-14
6546.25  4.327882E-14
6547.50  4.300901E-14
6548.75  4.276574E-14
6550.00  4.247766E-14
6551.25  4.215202E-14
6552.50  4.189134E-14
6553.75  4.149267E-14
6555.00  4.123652E-14
6556.25  4.089803E-14
6557.50  4.060358E-14
6558.75  4.038845E-14
6560.00  4.011809E-14
6561.25  4.000841E-14
6562.50  3.987393E-14
6563.75  3.984143E-14
6565.00  3.987014E-14
6566.25  3.993414E-14
6567.50  4.008103E-14
6568.75  4.024875E-14
6570.00  4.044956E-14
6571.25  4.068833E-14
6572.50  4.090372E-14
6573.75  4.116323E-14
6575.00  4.137548E-14
6576.25  4.160547E-14
6577.50  4.181118E-14
6578.75  4.198240E-14
6580.00  4.217097E-14
6581.25  4.227575E-14
6582.50  4.242162E-14
6583.75  4.248175E-14
6585.00  4.255460E-14
6586.25  4.259152E-14
6587.50  4.258600E-14
6588.75  4.260497E-14
6590.00  4.255000E-14
6591.25  4.254787E-14
6592.50  4.248883E-14
6593.75  4.246097E-14
6595.00  4.243144E-14
6596.25  4.238619E-14
6597.50  4.238973E-14
6598.75  4.235381E-14
6600.00  4.236894E-14
6601.25  4.236179E-14
6602.50  4.236501E-14
6603.75  4.239309E-14
6605.00  4.238716E-14
6606.25  4.243230E-14
6607.50  4.244180E-14
6608.75  4.248017E-14
6610.00  4.251958E-14
6611.25  4.254200E-14
6612.50  4.259457E-14
6613.75  4.261107E-14
6615.00  4.264353E-14
6616.25  4.265028E-14
6617.50  4.264534E-14
6618.75  4.262223E-14
6620.00  4.258220E-14
6621.25  4.251905E-14
6622.50  4.244588E-14
6623.75  4.235716E-14
6625.00  4.225767E-14
6626.25  4.216389E-14
6627.50  4.205894E-14
6628.75  4.197075E-14
6630.00  4.189011E-14
6631.25  4.181288E-14
6632.50  4.176966E-14
6633.75  4.171383E-14
6635.00  4.170199E-14
6636.25  4.167383E-14
6637.50  4.167552E-14
6638.75  4.167083E-14
6640.00  4.167068E-14
6641.25  4.168014E-14
6642.50  4.166291E-14
6643.75  4.167212E-14
6645.00  4.163102E-14
6646.25  4.162619E-14
6647.50  4.157009E-14
6648.75  4.153105E-14
6650.00  4.147550E-14
6651.25  4.139418E-14
6652.50  4.134556E-14
6653.75  4.124144E-14
6655.00  4.118772E-14
6656.25  4.109737E-14
6657.50  4.102356E-14
6658.75  4.097324E-14
6660.00  4.088926E-14
6661.25  4.087607E-14
6662.50  4.081364E-14
6663.75  4.080968E-14
6665.00  4.079267E-14
6666.25  4.077558E-14
6667.50  4.079638E-14
6668.75  4.076815E-14
6670.00  4.078609E-14
6671.25  4.075814E-14
6672.50  4.073846E-14
6673.75  4.071181E-14
6675.00  4.065841E-14
6676.25  4.061945E-14
6677.50  4.055957E-14
6678.75  4.050424E-14
6680.00  4.045930E-14
6681.25  4.040391E-14
6682.50  4.037496E-14
6683.75  4.033863E-14
6685.00  4.032188E-14
6686.25  4.030609E-14
6687.50  4.029839E-14
6688.75  4.029270E-14
6690.00  4.028940E-14
6691.25  4.028967E-14
6692.50  4.028168E-14
6693.75  4.028692E-14
6695.00  4.027263E-14
6696.25  4.027805E-14
6697.50  4.026571E-14
6698.75  4.025901E-14
6700.00  4.025161E-14
6701.25  4.022660E-14
6702.50  4.020917E-14
6703.75  4.016908E-14
6705.00  4.011824E-14
6706.25  4.006061E-14
6707.50  3.997335E-14
6708.75  3.988318E-14
6710.00  3.977838E-14
6711.25  3.965177E-14
6712.50  3.954545E-14
6713.75  3.941212E-14
6715.00  3.930860E-14
6716.25  3.921119E-14
6717.50  3.911995E-14
6718.75  3.907844E-14
6720.00  3.902254E-14
6721.25  3.902765E-14
6722.50  3.902661E-14
6723.75  3.905522E-14
6725.00  3.910560E-14
6726.25  3.913843E-14
6727.50  3.921457E-14
6728.75  3.924673E-14
6730.00  3.931297E-14
6731.25  3.934478E-14
6732.50  3.937304E-14
6733.75  3.939970E-14
6735.00  3.938665E-14
6736.25  3.939748E-14
6737.50  3.935737E-14
6738.75  3.933879E-14
6740.00  3.929195E-14
6741.25  3.924251E-14
6742.50  3.920381E-14
6743.75  3.914177E-14
6745.00  3.911060E-14
6746.25  3.906818E-14
6747.50  3.904261E-14
6748.75  3.904151E-14
6750.00  3.903382E-14
6751.25  3.907048E-14
6752.50  3.910032E-14
6753.75  3.915879E-14
6755.00  3.922612E-14
6756.25  3.929496E-14
6757.50  3.938277E-14
6758.75  3.945197E-14
6760.00  3.954511E-14
6761.25  3.960008E-14
6762.50  3.968668E-14
6763.75  3.973135E-14
6765.00  3.979619E-14
6766.25  3.984968E-14
6767.50  3.988225E-14
6768.75  3.994566E-14
6770.00  3.995916E-14
6771.25  4.001157E-14
6772.50  4.002016E-14
6773.75  4.003871E-14
6775.00  4.003570E-14
6776.25  4.001111E-14
6777.50  3.998552E-14
6778.75  3.991893E-14
6780.00  3.986761E-14
6781.25  3.977310E-14
6782.50  3.969831E-14
6783.75  3.960882E-14
6785.00  3.952059E-14
6786.25  3.946327E-14
6787.50  3.938849E-14
6788.75  3.936344E-14
6790.00  3.933495E-14
6791.25  3.933184E-14
6792.50  3.935808E-14
6793.75  3.937824E-14
6795.00  3.943607E-14
6796.25  3.948529E-14
6797.50  3.954727E-14
6798.75  3.961709E-14
6800.00  3.967465E-14
6801.25  3.974187E-14
6802.50  3.979642E-14
6803.75  3.984533E-14
6805.00  3.989155E-14
6806.25  3.992648E-14
6807.50  3.995464E-14
6808.75  3.998424E-14
6810.00  3.999879E-14
6811.25  4.001940E-14
6812.50  4.003868E-14
6813.75  4.004679E-14
6815.00  4.007732E-14
6816.25  4.008456E-14
6817.50  4.011430E-14
6818.75  4.013534E-14
6820.00  4.015518E-14
6821.25  4.018879E-14
6822.50  4.019940E-14
6823.75  4.023197E-14
6825.00  4.023479E-14
6826.25  4.025597E-14
6827.50  4.025166E-14
6828.75  4.025094E-14
6830.00  4.024432E-14
6831.25  4.021151E-14
6832.50  4.020537E-14
6833.75  4.014993E-14
6835.00  4.013139E-14
6836.25  4.008024E-14
6837.50  4.003214E-14
6838.75  4.000345E-14
6840.00  3.993298E-14
6841.25  3.991522E-14
6842.50  3.985145E-14
6843.75  3.981368E-14
6845.00  3.977744E-14
6846.25  3.970496E-14
6847.50  3.968132E-14
6848.75  3.959497E-14
6850.00  3.954531E-14
6851.25  3.947528E-14
6852.50  3.938156E-14
6853.75  3.932866E-14
6855.00  3.922221E-14
6856.25  3.916464E-14
6857.50  3.908924E-14
6858.75  3.902216E-14
6860.00  3.898593E-14
6861.25  3.893612E-14
6862.50  3.892202E-14
6863.75  3.891084E-14
6865.00  3.891246E-14
6866.25  3.892817E-14
6867.50  3.895217E-14
6868.75  3.897695E-14
6870.00  3.901540E-14
6871.25  3.904997E-14
6872.50  3.908107E-14
6873.75  3.912849E-14
6875.00  3.914727E-14
6876.25  3.919233E-14
6877.50  3.921804E-14
6878.75  3.924128E-14
6880.00  3.928812E-14
6881.25  3.929533E-14
6882.50  3.934888E-14
6883.75  3.937287E-14
6885.00  3.941173E-14
6886.25  3.946871E-14
6887.50  3.949782E-14
6888.75  3.956506E-14
6890.00  3.960832E-14
6891.25  3.965982E-14
6892.50  3.972001E-14
6893.75  3.975692E-14
6895.00  3.981245E-14
6896.25  3.985273E-14
6897.50  3.988621E-14
6898.75  3.993800E-14
6900.00  3.995697E-14
6901.25  4.000664E-14
6902.50  4.003776E-14
6903.75  4.006714E-14
6905.00  4.012029E-14
6906.25  4.013392E-14
6907.50  4.018534E-14
6908.75  4.020878E-14
6910.00  4.023260E-14
6911.25  4.027215E-14
6912.50  4.027739E-14
6913.75  4.031266E-14
6915.00  4.033052E-14
6916.25  4.035245E-14
6917.50  4.039717E-14
6918.75  4.042811E-14
6920.00  4.049243E-14
6921.25  4.055965E-14
6922.50  4.063988E-14
6923.75  4.074636E-14
6925.00  4.085077E-14
6926.25  4.097862E-14
6927.50  4.110836E-14
6928.75  4.124335E-14
6930.00  4.138119E-14
6931.25  4.151843E-14
6932.50  4.164580E-14
6933.75  4.177471E-14
6935.00  4.189074E-14
6936.25  4.199185E-14
6937.50  4.210303E-14
6938.75  4.217452E-14
6940.00  4.226578E-14
6941.25  4.233414E-14
6942.50  4.237931E-14
6943.75  4.245605E-14
6945.00  4.247254E-14
6946.25  4.252084E-14
6947.50  4.255910E-14
6948.75  4.255371E-14
6950.00  4.261516E-14
6951.25  4.260263E-14
6952.50  4.263317E-14
6953.75  4.266989E-14
6955.00  4.265894E-14
6956.25  4.272666E-14
6957.50  4.272574E-14
6958.75  4.277049E-14
6960.00  4.280256E-14
6961.25  4.281932E-14
6962.50  4.285203E-14
6963.75  4.286078E-14
6965.00  4.286778E-14
6966.25  4.285398E-14
6967.50  4.284716E-14
6968.75  4.279204E-14
6970.00  4.277636E-14
6971.25  4.270942E-14
6972.50  4.265516E-14
6973.75  4.262806E-14
6975.00  4.254229E-14
6976.25  4.254968E-14
6977.50  4.250530E-14
6978.75  4.249868E-14
6980.00  4.254274E-14
6981.25  4.252869E-14
6982.50  4.261236E-14
6983.75  4.264745E-14
6985.00  4.270165E-14
6986.25  4.279209E-14
6987.50  4.281534E-14
6988.75  4.289671E-14
6990.00  4.292668E-14
6991.25  4.295204E-14
6992.50  4.299208E-14
6993.75  4.297798E-14
6995.00  4.299477E-14
6996.25  4.297701E-14
6997.50  4.295646E-14
6998.75  4.294760E-14
7000.00  4.291118E-14
7001.25  4.290091E-14
7002.50  4.287452E-14
7003.75  4.285926E-14
7005.00  4.284976E-14
7006.25  4.283396E-14
7007.50  4.283987E-14
7008.75  4.282729E-14
7010.00  4.284593E-14
7011.25  4.284428E-14
7012.50  4.286145E-14
7013.75  4.288611E-14
7015.00  4.289136E-14
7016.25  4.294458E-14
7017.50  4.295588E-14
7018.75  4.301052E-14
7020.00  4.306286E-14
7021.25  4.309838E-14
7022.50  4.319537E-14
7023.75  4.323873E-14
7025.00  4.334266E-14
7026.25  4.343418E-14
7027.50  4.352485E-14
7028.75  4.366488E-14
7030.00  4.376282E-14
7031.25  4.391081E-14
7032.50  4.404648E-14
7033.75  4.417713E-14
7035.00  4.433853E-14
7036.25  4.446536E-14
7037.50  4.460233E-14
7038.75  4.473113E-14
7040.00  4.480899E-14
7041.25  4.490309E-14
7042.50  4.492413E-14
7043.75  4.491934E-14
7045.00  4.488340E-14
7046.25  4.475950E-14
7047.50  4.462418E-14
7048.75  4.441311E-14
7050.00  4.415923E-14
7051.25  4.388179E-14
7052.50  4.354964E-14
7053.75  4.320550E-14
7055.00  4.286631E-14
7056.25  4.249866E-14
7057.50  4.218191E-14
7058.75  4.186763E-14
7060.00  4.158582E-14
7061.25  4.137023E-14
7062.50  4.116062E-14
7063.75  4.103972E-14
7065.00  4.093282E-14
7066.25  4.088158E-14
7067.50  4.087690E-14
7068.75  4.086987E-14
7070.00  4.092421E-14
7071.25  4.094734E-14
7072.50  4.099752E-14
7073.75  4.103135E-14
7075.00  4.102883E-14
7076.25  4.103169E-14
7077.50  4.097051E-14
7078.75  4.089289E-14
7080.00  4.077734E-14
7081.25  4.061777E-14
7082.50  4.044065E-14
7083.75  4.023443E-14
7085.00  4.001123E-14
7086.25  3.978919E-14
7087.50  3.956359E-14
7088.75  3.934741E-14
7090.00  3.915781E-14
7091.25  3.897490E-14
7092.50  3.883702E-14
7093.75  3.871638E-14
7095.00  3.862473E-14
7096.25  3.856791E-14
7097.50  3.852951E-14
7098.75  3.851489E-14
7100.00  3.852428E-14
7101.25  3.853854E-14
7102.50  3.857036E-14
7103.75  3.861407E-14
7105.00  3.864773E-14
7106.25  3.870934E-14
7107.50  3.874411E-14
7108.75  3.879674E-14
7110.00  3.883361E-14
7111.25  3.885947E-14
7112.50  3.888914E-14
7113.75  3.887684E-14
7115.00  3.887693E-14
7116.25  3.882142E-14
7117.50  3.876574E-14
7118.75  3.867187E-14
7120.00  3.854727E-14
7121.25  3.841917E-14
7122.50  3.823977E-14
7123.75  3.806212E-14
7125.00  3.788230E-14
7126.25  3.765958E-14
7127.50  3.750169E-14
7128.75  3.729561E-14
7130.00  3.714390E-14
7131.25  3.701933E-14
7132.50  3.687147E-14
7133.75  3.682390E-14
7135.00  3.673671E-14
7136.25  3.672879E-14
7137.50  3.671607E-14
7138.75  3.672133E-14
7140.00  3.677178E-14
7141.25  3.680092E-14
7142.50  3.685714E-14
7143.75  3.693506E-14
7145.00  3.697084E-14
7146.25  3.707265E-14
7147.50  3.713330E-14
7148.75  3.720086E-14
7150.00  3.730632E-14
7151.25  3.734259E-14
7152.50  3.744009E-14
7153.75  3.750181E-14
7155.00  3.754350E-14
7156.25  3.762699E-14
7157.50  3.765139E-14
7158.75  3.770301E-14
7160.00  3.773960E-14
7161.25  3.775048E-14
7162.50  3.778765E-14
7163.75  3.779374E-14
7165.00  3.782177E-14
7166.25  3.782655E-14
7167.50  3.784794E-14
7168.75  3.785521E-14
7170.00  3.787716E-14
7171.25  3.786854E-14
7172.50  3.788628E-14
7173.75  3.786986E-14
7175.00  3.786647E-14
7176.25  3.784187E-14
7177.50  3.781015E-14
7178.75  3.778680E-14
7180.00  3.773443E-14
7181.25  3.770312E-14
7182.50  3.765842E-14
7183.75  3.762171E-14
7185.00  3.759535E-14
7186.25  3.756978E-14
7187.50  3.755352E-14
7188.75  3.755587E-14
7190.00  3.755018E-14
7191.25  3.757527E-14
7192.50  3.758921E-14
7193.75  3.761283E-14
7195.00  3.764847E-14
7196.25  3.768033E-14
7197.50  3.771622E-14
7198.75  3.777106E-14
7200.00  3.779225E-14
7201.25  3.785785E-14
7202.50  3.791014E-14
7203.75  3.795724E-14
7205.00  3.806832E-14
7206.25  3.811231E-14
7207.50  3.825653E-14
7208.75  3.835421E-14
7210.00  3.847249E-14
7211.25  3.865667E-14
7212.50  3.876112E-14
7213.75  3.895675E-14
7215.00  3.911981E-14
7216.25  3.925866E-14
7217.50  3.946245E-14
7218.75  3.958768E-14
7220.00  3.974194E-14
7221.25  3.989176E-14
7222.50  3.999221E-14
7223.75  4.012513E-14
7225.00  4.021294E-14
7226.25  4.029849E-14
7227.50  4.037735E-14
7228.75  4.042955E-14
7230.00  4.049146E-14
7231.25  4.052513E-14
7232.50  4.056348E-14
7233.75  4.059531E-14
7235.00  4.062594E-14
7236.25  4.064944E-14
7237.50  4.068549E-14
7238.75  4.071671E-14
7240.00  4.074442E-14
7241.25  4.080385E-14
7242.50  4.082844E-14
7243.75  4.089923E-14
7245.00  4.094424E-14
7246.25  4.099659E-14
7247.50  4.107460E-14
7248.75  4.110775E-14
7250.00  4.119045E-14
7251.25  4.125229E-14
7252.50  4.129401E-14
7253.75  4.138152E-14
7255.00  4.142399E-14
7256.25  4.147629E-14
7257.50  4.156152E-14
7258.75  4.158405E-14
7260.00  4.168075E-14
7261.25  4.172231E-14
7262.50  4.177107E-14
7263.75  4.184511E-14
7265.00  4.186267E-14
7266.25  4.192933E-14
7267.50  4.196341E-14
7268.75  4.198316E-14
7270.00  4.203455E-14
7271.25  4.202187E-14
7272.50  4.205941E-14
7273.75  4.204777E-14
7275.00  4.203257E-14
7276.25  4.205343E-14
7277.50  4.200847E-14
7278.75  4.201420E-14
7280.00  4.201258E-14
7281.25  4.196833E-14
7282.50  4.200182E-14
7283.75  4.199189E-14
7285.00  4.198943E-14
7286.25  4.205674E-14
7287.50  4.205520E-14
7288.75  4.212862E-14
7290.00  4.220408E-14
7291.25  4.224207E-14
7292.50  4.236817E-14
7293.75  4.243827E-14
7295.00  4.253327E-14
7296.25  4.266521E-14
7297.50  4.274341E-14
7298.75  4.287079E-14
7300.00  4.297203E-14
7301.25  4.305466E-14
7302.50  4.315023E-14
7303.75  4.322235E-14
7305.00  4.329102E-14
7306.25  4.336296E-14
7307.50  4.341540E-14
7308.75  4.346339E-14
7310.00  4.353028E-14
7311.25  4.355738E-14
7312.50  4.361109E-14
7313.75  4.366531E-14
7315.00  4.367403E-14
7316.25  4.374229E-14
7317.50  4.377137E-14
7318.75  4.380412E-14
7320.00  4.386796E-14
7321.25  4.388537E-14
7322.50  4.395043E-14
7323.75  4.401138E-14
7325.00  4.406164E-14
7326.25  4.415188E-14
7327.50  4.422252E-14
7328.75  4.429622E-14
7330.00  4.441189E-14
7331.25  4.448637E-14
7332.50  4.460989E-14
7333.75  4.468928E-14
7335.00  4.477254E-14
7336.25  4.486454E-14
7337.50  4.492008E-14
7338.75  4.497487E-14
7340.00  4.502559E-14
7341.25  4.500739E-14
7342.50  4.503379E-14
7343.75  4.499129E-14
7345.00  4.494985E-14
7346.25  4.491323E-14
7347.50  4.481043E-14
7348.75  4.475988E-14
7350.00  4.470762E-14
7351.25  4.461553E-14
7352.50  4.458741E-14
7353.75  4.451050E-14
7355.00  4.448547E-14
7356.25  4.448407E-14
7357.50  4.447211E-14
7358.75  4.451711E-14
7360.00  4.456078E-14
7361.25  4.463118E-14
7362.50  4.476014E-14
7363.75  4.485278E-14
7365.00  4.499234E-14
7366.25  4.511626E-14
7367.50  4.526100E-14
7368.75  4.540561E-14
7370.00  4.553896E-14
7371.25  4.565665E-14
7372.50  4.576316E-14
7373.75  4.584075E-14
7375.00  4.590076E-14
7376.25  4.593541E-14
7377.50  4.594124E-14
7378.75  4.593034E-14
7380.00  4.589790E-14
7381.25  4.585724E-14
7382.50  4.581276E-14
7383.75  4.574267E-14
7385.00  4.569068E-14
7386.25  4.563054E-14
7387.50  4.558173E-14
7388.75  4.556116E-14
7390.00  4.551172E-14
7391.25  4.552214E-14
7392.50  4.552423E-14
7393.75  4.553123E-14
7395.00  4.558402E-14
7396.25  4.560454E-14
7397.50  4.562879E-14
7398.75  4.569045E-14
7400.00  4.568932E-14
7401.25  4.572652E-14
7402.50  4.574736E-14
7403.75  4.572290E-14
7405.00  4.573942E-14
7406.25  4.573049E-14
7407.50  4.570199E-14
7408.75  4.568913E-14
7410.00  4.564602E-14
7411.25  4.561850E-14
7412.50  4.558727E-14
7413.75  4.555262E-14
7415.00  4.555201E-14
7416.25  4.554218E-14
7417.50  4.555980E-14
7418.75  4.556696E-14
7420.00  4.561587E-14
7421.25  4.566794E-14
7422.50  4.569839E-14
7423.75  4.580553E-14
7425.00  4.583906E-14
7426.25  4.590384E-14
7427.50  4.600593E-14
7428.75  4.603092E-14
7430.00  4.612142E-14
7431.25  4.616434E-14
7432.50  4.616073E-14
7433.75  4.621748E-14
7435.00  4.619903E-14
7436.25  4.618895E-14
7437.50  4.622568E-14
7438.75  4.617684E-14
7440.00  4.618533E-14
7441.25  4.617353E-14
7442.50  4.614758E-14
7443.75  4.615704E-14
7445.00  4.615738E-14
7446.25  4.615596E-14
7447.50  4.619294E-14
7448.75  4.619027E-14
7450.00  4.622547E-14
7451.25  4.623659E-14
7452.50  4.626824E-14
7453.75  4.627980E-14
7455.00  4.629705E-14
7456.25  4.631363E-14
7457.50  4.632650E-14
7458.75  4.632787E-14
7460.00  4.634217E-14
7461.25  4.632474E-14
7462.50  4.635337E-14
7463.75  4.634074E-14
7465.00  4.633335E-14
7466.25  4.636133E-14
7467.50  4.636236E-14
7468.75  4.638780E-14
7470.00  4.640953E-14
7471.25  4.641270E-14
7472.50  4.643033E-14
7473.75  4.643727E-14
7475.00  4.643671E-14
7476.25  4.645063E-14
7477.50  4.645183E-14
7478.75  4.644842E-14
7480.00  4.644602E-14
7481.25  4.644198E-14
7482.50  4.641776E-14
7483.75  4.639652E-14
7485.00  4.637121E-14
7486.25  4.633433E-14
7487.50  4.632639E-14
7488.75  4.629113E-14
7490.00  4.629066E-14
7491.25  4.628080E-14
7492.50  4.626717E-14
7493.75  4.628869E-14
7495.00  4.629013E-14
7496.25  4.631589E-14
7497.50  4.636621E-14
7498.75  4.637319E-14
7500.00  4.645823E-14
7501.25  4.649191E-14
7502.50  4.654897E-14
7503.75  4.660094E-14
7505.00  4.664484E-14
7506.25  4.670045E-14
7507.50  4.674678E-14
7508.75  4.678759E-14
7510.00  4.684804E-14
7511.25  4.687580E-14
7512.50  4.694019E-14
7513.75  4.696784E-14
7515.00  4.700688E-14
7516.25  4.705224E-14
7517.50  4.709352E-14
7518.75  4.711971E-14
7520.00  4.717115E-14
7521.25  4.718192E-14
7522.50  4.722215E-14
7523.75  4.724757E-14
7525.00  4.725901E-14
7526.25  4.730780E-14
7527.50  4.733692E-14
7528.75  4.737182E-14
7530.00  4.742947E-14
7531.25  4.744929E-14
7532.50  4.750824E-14
7533.75  4.754699E-14
7535.00  4.757651E-14
7536.25  4.763527E-14
7537.50  4.766548E-14
7538.75  4.769127E-14
7540.00  4.771594E-14
7541.25  4.771737E-14
7542.50  4.772599E-14
7543.75  4.772334E-14
7545.00  4.769227E-14
7546.25  4.769153E-14
7547.50  4.765854E-14
7548.75  4.761842E-14
7550.00  4.758966E-14
7551.25  4.753927E-14
7552.50  4.750203E-14
7553.75  4.747831E-14
7555.00  4.740972E-14
7556.25  4.739177E-14
7557.50  4.735357E-14
7558.75  4.730628E-14
7560.00  4.728294E-14
7561.25  4.725180E-14
7562.50  4.720694E-14
7563.75  4.720417E-14
7565.00  4.716525E-14
7566.25  4.714303E-14
7567.50  4.714083E-14
7568.75  4.710798E-14
7570.00  4.709374E-14
7571.25  4.708163E-14
7572.50  4.704383E-14
7573.75  4.703434E-14
7575.00  4.700073E-14
7576.25  4.696836E-14
7577.50  4.693032E-14
7578.75  4.686978E-14
7580.00  4.680745E-14
7581.25  4.671919E-14
7582.50  4.662828E-14
7583.75  4.654241E-14
7585.00  4.641518E-14
7586.25  4.630985E-14
7587.50  4.619498E-14
7588.75  4.606324E-14
7590.00  4.595082E-14
7591.25  4.584007E-14
7592.50  4.570134E-14
7593.75  4.564392E-14
7595.00  4.553585E-14
7596.25  4.544000E-14
7597.50  4.539868E-14
7598.75  4.531886E-14
7600.00  4.525763E-14
7601.25  4.525293E-14
7602.50  4.515560E-14
7603.75  4.516595E-14
7605.00  4.514269E-14
7606.25  4.508484E-14
7607.50  4.512388E-14
7608.75  4.509337E-14
7610.00  4.507648E-14
7611.25  4.511041E-14
7612.50  4.507003E-14
7613.75  4.509505E-14
7615.00  4.513412E-14
7616.25  4.509401E-14
7617.50  4.514120E-14
7618.75  4.514036E-14
7620.00  4.512858E-14
7621.25  4.513560E-14
7622.50  4.513281E-14
7623.75  4.507345E-14
7625.00  4.511606E-14
7626.25  4.505175E-14
7627.50  4.500368E-14
7628.75  4.501176E-14
7630.00  4.492350E-14
7631.25  4.488011E-14
7632.50  4.484753E-14
7633.75  4.473910E-14
7635.00  4.475276E-14
7636.25  4.462715E-14
7637.50  4.460649E-14
7638.75  4.458320E-14
7640.00  4.443838E-14
7641.25  4.445650E-14
7642.50  4.434351E-14
7643.75  4.423994E-14
7645.00  4.427545E-14
7646.25  4.401840E-14
7647.50  4.398333E-14
7648.75  4.393039E-14
7650.00  4.360303E-14
7651.25  4.355773E-14
7652.50  4.334028E-14
7653.75  4.304325E-14
7655.00  4.296590E-14
7656.25  4.260220E-14
7657.50  4.233371E-14
7658.75  4.222469E-14
7660.00  4.181644E-14
7661.25  4.161399E-14
7662.50  4.147233E-14
7663.75  4.121604E-14
7665.00  4.116205E-14
7666.25  4.105293E-14
7667.50  4.088135E-14
7668.75  4.096951E-14
7670.00  4.095427E-14
7671.25  4.098602E-14
7672.50  4.114052E-14
7673.75  4.122000E-14
7675.00  4.135179E-14
7676.25  4.152721E-14
7677.50  4.159138E-14
7678.75  4.175724E-14
7680.00  4.186734E-14
7681.25  4.197136E-14
7682.50  4.206096E-14
7683.75  4.209748E-14
7685.00  4.211825E-14
7686.25  4.212682E-14
7687.50  4.208871E-14
7688.75  4.206717E-14
7690.00  4.198748E-14
7691.25  4.192725E-14
7692.50  4.182203E-14
7693.75  4.170471E-14
7695.00  4.160148E-14
7696.25  4.149465E-14
7697.50  4.142310E-14
7698.75  4.135263E-14
7700.00  4.127365E-14
7701.25  4.124155E-14
7702.50  4.119524E-14
7703.75  4.118268E-14
7705.00  4.122530E-14
7706.25  4.123856E-14
7707.50  4.131559E-14
7708.75  4.139649E-14
7710.00  4.142243E-14
7711.25  4.152930E-14
7712.50  4.160827E-14
7713.75  4.167477E-14
7715.00  4.180958E-14
7716.25  4.186212E-14
7717.50  4.192033E-14
7718.75  4.204959E-14
7720.00  4.205672E-14
7721.25  4.215397E-14
7722.50  4.223800E-14
7723.75  4.225613E-14
7725.00  4.234432E-14
7726.25  4.239854E-14
7727.50  4.239486E-14
7728.75  4.248544E-14
7730.00  4.249273E-14
7731.25  4.251105E-14
7732.50  4.254747E-14
7733.75  4.252125E-14
7735.00  4.249838E-14
7736.25  4.248639E-14
7737.50  4.241752E-14
7738.75  4.236921E-14
7740.00  4.229793E-14
7741.25  4.220511E-14
7742.50  4.211115E-14
7743.75  4.201666E-14
7745.00  4.192730E-14
7746.25  4.183998E-14
7747.50  4.176329E-14
7748.75  4.170377E-14
7750.00  4.164181E-14
7751.25  4.161740E-14
7752.50  4.160305E-14
7753.75  4.158996E-14
7755.00  4.163179E-14
7756.25  4.165570E-14
7757.50  4.168404E-14
7758.75  4.174504E-14
7760.00  4.178220E-14
7761.25  4.182885E-14
7762.50  4.190990E-14
7763.75  4.193652E-14
7765.00  4.198617E-14
7766.25  4.203732E-14
7767.50  4.204478E-14
7768.75  4.208671E-14
7770.00  4.211371E-14
7771.25  4.210344E-14
7772.50  4.213141E-14
7773.75  4.212239E-14
7775.00  4.209419E-14
7776.25  4.211116E-14
7777.50  4.207497E-14
7778.75  4.205777E-14
7780.00  4.205735E-14
7781.25  4.200415E-14
7782.50  4.198606E-14
7783.75  4.197773E-14
7785.00  4.193885E-14
7786.25  4.195279E-14
7787.50  4.194859E-14
7788.75  4.193324E-14
7790.00  4.195062E-14
7791.25  4.196579E-14
7792.50  4.197836E-14
7793.75  4.203042E-14
7795.00  4.206788E-14
7796.25  4.211060E-14
7797.50  4.217346E-14
7798.75  4.223260E-14
7800.00  4.228548E-14
7801.25  4.237610E-14
7802.50  4.244500E-14
7803.75  4.252417E-14
7805.00  4.261793E-14
7806.25  4.269084E-14
7807.50  4.277464E-14
7808.75  4.286666E-14
7810.00  4.293532E-14
7811.25  4.301602E-14
7812.50  4.308717E-14
7813.75  4.313307E-14
7815.00  4.319462E-14
7816.25  4.322549E-14
7817.50  4.324119E-14
7818.75  4.325580E-14
7820.00  4.324134E-14
7821.25  4.321296E-14
7822.50  4.318081E-14
7823.75  4.312343E-14
7825.00  4.306151E-14
7826.25  4.299917E-14
7827.50  4.292116E-14
7828.75  4.284858E-14
7830.00  4.278289E-14
7831.25  4.272334E-14
7832.50  4.267946E-14
7833.75  4.264486E-14
7835.00  4.262544E-14
7836.25  4.261960E-14
7837.50  4.263161E-14
7838.75  4.266507E-14
7840.00  4.270580E-14
7841.25  4.275242E-14
7842.50  4.281948E-14
7843.75  4.286908E-14
7845.00  4.294217E-14
7846.25  4.301787E-14
7847.50  4.307424E-14
7848.75  4.315298E-14
7850.00  4.321496E-14
7851.25  4.325722E-14
7852.50  4.333832E-14
7853.75  4.337743E-14
7855.00  4.342126E-14
7856.25  4.348526E-14
7857.50  4.349788E-14
7858.75  4.353642E-14
7860.00  4.357785E-14
7861.25  4.357151E-14
7862.50  4.360066E-14
7863.75  4.360523E-14
7865.00  4.358804E-14
7866.25  4.360197E-14
7867.50  4.358032E-14
7868.75  4.356920E-14
7870.00  4.356623E-14
7871.25  4.353369E-14
7872.50  4.353624E-14
7873.75  4.352101E-14
7875.00  4.349806E-14
7876.25  4.352117E-14
7877.50  4.349918E-14
7878.75  4.349930E-14
7880.00  4.352629E-14
7881.25  4.349762E-14
7882.50  4.351312E-14
7883.75  4.353134E-14
7885.00  4.349648E-14
7886.25  4.351812E-14
7887.50  4.350355E-14
7888.75  4.346128E-14
7890.00  4.346459E-14
7891.25  4.341998E-14
7892.50  4.337336E-14
7893.75  4.335573E-14
7895.00  4.327809E-14
7896.25  4.322461E-14
7897.50  4.317656E-14
7898.75  4.308368E-14
7900.00  4.302843E-14
7901.25  4.296103E-14
7902.50  4.285649E-14
7903.75  4.279386E-14
7905.00  4.270997E-14
7906.25  4.260692E-14
7907.50  4.255250E-14
7908.75  4.247371E-14
7910.00  4.239166E-14
7911.25  4.234690E-14
7912.50  4.229210E-14
7913.75  4.223990E-14
7915.00  4.223271E-14
7916.25  4.221939E-14
7917.50  4.221334E-14
7918.75  4.222008E-14
7920.00  4.225735E-14
7921.25  4.226889E-14
7922.50  4.231205E-14
7923.75  4.236247E-14
7925.00  4.238372E-14
7926.25  4.241494E-14
7927.50  4.246529E-14
7928.75  4.247645E-14
7930.00  4.249609E-14
7931.25  4.251540E-14
7932.50  4.249823E-14
7933.75  4.249888E-14
7935.00  4.249208E-14
7936.25  4.247922E-14
7937.50  4.245468E-14
7938.75  4.244341E-14
7940.00  4.242510E-14
7941.25  4.242725E-14
7942.50  4.243698E-14
7943.75  4.244855E-14
7945.00  4.247995E-14
7946.25  4.251637E-14
7947.50  4.257909E-14
7948.75  4.264878E-14
7950.00  4.272633E-14
7951.25  4.280873E-14
7952.50  4.291197E-14
7953.75  4.299934E-14
7955.00  4.311372E-14
7956.25  4.321024E-14
7957.50  4.329663E-14
7958.75  4.340291E-14
7960.00  4.349191E-14
7961.25  4.357100E-14
7962.50  4.366525E-14
7963.75  4.372800E-14
7965.00  4.379485E-14
7966.25  4.387059E-14
7967.50  4.391730E-14
7968.75  4.397165E-14
7970.00  4.402613E-14
7971.25  4.404889E-14
7972.50  4.408691E-14
7973.75  4.411773E-14
7975.00  4.411864E-14
7976.25  4.414205E-14
7977.50  4.415007E-14
7978.75  4.413486E-14
7980.00  4.413607E-14
7981.25  4.412512E-14
7982.50  4.409407E-14
7983.75  4.409476E-14
7985.00  4.407415E-14
7986.25  4.403406E-14
7987.50  4.402891E-14
7988.75  4.398546E-14
7990.00  4.396889E-14
7991.25  4.396927E-14
7992.50  4.394044E-14
7993.75  4.392856E-14
7995.00  4.393516E-14
7996.25  4.392297E-14
7997.50  4.395233E-14
7998.75  4.399178E-14
8000.00  4.400569E-14
8001.25  4.406104E-14
8002.50  4.411438E-14
8003.75  4.417526E-14
8005.00  4.425019E-14
8006.25  4.432647E-14
8007.50  4.439153E-14
8008.75  4.446989E-14
8010.00  4.453125E-14
8011.25  4.459654E-14
8012.50  4.465948E-14
8013.75  4.468791E-14
8015.00  4.473047E-14
8016.25  4.475658E-14
8017.50  4.475083E-14
8018.75  4.477516E-14
8020.00  4.478684E-14
8021.25  4.475415E-14
8022.50  4.477619E-14
8023.75  4.478807E-14
8025.00  4.475814E-14
8026.25  4.481936E-14
8027.50  4.482748E-14
8028.75  4.483536E-14
8030.00  4.491194E-14
8031.25  4.495198E-14
8032.50  4.498825E-14
8033.75  4.505738E-14
8035.00  4.509287E-14
8036.25  4.512456E-14
8037.50  4.518915E-14
8038.75  4.521181E-14
8040.00  4.523629E-14
8041.25  4.524614E-14
8042.50  4.525971E-14
8043.75  4.526740E-14
8045.00  4.527481E-14
8046.25  4.529520E-14
8047.50  4.529411E-14
8048.75  4.530503E-14
8050.00  4.533595E-14
8051.25  4.535254E-14
8052.50  4.537497E-14
8053.75  4.540808E-14
8055.00  4.542218E-14
8056.25  4.543779E-14
8057.50  4.546225E-14
8058.75  4.545936E-14
8060.00  4.544909E-14
8061.25  4.543960E-14
8062.50  4.540623E-14
8063.75  4.537108E-14
8065.00  4.532888E-14
8066.25  4.528504E-14
8067.50  4.523106E-14
8068.75  4.518118E-14
8070.00  4.512838E-14
8071.25  4.508136E-14
8072.50  4.504061E-14
8073.75  4.501770E-14
8075.00  4.498065E-14
8076.25  4.494701E-14
8077.50  4.494429E-14
8078.75  4.491778E-14
8080.00  4.490648E-14
8081.25  4.491092E-14
8082.50  4.486744E-14
8083.75  4.485633E-14
8085.00  4.487631E-14
8086.25  4.482921E-14
8087.50  4.481315E-14
8088.75  4.481990E-14
8090.00  4.477812E-14
8091.25  4.477049E-14
8092.50  4.480742E-14
8093.75  4.475514E-14
8095.00  4.477293E-14
8096.25  4.482623E-14
8097.50  4.481350E-14
8098.75  4.483610E-14
8100.00  4.489533E-14
8101.25  4.489429E-14
8102.50  4.494648E-14
8103.75  4.501924E-14
8105.00  4.501350E-14
8106.25  4.504511E-14
8107.50  4.509132E-14
8108.75  4.511298E-14
8110.00  4.514910E-14
8111.25  4.517311E-14
8112.50  4.519005E-14
8113.75  4.522155E-14
8115.00  4.523664E-14
8116.25  4.528471E-14
8117.50  4.530294E-14
8118.75  4.534218E-14
8120.00  4.540622E-14
8121.25  4.542890E-14
8122.50  4.546711E-14
8123.75  4.552369E-14
8125.00  4.554551E-14
8126.25  4.559416E-14
8127.50  4.564006E-14
8128.75  4.564268E-14
8130.00  4.568844E-14
8131.25  4.569284E-14
8132.50  4.567891E-14
8133.75  4.570117E-14
8135.00  4.568049E-14
8136.25  4.567564E-14
8137.50  4.567946E-14
8138.75  4.562217E-14
8140.00  4.560128E-14
8141.25  4.559831E-14
8142.50  4.553792E-14
8143.75  4.551405E-14
8145.00  4.547458E-14
8146.25  4.542540E-14
8147.50  4.539836E-14
8148.75  4.536022E-14
8150.00  4.528704E-14
8151.25  4.521828E-14
8152.50  4.518282E-14
8153.75  4.514094E-14
8155.00  4.507396E-14
8156.25  4.502291E-14
8157.50  4.497311E-14
8158.75  4.489571E-14
8160.00  4.488561E-14
8161.25  4.483356E-14
8162.50  4.476186E-14
8163.75  4.475292E-14
8165.00  4.473796E-14
8166.25  4.469746E-14
8167.50  4.466190E-14
8168.75  4.460940E-14
8170.00  4.456046E-14
8171.25  4.452117E-14
8172.50  4.444235E-14
8173.75  4.435980E-14
8175.00  4.427551E-14
8176.25  4.414962E-14
8177.50  4.402808E-14
8178.75  4.389344E-14
8180.00  4.372055E-14
8181.25  4.359703E-14
8182.50  4.349737E-14
8183.75  4.326916E-14
8185.00  4.312815E-14
8186.25  4.305836E-14
8187.50  4.289781E-14
8188.75  4.282724E-14
8190.00  4.280633E-14
8191.25  4.266204E-14
8192.50  4.266284E-14
8193.75  4.274172E-14
8195.00  4.267093E-14
8196.25  4.274971E-14
8197.50  4.287078E-14
8198.75  4.293858E-14
8200.00  4.309075E-14
8201.25  4.324189E-14
8202.50  4.331654E-14
8203.75  4.352873E-14
8205.00  4.370529E-14
8206.25  4.383363E-14
8207.50  4.403649E-14
8208.75  4.414355E-14
8210.00  4.422588E-14
8211.25  4.441673E-14
8212.50  4.446201E-14
8213.75  4.447137E-14
8215.00  4.460639E-14
8216.25  4.455708E-14
8217.50  4.452983E-14
8218.75  4.459415E-14
8220.00  4.449623E-14
8221.25  4.442469E-14
8222.50  4.445990E-14
8223.75  4.438601E-14
8225.00  4.431736E-14
8226.25  4.435688E-14
8227.50  4.430341E-14
8228.75  4.428992E-14
8230.00  4.436647E-14
8231.25  4.440673E-14
8232.50  4.446167E-14
8233.75  4.459772E-14
8235.00  4.469789E-14
8236.25  4.479549E-14
8237.50  4.497637E-14
8238.75  4.509862E-14
8240.00  4.523880E-14
8241.25  4.541612E-14
8242.50  4.551904E-14
8243.75  4.563424E-14
8245.00  4.577729E-14
8246.25  4.583510E-14
8247.50  4.591738E-14
8248.75  4.600790E-14
8250.00  4.600349E-14
8251.25  4.606486E-14
8252.50  4.611308E-14
8253.75  4.605979E-14
8255.00  4.610291E-14
8256.25  4.613368E-14
8257.50  4.608349E-14
8258.75  4.612103E-14
8260.00  4.612816E-14
8261.25  4.605910E-14
8262.50  4.609883E-14
8263.75  4.607720E-14
8265.00  4.598942E-14
8266.25  4.600642E-14
8267.50  4.595967E-14
8268.75  4.586842E-14
8270.00  4.583155E-14
8271.25  4.574476E-14
8272.50  4.561619E-14
8273.75  4.555466E-14
8275.00  4.544964E-14
8276.25  4.532460E-14
8277.50  4.524686E-14
8278.75  4.513438E-14
8280.00  4.501635E-14
8281.25  4.494073E-14
8282.50  4.484925E-14
8283.75  4.472991E-14
8285.00  4.466342E-14
8286.25  4.458484E-14
8287.50  4.451626E-14
8288.75  4.445064E-14
8290.00  4.437172E-14
8291.25  4.430652E-14
8292.50  4.424514E-14
8293.75  4.421855E-14
8295.00  4.414191E-14
8296.25  4.406280E-14
8297.50  4.405461E-14
8298.75  4.400227E-14
8300.00  4.393866E-14
8301.25  4.393575E-14
8302.50  4.387273E-14
8303.75  4.381873E-14
8305.00  4.385530E-14
8306.25  4.381184E-14
8307.50  4.375103E-14
8308.75  4.380444E-14
8310.00  4.378974E-14
8311.25  4.375816E-14
8312.50  4.377785E-14
8313.75  4.377198E-14
8315.00  4.376715E-14
8316.25  4.375394E-14
8317.50  4.375557E-14
8318.75  4.372790E-14
8320.00  4.369658E-14
8321.25  4.370394E-14
8322.50  4.367426E-14
8323.75  4.358481E-14
8325.00  4.359927E-14
8326.25  4.361735E-14
8327.50  4.350023E-14
8328.75  4.349871E-14
8330.00  4.353711E-14
8331.25  4.347282E-14
8332.50  4.348187E-14
8333.75  4.353893E-14
8335.00  4.348296E-14
8336.25  4.352720E-14
8337.50  4.362987E-14
8338.75  4.358783E-14
8340.00  4.363577E-14
8341.25  4.374455E-14
8342.50  4.375177E-14
8343.75  4.380621E-14
8345.00  4.388622E-14
8346.25  4.389657E-14
8347.50  4.397579E-14
8348.75  4.404336E-14
8350.00  4.402661E-14
8351.25  4.410394E-14
8352.50  4.416134E-14
8353.75  4.414057E-14
8355.00  4.419906E-14
8356.25  4.421021E-14
8357.50  4.418973E-14
8358.75  4.425023E-14
8360.00  4.421991E-14
8361.25  4.416826E-14
8362.50  4.421454E-14
8363.75  4.417152E-14
8365.00  4.410697E-14
8366.25  4.412565E-14
8367.50  4.403019E-14
8368.75  4.397116E-14
8370.00  4.396531E-14
8371.25  4.382816E-14
8372.50  4.374562E-14
8373.75  4.369551E-14
8375.00  4.354741E-14
8376.25  4.347185E-14
8377.50  4.341842E-14
8378.75  4.324608E-14
8380.00  4.317570E-14
8381.25  4.315503E-14
8382.50  4.304197E-14
8383.75  4.296282E-14
8385.00  4.296587E-14
8386.25  4.294270E-14
8387.50  4.295081E-14
8388.75  4.298368E-14
8390.00  4.301357E-14
8391.25  4.309381E-14
8392.50  4.318033E-14
8393.75  4.325677E-14
8395.00  4.334278E-14
8396.25  4.346814E-14
8397.50  4.354698E-14
8398.75  4.363551E-14
8400.00  4.376193E-14
8401.25  4.382387E-14
8402.50  4.389571E-14
8403.75  4.398592E-14
8405.00  4.400703E-14
8406.25  4.404411E-14
8407.50  4.410410E-14
8408.75  4.405435E-14
8410.00  4.404117E-14
8411.25  4.410966E-14
8412.50  4.400692E-14
8413.75  4.395532E-14
8415.00  4.399421E-14
8416.25  4.387950E-14
8417.50  4.380935E-14
8418.75  4.381674E-14
8420.00  4.366208E-14
8421.25  4.356713E-14
8422.50  4.358884E-14
8423.75  4.339108E-14
8425.00  4.329779E-14
8426.25  4.332589E-14
8427.50  4.310757E-14
8428.75  4.302596E-14
8430.00  4.305475E-14
8431.25  4.281379E-14
8432.50  4.271178E-14
8433.75  4.278728E-14
8435.00  4.257853E-14
8436.25  4.246040E-14
8437.50  4.256145E-14
8438.75  4.241908E-14
8440.00  4.235802E-14
8441.25  4.243820E-14
8442.50  4.234959E-14
8443.75  4.232402E-14
8445.00  4.241325E-14
8446.25  4.235615E-14
8447.50  4.232567E-14
8448.75  4.242017E-14
8450.00  4.241644E-14
8451.25  4.239150E-14
8452.50  4.243118E-14
8453.75  4.242830E-14
8455.00  4.242637E-14
8456.25  4.242561E-14
8457.50  4.239848E-14
8458.75  4.240820E-14
8460.00  4.238973E-14
8461.25  4.235984E-14
8462.50  4.236908E-14
8463.75  4.234713E-14
8465.00  4.231393E-14
8466.25  4.234555E-14
8467.50  4.235775E-14
8468.75  4.231982E-14
8470.00  4.238119E-14
8471.25  4.242867E-14
8472.50  4.241625E-14
8473.75  4.247518E-14
8475.00  4.251802E-14
8476.25  4.252271E-14
8477.50  4.255353E-14
8478.75  4.256413E-14
8480.00  4.253071E-14
8481.25  4.252350E-14
8482.50  4.249639E-14
8483.75  4.237550E-14
8485.00  4.230774E-14
8486.25  4.221562E-14
8487.50  4.203775E-14
8488.75  4.191160E-14
8490.00  4.174284E-14
8491.25  4.153372E-14
8492.50  4.142456E-14
8493.75  4.122602E-14
8495.00  4.098472E-14
8496.25  4.097393E-14
8497.50  4.088032E-14
8498.75  4.068082E-14
8500.00  4.073615E-14
8501.25  4.076452E-14
8502.50  4.069303E-14
8503.75  4.080022E-14
8505.00  4.089025E-14
8506.25  4.089732E-14
8507.50  4.103821E-14
8508.75  4.116014E-14
8510.00  4.118208E-14
8511.25  4.128568E-14
8512.50  4.142458E-14
8513.75  4.146884E-14
8515.00  4.148263E-14
8516.25  4.156541E-14
8517.50  4.159658E-14
8518.75  4.155214E-14
8520.00  4.154437E-14
8521.25  4.151287E-14
8522.50  4.139555E-14
8523.75  4.127295E-14
8525.00  4.116496E-14
8526.25  4.095149E-14
8527.50  4.070483E-14
8528.75  4.049619E-14
8530.00  4.019855E-14
8531.25  3.984149E-14
8532.50  3.955494E-14
8533.75  3.920864E-14
8535.00  3.880168E-14
8536.25  3.853647E-14
8537.50  3.823147E-14
8538.75  3.786711E-14
8540.00  3.774664E-14
8541.25  3.764062E-14
8542.50  3.748566E-14
8543.75  3.754806E-14
8545.00  3.767920E-14
8546.25  3.779134E-14
8547.50  3.806290E-14
8548.75  3.836780E-14
8550.00  3.866545E-14
8551.25  3.907966E-14
8552.50  3.946590E-14
8553.75  3.983239E-14
8555.00  4.027149E-14
8556.25  4.065170E-14
8557.50  4.099322E-14
8558.75  4.134547E-14
8560.00  4.164634E-14
8561.25  4.190809E-14
8562.50  4.214124E-14
8563.75  4.233016E-14
8565.00  4.249609E-14
8566.25  4.262721E-14
8567.50  4.272653E-14
8568.75  4.282192E-14
8570.00  4.288482E-14
8571.25  4.292058E-14
8572.50  4.297397E-14
8573.75  4.300205E-14
8575.00  4.300605E-14
8576.25  4.303663E-14
8577.50  4.304247E-14
8578.75  4.303462E-14
8580.00  4.304391E-14
8581.25  4.304455E-14
8582.50  4.304562E-14
8583.75  4.303595E-14
8585.00  4.303186E-14
8586.25  4.303629E-14
8587.50  4.302520E-14
8588.75  4.301493E-14
8590.00  4.301254E-14
8591.25  4.300097E-14
8592.50  4.299245E-14
8593.75  4.298722E-14
8595.00  4.295914E-14
8596.25  4.295716E-14
8597.50  4.296115E-14
8598.75  4.291921E-14
8600.00  4.290809E-14
8601.25  4.292207E-14
8602.50  4.288481E-14
8603.75  4.286150E-14
8605.00  4.287850E-14
8606.25  4.284593E-14
8607.50  4.282435E-14
8608.75  4.283558E-14
8610.00  4.282171E-14
8611.25  4.281493E-14
8612.50  4.282419E-14
8613.75  4.283327E-14
8615.00  4.283749E-14
8616.25  4.285320E-14
8617.50  4.288763E-14
8618.75  4.289631E-14
8620.00  4.291377E-14
8621.25  4.296802E-14
8622.50  4.298766E-14
8623.75  4.299812E-14
8625.00  4.305026E-14
8626.25  4.307667E-14
8627.50  4.307457E-14
8628.75  4.310824E-14
8630.00  4.312472E-14
8631.25  4.310989E-14
8632.50  4.311195E-14
8633.75  4.310117E-14
8635.00  4.305784E-14
8636.25  4.301628E-14
8637.50  4.296360E-14
8638.75  4.286539E-14
8640.00  4.276182E-14
8641.25  4.264988E-14
8642.50  4.248519E-14
8643.75  4.230525E-14
8645.00  4.210213E-14
8646.25  4.185108E-14
8647.50  4.160382E-14
8648.75  4.131987E-14
8650.00  4.097777E-14
8651.25  4.066819E-14
8652.50  4.035927E-14
8653.75  3.996769E-14
8655.00  3.962351E-14
8656.25  3.938671E-14
8657.50  3.899100E-14
8658.75  3.870290E-14
8660.00  3.858459E-14
8661.25  3.833342E-14
8662.50  3.823608E-14
8663.75  3.821166E-14
8665.00  3.817408E-14
8666.25  3.825418E-14
8667.50  3.835092E-14
8668.75  3.848052E-14
8670.00  3.867662E-14
8671.25  3.885891E-14
8672.50  3.905160E-14
8673.75  3.930894E-14
8675.00  3.952422E-14
8676.25  3.967223E-14
8677.50  3.990600E-14
8678.75  4.011201E-14
8680.00  4.018211E-14
8681.25  4.033644E-14
8682.50  4.051806E-14
8683.75  4.053863E-14
8685.00  4.058852E-14
8686.25  4.073065E-14
8687.50  4.077123E-14
8688.75  4.076915E-14
8690.00  4.087814E-14
8691.25  4.093787E-14
8692.50  4.094256E-14
8693.75  4.105018E-14
8695.00  4.111657E-14
8696.25  4.113520E-14
8697.50  4.125675E-14
8698.75  4.134441E-14
8700.00  4.136786E-14
8701.25  4.147984E-14
8702.50  4.159121E-14
8703.75  4.162574E-14
8705.00  4.170746E-14
8706.25  4.181925E-14
8707.50  4.187485E-14
8708.75  4.192692E-14
8710.00  4.201255E-14
8711.25  4.209321E-14
8712.50  4.213991E-14
8713.75  4.219820E-14
8715.00  4.226443E-14
8716.25  4.231845E-14
8717.50  4.236071E-14
8718.75  4.240815E-14
8720.00  4.245278E-14
8721.25  4.248112E-14
8722.50  4.250963E-14
8723.75  4.253060E-14
8725.00  4.254615E-14
8726.25  4.255290E-14
8727.50  4.254868E-14
8728.75  4.255913E-14
8730.00  4.254407E-14
8731.25  4.252517E-14
8732.50  4.252253E-14
8733.75  4.250059E-14
8735.00  4.249287E-14
8736.25  4.249068E-14
8737.50  4.246716E-14
8738.75  4.246623E-14
8740.00  4.248122E-14
8741.25  4.246769E-14
8742.50  4.248323E-14
8743.75  4.250237E-14
8745.00  4.249217E-14
8746.25  4.253134E-14
8747.50  4.255726E-14
8748.75  4.253289E-14
8750.00  4.257904E-14
8751.25  4.262778E-14
8752.50  4.259794E-14
8753.75  4.261285E-14
8755.00  4.266321E-14
8756.25  4.265584E-14
8757.50  4.265451E-14
8758.75  4.267183E-14
8760.00  4.268001E-14
8761.25  4.268401E-14
8762.50  4.267044E-14
8763.75  4.268532E-14
8765.00  4.270283E-14
8766.25  4.269556E-14
8767.50  4.269952E-14
8768.75  4.272851E-14
8770.00  4.273320E-14
8771.25  4.273844E-14
8772.50  4.278992E-14
8773.75  4.280421E-14
8775.00  4.281510E-14
8776.25  4.286051E-14
8777.50  4.288344E-14
8778.75  4.289866E-14
8780.00  4.293592E-14
8781.25  4.294699E-14
8782.50  4.294215E-14
8783.75  4.296554E-14
8785.00  4.296224E-14
8786.25  4.291361E-14
8787.50  4.290537E-14
8788.75  4.288443E-14
8790.00  4.279574E-14
8791.25  4.273887E-14
8792.50  4.270754E-14
8793.75  4.258838E-14
8795.00  4.247476E-14
8796.25  4.245108E-14
8797.50  4.231840E-14
8798.75  4.216945E-14
8800.00  4.215995E-14
8801.25  4.203783E-14
8802.50  4.191807E-14
8803.75  4.189914E-14
8805.00  4.184066E-14
8806.25  4.180770E-14
8807.50  4.179797E-14
8808.75  4.179835E-14
8810.00  4.183009E-14
8811.25  4.186869E-14
8812.50  4.189773E-14
8813.75  4.196496E-14
8815.00  4.206111E-14
8816.25  4.208237E-14
8817.50  4.214798E-14
8818.75  4.228262E-14
8820.00  4.229742E-14
8821.25  4.231955E-14
8822.50  4.244720E-14
8823.75  4.250428E-14
8825.00  4.247512E-14
8826.25  4.256368E-14
8827.50  4.265323E-14
8828.75  4.260945E-14
8830.00  4.265433E-14
8831.25  4.274794E-14
8832.50  4.272452E-14
8833.75  4.273981E-14
8835.00  4.281155E-14
8836.25  4.281382E-14
8837.50  4.282772E-14
8838.75  4.286960E-14
8840.00  4.287457E-14
8841.25  4.290197E-14
8842.50  4.291619E-14
8843.75  4.289810E-14
8845.00  4.293711E-14
8846.25  4.293127E-14
8847.50  4.287367E-14
8848.75  4.290107E-14
8850.00  4.287660E-14
8851.25  4.277129E-14
8852.50  4.276214E-14
8853.75  4.271353E-14
8855.00  4.256775E-14
8856.25  4.250936E-14
8857.50  4.243913E-14
8858.75  4.227487E-14
8860.00  4.216863E-14
8861.25  4.209685E-14
8862.50  4.194439E-14
8863.75  4.181509E-14
8865.00  4.174925E-14
8866.25  4.163814E-14
8867.50  4.152589E-14
8868.75  4.147272E-14
8870.00  4.141676E-14
8871.25  4.134123E-14
8872.50  4.130848E-14
8873.75  4.131130E-14
8875.00  4.127494E-14
8876.25  4.126141E-14
8877.50  4.130951E-14
8878.75  4.130842E-14
8880.00  4.130470E-14
8881.25  4.137263E-14
8882.50  4.140177E-14
8883.75  4.140128E-14
8885.00  4.146718E-14
8886.25  4.151515E-14
8887.50  4.151657E-14
8888.75  4.156749E-14
8890.00  4.162205E-14
8891.25  4.162970E-14
8892.50  4.166476E-14
8893.75  4.171960E-14
8895.00  4.173041E-14
8896.25  4.175268E-14
8897.50  4.180519E-14
8898.75  4.182065E-14
8900.00  4.182920E-14
8901.25  4.187238E-14
8902.50  4.189176E-14
8903.75  4.188439E-14
8905.00  4.190966E-14
8906.25  4.193353E-14
8907.50  4.190690E-14
8908.75  4.190591E-14
8910.00  4.193613E-14
8911.25  4.189381E-14
8912.50  4.185898E-14
8913.75  4.189348E-14
8915.00  4.185461E-14
8916.25  4.178716E-14
8917.50  4.181539E-14
8918.75  4.180187E-14
8920.00  4.171675E-14
8921.25  4.172688E-14
8922.50  4.174473E-14
8923.75  4.166771E-14
8925.00  4.165163E-14
8926.25  4.168656E-14
8927.50  4.164101E-14
8928.75  4.160160E-14
8930.00  4.162695E-14
8931.25  4.161083E-14
8932.50  4.156062E-14
8933.75  4.155855E-14
8935.00  4.154998E-14
8936.25  4.149896E-14
8937.50  4.147357E-14
8938.75  4.144898E-14
8940.00  4.139866E-14
8941.25  4.136611E-14
8942.50  4.131864E-14
8943.75  4.126757E-14
8945.00  4.123955E-14
8946.25  4.118144E-14
8947.50  4.112129E-14
8948.75  4.109783E-14
8950.00  4.105352E-14
8951.25  4.097938E-14
8952.50  4.095095E-14
8953.75  4.092651E-14
8955.00  4.083983E-14
8956.25  4.079169E-14
8957.50  4.078039E-14
8958.75  4.069765E-14
8960.00  4.061861E-14
8961.25  4.060731E-14
8962.50  4.055449E-14
8963.75  4.044063E-14
8965.00  4.041387E-14
8966.25  4.040473E-14
8967.50  4.028097E-14
8968.75  4.022380E-14
8970.00  4.024609E-14
8971.25  4.015124E-14
8972.50  4.005285E-14
8973.75  4.007100E-14
8975.00  4.002976E-14
8976.25  3.988997E-14
8977.50  3.986956E-14
8978.75  3.987657E-14
8980.00  3.972017E-14
8981.25  3.964121E-14
8982.50  3.966571E-14
8983.75  3.954209E-14
8985.00  3.940992E-14
8986.25  3.942319E-14
8987.50  3.937757E-14
8988.75  3.921254E-14
8990.00  3.920663E-14
8991.25  3.925411E-14
8992.50  3.909534E-14
8993.75  3.906824E-14
8995.00  3.918241E-14
8996.25  3.907436E-14
8997.50  3.901832E-14
8998.75  3.914656E-14
9000.00  3.912060E-14
9001.25  3.903008E-14
9002.50  3.911646E-14
9003.75  3.917625E-14
9005.00  3.907459E-14
9006.25  3.908455E-14
9007.50  3.920114E-14
9008.75  3.913888E-14
9010.00  3.907738E-14
9011.25  3.920428E-14
9012.50  3.923044E-14
9013.75  3.914964E-14
9015.00  3.925248E-14
9016.25  3.937824E-14
9017.50  3.935521E-14
9018.75  3.943353E-14
9020.00  3.963212E-14
9021.25  3.972028E-14
9022.50  3.981015E-14
9023.75  4.004534E-14
9025.00  4.023944E-14
9026.25  4.038377E-14
9027.50  4.063229E-14
9028.75  4.088223E-14
9030.00  4.108970E-14
9031.25  4.134360E-14
9032.50  4.159297E-14
9033.75  4.182509E-14
9035.00  4.207422E-14
9036.25  4.228945E-14
9037.50  4.248796E-14
9038.75  4.270937E-14
9040.00  4.288089E-14
9041.25  4.300476E-14
9042.50  4.316836E-14
9043.75  4.329582E-14
9045.00  4.333826E-14
9046.25  4.341963E-14
9047.50  4.349981E-14
9048.75  4.348243E-14
9050.00  4.347170E-14
9051.25  4.349570E-14
9052.50  4.344919E-14
9053.75  4.335517E-14
9055.00  4.331355E-14
9056.25  4.325557E-14
9057.50  4.310886E-14
9058.75  4.300123E-14
9060.00  4.292944E-14
9061.25  4.277316E-14
9062.50  4.261287E-14
9063.75  4.251469E-14
9065.00  4.238244E-14
9066.25  4.219933E-14
9067.50  4.207156E-14
9068.75  4.196957E-14
9070.00  4.180066E-14
9071.25  4.165542E-14
9072.50  4.156422E-14
9073.75  4.144088E-14
9075.00  4.130001E-14
9076.25  4.119975E-14
9077.50  4.113294E-14
9078.75  4.101873E-14
9080.00  4.090722E-14
9081.25  4.088375E-14
9082.50  4.081708E-14
9083.75  4.070977E-14
9085.00  4.070409E-14
9086.25  4.070288E-14
9087.50  4.062009E-14
9088.75  4.060620E-14
9090.00  4.067355E-14
9091.25  4.063047E-14
9092.50  4.059373E-14
9093.75  4.070684E-14
9095.00  4.071417E-14
9096.25  4.065768E-14
9097.50  4.076796E-14
9098.75  4.082605E-14
9100.00  4.076567E-14
9101.25  4.082759E-14
9102.50  4.092351E-14
9103.75  4.087348E-14
9105.00  4.087556E-14
9106.25  4.098452E-14
9107.50  4.094211E-14
9108.75  4.090540E-14
9110.00  4.100152E-14
9111.25  4.095944E-14
9112.50  4.091002E-14
9113.75  4.097492E-14
9115.00  4.093947E-14
9116.25  4.087870E-14
9117.50  4.090000E-14
9118.75  4.088869E-14
9120.00  4.079877E-14
9121.25  4.077020E-14
9122.50  4.079296E-14
9123.75  4.067041E-14
9125.00  4.058767E-14
9126.25  4.062347E-14
9127.50  4.049810E-14
9128.75  4.036187E-14
9130.00  4.037463E-14
9131.25  4.029180E-14
9132.50  4.012201E-14
9133.75  4.008303E-14
9135.00  4.006353E-14
9136.25  3.990077E-14
9137.50  3.980599E-14
9138.75  3.982704E-14
9140.00  3.971139E-14
9141.25  3.958140E-14
9142.50  3.960502E-14
9143.75  3.955064E-14
9145.00  3.940775E-14
9146.25  3.941395E-14
9147.50  3.941205E-14
9148.75  3.926594E-14
9150.00  3.925530E-14
9151.25  3.929704E-14
9152.50  3.915340E-14
9153.75  3.911367E-14
9155.00  3.919664E-14
9156.25  3.907180E-14
9157.50  3.897793E-14
9158.75  3.908866E-14
9160.00  3.900905E-14
9161.25  3.884908E-14
9162.50  3.894963E-14
9163.75  3.894035E-14
9165.00  3.874023E-14
9166.25  3.878952E-14
9167.50  3.885498E-14
9168.75  3.868047E-14
9170.00  3.866747E-14
9171.25  3.878526E-14
9172.50  3.870184E-14
9173.75  3.865250E-14
9175.00  3.879310E-14
9176.25  3.882512E-14
9177.50  3.877714E-14
9178.75  3.891529E-14
9180.00  3.903970E-14
9181.25  3.901892E-14
9182.50  3.913426E-14
9183.75  3.929367E-14
9185.00  3.930486E-14
9186.25  3.938046E-14
9187.50  3.953023E-14
9188.75  3.955967E-14
9190.00  3.957783E-14
9191.25  3.969297E-14
9192.50  3.972976E-14
9193.75  3.969272E-14
9195.00  3.976003E-14
9196.25  3.980217E-14
9197.50  3.972616E-14
9198.75  3.973527E-14
9200.00  3.978207E-14
9201.25  3.969533E-14
9202.50  3.964251E-14
9203.75  3.968862E-14
9205.00  3.962400E-14
9206.25  3.952056E-14
9207.50  3.955267E-14
9208.75  3.953318E-14
9210.00  3.941125E-14
9211.25  3.941754E-14
9212.50  3.944286E-14
9213.75  3.934592E-14
9215.00  3.932637E-14
9216.25  3.937480E-14
9217.50  3.933017E-14
9218.75  3.930272E-14
9220.00  3.934486E-14
9221.25  3.934251E-14
9222.50  3.932680E-14
9223.75  3.935697E-14
9225.00  3.936271E-14
9226.25  3.936060E-14
9227.50  3.939532E-14
9228.75  3.938168E-14
9230.00  3.937472E-14
9231.25  3.942455E-14
9232.50  3.940972E-14
9233.75  3.938453E-14
9235.00  3.942579E-14
9236.25  3.943678E-14
9237.50  3.940669E-14
9238.75  3.942144E-14
9240.00  3.946343E-14
9241.25  3.945692E-14
9242.50  3.943118E-14
9243.75  3.948591E-14
9245.00  3.953894E-14
9246.25  3.949812E-14
9247.50  3.952510E-14
9248.75  3.964043E-14
9250.00  3.963961E-14
9251.25  3.962059E-14
9252.50  3.975112E-14
9253.75  3.983823E-14
9255.00  3.980509E-14
9256.25  3.989379E-14
9257.50  4.004696E-14
9258.75  4.004546E-14
9260.00  4.006952E-14
9261.25  4.022445E-14
9262.50  4.027103E-14
9263.75  4.024481E-14
9265.00  4.033834E-14
9266.25  4.039649E-14
9267.50  4.034776E-14
9268.75  4.034615E-14
9270.00  4.035744E-14
9271.25  4.031215E-14
9272.50  4.022865E-14
9273.75  4.015654E-14
9275.00  4.009120E-14
9276.25  3.997499E-14
9277.50  3.984859E-14
9278.75  3.973099E-14
9280.00  3.961961E-14
9281.25  3.948760E-14
9282.50  3.932118E-14
9283.75  3.921555E-14
9285.00  3.911356E-14
9286.25  3.897709E-14
9287.50  3.885734E-14
9288.75  3.879130E-14
9290.00  3.875747E-14
9291.25  3.863776E-14
9292.50  3.857644E-14
9293.75  3.868686E-14
9295.00  3.868876E-14
9296.25  3.858886E-14
9297.50  3.876998E-14
9298.75  3.901698E-14
9300.00  3.892784E-14
9301.25  3.905403E-14
9302.50  3.954429E-14
9303.75  3.959832E-14
9305.00  3.959896E-14
9306.25  4.016929E-14
9307.50  4.044763E-14
9308.75  4.037343E-14
9310.00  4.083013E-14
9311.25  4.127044E-14
9312.50  4.123615E-14
9313.75  4.149656E-14
9315.00  4.192243E-14
9316.25  4.198296E-14
9317.50  4.210668E-14
9318.75  4.241028E-14
9320.00  4.252110E-14
9321.25  4.258578E-14
9322.50  4.276090E-14
9323.75  4.286173E-14
9325.00  4.290312E-14
9326.25  4.299440E-14
9327.50  4.306023E-14
9328.75  4.308320E-14
9330.00  4.312625E-14
9331.25  4.316305E-14
9332.50  4.317005E-14
9333.75  4.318190E-14
9335.00  4.320068E-14
9336.25  4.319790E-14
9337.50  4.318637E-14
9338.75  4.319195E-14
9340.00  4.318587E-14
9341.25  4.315730E-14
9342.50  4.314903E-14
9343.75  4.314280E-14
9345.00  4.310272E-14
9346.25  4.307805E-14
9347.50  4.307227E-14
9348.75  4.302515E-14
9350.00  4.297994E-14
9351.25  4.297322E-14
9352.50  4.292827E-14
9353.75  4.285728E-14
9355.00  4.284339E-14
9356.25  4.281554E-14
9357.50  4.272488E-14
9358.75  4.269198E-14
9360.00  4.269072E-14
9361.25  4.260579E-14
9362.50  4.254730E-14
9363.75  4.256219E-14
9365.00  4.251877E-14
9366.25  4.245240E-14
9367.50  4.246052E-14
9368.75  4.246963E-14
9370.00  4.243502E-14
9371.25  4.242646E-14
9372.50  4.246447E-14
9373.75  4.248954E-14
9375.00  4.247943E-14
9376.25  4.251126E-14
9377.50  4.259093E-14
9378.75  4.260558E-14
9380.00  4.261024E-14
9381.25  4.270709E-14
9382.50  4.276181E-14
9383.75  4.274883E-14
9385.00  4.281419E-14
9386.25  4.289203E-14
9387.50  4.288698E-14
9388.75  4.290415E-14
9390.00  4.296373E-14
9391.25  4.297796E-14
9392.50  4.296686E-14
9393.75  4.298136E-14
9395.00  4.300162E-14
9396.25  4.299259E-14
9397.50  4.296632E-14
9398.75  4.297115E-14
9400.00  4.298111E-14
9401.25  4.294567E-14
9402.50  4.292480E-14
9403.75  4.294685E-14
9405.00  4.294133E-14
9406.25  4.291190E-14
9407.50  4.292655E-14
9408.75  4.296347E-14
9410.00  4.296345E-14
9411.25  4.296274E-14
9412.50  4.302077E-14
9413.75  4.307906E-14
9415.00  4.307859E-14
9416.25  4.312150E-14
9417.50  4.323404E-14
9418.75  4.326267E-14
9420.00  4.326815E-14
9421.25  4.339322E-14
9422.50  4.346892E-14
9423.75  4.345258E-14
9425.00  4.353103E-14
9426.25  4.363199E-14
9427.50  4.362746E-14
9428.75  4.364299E-14
9430.00  4.371711E-14
9431.25  4.373832E-14
9432.50  4.371855E-14
9433.75  4.373261E-14
9435.00  4.376140E-14
9436.25  4.374652E-14
9437.50  4.370670E-14
9438.75  4.371335E-14
9440.00  4.372640E-14
9441.25  4.367428E-14
9442.50  4.364423E-14
9443.75  4.367375E-14
9445.00  4.366152E-14
9446.25  4.361720E-14
9447.50  4.363608E-14
9448.75  4.367990E-14
9450.00  4.367051E-14
9451.25  4.366801E-14
9452.50  4.374098E-14
9453.75  4.380456E-14
9455.00  4.379980E-14
9456.25  4.385813E-14
9457.50  4.399280E-14
9458.75  4.402232E-14
9460.00  4.403905E-14
9461.25  4.419982E-14
9462.50  4.428814E-14
9463.75  4.428177E-14
9465.00  4.440218E-14
9466.25  4.452928E-14
9467.50  4.453567E-14
9468.75  4.459832E-14
9470.00  4.471594E-14
9471.25  4.474827E-14
9472.50  4.477204E-14
9473.75  4.485312E-14
9475.00  4.489838E-14
9476.25  4.490294E-14
9477.50  4.494630E-14
9478.75  4.498979E-14
9480.00  4.498221E-14
9481.25  4.499287E-14
9482.50  4.502716E-14
9483.75  4.501426E-14
9485.00  4.499029E-14
9486.25  4.500652E-14
9487.50  4.499756E-14
9488.75  4.494178E-14
9490.00  4.492213E-14
9491.25  4.492087E-14
9492.50  4.485358E-14
9493.75  4.478119E-14
9495.00  4.477632E-14
9496.25  4.472952E-14
9497.50  4.460913E-14
9498.75  4.457487E-14
9500.00  4.457030E-14
9501.25  4.444122E-14
9502.50  4.435944E-14
9503.75  4.437610E-14
9505.00  4.430029E-14
9506.25  4.419420E-14
9507.50  4.419562E-14
9508.75  4.418470E-14
9510.00  4.410668E-14
9511.25  4.407975E-14
9512.50  4.410407E-14
9513.75  4.408765E-14
9515.00  4.405179E-14
9516.25  4.407155E-14
9517.50  4.411154E-14
9518.75  4.409781E-14
9520.00  4.409114E-14
9521.25  4.415006E-14
9522.50  4.417580E-14
9523.75  4.415522E-14
9525.00  4.418424E-14
9526.25  4.423210E-14
9527.50  4.422260E-14
9528.75  4.421037E-14
9530.00  4.424124E-14
9531.25  4.425200E-14
9532.50  4.421854E-14
9533.75  4.420534E-14
9535.00  4.422186E-14
9536.25  4.419735E-14
9537.50  4.414212E-14
9538.75  4.413983E-14
9540.00  4.414179E-14
9541.25  4.407390E-14
9542.50  4.403769E-14
9543.75  4.405311E-14
9545.00  4.401657E-14
9546.25  4.396105E-14
9547.50  4.396634E-14
9548.75  4.396921E-14
9550.00  4.392994E-14
9551.25  4.391734E-14
9552.50  4.394210E-14
9553.75  4.394190E-14
9555.00  4.392416E-14
9556.25  4.394796E-14
9557.50  4.398643E-14
9558.75  4.398263E-14
9560.00  4.399466E-14
9561.25  4.405462E-14
9562.50  4.407585E-14
9563.75  4.408337E-14
9565.00  4.414254E-14
9566.25  4.418470E-14
9567.50  4.419689E-14
9568.75  4.425049E-14
9570.00  4.430437E-14
9571.25  4.432227E-14
9572.50  4.436891E-14
9573.75  4.443583E-14
9575.00  4.445827E-14
9576.25  4.448737E-14
9577.50  4.456731E-14
9578.75  4.460271E-14
9580.00  4.460293E-14
9581.25  4.467762E-14
9582.50  4.473658E-14
9583.75  4.472215E-14
9585.00  4.475194E-14
9586.25  4.481882E-14
9587.50  4.481615E-14
9588.75  4.479780E-14
9590.00  4.483647E-14
9591.25  4.485436E-14
9592.50  4.481274E-14
9593.75  4.479753E-14
9595.00  4.482061E-14
9596.25  4.479052E-14
9597.50  4.472503E-14
9598.75  4.472516E-14
9600.00  4.472706E-14
9601.25  4.464641E-14
9602.50  4.460397E-14
9603.75  4.462114E-14
9605.00  4.457799E-14
9606.25  4.451142E-14
9607.50  4.451376E-14
9608.75  4.451465E-14
9610.00  4.446542E-14
9611.25  4.444372E-14
9612.50  4.446527E-14
9613.75  4.445818E-14
9615.00  4.442777E-14
9616.25  4.443936E-14
9617.50  4.446980E-14
9618.75  4.445569E-14
9620.00  4.443916E-14
9621.25  4.447504E-14
9622.50  4.449495E-14
9623.75  4.446171E-14
9625.00  4.445519E-14
9626.25  4.449099E-14
9627.50  4.447046E-14
9628.75  4.441384E-14
9630.00  4.442087E-14
9631.25  4.442355E-14
9632.50  4.434525E-14
9633.75  4.428881E-14
9635.00  4.429705E-14
9636.25  4.424029E-14
9637.50  4.412046E-14
9638.75  4.409816E-14
9640.00  4.409005E-14
9641.25  4.394991E-14
9642.50  4.386921E-14
9643.75  4.388166E-14
9645.00  4.379560E-14
9646.25  4.368224E-14
9647.50  4.367300E-14
9648.75  4.364732E-14
9650.00  4.355445E-14
9651.25  4.351500E-14
9652.50  4.352059E-14
9653.75  4.347641E-14
9655.00  4.342754E-14
9656.25  4.343775E-14
9657.50  4.343726E-14
9658.75  4.340315E-14
9660.00  4.340886E-14
9661.25  4.343196E-14
9662.50  4.342479E-14
9663.75  4.343199E-14
9665.00  4.346806E-14
9666.25  4.347820E-14
9667.50  4.348906E-14
9668.75  4.353964E-14
9670.00  4.356733E-14
9671.25  4.357610E-14
9672.50  4.363018E-14
9673.75  4.368686E-14
9675.00  4.369590E-14
9676.25  4.373021E-14
9677.50  4.381613E-14
9678.75  4.384228E-14
9680.00  4.383720E-14
9681.25  4.392483E-14
9682.50  4.398588E-14
9683.75  4.396042E-14
9685.00  4.398991E-14
9686.25  4.406800E-14
9687.50  4.405956E-14
9688.75  4.402105E-14
9690.00  4.406668E-14
9691.25  4.408744E-14
9692.50  4.401868E-14
9693.75  4.399209E-14
9695.00  4.402009E-14
9696.25  4.396690E-14
9697.50  4.387028E-14
9698.75  4.386595E-14
9700.00  4.385305E-14
9701.25  4.372815E-14
9702.50  4.366403E-14
9703.75  4.366264E-14
9705.00  4.357134E-14
9706.25  4.347498E-14
9707.50  4.345203E-14
9708.75  4.339093E-14
9710.00  4.329935E-14
9711.25  4.325412E-14
9712.50  4.320966E-14
9713.75  4.313071E-14
9715.00  4.307761E-14
9716.25  4.304587E-14
9717.50  4.297110E-14
9718.75  4.291811E-14
9720.00  4.290473E-14
9721.25  4.283301E-14
9722.50  4.277533E-14
9723.75  4.277012E-14
9725.00  4.272916E-14
9726.25  4.266823E-14
9727.50  4.265520E-14
9728.75  4.264507E-14
9730.00  4.259950E-14
9731.25  4.257454E-14
9732.50  4.257986E-14
9733.75  4.256101E-14
9735.00  4.253405E-14
9736.25  4.254014E-14
9737.50  4.254369E-14
9738.75  4.252875E-14
9740.00  4.253129E-14
9741.25  4.254577E-14
9742.50  4.254624E-14
9743.75  4.255149E-14
9745.00  4.257145E-14
9746.25  4.257936E-14
9747.50  4.258790E-14
9748.75  4.261917E-14
9750.00  4.263425E-14
9751.25  4.264072E-14
9752.50  4.267464E-14
9753.75  4.270697E-14
9755.00  4.271176E-14
9756.25  4.273294E-14
9757.50  4.278419E-14
9758.75  4.279748E-14
9760.00  4.279216E-14
9761.25  4.284521E-14
9762.50  4.288085E-14
9763.75  4.286110E-14
9765.00  4.287530E-14
9766.25  4.292380E-14
9767.50  4.291676E-14
9768.75  4.288099E-14
9770.00  4.290962E-14
9771.25  4.292739E-14
9772.50  4.287393E-14
9773.75  4.285033E-14
9775.00  4.287986E-14
9776.25  4.285118E-14
9777.50  4.277780E-14
9778.75  4.278311E-14
9780.00  4.280778E-14
9781.25  4.272792E-14
9782.50  4.268305E-14
9783.75  4.273661E-14
9785.00  4.272886E-14
9786.25  4.265526E-14
9787.50  4.268505E-14
9788.75  4.277823E-14
9790.00  4.274054E-14
9791.25  4.272465E-14
9792.50  4.285407E-14
9793.75  4.292036E-14
9795.00  4.288844E-14
9796.25  4.297678E-14
9797.50  4.314697E-14
9798.75  4.316878E-14
9800.00  4.315243E-14
