3600.00  1.052163E-14
3602.00  1.053800E-14
3604.00  1.036377E-14
3606.00  1.008677E-14
3608.00  9.814385E-15
3610.00  9.630599E-15
3612.00  9.567490E-15
3614.00  9.605305E-15
3616.00  9.704800E-15
3618.00  9.846211E-15
3620.00  1.004478E-14
3622.00  1.032377E-14
3624.00  1.066800E-14
3626.00  1.100262E-14
3628.00  1.122737E-14
3630.00  1.128596E-14
3632.00  1.121194E-14
3634.00  1.110886E-14
3636.00  1.107833E-14
3638.00  1.114969E-14
3640.00  1.126789E-14
3642.00  1.134370E-14
3644.00  1.132647E-14
3646.00  1.124545E-14
3648.00  1.119429E-14
3650.00  1.127538E-14
3652.00  1.153995E-14
3654.00  1.196205E-14
3656.00  1.245383E-14
3658.00  1.290688E-14
3660.00  1.323482E-14
3662.00  1.339883E-14
3664.00  1.341151E-14
3666.00  1.332258E-14
3668.00  1.319266E-14
3670.00  1.306543E-14
3672.00  1.295130E-14
3674.00  1.282896E-14
3676.00  1.266795E-14
3678.00  1.245542E-14
3680.00  1.221086E-14
3682.00  1.197737E-14
3684.00  1.180201E-14
3686.00  1.172166E-14
3688.00  1.175652E-14
3690.00  1.190571E-14
3692.00  1.214199E-14
3694.00  1.241295E-14
3696.00  1.265115E-14
3698.00  1.278780E-14
3700.00  1.276789E-14
3702.00  1.257078E-14
3704.00  1.223498E-14
3706.00  1.186312E-14
3708.00  1.158530E-14
3710.00  1.148868E-14
3712.00  1.156073E-14
3714.00  1.168802E-14
3716.00  1.172483E-14
3718.00  1.158476E-14
3720.00  1.129425E-14
3722.00  1.096654E-14
3724.00  1.071459E-14
3726.00  1.057114E-14
3728.00  1.047393E-14
3730.00  1.032588E-14
3732.00  1.007873E-14
3734.00  9.775185E-15
3736.00  9.518900E-15
3738.00  9.396708E-15
3740.00  9.412792E-15
3742.00  9.489109E-15
3744.00  9.532031E-15
3746.00  9.511189E-15
3748.00  9.485387E-15
3750.00  9.554407E-15
3752.00  9.777878E-15
3754.00  1.012443E-14
3756.00  1.049086E-14
3758.00  1.076917E-14
3760.00  1.091108E-14
3762.00  1.094157E-14
3764.00  1.092866E-14
3766.00  1.094349E-14
3768.00  1.103667E-14
3770.00  1.123521E-14
3772.00  1.154347E-14
3774.00  1.194207E-14
3776.00  1.238802E-14
3778.00  1.281913E-14
3780.00  1.316271E-14
3782.00  1.334944E-14
3784.00  1.333112E-14
3786.00  1.309886E-14
3788.00  1.269096E-14
3790.00  1.218008E-14
3792.00  1.165124E-14
3794.00  1.118355E-14
3796.00  1.084513E-14
3798.00  1.069080E-14
3800.00  1.074983E-14
3802.00  1.100505E-14
3804.00  1.138434E-14
3806.00  1.177824E-14
3808.00  1.207527E-14
3810.00  1.219622E-14
3812.00  1.211139E-14
3814.00  1.183768E-14
3816.00  1.142637E-14
3818.00  1.094216E-14
3820.00  1.044266E-14
3822.00  9.964929E-15
3824.00  9.524919E-15
3826.00  9.125642E-15
3828.00  8.767276E-15
3830.00  8.454757E-15
3832.00  8.203328E-15
3834.00  8.041993E-15
3836.00  8.010910E-15
3838.00  8.149628E-15
3840.00  8.476707E-15
3842.00  8.971977E-15
3844.00  9.570349E-15
3846.00  1.017775E-14
3848.00  1.070077E-14
3850.00  1.107259E-14
3852.00  1.127049E-14
3854.00  1.131630E-14
3856.00  1.126097E-14
3858.00  1.117201E-14
3860.00  1.111326E-14
3862.00  1.111820E-14
3864.00  1.118171E-14
3866.00  1.126641E-14
3868.00  1.132644E-14
3870.00  1.133510E-14
3872.00  1.129605E-14
3874.00  1.122874E-14
3876.00  1.114994E-14
3878.00  1.106415E-14
3880.00  1.096670E-14
3882.00  1.085982E-14
3884.00  1.076667E-14
3886.00  1.072407E-14
3888.00  1.077452E-14
3890.00  1.095570E-14
3892.00  1.126568E-14
3894.00  1.166303E-14
3896.00  1.208261E-14
3898.00  1.246269E-14
3900.00  1.277474E-14
3902.00  1.302355E-14
3904.00  1.324370E-14
3906.00  1.348065E-14
3908.00  1.375541E-14
3910.00  1.404857E-14
3912.00  1.430343E-14
3914.00  1.444547E-14
3916.00  1.441755E-14
3918.00  1.419149E-14
3920.00  1.376655E-14
3922.00  1.316335E-14
3924.00  1.240240E-14
3926.00  1.149888E-14
3928.00  1.049113E-14
3930.00  9.468477E-15
3932.00  8.572879E-15
3934.00  7.959595E-15
3936.00  7.753740E-15
3938.00  8.001730E-15
3940.00  8.645295E-15
3942.00  9.546324E-15
3944.00  1.055357E-14
3946.00  1.153140E-14
3948.00  1.239468E-14
3950.00  1.309177E-14
3952.00  1.359107E-14
3954.00  1.385473E-14
3956.00  1.383159E-14
3958.00  1.349409E-14
3960.00  1.284345E-14
3962.00  1.193029E-14
3964.00  1.087551E-14
3966.00  9.857694E-15
3968.00  9.078796E-15
3970.00  8.721860E-15
3972.00  8.898173E-15
3974.00  9.597677E-15
3976.00  1.071029E-14
3978.00  1.205283E-14
3980.00  1.342275E-14
3982.00  1.466650E-14
3984.00  1.570576E-14
3986.00  1.653243E-14
3988.00  1.717451E-14
3990.00  1.766983E-14
3992.00  1.805497E-14
3994.00  1.835498E-14
3996.00  1.858636E-14
3998.00  1.876573E-14
4000.00  1.890598E-14
4002.00  1.902115E-14
4004.00  1.914126E-14
4006.00  1.928451E-14
4008.00  1.946118E-14
4010.00  1.967858E-14
4012.00  1.993662E-14
4014.00  2.023678E-14
4016.00  2.052305E-14
4018.00  2.074598E-14
4020.00  2.089791E-14
4022.00  2.097670E-14
4024.00  2.097265E-14
4026.00  2.087128E-14
4028.00  2.068084E-14
4030.00  2.044704E-14
4032.00  2.023772E-14
4034.00  2.010495E-14
4036.00  2.005161E-14
4038.00  2.008106E-14
4040.00  2.014120E-14
4042.00  2.016517E-14
4044.00  2.013300E-14
4046.00  2.004877E-14
4048.00  1.998284E-14
4050.00  1.997524E-14
4052.00  2.002862E-14
4054.00  2.011331E-14
4056.00  2.013116E-14
4058.00  2.001915E-14
4060.00  1.981959E-14
4062.00  1.960148E-14
4064.00  1.940967E-14
4066.00  1.926172E-14
4068.00  1.915426E-14
4070.00  1.911978E-14
4072.00  1.912915E-14
4074.00  1.916588E-14
4076.00  1.924658E-14
4078.00  1.939342E-14
4080.00  1.962587E-14
4082.00  1.994551E-14
4084.00  2.034621E-14
4086.00  2.075375E-14
4088.00  2.105710E-14
4090.00  2.120112E-14
4092.00  2.114814E-14
4094.00  2.087260E-14
4096.00  2.037899E-14
4098.00  1.977847E-14
4100.00  1.921950E-14
4102.00  1.881496E-14
4104.00  1.864316E-14
4106.00  1.871819E-14
4108.00  1.902803E-14
4110.00  1.948103E-14
4112.00  1.994438E-14
4114.00  2.033472E-14
4116.00  2.063894E-14
4118.00  2.086057E-14
4120.00  2.099787E-14
4122.00  2.104882E-14
4124.00  2.103224E-14
4126.00  2.097877E-14
4128.00  2.088381E-14
4130.00  2.077735E-14
4132.00  2.068679E-14
4134.00  2.064484E-14
4136.00  2.065381E-14
4138.00  2.067990E-14
4140.00  2.071764E-14
4142.00  2.073362E-14
4144.00  2.069563E-14
4146.00  2.061251E-14
4148.00  2.053655E-14
4150.00  2.054593E-14
4152.00  2.061166E-14
4154.00  2.071636E-14
4156.00  2.088834E-14
4158.00  2.111685E-14
4160.00  2.137048E-14
4162.00  2.160322E-14
4164.00  2.176283E-14
4166.00  2.179830E-14
4168.00  2.168608E-14
4170.00  2.144856E-14
4172.00  2.117168E-14
4174.00  2.093301E-14
4176.00  2.075061E-14
4178.00  2.067632E-14
4180.00  2.074764E-14
4182.00  2.088225E-14
4184.00  2.104036E-14
4186.00  2.118312E-14
4188.00  2.130247E-14
4190.00  2.137035E-14
4192.00  2.133795E-14
4194.00  2.124935E-14
4196.00  2.111378E-14
4198.00  2.096330E-14
4200.00  2.083681E-14
4202.00  2.082394E-14
4204.00  2.096286E-14
4206.00  2.121930E-14
4208.00  2.154366E-14
4210.00  2.187342E-14
4212.00  2.211829E-14
4214.00  2.225350E-14
4216.00  2.228049E-14
4218.00  2.216830E-14
4220.00  2.189691E-14
4222.00  2.151802E-14
4224.00  2.107670E-14
4226.00  2.065008E-14
4228.00  2.031554E-14
4230.00  2.015912E-14
4232.00  2.026822E-14
4234.00  2.059658E-14
4236.00  2.099341E-14
4238.00  2.141919E-14
4240.00  2.186124E-14
4242.00  2.225263E-14
4244.00  2.252526E-14
4246.00  2.266179E-14
4248.00  2.267911E-14
4250.00  2.256814E-14
4252.00  2.237375E-14
4254.00  2.221663E-14
4256.00  2.212174E-14
4258.00  2.209172E-14
4260.00  2.217696E-14
4262.00  2.231421E-14
4264.00  2.239505E-14
4266.00  2.242564E-14
4268.00  2.234939E-14
4270.00  2.212650E-14
4272.00  2.185997E-14
4274.00  2.165233E-14
4276.00  2.155274E-14
4278.00  2.158539E-14
4280.00  2.172120E-14
4282.00  2.184600E-14
4284.00  2.186085E-14
4286.00  2.174887E-14
4288.00  2.151596E-14
4290.00  2.118706E-14
4292.00  2.077867E-14
4294.00  2.032162E-14
4296.00  1.983476E-14
4298.00  1.929968E-14
4300.00  1.874091E-14
4302.00  1.821655E-14
4304.00  1.779949E-14
4306.00  1.760009E-14
4308.00  1.770526E-14
4310.00  1.812978E-14
4312.00  1.889374E-14
4314.00  1.993766E-14
4316.00  2.106775E-14
4318.00  2.211875E-14
4320.00  2.294573E-14
4322.00  2.342083E-14
4324.00  2.365010E-14
4326.00  2.375028E-14
4328.00  2.375963E-14
4330.00  2.383455E-14
4332.00  2.396735E-14
4334.00  2.397826E-14
4336.00  2.386112E-14
4338.00  2.369067E-14
4340.00  2.346544E-14
4342.00  2.327866E-14
4344.00  2.330368E-14
4346.00  2.354498E-14
4348.00  2.385864E-14
4350.00  2.421764E-14
4352.00  2.462136E-14
4354.00  2.493608E-14
4356.00  2.522345E-14
4358.00  2.556729E-14
4360.00  2.590361E-14
4362.00  2.618599E-14
4364.00  2.642521E-14
4366.00  2.652048E-14
4368.00  2.646099E-14
4370.00  2.622240E-14
4372.00  2.584605E-14
4374.00  2.539983E-14
4376.00  2.490116E-14
4378.00  2.435567E-14
4380.00  2.383078E-14
4382.00  2.335255E-14
4384.00  2.298481E-14
4386.00  2.272808E-14
4388.00  2.271750E-14
4390.00  2.294021E-14
4392.00  2.325023E-14
4394.00  2.366013E-14
4396.00  2.408305E-14
4398.00  2.434954E-14
4400.00  2.451643E-14
4402.00  2.452562E-14
4404.00  2.448085E-14
4406.00  2.447060E-14
4408.00  2.452628E-14
4410.00  2.471894E-14
4412.00  2.499201E-14
4414.00  2.533594E-14
4416.00  2.571139E-14
4418.00  2.600611E-14
4420.00  2.626447E-14
4422.00  2.649201E-14
4424.00  2.660053E-14
4426.00  2.665886E-14
4428.00  2.669747E-14
4430.00  2.668807E-14
4432.00  2.664929E-14
4434.00  2.665274E-14
4436.00  2.673141E-14
4438.00  2.681003E-14
4440.00  2.697089E-14
4442.00  2.720476E-14
4444.00  2.739507E-14
4446.00  2.754964E-14
4448.00  2.767865E-14
4450.00  2.764132E-14
4452.00  2.745240E-14
4454.00  2.718408E-14
4456.00  2.684358E-14
4458.00  2.649578E-14
4460.00  2.630560E-14
4462.00  2.626960E-14
4464.00  2.639333E-14
4466.00  2.671051E-14
4468.00  2.713313E-14
4470.00  2.761414E-14
4472.00  2.810196E-14
4474.00  2.854973E-14
4476.00  2.893523E-14
4478.00  2.917537E-14
4480.00  2.934852E-14
4482.00  2.944117E-14
4484.00  2.944741E-14
4486.00  2.945013E-14
4488.00  2.944969E-14
4490.00  2.944993E-14
4492.00  2.943353E-14
4494.00  2.949580E-14
4496.00  2.962552E-14
4498.00  2.980035E-14
4500.00  3.011719E-14
4502.00  3.050552E-14
4504.00  3.088844E-14
4506.00  3.127259E-14
4508.00  3.157494E-14
4510.00  3.171819E-14
4512.00  3.174705E-14
4514.00  3.167492E-14
4516.00  3.146314E-14
4518.00  3.121245E-14
4520.00  3.090505E-14
4522.00  3.050053E-14
4524.00  3.008428E-14
4526.00  2.958297E-14
4528.00  2.909419E-14
4530.00  2.868399E-14
4532.00  2.836504E-14
4534.00  2.825927E-14
4536.00  2.835720E-14
4538.00  2.855368E-14
4540.00  2.889647E-14
4542.00  2.923915E-14
4544.00  2.947941E-14
4546.00  2.970380E-14
4548.00  2.979416E-14
4550.00  2.987290E-14
4552.00  2.993540E-14
4554.00  3.004046E-14
4556.00  3.024787E-14
4558.00  3.046401E-14
4560.00  3.077067E-14
4562.00  3.104272E-14
4564.00  3.127403E-14
4566.00  3.149808E-14
4568.00  3.160218E-14
4570.00  3.167935E-14
4572.00  3.172850E-14
4574.00  3.167249E-14
4576.00  3.162044E-14
4578.00  3.148189E-14
4580.00  3.130047E-14
4582.00  3.115352E-14
4584.00  3.096430E-14
4586.00  3.088127E-14
4588.00  3.081875E-14
4590.00  3.079060E-14
4592.00  3.083841E-14
4594.00  3.082692E-14
4596.00  3.084719E-14
4598.00  3.087483E-14
4600.00  3.090461E-14
4602.00  3.101867E-14
4604.00  3.116210E-14
4606.00  3.139562E-14
4608.00  3.167697E-14
4610.00  3.197097E-14
4612.00  3.229316E-14
4614.00  3.256080E-14
4616.00  3.278119E-14
4618.00  3.296448E-14
4620.00  3.308242E-14
4622.00  3.314946E-14
4624.00  3.317760E-14
4626.00  3.315464E-14
4628.00  3.308508E-14
4630.00  3.297762E-14
4632.00  3.280687E-14
4634.00  3.259905E-14
4636.00  3.235678E-14
4638.00  3.207076E-14
4640.00  3.179917E-14
4642.00  3.151661E-14
4644.00  3.127675E-14
4646.00  3.110030E-14
4648.00  3.099382E-14
4650.00  3.097073E-14
4652.00  3.106063E-14
4654.00  3.122125E-14
4656.00  3.143216E-14
4658.00  3.164473E-14
4660.00  3.177518E-14
4662.00  3.183819E-14
4664.00  3.177067E-14
4666.00  3.159084E-14
4668.00  3.140978E-14
4670.00  3.121503E-14
4672.00  3.108617E-14
4674.00  3.107899E-14
4676.00  3.110188E-14
4678.00  3.117540E-14
4680.00  3.125808E-14
4682.00  3.130320E-14
4684.00  3.133972E-14
4686.00  3.136057E-14
4688.00  3.138990E-14
4690.00  3.140710E-14
4692.00  3.142925E-14
4694.00  3.142907E-14
4696.00  3.138066E-14
4698.00  3.129872E-14
4700.00  3.117443E-14
4702.00  3.101907E-14
4704.00  3.089895E-14
4706.00  3.079148E-14
4708.00  3.078197E-14
4710.00  3.085574E-14
4712.00  3.100285E-14
4714.00  3.125206E-14
4716.00  3.155430E-14
4718.00  3.186294E-14
4720.00  3.215791E-14
4722.00  3.238155E-14
4724.00  3.251174E-14
4726.00  3.249685E-14
4728.00  3.241885E-14
4730.00  3.227586E-14
4732.00  3.212279E-14
4734.00  3.202956E-14
4736.00  3.201699E-14
4738.00  3.210190E-14
4740.00  3.223909E-14
4742.00  3.244396E-14
4744.00  3.265283E-14
4746.00  3.286416E-14
4748.00  3.303539E-14
4750.00  3.315573E-14
4752.00  3.320525E-14
4754.00  3.319657E-14
4756.00  3.310820E-14
4758.00  3.295916E-14
4760.00  3.277075E-14
4762.00  3.256036E-14
4764.00  3.237050E-14
4766.00  3.221612E-14
4768.00  3.215868E-14
4770.00  3.216694E-14
4772.00  3.229560E-14
4774.00  3.246278E-14
4776.00  3.264665E-14
4778.00  3.281611E-14
4780.00  3.292395E-14
4782.00  3.295958E-14
4784.00  3.294529E-14
4786.00  3.292274E-14
4788.00  3.292290E-14
4790.00  3.298235E-14
4792.00  3.312738E-14
4794.00  3.332739E-14
4796.00  3.355157E-14
4798.00  3.377062E-14
4800.00  3.395128E-14
4802.00  3.406430E-14
4804.00  3.410949E-14
4806.00  3.413240E-14
4808.00  3.412625E-14
4810.00  3.413018E-14
4812.00  3.414979E-14
4814.00  3.421866E-14
4816.00  3.429312E-14
4818.00  3.436408E-14
4820.00  3.440048E-14
4822.00  3.438738E-14
4824.00  3.433436E-14
4826.00  3.421891E-14
4828.00  3.407580E-14
4830.00  3.393242E-14
4832.00  3.380262E-14
4834.00  3.369613E-14
4836.00  3.360095E-14
4838.00  3.354032E-14
4840.00  3.348099E-14
4842.00  3.343109E-14
4844.00  3.337285E-14
4846.00  3.329680E-14
4848.00  3.318107E-14
4850.00  3.299543E-14
4852.00  3.270245E-14
4854.00  3.230934E-14
4856.00  3.181427E-14
4858.00  3.124775E-14
4860.00  3.066628E-14
4862.00  3.020756E-14
4864.00  2.987054E-14
4866.00  2.973409E-14
4868.00  2.978089E-14
4870.00  3.001645E-14
4872.00  3.034967E-14
4874.00  3.074818E-14
4876.00  3.115561E-14
4878.00  3.154363E-14
4880.00  3.186638E-14
4882.00  3.212176E-14
4884.00  3.228364E-14
4886.00  3.238867E-14
4888.00  3.245501E-14
4890.00  3.255266E-14
4892.00  3.273388E-14
4894.00  3.299107E-14
4896.00  3.334103E-14
4898.00  3.371947E-14
4900.00  3.410255E-14
4902.00  3.439292E-14
4904.00  3.458496E-14
4906.00  3.464667E-14
4908.00  3.460711E-14
4910.00  3.448301E-14
4912.00  3.429517E-14
4914.00  3.403763E-14
4916.00  3.374356E-14
4918.00  3.345251E-14
4920.00  3.321297E-14
4922.00  3.304361E-14
4924.00  3.298133E-14
4926.00  3.305876E-14
4928.00  3.326613E-14
4930.00  3.353399E-14
4932.00  3.377379E-14
4934.00  3.398279E-14
4936.00  3.411672E-14
4938.00  3.420140E-14
4940.00  3.427497E-14
4942.00  3.439186E-14
4944.00  3.454395E-14
4946.00  3.473788E-14
4948.00  3.494267E-14
4950.00  3.507520E-14
4952.00  3.507942E-14
4954.00  3.496372E-14
4956.00  3.473268E-14
4958.00  3.445170E-14
4960.00  3.412691E-14
4962.00  3.385106E-14
4964.00  3.362420E-14
4966.00  3.355727E-14
4968.00  3.353062E-14
4970.00  3.354958E-14
4972.00  3.355521E-14
4974.00  3.357271E-14
4976.00  3.352653E-14
4978.00  3.339218E-14
4980.00  3.318494E-14
4982.00  3.294140E-14
4984.00  3.270940E-14
4986.00  3.251800E-14
4988.00  3.240727E-14
4990.00  3.238160E-14
4992.00  3.245086E-14
4994.00  3.251756E-14
4996.00  3.253122E-14
4998.00  3.247678E-14
5000.00  3.234204E-14
5002.00  3.211387E-14
5004.00  3.184301E-14
5006.00  3.153571E-14
5008.00  3.124613E-14
5010.00  3.100403E-14
5012.00  3.079810E-14
5014.00  3.067385E-14
5016.00  3.062721E-14
5018.00  3.062964E-14
5020.00  3.070554E-14
5022.00  3.087809E-14
5024.00  3.111121E-14
5026.00  3.139040E-14
5028.00  3.167989E-14
5030.00  3.194125E-14
5032.00  3.215767E-14
5034.00  3.227106E-14
5036.00  3.229532E-14
5038.00  3.225417E-14
5040.00  3.218365E-14
5042.00  3.210372E-14
5044.00  3.208413E-14
5046.00  3.213177E-14
5048.00  3.226929E-14
5050.00  3.251110E-14
5052.00  3.278614E-14
5054.00  3.305525E-14
5056.00  3.330710E-14
5058.00  3.355003E-14
5060.00  3.372228E-14
5062.00  3.381612E-14
5064.00  3.381052E-14
5066.00  3.372009E-14
5068.00  3.354001E-14
5070.00  3.331030E-14
5072.00  3.305596E-14
5074.00  3.280469E-14
5076.00  3.257402E-14
5078.00  3.237131E-14
5080.00  3.222551E-14
5082.00  3.213884E-14
5084.00  3.214931E-14
5086.00  3.221390E-14
5088.00  3.238185E-14
5090.00  3.258795E-14
5092.00  3.279154E-14
5094.00  3.293208E-14
5096.00  3.302157E-14
5098.00  3.301865E-14
5100.00  3.294296E-14
5102.00  3.281590E-14
5104.00  3.269221E-14
5106.00  3.257885E-14
5108.00  3.254058E-14
5110.00  3.255463E-14
5112.00  3.262159E-14
5114.00  3.272185E-14
5116.00  3.282872E-14
5118.00  3.289999E-14
5120.00  3.290859E-14
5122.00  3.285324E-14
5124.00  3.271238E-14
5126.00  3.252355E-14
5128.00  3.234274E-14
5130.00  3.218220E-14
5132.00  3.207614E-14
5134.00  3.201961E-14
5136.00  3.200973E-14
5138.00  3.200152E-14
5140.00  3.197824E-14
5142.00  3.192500E-14
5144.00  3.185239E-14
5146.00  3.176853E-14
5148.00  3.169023E-14
5150.00  3.165063E-14
5152.00  3.165670E-14
5154.00  3.168331E-14
5156.00  3.170011E-14
5158.00  3.167296E-14
5160.00  3.153237E-14
5162.00  3.122330E-14
5164.00  3.074063E-14
5166.00  3.012025E-14
5168.00  2.938222E-14
5170.00  2.865168E-14
5172.00  2.802227E-14
5174.00  2.756953E-14
5176.00  2.730172E-14
5178.00  2.724536E-14
5180.00  2.736943E-14
5182.00  2.757379E-14
5184.00  2.787478E-14
5186.00  2.821713E-14
5188.00  2.859433E-14
5190.00  2.901408E-14
5192.00  2.946063E-14
5194.00  2.991494E-14
5196.00  3.035485E-14
5198.00  3.069528E-14
5200.00  3.091930E-14
5202.00  3.102695E-14
5204.00  3.106223E-14
5206.00  3.102233E-14
5208.00  3.099975E-14
5210.00  3.104354E-14
5212.00  3.117095E-14
5214.00  3.142051E-14
5216.00  3.176746E-14
5218.00  3.214146E-14
5220.00  3.249717E-14
5222.00  3.278614E-14
5224.00  3.298047E-14
5226.00  3.307743E-14
5228.00  3.314455E-14
5230.00  3.322332E-14
5232.00  3.334687E-14
5234.00  3.353961E-14
5236.00  3.381036E-14
5238.00  3.411500E-14
5240.00  3.440802E-14
5242.00  3.467224E-14
5244.00  3.483350E-14
5246.00  3.489338E-14
5248.00  3.488180E-14
5250.00  3.479988E-14
5252.00  3.466194E-14
5254.00  3.449860E-14
5256.00  3.430765E-14
5258.00  3.405768E-14
5260.00  3.373764E-14
5262.00  3.334248E-14
5264.00  3.287798E-14
5266.00  3.240140E-14
5268.00  3.198208E-14
5270.00  3.170106E-14
5272.00  3.160879E-14
5274.00  3.176116E-14
5276.00  3.211228E-14
5278.00  3.263148E-14
5280.00  3.326657E-14
5282.00  3.392413E-14
5284.00  3.454534E-14
5286.00  3.510746E-14
5288.00  3.558562E-14
5290.00  3.593011E-14
5292.00  3.616919E-14
5294.00  3.630654E-14
5296.00  3.634250E-14
5298.00  3.633115E-14
5300.00  3.632469E-14
5302.00  3.635892E-14
5304.00  3.645210E-14
5306.00  3.662224E-14
5308.00  3.684240E-14
5310.00  3.706003E-14
5312.00  3.723096E-14
5314.00  3.731791E-14
5316.00  3.728553E-14
5318.00  3.711992E-14
5320.00  3.684259E-14
5322.00  3.646364E-14
5324.00  3.603263E-14
5326.00  3.560925E-14
5328.00  3.523022E-14
5330.00  3.495018E-14
5332.00  3.481838E-14
5334.00  3.480939E-14
5336.00  3.490323E-14
5338.00  3.509142E-14
5340.00  3.530382E-14
5342.00  3.550372E-14
5344.00  3.571624E-14
5346.00  3.592653E-14
5348.00  3.614190E-14
5350.00  3.640303E-14
5352.00  3.669550E-14
5354.00  3.700220E-14
5356.00  3.729562E-14
5358.00  3.753316E-14
5360.00  3.767397E-14
5362.00  3.769255E-14
5364.00  3.758716E-14
5366.00  3.738500E-14
5368.00  3.712521E-14
5370.00  3.687224E-14
5372.00  3.667660E-14
5374.00  3.656724E-14
5376.00  3.656653E-14
5378.00  3.665173E-14
5380.00  3.677817E-14
5382.00  3.691265E-14
5384.00  3.700296E-14
5386.00  3.700848E-14
5388.00  3.693025E-14
5390.00  3.676237E-14
5392.00  3.651378E-14
5394.00  3.622743E-14
5396.00  3.591656E-14
5398.00  3.560873E-14
5400.00  3.534481E-14
5402.00  3.511893E-14
5404.00  3.495482E-14
5406.00  3.488756E-14
5408.00  3.490288E-14
5410.00  3.501188E-14
5412.00  3.523465E-14
5414.00  3.553543E-14
5416.00  3.587523E-14
5418.00  3.623292E-14
5420.00  3.655403E-14
5422.00  3.679001E-14
5424.00  3.693812E-14
5426.00  3.698736E-14
5428.00  3.694820E-14
5430.00  3.686744E-14
5432.00  3.677315E-14
5434.00  3.669815E-14
5436.00  3.667865E-14
5438.00  3.671135E-14
5440.00  3.677648E-14
5442.00  3.685543E-14
5444.00  3.691006E-14
5446.00  3.690375E-14
5448.00  3.683866E-14
5450.00  3.671979E-14
5452.00  3.656035E-14
5454.00  3.640263E-14
5456.00  3.626950E-14
5458.00  3.617305E-14
5460.00  3.612568E-14
5462.00  3.612276E-14
5464.00  3.614282E-14
5466.00  3.616859E-14
5468.00  3.618898E-14
5470.00  3.618157E-14
5472.00  3.613631E-14
5474.00  3.607697E-14
5476.00  3.600312E-14
5478.00  3.593104E-14
5480.00  3.590588E-14
5482.00  3.592000E-14
5484.00  3.598200E-14
5486.00  3.609629E-14
5488.00  3.623519E-14
5490.00  3.637618E-14
5492.00  3.650237E-14
5494.00  3.659947E-14
5496.00  3.664545E-14
5498.00  3.664723E-14
5500.00  3.660733E-14
5502.00  3.652591E-14
5504.00  3.642514E-14
5506.00  3.631638E-14
5508.00  3.621297E-14
5510.00  3.613827E-14
5512.00  3.610407E-14
5514.00  3.611416E-14
5516.00  3.618165E-14
5518.00  3.629202E-14
5520.00  3.642529E-14
5522.00  3.657534E-14
5524.00  3.670805E-14
5526.00  3.681037E-14
5528.00  3.689223E-14
5530.00  3.694161E-14
5532.00  3.698477E-14
5534.00  3.703931E-14
5536.00  3.710633E-14
5538.00  3.720624E-14
5540.00  3.732530E-14
5542.00  3.746139E-14
5544.00  3.760817E-14
5546.00  3.774265E-14
5548.00  3.786241E-14
5550.00  3.796365E-14
5552.00  3.801990E-14
5554.00  3.804129E-14
5556.00  3.802804E-14
5558.00  3.796100E-14
5560.00  3.786831E-14
5562.00  3.775063E-14
5564.00  3.761342E-14
5566.00  3.748469E-14
5568.00  3.736563E-14
5570.00  3.727441E-14
5572.00  3.720882E-14
5574.00  3.716825E-14
5576.00  3.715258E-14
5578.00  3.711476E-14
5580.00  3.707502E-14
5582.00  3.699369E-14
5584.00  3.685066E-14
5586.00  3.669564E-14
5588.00  3.649950E-14
5590.00  3.630572E-14
5592.00  3.615504E-14
5594.00  3.604379E-14
5596.00  3.600301E-14
5598.00  3.603640E-14
5600.00  3.612882E-14
5602.00  3.628119E-14
5604.00  3.647283E-14
5606.00  3.668267E-14
5608.00  3.689128E-14
5610.00  3.706898E-14
5612.00  3.720377E-14
5614.00  3.726914E-14
5616.00  3.727778E-14
5618.00  3.724161E-14
5620.00  3.717101E-14
5622.00  3.711011E-14
5624.00  3.706425E-14
5626.00  3.705277E-14
5628.00  3.707886E-14
5630.00  3.712016E-14
5632.00  3.718330E-14
5634.00  3.723609E-14
5636.00  3.726695E-14
5638.00  3.729221E-14
5640.00  3.728396E-14
5642.00  3.726857E-14
5644.00  3.725812E-14
5646.00  3.723305E-14
5648.00  3.722455E-14
5650.00  3.721010E-14
5652.00  3.717935E-14
5654.00  3.714335E-14
5656.00  3.708504E-14
5658.00  3.702361E-14
5660.00  3.695876E-14
5662.00  3.692390E-14
5664.00  3.692574E-14
5666.00  3.696311E-14
5668.00  3.706815E-14
5670.00  3.720003E-14
5672.00  3.735579E-14
5674.00  3.752834E-14
5676.00  3.767502E-14
5678.00  3.779006E-14
5680.00  3.787265E-14
5682.00  3.791203E-14
5684.00  3.790868E-14
5686.00  3.790590E-14
5688.00  3.788190E-14
5690.00  3.785671E-14
5692.00  3.785167E-14
5694.00  3.782588E-14
5696.00  3.779328E-14
5698.00  3.774321E-14
5700.00  3.764825E-14
5702.00  3.753488E-14
5704.00  3.739831E-14
5706.00  3.726125E-14
5708.00  3.716635E-14
5710.00  3.710696E-14
5712.00  3.714270E-14
5714.00  3.725095E-14
5716.00  3.743648E-14
5718.00  3.770843E-14
5720.00  3.797938E-14
5722.00  3.828807E-14
5724.00  3.857441E-14
5726.00  3.879975E-14
5728.00  3.899908E-14
5730.00  3.913168E-14
5732.00  3.923196E-14
5734.00  3.930590E-14
5736.00  3.934897E-14
5738.00  3.939403E-14
5740.00  3.942819E-14
5742.00  3.944747E-14
5744.00  3.947114E-14
5746.00  3.946769E-14
5748.00  3.945567E-14
5750.00  3.943614E-14
5752.00  3.939912E-14
5754.00  3.936854E-14
5756.00  3.934478E-14
5758.00  3.931317E-14
5760.00  3.931722E-14
5762.00  3.933283E-14
5764.00  3.934552E-14
5766.00  3.940031E-14
5768.00  3.942267E-14
5770.00  3.942724E-14
5772.00  3.943090E-14
5774.00  3.935441E-14
5776.00  3.926040E-14
5778.00  3.912520E-14
5780.00  3.893341E-14
5782.00  3.877070E-14
5784.00  3.862713E-14
5786.00  3.850872E-14
5788.00  3.850154E-14
5790.00  3.854394E-14
5792.00  3.866971E-14
5794.00  3.888860E-14
5796.00  3.911057E-14
5798.00  3.937599E-14
5800.00  3.962131E-14
5802.00  3.983244E-14
5804.00  4.001407E-14
5806.00  4.013635E-14
5808.00  4.022676E-14
5810.00  4.027431E-14
5812.00  4.029493E-14
5814.00  4.029937E-14
5816.00  4.030892E-14
5818.00  4.032340E-14
5820.00  4.033812E-14
5822.00  4.038577E-14
5824.00  4.042178E-14
5826.00  4.048570E-14
5828.00  4.054670E-14
5830.00  4.058447E-14
5832.00  4.062572E-14
5834.00  4.065277E-14
5836.00  4.064588E-14
5838.00  4.063524E-14
5840.00  4.058987E-14
5842.00  4.050746E-14
5844.00  4.041386E-14
5846.00  4.025950E-14
5848.00  4.007986E-14
5850.00  3.986527E-14
5852.00  3.961699E-14
5854.00  3.936468E-14
5856.00  3.912190E-14
5858.00  3.890351E-14
5860.00  3.873978E-14
5862.00  3.861703E-14
5864.00  3.855522E-14
5866.00  3.854700E-14
5868.00  3.856093E-14
5870.00  3.859587E-14
5872.00  3.859241E-14
5874.00  3.854664E-14
5876.00  3.844340E-14
5878.00  3.820838E-14
5880.00  3.787301E-14
5882.00  3.738925E-14
5884.00  3.679657E-14
5886.00  3.612087E-14
5888.00  3.535310E-14
5890.00  3.463927E-14
5892.00  3.400377E-14
5894.00  3.345660E-14
5896.00  3.319473E-14
5898.00  3.312717E-14
5900.00  3.331069E-14
5902.00  3.376251E-14
5904.00  3.424277E-14
5906.00  3.490941E-14
5908.00  3.553951E-14
5910.00  3.609490E-14
5912.00  3.661591E-14
5914.00  3.699327E-14
5916.00  3.730819E-14
5918.00  3.753038E-14
5920.00  3.769100E-14
5922.00  3.781531E-14
5924.00  3.791593E-14
5926.00  3.800290E-14
5928.00  3.807235E-14
5930.00  3.814080E-14
5932.00  3.819338E-14
5934.00  3.824619E-14
5936.00  3.829088E-14
5938.00  3.832931E-14
5940.00  3.836496E-14
5942.00  3.838554E-14
5944.00  3.840989E-14
5946.00  3.840192E-14
5948.00  3.841202E-14
5950.00  3.839021E-14
5952.00  3.839716E-14
5954.00  3.838883E-14
5956.00  3.839845E-14
5958.00  3.843971E-14
5960.00  3.847181E-14
5962.00  3.856223E-14
5964.00  3.862631E-14
5966.00  3.872206E-14
5968.00  3.880398E-14
5970.00  3.884080E-14
5972.00  3.890161E-14
5974.00  3.889206E-14
5976.00  3.888333E-14
5978.00  3.885023E-14
5980.00  3.878915E-14
5982.00  3.874816E-14
5984.00  3.871889E-14
5986.00  3.870666E-14
5988.00  3.871773E-14
5990.00  3.875551E-14
5992.00  3.879422E-14
5994.00  3.886340E-14
5996.00  3.890304E-14
5998.00  3.893854E-14
6000.00  3.894583E-14
6002.00  3.891669E-14
6004.00  3.888140E-14
6006.00  3.883385E-14
6008.00  3.875739E-14
6010.00  3.871167E-14
6012.00  3.864740E-14
6014.00  3.861400E-14
6016.00  3.861778E-14
6018.00  3.861185E-14
6020.00  3.868906E-14
6022.00  3.876175E-14
6024.00  3.887844E-14
6026.00  3.906017E-14
6028.00  3.922599E-14
6030.00  3.946325E-14
6032.00  3.966789E-14
6034.00  3.988490E-14
6036.00  4.009450E-14
6038.00  4.027035E-14
6040.00  4.042653E-14
6042.00  4.055394E-14
6044.00  4.064222E-14
6046.00  4.071094E-14
6048.00  4.075955E-14
6050.00  4.075671E-14
6052.00  4.076201E-14
6054.00  4.071561E-14
6056.00  4.066648E-14
6058.00  4.060605E-14
6060.00  4.052220E-14
6062.00  4.049514E-14
6064.00  4.046170E-14
6066.00  4.044821E-14
6068.00  4.046700E-14
6070.00  4.047009E-14
6072.00  4.052729E-14
6074.00  4.055201E-14
6076.00  4.054268E-14
6078.00  4.053748E-14
6080.00  4.046357E-14
6082.00  4.039983E-14
6084.00  4.030845E-14
6086.00  4.019367E-14
6088.00  4.013288E-14
6090.00  4.003588E-14
6092.00  3.999529E-14
6094.00  3.993738E-14
6096.00  3.989157E-14
6098.00  3.988404E-14
6100.00  3.985804E-14
6102.00  3.986344E-14
6104.00  3.985252E-14
6106.00  3.983818E-14
6108.00  3.987398E-14
6110.00  3.989565E-14
6112.00  3.993164E-14
6114.00  3.994136E-14
6116.00  3.991016E-14
6118.00  3.991288E-14
6120.00  3.984918E-14
6122.00  3.978797E-14
6124.00  3.971201E-14
6126.00  3.960002E-14
6128.00  3.956783E-14
6130.00  3.946778E-14
6132.00  3.941810E-14
6134.00  3.938098E-14
6136.00  3.933530E-14
6138.00  3.932525E-14
6140.00  3.928210E-14
6142.00  3.928313E-14
6144.00  3.931397E-14
6146.00  3.930108E-14
6148.00  3.928690E-14
6150.00  3.921845E-14
6152.00  3.908605E-14
6154.00  3.891474E-14
6156.00  3.862786E-14
6158.00  3.833176E-14
6160.00  3.797283E-14
6162.00  3.761774E-14
6164.00  3.727508E-14
6166.00  3.696617E-14
6168.00  3.681979E-14
6170.00  3.669735E-14
6172.00  3.672587E-14
6174.00  3.674143E-14
6176.00  3.691684E-14
6178.00  3.706432E-14
6180.00  3.722148E-14
6182.00  3.736461E-14
6184.00  3.743258E-14
6186.00  3.751340E-14
6188.00  3.749255E-14
6190.00  3.750461E-14
6192.00  3.744479E-14
6194.00  3.744401E-14
6196.00  3.742342E-14
6198.00  3.747623E-14
6200.00  3.752505E-14
6202.00  3.758262E-14
6204.00  3.763684E-14
6206.00  3.767886E-14
6208.00  3.768458E-14
6210.00  3.760781E-14
6212.00  3.752621E-14
6214.00  3.734294E-14
6216.00  3.717293E-14
6218.00  3.694086E-14
6220.00  3.672563E-14
6222.00  3.655842E-14
6224.00  3.633205E-14
6226.00  3.621819E-14
6228.00  3.607808E-14
6230.00  3.600214E-14
6232.00  3.594263E-14
6234.00  3.584907E-14
6236.00  3.584664E-14
6238.00  3.580536E-14
6240.00  3.579162E-14
6242.00  3.575905E-14
6244.00  3.572590E-14
6246.00  3.572771E-14
6248.00  3.569047E-14
6250.00  3.567487E-14
6252.00  3.567774E-14
6254.00  3.567180E-14
6256.00  3.570655E-14
6258.00  3.574949E-14
6260.00  3.584711E-14
6262.00  3.594233E-14
6264.00  3.608136E-14
6266.00  3.624386E-14
6268.00  3.639482E-14
6270.00  3.653887E-14
6272.00  3.667417E-14
6274.00  3.678208E-14
6276.00  3.686260E-14
6278.00  3.693269E-14
6280.00  3.698442E-14
6282.00  3.704640E-14
6284.00  3.710247E-14
6286.00  3.717071E-14
6288.00  3.724020E-14
6290.00  3.729308E-14
6292.00  3.735312E-14
6294.00  3.737397E-14
6296.00  3.740159E-14
6298.00  3.739335E-14
6300.00  3.740424E-14
6302.00  3.740395E-14
6304.00  3.742783E-14
6306.00  3.746370E-14
6308.00  3.750938E-14
6310.00  3.758925E-14
6312.00  3.765093E-14
6314.00  3.774163E-14
6316.00  3.780372E-14
6318.00  3.791730E-14
6320.00  3.799887E-14
6322.00  3.810001E-14
6324.00  3.823197E-14
6326.00  3.833782E-14
6328.00  3.848561E-14
6330.00  3.857735E-14
6332.00  3.869974E-14
6334.00  3.878056E-14
6336.00  3.885538E-14
6338.00  3.890524E-14
6340.00  3.893359E-14
6342.00  3.897749E-14
6344.00  3.901282E-14
6346.00  3.903094E-14
6348.00  3.902485E-14
6350.00  3.905550E-14
6352.00  3.901853E-14
6354.00  3.898617E-14
6356.00  3.890785E-14
6358.00  3.884603E-14
6360.00  3.878483E-14
6362.00  3.871824E-14
6364.00  3.871933E-14
6366.00  3.872743E-14
6368.00  3.881907E-14
6370.00  3.892374E-14
6372.00  3.906670E-14
6374.00  3.921744E-14
6376.00  3.936774E-14
6378.00  3.949272E-14
6380.00  3.960011E-14
6382.00  3.964398E-14
6384.00  3.970311E-14
6386.00  3.968778E-14
6388.00  3.969050E-14
6390.00  3.963778E-14
6392.00  3.963012E-14
6394.00  3.958087E-14
6396.00  3.955613E-14
6398.00  3.953050E-14
6400.00  3.954097E-14
6402.00  3.954981E-14
6404.00  3.952701E-14
6406.00  3.961218E-14
6408.00  3.958935E-14
6410.00  3.965033E-14
6412.00  3.963221E-14
6414.00  3.968968E-14
6416.00  3.968509E-14
6418.00  3.969012E-14
6420.00  3.973581E-14
6422.00  3.973323E-14
6424.00  3.977562E-14
6426.00  3.979793E-14
6428.00  3.983020E-14
6430.00  3.987399E-14
6432.00  3.988825E-14
6434.00  3.993685E-14
6436.00  3.994420E-14
6438.00  3.999117E-14
6440.00  3.999247E-14
6442.00  4.001247E-14
6444.00  4.002641E-14
6446.00  4.001111E-14
6448.00  4.001103E-14
6450.00  3.999651E-14
6452.00  3.996656E-14
6454.00  3.995197E-14
6456.00  3.995221E-14
6458.00  3.994094E-14
6460.00  3.995820E-14
6462.00  3.998748E-14
6464.00  4.003605E-14
6466.00  4.004521E-14
6468.00  4.011707E-14
6470.00  4.013677E-14
6472.00  4.015607E-14
6474.00  4.017281E-14
6476.00  4.016243E-14
6478.00  4.011084E-14
6480.00  4.005145E-14
6482.00  3.994607E-14
6484.00  3.981141E-14
6486.00  3.962613E-14
6488.00  3.945330E-14
6490.00  3.921484E-14
6492.00  3.900656E-14
6494.00  3.880558E-14
6496.00  3.864952E-14
6498.00  3.852774E-14
6500.00  3.851568E-14
6502.00  3.855245E-14
6504.00  3.867246E-14
6506.00  3.885955E-14
6508.00  3.907712E-14
6510.00  3.931963E-14
6512.00  3.954664E-14
6514.00  3.977814E-14
6516.00  3.995051E-14
6518.00  4.012034E-14
6520.00  4.024915E-14
6522.00  4.035639E-14
6524.00  4.044270E-14
6526.00  4.052589E-14
6528.00  4.059268E-14
6530.00  4.064900E-14
6532.00  4.070679E-14
6534.00  4.072791E-14
6536.00  4.075533E-14
6538.00  4.074101E-14
6540.00  4.070250E-14
6542.00  4.060550E-14
6544.00  4.049047E-14
6546.00  4.029817E-14
6548.00  4.006340E-14
6550.00  3.979333E-14
6552.00  3.940628E-14
6554.00  3.906804E-14
6556.00  3.865782E-14
6558.00  3.827168E-14
6560.00  3.785932E-14
6562.00  3.756649E-14
6564.00  3.733364E-14
6566.00  3.713536E-14
6568.00  3.720630E-14
6570.00  3.714196E-14
6572.00  3.741460E-14
6574.00  3.762829E-14
6576.00  3.794582E-14
6578.00  3.819948E-14
6580.00  3.856401E-14
6582.00  3.881755E-14
6584.00  3.905807E-14
6586.00  3.926357E-14
6588.00  3.939693E-14
6590.00  3.947646E-14
6592.00  3.956678E-14
6594.00  3.956782E-14
6596.00  3.958607E-14
6598.00  3.958916E-14
6600.00  3.957846E-14
6602.00  3.957283E-14
6604.00  3.959969E-14
6606.00  3.959618E-14
6608.00  3.963036E-14
6610.00  3.965805E-14
6612.00  3.969601E-14
6614.00  3.972649E-14
6616.00  3.975313E-14
6618.00  3.978413E-14
6620.00  3.977893E-14
6622.00  3.977487E-14
6624.00  3.972559E-14
6626.00  3.969275E-14
6628.00  3.960703E-14
6630.00  3.954140E-14
6632.00  3.944747E-14
6634.00  3.938088E-14
6636.00  3.931339E-14
6638.00  3.926554E-14
6640.00  3.921742E-14
6642.00  3.919458E-14
6644.00  3.917982E-14
6646.00  3.917290E-14
6648.00  3.914539E-14
6650.00  3.913774E-14
6652.00  3.909186E-14
6654.00  3.906902E-14
6656.00  3.901088E-14
6658.00  3.896284E-14
6660.00  3.888569E-14
6662.00  3.883972E-14
6664.00  3.877134E-14
6666.00  3.873207E-14
6668.00  3.868478E-14
6670.00  3.864687E-14
6672.00  3.862375E-14
6674.00  3.858555E-14
6676.00  3.857075E-14
6678.00  3.853516E-14
6680.00  3.851894E-14
6682.00  3.848080E-14
6684.00  3.847078E-14
6686.00  3.841983E-14
6688.00  3.843143E-14
6690.00  3.840784E-14
6692.00  3.839894E-14
6694.00  3.838830E-14
6696.00  3.837112E-14
6698.00  3.836431E-14
6700.00  3.833407E-14
6702.00  3.831651E-14
6704.00  3.826669E-14
6706.00  3.822733E-14
6708.00  3.817315E-14
6710.00  3.809775E-14
6712.00  3.802128E-14
6714.00  3.792062E-14
6716.00  3.785515E-14
6718.00  3.775186E-14
6720.00  3.771368E-14
6722.00  3.763929E-14
6724.00  3.762835E-14
6726.00  3.761145E-14
6728.00  3.764002E-14
6730.00  3.765463E-14
6732.00  3.769576E-14
6734.00  3.770982E-14
6736.00  3.773233E-14
6738.00  3.773942E-14
6740.00  3.772888E-14
6742.00  3.770910E-14
6744.00  3.768563E-14
6746.00  3.763845E-14
6748.00  3.762965E-14
6750.00  3.758963E-14
6752.00  3.760249E-14
6754.00  3.760420E-14
6756.00  3.763710E-14
6758.00  3.767608E-14
6760.00  3.772988E-14
6762.00  3.779240E-14
6764.00  3.784694E-14
6766.00  3.791638E-14
6768.00  3.795851E-14
6770.00  3.801195E-14
6772.00  3.805020E-14
6774.00  3.807032E-14
6776.00  3.809573E-14
6778.00  3.808883E-14
6780.00  3.807651E-14
6782.00  3.804890E-14
6784.00  3.801332E-14
6786.00  3.796533E-14
6788.00  3.792271E-14
6790.00  3.787201E-14
6792.00  3.783903E-14
6794.00  3.781963E-14
6796.00  3.781620E-14
6798.00  3.783081E-14
6800.00  3.785745E-14
6802.00  3.788749E-14
6804.00  3.793351E-14
6806.00  3.796921E-14
6808.00  3.801638E-14
6810.00  3.805353E-14
6812.00  3.808461E-14
6814.00  3.812348E-14
6816.00  3.814258E-14
6818.00  3.817637E-14
6820.00  3.819823E-14
6822.00  3.822465E-14
6824.00  3.823693E-14
6826.00  3.825666E-14
6828.00  3.825437E-14
6830.00  3.826128E-14
6832.00  3.823872E-14
6834.00  3.822290E-14
6836.00  3.817497E-14
6838.00  3.813583E-14
6840.00  3.807510E-14
6842.00  3.802971E-14
6844.00  3.796006E-14
6846.00  3.790612E-14
6848.00  3.782755E-14
6850.00  3.776688E-14
6852.00  3.768409E-14
6854.00  3.761409E-14
6856.00  3.753044E-14
6858.00  3.746395E-14
6860.00  3.738074E-14
6862.00  3.732889E-14
6864.00  3.727484E-14
6866.00  3.725374E-14
6868.00  3.722695E-14
6870.00  3.724601E-14
6872.00  3.724742E-14
6874.00  3.729249E-14
6876.00  3.731020E-14
6878.00  3.736287E-14
6880.00  3.738001E-14
6882.00  3.743204E-14
6884.00  3.744742E-14
6886.00  3.751257E-14
6888.00  3.752813E-14
6890.00  3.760023E-14
6892.00  3.762427E-14
6894.00  3.770154E-14
6896.00  3.772497E-14
6898.00  3.780805E-14
6900.00  3.783577E-14
6902.00  3.790785E-14
6904.00  3.793952E-14
6906.00  3.798742E-14
6908.00  3.802594E-14
6910.00  3.805306E-14
6912.00  3.809190E-14
6914.00  3.810952E-14
6916.00  3.814801E-14
6918.00  3.817322E-14
6920.00  3.821930E-14
6922.00  3.826942E-14
6924.00  3.832659E-14
6926.00  3.841383E-14
6928.00  3.850323E-14
6930.00  3.861276E-14
6932.00  3.872994E-14
6934.00  3.885105E-14
6936.00  3.898197E-14
6938.00  3.909506E-14
6940.00  3.920625E-14
6942.00  3.931498E-14
6944.00  3.937820E-14
6946.00  3.947889E-14
6948.00  3.949909E-14
6950.00  3.957978E-14
6952.00  3.958263E-14
6954.00  3.964791E-14
6956.00  3.964462E-14
6958.00  3.969719E-14
6960.00  3.969837E-14
6962.00  3.973976E-14
6964.00  3.974139E-14
6966.00  3.976134E-14
6968.00  3.975706E-14
6970.00  3.974196E-14
6972.00  3.972884E-14
6974.00  3.967776E-14
6976.00  3.966083E-14
6978.00  3.960729E-14
6980.00  3.960649E-14
6982.00  3.956630E-14
6984.00  3.959270E-14
6986.00  3.958029E-14
6988.00  3.962741E-14
6990.00  3.964245E-14
6992.00  3.968129E-14
6994.00  3.970811E-14
6996.00  3.971636E-14
6998.00  3.974090E-14
7000.00  3.971658E-14
7002.00  3.972329E-14
7004.00  3.967990E-14
7006.00  3.968646E-14
7008.00  3.963375E-14
7010.00  3.965412E-14
7012.00  3.960219E-14
7014.00  3.964031E-14
7016.00  3.961002E-14
7018.00  3.966868E-14
7020.00  3.966248E-14
7022.00  3.974093E-14
7024.00  3.977755E-14
7026.00  3.987626E-14
7028.00  3.995509E-14
7030.00  4.007408E-14
7032.00  4.018801E-14
7034.00  4.032603E-14
7036.00  4.046051E-14
7038.00  4.059596E-14
7040.00  4.072072E-14
7042.00  4.081563E-14
7044.00  4.089256E-14
7046.00  4.090640E-14
7048.00  4.088685E-14
7050.00  4.079042E-14
7052.00  4.065153E-14
7054.00  4.045403E-14
7056.00  4.021332E-14
7058.00  3.996015E-14
7060.00  3.967243E-14
7062.00  3.943321E-14
7064.00  3.916975E-14
7066.00  3.900088E-14
7068.00  3.881471E-14
7070.00  3.873510E-14
7072.00  3.862440E-14
7074.00  3.860969E-14
7076.00  3.853501E-14
7078.00  3.852949E-14
7080.00  3.843857E-14
7082.00  3.838629E-14
7084.00  3.825242E-14
7086.00  3.813653E-14
7088.00  3.796215E-14
7090.00  3.780940E-14
7092.00  3.763151E-14
7094.00  3.748202E-14
7096.00  3.734025E-14
7098.00  3.723299E-14
7100.00  3.714709E-14
7102.00  3.709524E-14
7104.00  3.705967E-14
7106.00  3.705178E-14
7108.00  3.704933E-14
7110.00  3.705774E-14
7112.00  3.706534E-14
7114.00  3.705991E-14
7116.00  3.705492E-14
7118.00  3.700929E-14
7120.00  3.697194E-14
7122.00  3.687431E-14
7124.00  3.679638E-14
7126.00  3.665489E-14
7128.00  3.654850E-14
7130.00  3.639023E-14
7132.00  3.628012E-14
7134.00  3.614405E-14
7136.00  3.605758E-14
7138.00  3.597334E-14
7140.00  3.592366E-14
7142.00  3.589970E-14
7144.00  3.588720E-14
7146.00  3.591779E-14
7148.00  3.592582E-14
7150.00  3.599553E-14
7152.00  3.600971E-14
7154.00  3.609842E-14
7156.00  3.611037E-14
7158.00  3.619357E-14
7160.00  3.619993E-14
7162.00  3.626256E-14
7164.00  3.625654E-14
7166.00  3.629316E-14
7168.00  3.627218E-14
7170.00  3.628240E-14
7172.00  3.624797E-14
7174.00  3.623112E-14
7176.00  3.618269E-14
7178.00  3.614151E-14
7180.00  3.608012E-14
7182.00  3.602122E-14
7184.00  3.596082E-14
7186.00  3.589576E-14
7188.00  3.585670E-14
7190.00  3.580187E-14
7192.00  3.580190E-14
7194.00  3.576949E-14
7196.00  3.581419E-14
7198.00  3.581005E-14
7200.00  3.589534E-14
7202.00  3.592195E-14
7204.00  3.603917E-14
7206.00  3.610263E-14
7208.00  3.624616E-14
7210.00  3.635232E-14
7212.00  3.651609E-14
7214.00  3.666411E-14
7216.00  3.683631E-14
7218.00  3.701059E-14
7220.00  3.717281E-14
7222.00  3.734882E-14
7224.00  3.748203E-14
7226.00  3.763629E-14
7228.00  3.773091E-14
7230.00  3.784876E-14
7232.00  3.790751E-14
7234.00  3.798803E-14
7236.00  3.802378E-14
7238.00  3.807607E-14
7240.00  3.810588E-14
7242.00  3.814340E-14
7244.00  3.818129E-14
7246.00  3.821522E-14
7248.00  3.826793E-14
7250.00  3.830487E-14
7252.00  3.837067E-14
7254.00  3.841166E-14
7256.00  3.848582E-14
7258.00  3.852815E-14
7260.00  3.860521E-14
7262.00  3.864399E-14
7264.00  3.871835E-14
7266.00  3.874755E-14
7268.00  3.881158E-14
7270.00  3.882588E-14
7272.00  3.887096E-14
7274.00  3.886869E-14
7276.00  3.888960E-14
7278.00  3.887604E-14
7280.00  3.887525E-14
7282.00  3.886362E-14
7284.00  3.885295E-14
7286.00  3.886072E-14
7288.00  3.885849E-14
7290.00  3.890113E-14
7292.00  3.892280E-14
7294.00  3.900559E-14
7296.00  3.905576E-14
7298.00  3.917157E-14
7300.00  3.924059E-14
7302.00  3.937328E-14
7304.00  3.944362E-14
7306.00  3.957651E-14
7308.00  3.963544E-14
7310.00  3.975668E-14
7312.00  3.980289E-14
7314.00  3.990762E-14
7316.00  3.994985E-14
7318.00  4.003767E-14
7320.00  4.008775E-14
7322.00  4.016246E-14
7324.00  4.023004E-14
7326.00  4.030001E-14
7328.00  4.038792E-14
7330.00  4.046332E-14
7332.00  4.056410E-14
7334.00  4.064843E-14
7336.00  4.074376E-14
7338.00  4.082725E-14
7340.00  4.089283E-14
7342.00  4.095624E-14
7344.00  4.097412E-14
7346.00  4.100072E-14
7348.00  4.097077E-14
7350.00  4.095949E-14
7352.00  4.090321E-14
7354.00  4.087267E-14
7356.00  4.082526E-14
7358.00  4.080449E-14
7360.00  4.080077E-14
7362.00  4.081510E-14
7364.00  4.087244E-14
7366.00  4.092945E-14
7368.00  4.103940E-14
7370.00  4.112431E-14
7372.00  4.125601E-14
7374.00  4.133705E-14
7376.00  4.145231E-14
7378.00  4.149620E-14
7380.00  4.156937E-14
7382.00  4.155938E-14
7384.00  4.158915E-14
7386.00  4.153454E-14
7388.00  4.154061E-14
7390.00  4.146960E-14
7392.00  4.147849E-14
7394.00  4.141883E-14
7396.00  4.144655E-14
7398.00  4.140824E-14
7400.00  4.145402E-14
7402.00  4.142503E-14
7404.00  4.147787E-14
7406.00  4.143786E-14
7408.00  4.148751E-14
7410.00  4.142610E-14
7412.00  4.147107E-14
7414.00  4.139932E-14
7416.00  4.144568E-14
7418.00  4.139067E-14
7420.00  4.144558E-14
7422.00  4.143311E-14
7424.00  4.149716E-14
7426.00  4.153546E-14
7428.00  4.159913E-14
7430.00  4.167441E-14
7432.00  4.172252E-14
7434.00  4.180800E-14
7436.00  4.183034E-14
7438.00  4.190181E-14
7440.00  4.190133E-14
7442.00  4.194894E-14
7444.00  4.193967E-14
7446.00  4.196747E-14
7448.00  4.196429E-14
7450.00  4.198213E-14
7452.00  4.199327E-14
7454.00  4.200436E-14
7456.00  4.202810E-14
7458.00  4.203032E-14
7460.00  4.206128E-14
7462.00  4.205293E-14
7464.00  4.208710E-14
7466.00  4.207164E-14
7468.00  4.210703E-14
7470.00  4.209216E-14
7472.00  4.212597E-14
7474.00  4.211950E-14
7476.00  4.214317E-14
7478.00  4.214646E-14
7480.00  4.215570E-14
7482.00  4.215640E-14
7484.00  4.215188E-14
7486.00  4.214484E-14
7488.00  4.213111E-14
7490.00  4.211807E-14
7492.00  4.210189E-14
7494.00  4.209651E-14
7496.00  4.208600E-14
7498.00  4.210092E-14
7500.00  4.210207E-14
7502.00  4.214467E-14
7504.00  4.215755E-14
7506.00  4.222473E-14
7508.00  4.224920E-14
7510.00  4.232426E-14
7512.00  4.235557E-14
7514.00  4.243098E-14
7516.00  4.246180E-14
7518.00  4.253865E-14
7520.00  4.256347E-14
7522.00  4.263953E-14
7524.00  4.266250E-14
7526.00  4.273160E-14
7528.00  4.275431E-14
7530.00  4.281971E-14
7532.00  4.284085E-14
7534.00  4.290669E-14
7536.00  4.292511E-14
7538.00  4.298444E-14
7540.00  4.299445E-14
7542.00  4.303649E-14
7544.00  4.303354E-14
7546.00  4.304800E-14
7548.00  4.302368E-14
7550.00  4.301456E-14
7552.00  4.296440E-14
7554.00  4.294403E-14
7556.00  4.287046E-14
7558.00  4.284725E-14
7560.00  4.276809E-14
7562.00  4.273954E-14
7564.00  4.267228E-14
7566.00  4.264089E-14
7568.00  4.258945E-14
7570.00  4.255641E-14
7572.00  4.251955E-14
7574.00  4.247715E-14
7576.00  4.244870E-14
7578.00  4.239072E-14
7580.00  4.236112E-14
7582.00  4.227838E-14
7584.00  4.223681E-14
7586.00  4.213043E-14
7588.00  4.206940E-14
7590.00  4.195164E-14
7592.00  4.187044E-14
7594.00  4.176206E-14
7596.00  4.166890E-14
7598.00  4.158620E-14
7600.00  4.149026E-14
7602.00  4.144422E-14
7604.00  4.134091E-14
7606.00  4.133816E-14
7608.00  4.123608E-14
7610.00  4.124882E-14
7612.00  4.117557E-14
7614.00  4.118188E-14
7616.00  4.114246E-14
7618.00  4.113510E-14
7620.00  4.113344E-14
7622.00  4.110027E-14
7624.00  4.111939E-14
7626.00  4.107733E-14
7628.00  4.110290E-14
7630.00  4.104065E-14
7632.00  4.107296E-14
7634.00  4.099017E-14
7636.00  4.099841E-14
7638.00  4.092675E-14
7640.00  4.088166E-14
7642.00  4.084375E-14
7644.00  4.070810E-14
7646.00  4.070947E-14
7648.00  4.048749E-14
7650.00  4.047131E-14
7652.00  4.022174E-14
7654.00  4.010088E-14
7656.00  3.989167E-14
7658.00  3.963163E-14
7660.00  3.947988E-14
7662.00  3.916331E-14
7664.00  3.902168E-14
7666.00  3.878665E-14
7668.00  3.863777E-14
7670.00  3.855330E-14
7672.00  3.844410E-14
7674.00  3.848085E-14
7676.00  3.849275E-14
7678.00  3.857272E-14
7680.00  3.865081E-14
7682.00  3.875530E-14
7684.00  3.883889E-14
7686.00  3.891947E-14
7688.00  3.896405E-14
7690.00  3.899977E-14
7692.00  3.897676E-14
7694.00  3.896516E-14
7696.00  3.889143E-14
7698.00  3.884289E-14
7700.00  3.875169E-14
7702.00  3.869869E-14
7704.00  3.862147E-14
7706.00  3.858736E-14
7708.00  3.855463E-14
7710.00  3.857286E-14
7712.00  3.857087E-14
7714.00  3.862272E-14
7716.00  3.865491E-14
7718.00  3.872114E-14
7720.00  3.877615E-14
7722.00  3.884990E-14
7724.00  3.890024E-14
7726.00  3.897663E-14
7728.00  3.900370E-14
7730.00  3.907195E-14
7732.00  3.907682E-14
7734.00  3.911643E-14
7736.00  3.910335E-14
7738.00  3.909900E-14
7740.00  3.906665E-14
7742.00  3.902174E-14
7744.00  3.896877E-14
7746.00  3.890079E-14
7748.00  3.883593E-14
7750.00  3.877398E-14
7752.00  3.872188E-14
7754.00  3.868382E-14
7756.00  3.866681E-14
7758.00  3.866424E-14
7760.00  3.867286E-14
7762.00  3.870186E-14
7764.00  3.872245E-14
7766.00  3.876989E-14
7768.00  3.878661E-14
7770.00  3.883571E-14
7772.00  3.883367E-14
7774.00  3.887855E-14
7776.00  3.885298E-14
7778.00  3.888839E-14
7780.00  3.884613E-14
7782.00  3.887265E-14
7784.00  3.882946E-14
7786.00  3.884534E-14
7788.00  3.882276E-14
7790.00  3.882996E-14
7792.00  3.883889E-14
7794.00  3.884499E-14
7796.00  3.888914E-14
7798.00  3.890534E-14
7800.00  3.897504E-14
7802.00  3.900728E-14
7804.00  3.909741E-14
7806.00  3.914986E-14
7808.00  3.924840E-14
7810.00  3.931085E-14
7812.00  3.940574E-14
7814.00  3.946745E-14
7816.00  3.954579E-14
7818.00  3.959072E-14
7820.00  3.963744E-14
7822.00  3.965262E-14
7824.00  3.965903E-14
7826.00  3.964641E-14
7828.00  3.961095E-14
7830.00  3.958993E-14
7832.00  3.951711E-14
7834.00  3.951688E-14
7836.00  3.943019E-14
7838.00  3.946203E-14
7840.00  3.940786E-14
7842.00  3.945727E-14
7844.00  3.946156E-14
7846.00  3.950887E-14
7848.00  3.956916E-14
7850.00  3.960101E-14
7852.00  3.969820E-14
7854.00  3.971689E-14
7856.00  3.981826E-14
7858.00  3.983036E-14
7860.00  3.990770E-14
7862.00  3.991500E-14
7864.00  3.995726E-14
7866.00  3.996099E-14
7868.00  3.996804E-14
7870.00  3.996485E-14
7872.00  3.995421E-14
7874.00  3.993925E-14
7876.00  3.992203E-14
7878.00  3.990039E-14
7880.00  3.988487E-14
7882.00  3.985181E-14
7884.00  3.984554E-14
7886.00  3.980429E-14
7888.00  3.979464E-14
7890.00  3.975008E-14
7892.00  3.972437E-14
7894.00  3.967620E-14
7896.00  3.961879E-14
7898.00  3.957290E-14
7900.00  3.948292E-14
7902.00  3.943717E-14
7904.00  3.933532E-14
7906.00  3.926779E-14
7908.00  3.918158E-14
7910.00  3.908097E-14
7912.00  3.903404E-14
7914.00  3.890823E-14
7916.00  3.890800E-14
7918.00  3.879040E-14
7920.00  3.880404E-14
7922.00  3.873839E-14
7924.00  3.873930E-14
7926.00  3.872375E-14
7928.00  3.871766E-14
7930.00  3.872199E-14
7932.00  3.871686E-14
7934.00  3.870899E-14
7936.00  3.872633E-14
7938.00  3.868165E-14
7940.00  3.872594E-14
7942.00  3.867329E-14
7944.00  3.872164E-14
7946.00  3.869585E-14
7948.00  3.875411E-14
7950.00  3.877461E-14
7952.00  3.883788E-14
7954.00  3.891786E-14
7956.00  3.897855E-14
7958.00  3.908972E-14
7960.00  3.916207E-14
7962.00  3.927614E-14
7964.00  3.935846E-14
7966.00  3.945414E-14
7968.00  3.954677E-14
7970.00  3.960546E-14
7972.00  3.969424E-14
7974.00  3.973099E-14
7976.00  3.979300E-14
7978.00  3.982083E-14
7980.00  3.983887E-14
7982.00  3.987115E-14
7984.00  3.985397E-14
7986.00  3.987522E-14
7988.00  3.983910E-14
7990.00  3.985216E-14
7992.00  3.981746E-14
7994.00  3.982145E-14
7996.00  3.980067E-14
7998.00  3.981971E-14
8000.00  3.979842E-14
8002.00  3.985117E-14
8004.00  3.985576E-14
8006.00  3.993048E-14
8008.00  3.995833E-14
8010.00  4.003249E-14
8012.00  4.009724E-14
8014.00  4.013842E-14
8016.00  4.023586E-14
8018.00  4.024081E-14
8020.00  4.033739E-14
8022.00  4.032819E-14
8024.00  4.039910E-14
8026.00  4.039911E-14
8028.00  4.042821E-14
8030.00  4.047105E-14
8032.00  4.047617E-14
8034.00  4.054243E-14
8036.00  4.054588E-14
8038.00  4.060496E-14
8040.00  4.062039E-14
8042.00  4.065745E-14
8044.00  4.070761E-14
8046.00  4.071089E-14
8048.00  4.075637E-14
8050.00  4.075194E-14
8052.00  4.079796E-14
8054.00  4.079570E-14
8056.00  4.082061E-14
8058.00  4.083281E-14
8060.00  4.081929E-14
8062.00  4.083514E-14
8064.00  4.080065E-14
8066.00  4.080612E-14
8068.00  4.073862E-14
8070.00  4.072312E-14
8072.00  4.064118E-14
8074.00  4.061389E-14
8076.00  4.053066E-14
8078.00  4.049579E-14
8080.00  4.044101E-14
8082.00  4.037118E-14
8084.00  4.035978E-14
8086.00  4.026605E-14
8088.00  4.031325E-14
8090.00  4.020082E-14
8092.00  4.026085E-14
8094.00  4.017685E-14
8096.00  4.022497E-14
8098.00  4.020472E-14
8100.00  4.022208E-14
8102.00  4.027253E-14
8104.00  4.026868E-14
8106.00  4.034847E-14
8108.00  4.034602E-14
8110.00  4.043650E-14
8112.00  4.045622E-14
8114.00  4.051468E-14
8116.00  4.056284E-14
8118.00  4.057959E-14
8120.00  4.065548E-14
8122.00  4.065538E-14
8124.00  4.072113E-14
8126.00  4.073226E-14
8128.00  4.075155E-14
8130.00  4.080155E-14
8132.00  4.076380E-14
8134.00  4.082306E-14
8136.00  4.076869E-14
8138.00  4.079050E-14
8140.00  4.076157E-14
8142.00  4.070394E-14
8144.00  4.072012E-14
8146.00  4.060251E-14
8148.00  4.062660E-14
8150.00  4.051243E-14
8152.00  4.049143E-14
8154.00  4.039628E-14
8156.00  4.033660E-14
8158.00  4.029110E-14
8160.00  4.021583E-14
8162.00  4.014668E-14
8164.00  4.008965E-14
8166.00  4.003344E-14
8168.00  3.999120E-14
8170.00  3.992297E-14
8172.00  3.985758E-14
8174.00  3.982919E-14
8176.00  3.970366E-14
8178.00  3.969328E-14
8180.00  3.951303E-14
8182.00  3.952635E-14
8184.00  3.932146E-14
8186.00  3.928601E-14
8188.00  3.912233E-14
8190.00  3.908328E-14
8192.00  3.899747E-14
8194.00  3.895367E-14
8196.00  3.891174E-14
8198.00  3.894553E-14
8200.00  3.896003E-14
8202.00  3.907272E-14
8204.00  3.912215E-14
8206.00  3.924946E-14
8208.00  3.937779E-14
8210.00  3.946930E-14
8212.00  3.963007E-14
8214.00  3.964877E-14
8216.00  3.979873E-14
8218.00  3.978192E-14
8220.00  3.984536E-14
8222.00  3.980678E-14
8224.00  3.981972E-14
8226.00  3.978914E-14
8228.00  3.978861E-14
8230.00  3.974154E-14
8232.00  3.980178E-14
8234.00  3.980638E-14
8236.00  3.991886E-14
8238.00  3.998594E-14
8240.00  4.010965E-14
8242.00  4.028230E-14
8244.00  4.038185E-14
8246.00  4.060035E-14
8248.00  4.066946E-14
8250.00  4.085741E-14
8252.00  4.094981E-14
8254.00  4.102200E-14
8256.00  4.113852E-14
8258.00  4.111200E-14
8260.00  4.121720E-14
8262.00  4.118032E-14
8264.00  4.118549E-14
8266.00  4.116082E-14
8268.00  4.109415E-14
8270.00  4.108303E-14
8272.00  4.098008E-14
8274.00  4.089901E-14
8276.00  4.079484E-14
8278.00  4.069300E-14
8280.00  4.059228E-14
8282.00  4.046880E-14
8284.00  4.034146E-14
8286.00  4.024397E-14
8288.00  4.014245E-14
8290.00  4.003321E-14
8292.00  3.996493E-14
8294.00  3.985081E-14
8296.00  3.982809E-14
8298.00  3.970696E-14
8300.00  3.969670E-14
8302.00  3.962386E-14
8304.00  3.958129E-14
8306.00  3.955767E-14
8308.00  3.948351E-14
8310.00  3.952385E-14
8312.00  3.943151E-14
8314.00  3.946472E-14
8316.00  3.940208E-14
8318.00  3.940656E-14
8320.00  3.939602E-14
8322.00  3.934651E-14
8324.00  3.933945E-14
8326.00  3.933294E-14
8328.00  3.926308E-14
8330.00  3.931105E-14
8332.00  3.920644E-14
8334.00  3.929396E-14
8336.00  3.922210E-14
8338.00  3.927904E-14
8340.00  3.928409E-14
8342.00  3.931174E-14
8344.00  3.938882E-14
8346.00  3.939970E-14
8348.00  3.950285E-14
8350.00  3.949471E-14
8352.00  3.963468E-14
8354.00  3.962603E-14
8356.00  3.970451E-14
8358.00  3.972574E-14
8360.00  3.974097E-14
8362.00  3.980570E-14
8364.00  3.974254E-14
8366.00  3.975530E-14
8368.00  3.974288E-14
8370.00  3.964656E-14
8372.00  3.969167E-14
8374.00  3.947003E-14
8376.00  3.953672E-14
8378.00  3.935537E-14
8380.00  3.929865E-14
8382.00  3.927711E-14
8384.00  3.903622E-14
8386.00  3.921323E-14
8388.00  3.890099E-14
8390.00  3.910928E-14
8392.00  3.895574E-14
8394.00  3.903098E-14
8396.00  3.914715E-14
8398.00  3.901975E-14
8400.00  3.931370E-14
8402.00  3.920552E-14
8404.00  3.941074E-14
8406.00  3.942818E-14
8408.00  3.945613E-14
8410.00  3.960962E-14
8412.00  3.951699E-14
8414.00  3.960963E-14
8416.00  3.958579E-14
8418.00  3.952425E-14
8420.00  3.957877E-14
8422.00  3.937292E-14
8424.00  3.945742E-14
8426.00  3.925504E-14
8428.00  3.921581E-14
8430.00  3.913698E-14
8432.00  3.895478E-14
8434.00  3.900377E-14
8436.00  3.868272E-14
8438.00  3.880669E-14
8440.00  3.857729E-14
8442.00  3.859525E-14
8444.00  3.852496E-14
8446.00  3.840610E-14
8448.00  3.850822E-14
8450.00  3.835563E-14
8452.00  3.846165E-14
8454.00  3.839632E-14
8456.00  3.840363E-14
8458.00  3.844153E-14
8460.00  3.837656E-14
8462.00  3.845876E-14
8464.00  3.838754E-14
8466.00  3.843690E-14
8468.00  3.840044E-14
8470.00  3.840255E-14
8472.00  3.844590E-14
8474.00  3.838766E-14
8476.00  3.846914E-14
8478.00  3.838429E-14
8480.00  3.843689E-14
8482.00  3.839166E-14
8484.00  3.830737E-14
8486.00  3.831666E-14
8488.00  3.815230E-14
8490.00  3.807964E-14
8492.00  3.795335E-14
8494.00  3.772972E-14
8496.00  3.772538E-14
8498.00  3.739328E-14
8500.00  3.739552E-14
8502.00  3.726940E-14
8504.00  3.715931E-14
8506.00  3.722538E-14
8508.00  3.707925E-14
8510.00  3.724720E-14
8512.00  3.721559E-14
8514.00  3.729042E-14
8516.00  3.737297E-14
8518.00  3.740131E-14
8520.00  3.743693E-14
8522.00  3.742245E-14
8524.00  3.734941E-14
8526.00  3.728860E-14
8528.00  3.706600E-14
8530.00  3.689718E-14
8532.00  3.663665E-14
8534.00  3.632187E-14
8536.00  3.605933E-14
8538.00  3.564062E-14
8540.00  3.546075E-14
8542.00  3.506101E-14
8544.00  3.492687E-14
8546.00  3.485473E-14
8548.00  3.474676E-14
8550.00  3.495143E-14
8552.00  3.496835E-14
8554.00  3.536455E-14
8556.00  3.559303E-14
8558.00  3.596153E-14
8560.00  3.643101E-14
8562.00  3.672363E-14
8564.00  3.719079E-14
8566.00  3.744161E-14
8568.00  3.780563E-14
8570.00  3.801912E-14
8572.00  3.822606E-14
8574.00  3.841119E-14
8576.00  3.849956E-14
8578.00  3.861672E-14
8580.00  3.864787E-14
8582.00  3.871771E-14
8584.00  3.869022E-14
8586.00  3.874612E-14
8588.00  3.870909E-14
8590.00  3.871786E-14
8592.00  3.870888E-14
8594.00  3.865990E-14
8596.00  3.869923E-14
8598.00  3.860123E-14
8600.00  3.864594E-14
8602.00  3.859653E-14
8604.00  3.857302E-14
8606.00  3.858800E-14
8608.00  3.851765E-14
8610.00  3.857413E-14
8612.00  3.850269E-14
8614.00  3.853760E-14
8616.00  3.854835E-14
8618.00  3.852473E-14
8620.00  3.858795E-14
8622.00  3.855553E-14
8624.00  3.861703E-14
8626.00  3.862380E-14
8628.00  3.863361E-14
8630.00  3.868021E-14
8632.00  3.865376E-14
8634.00  3.866616E-14
8636.00  3.863430E-14
8638.00  3.857158E-14
8640.00  3.851281E-14
8642.00  3.838903E-14
8644.00  3.820898E-14
8646.00  3.807618E-14
8648.00  3.776631E-14
8650.00  3.754268E-14
8652.00  3.722252E-14
8654.00  3.685619E-14
8656.00  3.658575E-14
8658.00  3.610494E-14
8660.00  3.593813E-14
8662.00  3.548505E-14
8664.00  3.528726E-14
8666.00  3.516830E-14
8668.00  3.496548E-14
8670.00  3.502198E-14
8672.00  3.498107E-14
8674.00  3.514193E-14
8676.00  3.521786E-14
8678.00  3.544887E-14
8680.00  3.561917E-14
8682.00  3.589826E-14
8684.00  3.601569E-14
8686.00  3.630417E-14
8688.00  3.645822E-14
8690.00  3.653780E-14
8692.00  3.685413E-14
8694.00  3.678454E-14
8696.00  3.708110E-14
8698.00  3.709193E-14
8700.00  3.721276E-14
8702.00  3.740121E-14
8704.00  3.736366E-14
8706.00  3.763327E-14
8708.00  3.760970E-14
8710.00  3.777416E-14
8712.00  3.788708E-14
8714.00  3.790519E-14
8716.00  3.810297E-14
8718.00  3.807932E-14
8720.00  3.821566E-14
8722.00  3.825654E-14
8724.00  3.828864E-14
8726.00  3.836815E-14
8728.00  3.834782E-14
8730.00  3.841062E-14
8732.00  3.837953E-14
8734.00  3.840900E-14
8736.00  3.838751E-14
8738.00  3.835812E-14
8740.00  3.840054E-14
8742.00  3.831657E-14
8744.00  3.836062E-14
8746.00  3.833476E-14
8748.00  3.828215E-14
8750.00  3.837762E-14
8752.00  3.826007E-14
8754.00  3.835558E-14
8756.00  3.833960E-14
8758.00  3.828339E-14
8760.00  3.842769E-14
8762.00  3.829537E-14
8764.00  3.841480E-14
8766.00  3.839248E-14
8768.00  3.836976E-14
8770.00  3.847481E-14
8772.00  3.839997E-14
8774.00  3.848113E-14
8776.00  3.848252E-14
8778.00  3.849702E-14
8780.00  3.852409E-14
8782.00  3.854002E-14
8784.00  3.854443E-14
8786.00  3.854542E-14
8788.00  3.854210E-14
8790.00  3.850945E-14
8792.00  3.848682E-14
8794.00  3.842328E-14
8796.00  3.838628E-14
8798.00  3.828655E-14
8800.00  3.824532E-14
8802.00  3.811991E-14
8804.00  3.808406E-14
8806.00  3.799161E-14
8808.00  3.789901E-14
8810.00  3.792472E-14
8812.00  3.782419E-14
8814.00  3.787555E-14
8816.00  3.784893E-14
8818.00  3.789953E-14
8820.00  3.791075E-14
8822.00  3.799153E-14
8824.00  3.801599E-14
8826.00  3.806455E-14
8828.00  3.817886E-14
8830.00  3.814458E-14
8832.00  3.830036E-14
8834.00  3.824345E-14
8836.00  3.835963E-14
8838.00  3.836615E-14
8840.00  3.835787E-14
8842.00  3.845807E-14
8844.00  3.837239E-14
8846.00  3.845450E-14
8848.00  3.838689E-14
8850.00  3.838186E-14
8852.00  3.834786E-14
8854.00  3.826707E-14
8856.00  3.822406E-14
8858.00  3.809087E-14
8860.00  3.803075E-14
8862.00  3.787285E-14
8864.00  3.775638E-14
8866.00  3.766298E-14
8868.00  3.748003E-14
8870.00  3.742715E-14
8872.00  3.729105E-14
8874.00  3.719564E-14
8876.00  3.717398E-14
8878.00  3.706171E-14
8880.00  3.708453E-14
8882.00  3.705592E-14
8884.00  3.703804E-14
8886.00  3.710349E-14
8888.00  3.707460E-14
8890.00  3.715523E-14
8892.00  3.717528E-14
8894.00  3.719936E-14
8896.00  3.728502E-14
8898.00  3.727896E-14
8900.00  3.734386E-14
8902.00  3.737957E-14
8904.00  3.738550E-14
8906.00  3.743763E-14
8908.00  3.744091E-14
8910.00  3.744915E-14
8912.00  3.747766E-14
8914.00  3.744863E-14
8916.00  3.746313E-14
8918.00  3.745765E-14
8920.00  3.741348E-14
8922.00  3.744108E-14
8924.00  3.737599E-14
8926.00  3.739012E-14
8928.00  3.734850E-14
8930.00  3.732178E-14
8932.00  3.732305E-14
8934.00  3.724640E-14
8936.00  3.727835E-14
8938.00  3.719013E-14
8940.00  3.718116E-14
8942.00  3.713693E-14
8944.00  3.706128E-14
8946.00  3.704946E-14
8948.00  3.695083E-14
8950.00  3.691363E-14
8952.00  3.684001E-14
8954.00  3.676946E-14
8956.00  3.669834E-14
8958.00  3.662982E-14
8960.00  3.655870E-14
8962.00  3.646310E-14
8964.00  3.642343E-14
8966.00  3.630380E-14
8968.00  3.626062E-14
8970.00  3.619073E-14
8972.00  3.606395E-14
8974.00  3.606633E-14
8976.00  3.591446E-14
8978.00  3.588512E-14
8980.00  3.581163E-14
8982.00  3.568238E-14
8984.00  3.567400E-14
8986.00  3.553497E-14
8988.00  3.549378E-14
8990.00  3.541315E-14
8992.00  3.534104E-14
8994.00  3.529852E-14
8996.00  3.522958E-14
8998.00  3.523470E-14
9000.00  3.515816E-14
9002.00  3.517683E-14
9004.00  3.516143E-14
9006.00  3.513636E-14
9008.00  3.519243E-14
9010.00  3.516962E-14
9012.00  3.520909E-14
9014.00  3.526388E-14
9016.00  3.530692E-14
9018.00  3.536848E-14
9020.00  3.551587E-14
9022.00  3.557531E-14
9024.00  3.577486E-14
9026.00  3.596124E-14
9028.00  3.609924E-14
9030.00  3.644749E-14
9032.00  3.658687E-14
9034.00  3.692339E-14
9036.00  3.720227E-14
9038.00  3.739254E-14
9040.00  3.777291E-14
9042.00  3.790905E-14
9044.00  3.818212E-14
9046.00  3.837892E-14
9048.00  3.846168E-14
9050.00  3.866456E-14
9052.00  3.866200E-14
9054.00  3.872726E-14
9056.00  3.873504E-14
9058.00  3.864067E-14
9060.00  3.863126E-14
9062.00  3.847618E-14
9064.00  3.837091E-14
9066.00  3.823931E-14
9068.00  3.805302E-14
9070.00  3.790896E-14
9072.00  3.773580E-14
9074.00  3.756104E-14
9076.00  3.740316E-14
9078.00  3.726872E-14
9080.00  3.707334E-14
9082.00  3.700782E-14
9084.00  3.685876E-14
9086.00  3.674183E-14
9088.00  3.674785E-14
9090.00  3.655636E-14
9092.00  3.663057E-14
9094.00  3.657455E-14
9096.00  3.647766E-14
9098.00  3.664745E-14
9100.00  3.648318E-14
9102.00  3.660158E-14
9104.00  3.665690E-14
9106.00  3.654950E-14
9108.00  3.672454E-14
9110.00  3.664055E-14
9112.00  3.668721E-14
9114.00  3.672912E-14
9116.00  3.665825E-14
9118.00  3.671245E-14
9120.00  3.664226E-14
9122.00  3.663352E-14
9124.00  3.660697E-14
9126.00  3.649291E-14
9128.00  3.650730E-14
9130.00  3.640338E-14
9132.00  3.627370E-14
9134.00  3.632762E-14
9136.00  3.607271E-14
9138.00  3.607205E-14
9140.00  3.606039E-14
9142.00  3.575174E-14
9144.00  3.593668E-14
9146.00  3.566603E-14
9148.00  3.559568E-14
9150.00  3.571851E-14
9152.00  3.537365E-14
9154.00  3.554742E-14
9156.00  3.540012E-14
9158.00  3.527507E-14
9160.00  3.541276E-14
9162.00  3.519791E-14
9164.00  3.524226E-14
9166.00  3.523172E-14
9168.00  3.511570E-14
9170.00  3.517272E-14
9172.00  3.515260E-14
9174.00  3.508689E-14
9176.00  3.517835E-14
9178.00  3.515315E-14
9180.00  3.516715E-14
9182.00  3.530425E-14
9184.00  3.526000E-14
9186.00  3.540131E-14
9188.00  3.546830E-14
9190.00  3.549148E-14
9192.00  3.565501E-14
9194.00  3.563222E-14
9196.00  3.574094E-14
9198.00  3.578327E-14
9200.00  3.575736E-14
9202.00  3.585998E-14
9204.00  3.576459E-14
9206.00  3.580555E-14
9208.00  3.579053E-14
9210.00  3.567673E-14
9212.00  3.576405E-14
9214.00  3.560334E-14
9216.00  3.561325E-14
9218.00  3.562658E-14
9220.00  3.545838E-14
9222.00  3.558670E-14
9224.00  3.546684E-14
9226.00  3.543557E-14
9228.00  3.554424E-14
9230.00  3.540223E-14
9232.00  3.548457E-14
9234.00  3.551602E-14
9236.00  3.542186E-14
9238.00  3.555062E-14
9240.00  3.553748E-14
9242.00  3.550017E-14
9244.00  3.564918E-14
9246.00  3.558253E-14
9248.00  3.564646E-14
9250.00  3.575950E-14
9252.00  3.571188E-14
9254.00  3.583937E-14
9256.00  3.589780E-14
9258.00  3.591210E-14
9260.00  3.603466E-14
9262.00  3.609832E-14
9264.00  3.610022E-14
9266.00  3.622985E-14
9268.00  3.622519E-14
9270.00  3.621491E-14
9272.00  3.632243E-14
9274.00  3.618798E-14
9276.00  3.619489E-14
9278.00  3.617833E-14
9280.00  3.596846E-14
9282.00  3.599348E-14
9284.00  3.583169E-14
9286.00  3.563917E-14
9288.00  3.566351E-14
9290.00  3.538128E-14
9292.00  3.538057E-14
9294.00  3.530627E-14
9296.00  3.513467E-14
9298.00  3.528101E-14
9300.00  3.508969E-14
9302.00  3.532041E-14
9304.00  3.533257E-14
9306.00  3.541031E-14
9308.00  3.574103E-14
9310.00  3.567954E-14
9312.00  3.615543E-14
9314.00  3.624297E-14
9316.00  3.645436E-14
9318.00  3.684285E-14
9320.00  3.685505E-14
9322.00  3.725403E-14
9324.00  3.736083E-14
9326.00  3.749598E-14
9328.00  3.773859E-14
9330.00  3.775515E-14
9332.00  3.791910E-14
9334.00  3.797918E-14
9336.00  3.800915E-14
9338.00  3.808413E-14
9340.00  3.808682E-14
9342.00  3.809819E-14
9344.00  3.811415E-14
9346.00  3.809060E-14
9348.00  3.808059E-14
9350.00  3.807334E-14
9352.00  3.801872E-14
9354.00  3.801487E-14
9356.00  3.796829E-14
9358.00  3.792004E-14
9360.00  3.791570E-14
9362.00  3.783440E-14
9364.00  3.782351E-14
9366.00  3.778980E-14
9368.00  3.773626E-14
9370.00  3.773881E-14
9372.00  3.770403E-14
9374.00  3.768884E-14
9376.00  3.770361E-14
9378.00  3.769589E-14
9380.00  3.769884E-14
9382.00  3.774523E-14
9384.00  3.774206E-14
9386.00  3.777578E-14
9388.00  3.781554E-14
9390.00  3.781695E-14
9392.00  3.786085E-14
9394.00  3.787663E-14
9396.00  3.787906E-14
9398.00  3.790128E-14
9400.00  3.790660E-14
9402.00  3.789262E-14
9404.00  3.790399E-14
9406.00  3.789951E-14
9408.00  3.788778E-14
9410.00  3.789874E-14
9412.00  3.790413E-14
9414.00  3.789942E-14
9416.00  3.793763E-14
9418.00  3.795582E-14
9420.00  3.796204E-14
9422.00  3.804404E-14
9424.00  3.804650E-14
9426.00  3.809548E-14
9428.00  3.815978E-14
9430.00  3.816190E-14
9432.00  3.822635E-14
9434.00  3.825183E-14
9436.00  3.825594E-14
9438.00  3.829294E-14
9440.00  3.830045E-14
9442.00  3.828704E-14
9444.00  3.830547E-14
9446.00  3.830059E-14
9448.00  3.828861E-14
9450.00  3.830365E-14
9452.00  3.830949E-14
9454.00  3.830390E-14
9456.00  3.835260E-14
9458.00  3.837093E-14
9460.00  3.838312E-14
9462.00  3.848505E-14
9464.00  3.848726E-14
9466.00  3.856232E-14
9468.00  3.864576E-14
9470.00  3.865672E-14
9472.00  3.876974E-14
9474.00  3.880345E-14
9476.00  3.884249E-14
9478.00  3.892745E-14
9480.00  3.893007E-14
9482.00  3.898055E-14
9484.00  3.901174E-14
9486.00  3.899996E-14
9488.00  3.903191E-14
9490.00  3.902259E-14
9492.00  3.899307E-14
9494.00  3.900423E-14
9496.00  3.895225E-14
9498.00  3.891795E-14
9500.00  3.891326E-14
9502.00  3.881647E-14
9504.00  3.880840E-14
9506.00  3.875998E-14
9508.00  3.868469E-14
9510.00  3.868368E-14
9512.00  3.861435E-14
9514.00  3.858342E-14
9516.00  3.857808E-14
9518.00  3.852944E-14
9520.00  3.852348E-14
9522.00  3.852385E-14
9524.00  3.850157E-14
9526.00  3.850523E-14
9528.00  3.850580E-14
9530.00  3.849546E-14
9532.00  3.849109E-14
9534.00  3.849549E-14
9536.00  3.846505E-14
9538.00  3.845644E-14
9540.00  3.845484E-14
9542.00  3.839431E-14
9544.00  3.839770E-14
9546.00  3.836743E-14
9548.00  3.832023E-14
9550.00  3.832653E-14
9552.00  3.828609E-14
9554.00  3.826540E-14
9556.00  3.828290E-14
9558.00  3.825353E-14
9560.00  3.826211E-14
9562.00  3.829752E-14
9564.00  3.828388E-14
9566.00  3.833316E-14
9568.00  3.836261E-14
9570.00  3.837612E-14
9572.00  3.845153E-14
9574.00  3.846764E-14
9576.00  3.851561E-14
9578.00  3.858404E-14
9580.00  3.858863E-14
9582.00  3.867167E-14
9584.00  3.869766E-14
9586.00  3.871857E-14
9588.00  3.878563E-14
9590.00  3.878299E-14
9592.00  3.881232E-14
9594.00  3.884294E-14
9596.00  3.882006E-14
9598.00  3.884076E-14
9600.00  3.884300E-14
9602.00  3.879908E-14
9604.00  3.881343E-14
9606.00  3.878566E-14
9608.00  3.874997E-14
9610.00  3.875408E-14
9612.00  3.871415E-14
9614.00  3.869463E-14
9616.00  3.869517E-14
9618.00  3.866167E-14
9620.00  3.865326E-14
9622.00  3.865302E-14
9624.00  3.863379E-14
9626.00  3.862019E-14
9628.00  3.862044E-14
9630.00  3.859808E-14
9632.00  3.857025E-14
9634.00  3.857263E-14
9636.00  3.851287E-14
9638.00  3.848526E-14
9640.00  3.847562E-14
9642.00  3.837064E-14
9644.00  3.836614E-14
9646.00  3.830892E-14
9648.00  3.822198E-14
9650.00  3.822037E-14
9652.00  3.813297E-14
9654.00  3.809057E-14
9656.00  3.808375E-14
9658.00  3.800342E-14
9660.00  3.800607E-14
9662.00  3.798888E-14
9664.00  3.795214E-14
9666.00  3.797842E-14
9668.00  3.796400E-14
9670.00  3.796922E-14
9672.00  3.800788E-14
9674.00  3.800150E-14
9676.00  3.804113E-14
9678.00  3.807895E-14
9680.00  3.807573E-14
9682.00  3.814661E-14
9684.00  3.815862E-14
9686.00  3.817055E-14
9688.00  3.823096E-14
9690.00  3.821796E-14
9692.00  3.823615E-14
9694.00  3.826691E-14
9696.00  3.822006E-14
9698.00  3.823799E-14
9700.00  3.822948E-14
9702.00  3.815186E-14
9704.00  3.816514E-14
9706.00  3.810266E-14
9708.00  3.803792E-14
9710.00  3.802783E-14
9712.00  3.793042E-14
9714.00  3.789525E-14
9716.00  3.785152E-14
9718.00  3.775622E-14
9720.00  3.774623E-14
9722.00  3.766130E-14
9724.00  3.761875E-14
9726.00  3.758889E-14
9728.00  3.751614E-14
9730.00  3.750332E-14
9732.00  3.745541E-14
9734.00  3.741732E-14
9736.00  3.741258E-14
9738.00  3.736381E-14
9740.00  3.736060E-14
9742.00  3.734789E-14
9744.00  3.732529E-14
9746.00  3.733644E-14
9748.00  3.732416E-14
9750.00  3.732547E-14
9752.00  3.734244E-14
9754.00  3.733463E-14
9756.00  3.735600E-14
9758.00  3.737175E-14
9760.00  3.736648E-14
9762.00  3.740385E-14
9764.00  3.740859E-14
9766.00  3.740652E-14
9768.00  3.744095E-14
9770.00  3.742998E-14
9772.00  3.742954E-14
9774.00  3.745317E-14
9776.00  3.741809E-14
9778.00  3.742126E-14
9780.00  3.743606E-14
9782.00  3.737897E-14
9784.00  3.739030E-14
9786.00  3.740270E-14
9788.00  3.735012E-14
9790.00  3.738863E-14
9792.00  3.739778E-14
9794.00  3.736909E-14
9796.00  3.745820E-14
9798.00  3.746171E-14
9800.00  3.745017E-14
