4300.00  2.392550E-14
4301.25  2.367583E-14
4302.50  2.346449E-14
4303.75  2.333106E-14
4305.00  2.322941E-14
4306.25  2.325494E-14
4307.50  2.336781E-14
4308.75  2.355157E-14
4310.00  2.383213E-14
4311.25  2.420423E-14
4312.50  2.466775E-14
4313.75  2.512701E-14
4315.00  2.562970E-14
4316.25  2.610029E-14
4317.50  2.656512E-14
4318.75  2.694750E-14
4320.00  2.725059E-14
4321.25  2.746848E-14
4322.50  2.761904E-14
4323.75  2.771299E-14
4325.00  2.772497E-14
4326.25  2.768861E-14
4327.50  2.761405E-14
4328.75  2.754113E-14
4330.00  2.743781E-14
4331.25  2.728048E-14
4332.50  2.709441E-14
4333.75  2.686505E-14
4335.00  2.663433E-14
4336.25  2.637263E-14
4337.50  2.614377E-14
4338.75  2.591243E-14
4340.00  2.572968E-14
4341.25  2.561059E-14
4342.50  2.560046E-14
4343.75  2.569879E-14
4345.00  2.585881E-14
4346.25  2.609333E-14
4347.50  2.637906E-14
4348.75  2.671423E-14
4350.00  2.707566E-14
4351.25  2.746028E-14
4352.50  2.780385E-14
4353.75  2.813995E-14
4355.00  2.847404E-14
4356.25  2.879687E-14
4357.50  2.908783E-14
4358.75  2.936530E-14
4360.00  2.959842E-14
4361.25  2.979130E-14
4362.50  2.996279E-14
4363.75  3.009554E-14
4365.00  3.016101E-14
4366.25  3.019231E-14
4367.50  3.016084E-14
4368.75  3.006772E-14
4370.00  2.995062E-14
4371.25  2.979724E-14
4372.50  2.961436E-14
4373.75  2.942541E-14
4375.00  2.921568E-14
4376.25  2.898936E-14
4377.50  2.875370E-14
4378.75  2.858053E-14
4380.00  2.836085E-14
4381.25  2.820801E-14
4382.50  2.804981E-14
4383.75  2.794279E-14
4385.00  2.781389E-14
4386.25  2.780040E-14
4387.50  2.783539E-14
4388.75  2.789640E-14
4390.00  2.799441E-14
4391.25  2.812173E-14
4392.50  2.825563E-14
4393.75  2.840514E-14
4395.00  2.857109E-14
4396.25  2.871432E-14
4397.50  2.881737E-14
4398.75  2.893098E-14
4400.00  2.898736E-14
4401.25  2.903574E-14
4402.50  2.907234E-14
4403.75  2.912832E-14
4405.00  2.916472E-14
4406.25  2.920387E-14
4407.50  2.930088E-14
4408.75  2.937118E-14
4410.00  2.947824E-14
4411.25  2.959015E-14
4412.50  2.976071E-14
4413.75  2.988604E-14
4415.00  3.002951E-14
4416.25  3.017173E-14
4417.50  3.028548E-14
4418.75  3.042747E-14
4420.00  3.052970E-14
4421.25  3.066826E-14
4422.50  3.073609E-14
4423.75  3.081417E-14
4425.00  3.085658E-14
4426.25  3.091073E-14
4427.50  3.093813E-14
4428.75  3.095081E-14
4430.00  3.098409E-14
4431.25  3.097116E-14
4432.50  3.099205E-14
4433.75  3.100125E-14
4435.00  3.103441E-14
4436.25  3.102677E-14
4437.50  3.107491E-14
4438.75  3.112601E-14
4440.00  3.118389E-14
4441.25  3.124262E-14
4442.50  3.130721E-14
4443.75  3.134188E-14
4445.00  3.137109E-14
4446.25  3.141024E-14
4447.50  3.141321E-14
4448.75  3.139136E-14
4450.00  3.134639E-14
4451.25  3.127685E-14
4452.50  3.116930E-14
4453.75  3.107540E-14
4455.00  3.096307E-14
4456.25  3.084784E-14
4457.50  3.076662E-14
4458.75  3.070986E-14
4460.00  3.068293E-14
4461.25  3.069141E-14
4462.50  3.075411E-14
4463.75  3.083104E-14
4465.00  3.096769E-14
4466.25  3.112479E-14
4467.50  3.130660E-14
4468.75  3.149468E-14
4470.00  3.169627E-14
4471.25  3.188469E-14
4472.50  3.207617E-14
4473.75  3.224263E-14
4475.00  3.239227E-14
4476.25  3.252430E-14
4477.50  3.262112E-14
4478.75  3.271529E-14
4480.00  3.276235E-14
4481.25  3.281447E-14
4482.50  3.281983E-14
4483.75  3.285265E-14
4485.00  3.286386E-14
4486.25  3.289535E-14
4487.50  3.292971E-14
4488.75  3.295090E-14
4490.00  3.300789E-14
4491.25  3.303534E-14
4492.50  3.311142E-14
4493.75  3.317481E-14
4495.00  3.327182E-14
4496.25  3.337362E-14
4497.50  3.350217E-14
4498.75  3.364229E-14
4500.00  3.377670E-14
4501.25  3.394165E-14
4502.50  3.408471E-14
4503.75  3.424245E-14
4505.00  3.438676E-14
4506.25  3.449739E-14
4507.50  3.459819E-14
4508.75  3.465024E-14
4510.00  3.468652E-14
4511.25  3.467686E-14
4512.50  3.463355E-14
4513.75  3.456268E-14
4515.00  3.445732E-14
4516.25  3.434199E-14
4517.50  3.416974E-14
4518.75  3.401639E-14
4520.00  3.380524E-14
4521.25  3.360718E-14
4522.50  3.338657E-14
4523.75  3.316898E-14
4525.00  3.294179E-14
4526.25  3.272926E-14
4527.50  3.252517E-14
4528.75  3.233868E-14
4530.00  3.219652E-14
4531.25  3.209961E-14
4532.50  3.204514E-14
4533.75  3.203879E-14
4535.00  3.207731E-14
4536.25  3.215136E-14
4537.50  3.226462E-14
4538.75  3.238587E-14
4540.00  3.252711E-14
4541.25  3.266066E-14
4542.50  3.278008E-14
4543.75  3.288120E-14
4545.00  3.295195E-14
4546.25  3.300754E-14
4547.50  3.302238E-14
4548.75  3.305997E-14
4550.00  3.305696E-14
4551.25  3.309287E-14
4552.50  3.311704E-14
4553.75  3.317860E-14
4555.00  3.323047E-14
4556.25  3.333524E-14
4557.50  3.343368E-14
4558.75  3.355004E-14
4560.00  3.368061E-14
4561.25  3.380235E-14
4562.50  3.393720E-14
4563.75  3.403735E-14
4565.00  3.413954E-14
4566.25  3.419840E-14
4567.50  3.426686E-14
4568.75  3.429974E-14
4570.00  3.432488E-14
4571.25  3.432910E-14
4572.50  3.432253E-14
4573.75  3.428840E-14
4575.00  3.424346E-14
4576.25  3.418455E-14
4577.50  3.411340E-14
4578.75  3.404494E-14
4580.00  3.397236E-14
4581.25  3.388654E-14
4582.50  3.382008E-14
4583.75  3.375215E-14
4585.00  3.370046E-14
4586.25  3.366637E-14
4587.50  3.364544E-14
4588.75  3.365565E-14
4590.00  3.366035E-14
4591.25  3.369054E-14
4592.50  3.371761E-14
4593.75  3.375961E-14
4595.00  3.379398E-14
4596.25  3.383744E-14
4597.50  3.387637E-14
4598.75  3.392757E-14
4600.00  3.398615E-14
4601.25  3.404296E-14
4602.50  3.410994E-14
4603.75  3.418633E-14
4605.00  3.426078E-14
4606.25  3.434479E-14
4607.50  3.443319E-14
4608.75  3.452381E-14
4610.00  3.461262E-14
4611.25  3.469948E-14
4612.50  3.478042E-14
4613.75  3.484688E-14
4615.00  3.492283E-14
4616.25  3.496173E-14
4617.50  3.501048E-14
4618.75  3.504924E-14
4620.00  3.507692E-14
4621.25  3.510958E-14
4622.50  3.512259E-14
4623.75  3.514304E-14
4625.00  3.514353E-14
4626.25  3.514987E-14
4627.50  3.514608E-14
4628.75  3.511614E-14
4630.00  3.510273E-14
4631.25  3.505876E-14
4632.50  3.502029E-14
4633.75  3.497752E-14
4635.00  3.491896E-14
4636.25  3.486464E-14
4637.50  3.480821E-14
4638.75  3.473957E-14
4640.00  3.467972E-14
4641.25  3.462076E-14
4642.50  3.456483E-14
4643.75  3.450981E-14
4645.00  3.447809E-14
4646.25  3.442402E-14
4647.50  3.442432E-14
4648.75  3.438658E-14
4650.00  3.439969E-14
4651.25  3.440644E-14
4652.50  3.442008E-14
4653.75  3.446818E-14
4655.00  3.450317E-14
4656.25  3.455779E-14
4657.50  3.458030E-14
4658.75  3.461689E-14
4660.00  3.461525E-14
4661.25  3.462001E-14
4662.50  3.459535E-14
4663.75  3.456333E-14
4665.00  3.451835E-14
4666.25  3.444735E-14
4667.50  3.439272E-14
4668.75  3.432673E-14
4670.00  3.427835E-14
4671.25  3.424602E-14
4672.50  3.421737E-14
4673.75  3.421846E-14
4675.00  3.423651E-14
4676.25  3.425819E-14
4677.50  3.428812E-14
4678.75  3.431503E-14
4680.00  3.433823E-14
4681.25  3.437122E-14
4682.50  3.438481E-14
4683.75  3.440509E-14
4685.00  3.441613E-14
4686.25  3.443560E-14
4687.50  3.444372E-14
4688.75  3.445736E-14
4690.00  3.446631E-14
4691.25  3.445423E-14
4692.50  3.445427E-14
4693.75  3.441613E-14
4695.00  3.438807E-14
4696.25  3.433529E-14
4697.50  3.426408E-14
4698.75  3.420453E-14
4700.00  3.411122E-14
4701.25  3.404168E-14
4702.50  3.395786E-14
4703.75  3.389277E-14
4705.00  3.383472E-14
4706.25  3.380759E-14
4707.50  3.379404E-14
4708.75  3.381385E-14
4710.00  3.385769E-14
4711.25  3.392743E-14
4712.50  3.401256E-14
4713.75  3.411713E-14
4715.00  3.424130E-14
4716.25  3.434745E-14
4717.50  3.448421E-14
4718.75  3.458010E-14
4720.00  3.468478E-14
4721.25  3.475895E-14
4722.50  3.481413E-14
4723.75  3.484751E-14
4725.00  3.485170E-14
4726.25  3.484469E-14
4727.50  3.480760E-14
4728.75  3.477143E-14
4730.00  3.472073E-14
4731.25  3.467562E-14
4732.50  3.464032E-14
4733.75  3.460470E-14
4735.00  3.460459E-14
4736.25  3.460356E-14
4737.50  3.462977E-14
4738.75  3.468381E-14
4740.00  3.472800E-14
4741.25  3.481181E-14
4742.50  3.488225E-14
4743.75  3.496261E-14
4745.00  3.505441E-14
4746.25  3.511582E-14
4747.50  3.520138E-14
4748.75  3.524659E-14
4750.00  3.529880E-14
4751.25  3.531885E-14
4752.50  3.533340E-14
4753.75  3.532246E-14
4755.00  3.529561E-14
4756.25  3.526122E-14
4757.50  3.520090E-14
4758.75  3.514575E-14
4760.00  3.507108E-14
4761.25  3.501095E-14
4762.50  3.494090E-14
4763.75  3.489612E-14
4765.00  3.485593E-14
4766.25  3.483654E-14
4767.50  3.483838E-14
4768.75  3.485242E-14
4770.00  3.489298E-14
4771.25  3.493666E-14
4772.50  3.500010E-14
4773.75  3.507110E-14
4775.00  3.513467E-14
4776.25  3.520073E-14
4777.50  3.525788E-14
4778.75  3.529353E-14
4780.00  3.532800E-14
4781.25  3.533935E-14
4782.50  3.535482E-14
4783.75  3.536043E-14
4785.00  3.536362E-14
4786.25  3.537938E-14
4787.50  3.539560E-14
4788.75  3.543191E-14
4790.00  3.547823E-14
4791.25  3.553674E-14
4792.50  3.561083E-14
4793.75  3.568791E-14
4795.00  3.577645E-14
4796.25  3.585271E-14
4797.50  3.594181E-14
4798.75  3.600321E-14
4800.00  3.607172E-14
4801.25  3.612349E-14
4802.50  3.615671E-14
4803.75  3.620237E-14
4805.00  3.620874E-14
4806.25  3.624638E-14
4807.50  3.625170E-14
4808.75  3.627900E-14
4810.00  3.629968E-14
4811.25  3.631746E-14
4812.50  3.635258E-14
4813.75  3.636236E-14
4815.00  3.639626E-14
4816.25  3.640060E-14
4817.50  3.640942E-14
4818.75  3.640860E-14
4820.00  3.638470E-14
4821.25  3.636133E-14
4822.50  3.631675E-14
4823.75  3.626000E-14
4825.00  3.620353E-14
4826.25  3.612703E-14
4827.50  3.605888E-14
4828.75  3.598063E-14
4830.00  3.590658E-14
4831.25  3.583231E-14
4832.50  3.576185E-14
4833.75  3.569195E-14
4835.00  3.562222E-14
4836.25  3.556172E-14
4837.50  3.549061E-14
4838.75  3.543182E-14
4840.00  3.535243E-14
4841.25  3.527876E-14
4842.50  3.519648E-14
4843.75  3.508849E-14
4845.00  3.498477E-14
4846.25  3.483850E-14
4847.50  3.467617E-14
4848.75  3.448241E-14
4850.00  3.423611E-14
4851.25  3.397754E-14
4852.50  3.365396E-14
4853.75  3.331708E-14
4855.00  3.294790E-14
4856.25  3.255609E-14
4857.50  3.218632E-14
4858.75  3.180900E-14
4860.00  3.148962E-14
4861.25  3.120909E-14
4862.50  3.099916E-14
4863.75  3.087193E-14
4865.00  3.081431E-14
4866.25  3.085693E-14
4867.50  3.095575E-14
4868.75  3.114018E-14
4870.00  3.136762E-14
4871.25  3.163852E-14
4872.50  3.194236E-14
4873.75  3.224444E-14
4875.00  3.256037E-14
4876.25  3.285242E-14
4877.50  3.314007E-14
4878.75  3.339117E-14
4880.00  3.362320E-14
4881.25  3.382011E-14
4882.50  3.399174E-14
4883.75  3.414212E-14
4885.00  3.426317E-14
4886.25  3.438703E-14
4887.50  3.448814E-14
4888.75  3.460126E-14
4890.00  3.471684E-14
4891.25  3.483836E-14
4892.50  3.497947E-14
4893.75  3.512848E-14
4895.00  3.527896E-14
4896.25  3.545384E-14
4897.50  3.559681E-14
4898.75  3.576062E-14
4900.00  3.588634E-14
4901.25  3.599527E-14
4902.50  3.609338E-14
4903.75  3.613131E-14
4905.00  3.617962E-14
4906.25  3.616026E-14
4907.50  3.613898E-14
4908.75  3.608330E-14
4910.00  3.599748E-14
4911.25  3.591038E-14
4912.50  3.578724E-14
4913.75  3.566607E-14
4915.00  3.553400E-14
4916.25  3.539748E-14
4917.50  3.527060E-14
4918.75  3.515481E-14
4920.00  3.504967E-14
4921.25  3.498050E-14
4922.50  3.492677E-14
4923.75  3.490913E-14
4925.00  3.492331E-14
4926.25  3.495178E-14
4927.50  3.502004E-14
4928.75  3.508317E-14
4930.00  3.517463E-14
4931.25  3.525182E-14
4932.50  3.533699E-14
4933.75  3.541266E-14
4935.00  3.547591E-14
4936.25  3.555337E-14
4937.50  3.559668E-14
4938.75  3.567965E-14
4940.00  3.572784E-14
4941.25  3.580939E-14
4942.50  3.588937E-14
4943.75  3.595925E-14
4945.00  3.606081E-14
4946.25  3.611947E-14
4947.50  3.619941E-14
4948.75  3.624818E-14
4950.00  3.627222E-14
4951.25  3.629204E-14
4952.50  3.626318E-14
4953.75  3.623034E-14
4955.00  3.617177E-14
4956.25  3.609354E-14
4957.50  3.602207E-14
4958.75  3.593275E-14
4960.00  3.586364E-14
4961.25  3.579355E-14
4962.50  3.574122E-14
4963.75  3.570291E-14
4965.00  3.567326E-14
4966.25  3.566322E-14
4967.50  3.565187E-14
4968.75  3.565059E-14
4970.00  3.564664E-14
4971.25  3.563371E-14
4972.50  3.561502E-14
4973.75  3.557958E-14
4975.00  3.552590E-14
4976.25  3.546106E-14
4977.50  3.537069E-14
4978.75  3.527587E-14
4980.00  3.516255E-14
4981.25  3.505030E-14
4982.50  3.493876E-14
4983.75  3.483019E-14
4985.00  3.474749E-14
4986.25  3.466208E-14
4987.50  3.461742E-14
4988.75  3.457292E-14
4990.00  3.455178E-14
4991.25  3.454841E-14
4992.50  3.453176E-14
4993.75  3.453844E-14
4995.00  3.451815E-14
4996.25  3.449698E-14
4997.50  3.446277E-14
4998.75  3.440125E-14
5000.00  3.433566E-14
5001.25  3.424724E-14
5002.50  3.414548E-14
5003.75  3.404441E-14
5005.00  3.392694E-14
5006.25  3.381630E-14
5007.50  3.371154E-14
5008.75  3.360161E-14
5010.00  3.352086E-14
5011.25  3.343452E-14
5012.50  3.337485E-14
5013.75  3.332971E-14
5015.00  3.329852E-14
5016.25  3.329750E-14
5017.50  3.330440E-14
5018.75  3.334688E-14
5020.00  3.339188E-14
5021.25  3.347447E-14
5022.50  3.355570E-14
5023.75  3.365685E-14
5025.00  3.377006E-14
5026.25  3.386366E-14
5027.50  3.398367E-14
5028.75  3.406399E-14
5030.00  3.414777E-14
5031.25  3.421327E-14
5032.50  3.424251E-14
5033.75  3.427178E-14
5035.00  3.426847E-14
5036.25  3.424774E-14
5037.50  3.423299E-14
5038.75  3.419244E-14
5040.00  3.417008E-14
5041.25  3.415773E-14
5042.50  3.414153E-14
5043.75  3.417502E-14
5045.00  3.419896E-14
5046.25  3.426310E-14
5047.50  3.434864E-14
5048.75  3.443102E-14
5050.00  3.456064E-14
5051.25  3.466366E-14
5052.50  3.479540E-14
5053.75  3.491987E-14
5055.00  3.502395E-14
5056.25  3.514714E-14
5057.50  3.522006E-14
5058.75  3.530324E-14
5060.00  3.534966E-14
5061.25  3.537127E-14
5062.50  3.538284E-14
5063.75  3.535049E-14
5065.00  3.531485E-14
5066.25  3.524392E-14
5067.50  3.516740E-14
5068.75  3.507041E-14
5070.00  3.496818E-14
5071.25  3.486541E-14
5072.50  3.474796E-14
5073.75  3.465621E-14
5075.00  3.454628E-14
5076.25  3.446482E-14
5077.50  3.439275E-14
5078.75  3.432628E-14
5080.00  3.429891E-14
5081.25  3.427048E-14
5082.50  3.427986E-14
5083.75  3.430206E-14
5085.00  3.434628E-14
5086.25  3.440819E-14
5087.50  3.447660E-14
5088.75  3.456084E-14
5090.00  3.463073E-14
5091.25  3.471137E-14
5092.50  3.476862E-14
5093.75  3.481318E-14
5095.00  3.485143E-14
5096.25  3.484916E-14
5097.50  3.485429E-14
5098.75  3.482919E-14
5100.00  3.479306E-14
5101.25  3.476716E-14
5102.50  3.471645E-14
5103.75  3.468713E-14
5105.00  3.466221E-14
5106.25  3.463476E-14
5107.50  3.463962E-14
5108.75  3.464242E-14
5110.00  3.465808E-14
5111.25  3.469596E-14
5112.50  3.472198E-14
5113.75  3.476255E-14
5115.00  3.479935E-14
5116.25  3.481839E-14
5117.50  3.483801E-14
5118.75  3.483552E-14
5120.00  3.481313E-14
5121.25  3.478186E-14
5122.50  3.472630E-14
5123.75  3.465863E-14
5125.00  3.458729E-14
5126.25  3.450089E-14
5127.50  3.442167E-14
5128.75  3.434443E-14
5130.00  3.426692E-14
5131.25  3.420810E-14
5132.50  3.414902E-14
5133.75  3.410134E-14
5135.00  3.406153E-14
5136.25  3.402584E-14
5137.50  3.398979E-14
5138.75  3.396453E-14
5140.00  3.393053E-14
5141.25  3.389997E-14
5142.50  3.388227E-14
5143.75  3.384181E-14
5145.00  3.383755E-14
5146.25  3.381520E-14
5147.50  3.380058E-14
5148.75  3.381725E-14
5150.00  3.379687E-14
5151.25  3.382159E-14
5152.50  3.382425E-14
5153.75  3.381335E-14
5155.00  3.382347E-14
5156.25  3.377270E-14
5157.50  3.372658E-14
5158.75  3.363709E-14
5160.00  3.351448E-14
5161.25  3.335141E-14
5162.50  3.315178E-14
5163.75  3.291019E-14
5165.00  3.265997E-14
5166.25  3.237964E-14
5167.50  3.209775E-14
5168.75  3.183289E-14
5170.00  3.157525E-14
5171.25  3.136750E-14
5172.50  3.118156E-14
5173.75  3.105043E-14
5175.00  3.097021E-14
5176.25  3.092728E-14
5177.50  3.094213E-14
5178.75  3.096787E-14
5180.00  3.104883E-14
5181.25  3.113639E-14
5182.50  3.123573E-14
5183.75  3.137872E-14
5185.00  3.148597E-14
5186.25  3.165570E-14
5187.50  3.179571E-14
5188.75  3.196103E-14
5190.00  3.213963E-14
5191.25  3.229286E-14
5192.50  3.248216E-14
5193.75  3.264220E-14
5195.00  3.279726E-14
5196.25  3.294965E-14
5197.50  3.306655E-14
5198.75  3.317752E-14
5200.00  3.326282E-14
5201.25  3.333037E-14
5202.50  3.338072E-14
5203.75  3.341936E-14
5205.00  3.345045E-14
5206.25  3.347622E-14
5207.50  3.352035E-14
5208.75  3.355505E-14
5210.00  3.362967E-14
5211.25  3.370922E-14
5212.50  3.380688E-14
5213.75  3.393110E-14
5215.00  3.405366E-14
5216.25  3.418251E-14
5217.50  3.431813E-14
5218.75  3.443086E-14
5220.00  3.454017E-14
5221.25  3.463620E-14
5222.50  3.471101E-14
5223.75  3.476822E-14
5225.00  3.481929E-14
5226.25  3.484211E-14
5227.50  3.487637E-14
5228.75  3.491525E-14
5230.00  3.493915E-14
5231.25  3.501289E-14
5232.50  3.506573E-14
5233.75  3.515046E-14
5235.00  3.526284E-14
5236.25  3.534802E-14
5237.50  3.548241E-14
5238.75  3.559256E-14
5240.00  3.568949E-14
5241.25  3.581187E-14
5242.50  3.587805E-14
5243.75  3.595325E-14
5245.00  3.599645E-14
5246.25  3.601352E-14
5247.50  3.601795E-14
5248.75  3.599355E-14
5250.00  3.595917E-14
5251.25  3.589796E-14
5252.50  3.582671E-14
5253.75  3.572850E-14
5255.00  3.561113E-14
5256.25  3.548528E-14
5257.50  3.532247E-14
5258.75  3.516282E-14
5260.00  3.497176E-14
5261.25  3.477969E-14
5262.50  3.457634E-14
5263.75  3.435491E-14
5265.00  3.419328E-14
5266.25  3.399487E-14
5267.50  3.386386E-14
5268.75  3.375590E-14
5270.00  3.368086E-14
5271.25  3.369503E-14
5272.50  3.371531E-14
5273.75  3.379817E-14
5275.00  3.395767E-14
5276.25  3.409434E-14
5277.50  3.433485E-14
5278.75  3.456605E-14
5280.00  3.480621E-14
5281.25  3.509410E-14
5282.50  3.531779E-14
5283.75  3.558534E-14
5285.00  3.581793E-14
5286.25  3.602375E-14
5287.50  3.621266E-14
5288.75  3.637780E-14
5290.00  3.649914E-14
5291.25  3.660852E-14
5292.50  3.668777E-14
5293.75  3.674007E-14
5295.00  3.678203E-14
5296.25  3.681271E-14
5297.50  3.683010E-14
5298.75  3.684629E-14
5300.00  3.686902E-14
5301.25  3.687511E-14
5302.50  3.691907E-14
5303.75  3.694771E-14
5305.00  3.700192E-14
5306.25  3.705013E-14
5307.50  3.711099E-14
5308.75  3.715979E-14
5310.00  3.721406E-14
5311.25  3.724141E-14
5312.50  3.726854E-14
5313.75  3.725716E-14
5315.00  3.723022E-14
5316.25  3.717427E-14
5317.50  3.707653E-14
5318.75  3.698434E-14
5320.00  3.683905E-14
5321.25  3.668522E-14
5322.50  3.653919E-14
5323.75  3.635872E-14
5325.00  3.621342E-14
5326.25  3.605606E-14
5327.50  3.593616E-14
5328.75  3.583139E-14
5330.00  3.573990E-14
5331.25  3.569408E-14
5332.50  3.565731E-14
5333.75  3.564901E-14
5335.00  3.567607E-14
5336.25  3.570877E-14
5337.50  3.576442E-14
5338.75  3.583153E-14
5340.00  3.592594E-14
5341.25  3.601236E-14
5342.50  3.608811E-14
5343.75  3.618839E-14
5345.00  3.628165E-14
5346.25  3.637253E-14
5347.50  3.647334E-14
5348.75  3.658715E-14
5350.00  3.667724E-14
5351.25  3.679570E-14
5352.50  3.691563E-14
5353.75  3.700244E-14
5355.00  3.710267E-14
5356.25  3.717076E-14
5357.50  3.722436E-14
5358.75  3.726462E-14
5360.00  3.726812E-14
5361.25  3.726316E-14
5362.50  3.722702E-14
5363.75  3.716349E-14
5365.00  3.709341E-14
5366.25  3.701186E-14
5367.50  3.691854E-14
5368.75  3.683744E-14
5370.00  3.677926E-14
5371.25  3.671249E-14
5372.50  3.667847E-14
5373.75  3.666087E-14
5375.00  3.665740E-14
5376.25  3.667935E-14
5377.50  3.671215E-14
5378.75  3.674415E-14
5380.00  3.679100E-14
5381.25  3.683104E-14
5382.50  3.687876E-14
5383.75  3.690820E-14
5385.00  3.691736E-14
5386.25  3.689333E-14
5387.50  3.686641E-14
5388.75  3.681174E-14
5390.00  3.673282E-14
5391.25  3.665427E-14
5392.50  3.655368E-14
5393.75  3.642565E-14
5395.00  3.633916E-14
5396.25  3.621352E-14
5397.50  3.608971E-14
5398.75  3.599583E-14
5400.00  3.586439E-14
5401.25  3.578642E-14
5402.50  3.570700E-14
5403.75  3.564501E-14
5405.00  3.563052E-14
5406.25  3.560186E-14
5407.50  3.560721E-14
5408.75  3.567297E-14
5410.00  3.570679E-14
5411.25  3.578358E-14
5412.50  3.587552E-14
5413.75  3.596877E-14
5415.00  3.608884E-14
5416.25  3.619068E-14
5417.50  3.631173E-14
5418.75  3.641309E-14
5420.00  3.650725E-14
5421.25  3.656399E-14
5422.50  3.665856E-14
5423.75  3.667877E-14
5425.00  3.670946E-14
5426.25  3.670795E-14
5427.50  3.671698E-14
5428.75  3.670468E-14
5430.00  3.669212E-14
5431.25  3.667035E-14
5432.50  3.667805E-14
5433.75  3.667434E-14
5435.00  3.669644E-14
5436.25  3.669832E-14
5437.50  3.673748E-14
5438.75  3.675509E-14
5440.00  3.677674E-14
5441.25  3.681215E-14
5442.50  3.681989E-14
5443.75  3.683186E-14
5445.00  3.686982E-14
5446.25  3.685730E-14
5447.50  3.686702E-14
5448.75  3.684369E-14
5450.00  3.681544E-14
5451.25  3.678479E-14
5452.50  3.674292E-14
5453.75  3.672786E-14
5455.00  3.672237E-14
5456.25  3.669885E-14
5457.50  3.670698E-14
5458.75  3.668948E-14
5460.00  3.669412E-14
5461.25  3.670188E-14
5462.50  3.669806E-14
5463.75  3.672112E-14
5465.00  3.673781E-14
5466.25  3.673371E-14
5467.50  3.674791E-14
5468.75  3.674062E-14
5470.00  3.671792E-14
5471.25  3.671711E-14
5472.50  3.668871E-14
5473.75  3.665047E-14
5475.00  3.666714E-14
5476.25  3.663913E-14
5477.50  3.661518E-14
5478.75  3.662984E-14
5480.00  3.661084E-14
5481.25  3.663899E-14
5482.50  3.666300E-14
5483.75  3.666366E-14
5485.00  3.673015E-14
5486.25  3.678190E-14
5487.50  3.680261E-14
5488.75  3.687503E-14
5490.00  3.690245E-14
5491.25  3.694123E-14
5492.50  3.697603E-14
5493.75  3.697184E-14
5495.00  3.697776E-14
5496.25  3.700070E-14
5497.50  3.694718E-14
5498.75  3.693925E-14
5500.00  3.690976E-14
5501.25  3.685994E-14
5502.50  3.681873E-14
5503.75  3.677265E-14
5505.00  3.672515E-14
5506.25  3.671433E-14
5507.50  3.665917E-14
5508.75  3.663341E-14
5510.00  3.662287E-14
5511.25  3.662511E-14
5512.50  3.661810E-14
5513.75  3.664481E-14
5515.00  3.667528E-14
5516.25  3.671081E-14
5517.50  3.674976E-14
5518.75  3.678129E-14
5520.00  3.682423E-14
5521.25  3.686698E-14
5522.50  3.689657E-14
5523.75  3.693141E-14
5525.00  3.694439E-14
5526.25  3.699117E-14
5527.50  3.700946E-14
5528.75  3.701266E-14
5530.00  3.705253E-14
5531.25  3.704794E-14
5532.50  3.707004E-14
5533.75  3.711529E-14
5535.00  3.711118E-14
5536.25  3.718836E-14
5537.50  3.724913E-14
5538.75  3.727123E-14
5540.00  3.734347E-14
5541.25  3.739227E-14
5542.50  3.744064E-14
5543.75  3.751470E-14
5545.00  3.756780E-14
5546.25  3.761729E-14
5547.50  3.768266E-14
5548.75  3.771579E-14
5550.00  3.772701E-14
5551.25  3.776724E-14
5552.50  3.778459E-14
5553.75  3.777326E-14
5555.00  3.779899E-14
5556.25  3.777345E-14
5557.50  3.774823E-14
5558.75  3.772115E-14
5560.00  3.766469E-14
5561.25  3.762295E-14
5562.50  3.757370E-14
5563.75  3.751685E-14
5565.00  3.746302E-14
5566.25  3.740094E-14
5567.50  3.735860E-14
5568.75  3.728277E-14
5570.00  3.723467E-14
5571.25  3.721766E-14
5572.50  3.714149E-14
5573.75  3.713363E-14
5575.00  3.710603E-14
5576.25  3.704045E-14
5577.50  3.704847E-14
5578.75  3.699228E-14
5580.00  3.693061E-14
5581.25  3.694783E-14
5582.50  3.684236E-14
5583.75  3.678974E-14
5585.00  3.675522E-14
5586.25  3.665369E-14
5587.50  3.661038E-14
5588.75  3.656017E-14
5590.00  3.646800E-14
5591.25  3.645339E-14
5592.50  3.640733E-14
5593.75  3.636102E-14
5595.00  3.635656E-14
5596.25  3.639256E-14
5597.50  3.639735E-14
5598.75  3.645443E-14
5600.00  3.651774E-14
5601.25  3.656809E-14
5602.50  3.667983E-14
5603.75  3.677248E-14
5605.00  3.682181E-14
5606.25  3.696019E-14
5607.50  3.703596E-14
5608.75  3.710982E-14
5610.00  3.720815E-14
5611.25  3.725605E-14
5612.50  3.730168E-14
5613.75  3.736711E-14
5615.00  3.736200E-14
5616.25  3.739862E-14
5617.50  3.742093E-14
5618.75  3.741241E-14
5620.00  3.742343E-14
5621.25  3.740806E-14
5622.50  3.739864E-14
5623.75  3.744722E-14
5625.00  3.744815E-14
5626.25  3.747353E-14
5627.50  3.750219E-14
5628.75  3.751222E-14
5630.00  3.754224E-14
5631.25  3.755772E-14
5632.50  3.757923E-14
5633.75  3.761451E-14
5635.00  3.762219E-14
5636.25  3.763776E-14
5637.50  3.763397E-14
5638.75  3.762866E-14
5640.00  3.762987E-14
5641.25  3.761005E-14
5642.50  3.761041E-14
5643.75  3.758463E-14
5645.00  3.756555E-14
5646.25  3.755327E-14
5647.50  3.750736E-14
5648.75  3.748973E-14
5650.00  3.746410E-14
5651.25  3.741398E-14
5652.50  3.739590E-14
5653.75  3.733998E-14
5655.00  3.729368E-14
5656.25  3.726890E-14
5657.50  3.722212E-14
5658.75  3.719629E-14
5660.00  3.717909E-14
5661.25  3.715804E-14
5662.50  3.715980E-14
5663.75  3.716107E-14
5665.00  3.717662E-14
5666.25  3.721122E-14
5667.50  3.725962E-14
5668.75  3.730415E-14
5670.00  3.734928E-14
5671.25  3.740725E-14
5672.50  3.745504E-14
5673.75  3.750235E-14
5675.00  3.755319E-14
5676.25  3.757787E-14
5677.50  3.760801E-14
5678.75  3.762384E-14
5680.00  3.762791E-14
5681.25  3.763390E-14
5682.50  3.762098E-14
5683.75  3.761152E-14
5685.00  3.760084E-14
5686.25  3.757962E-14
5687.50  3.756626E-14
5688.75  3.755447E-14
5690.00  3.753481E-14
5691.25  3.753327E-14
5692.50  3.752317E-14
5693.75  3.751236E-14
5695.00  3.748680E-14
5696.25  3.748263E-14
5697.50  3.745750E-14
5698.75  3.742863E-14
5700.00  3.741315E-14
5701.25  3.736237E-14
5702.50  3.732474E-14
5703.75  3.731314E-14
5705.00  3.724298E-14
5706.25  3.722898E-14
5707.50  3.721540E-14
5708.75  3.717176E-14
5710.00  3.721963E-14
5711.25  3.722888E-14
5712.50  3.723890E-14
5713.75  3.733347E-14
5715.00  3.736493E-14
5716.25  3.744862E-14
5717.50  3.758045E-14
5718.75  3.764850E-14
5720.00  3.777285E-14
5721.25  3.789307E-14
5722.50  3.795973E-14
5723.75  3.808654E-14
5725.00  3.817637E-14
5726.25  3.825192E-14
5727.50  3.834446E-14
5728.75  3.840109E-14
5730.00  3.844946E-14
5731.25  3.850574E-14
5732.50  3.853685E-14
5733.75  3.857475E-14
5735.00  3.860038E-14
5736.25  3.862337E-14
5737.50  3.864044E-14
5738.75  3.865029E-14
5740.00  3.866318E-14
5741.25  3.867115E-14
5742.50  3.867054E-14
5743.75  3.867004E-14
5745.00  3.866398E-14
5746.25  3.866070E-14
5747.50  3.865173E-14
5748.75  3.864262E-14
5750.00  3.862593E-14
5751.25  3.860898E-14
5752.50  3.860072E-14
5753.75  3.859441E-14
5755.00  3.858330E-14
5756.25  3.858556E-14
5757.50  3.857986E-14
5758.75  3.857095E-14
5760.00  3.858350E-14
5761.25  3.859239E-14
5762.50  3.859976E-14
5763.75  3.862201E-14
5765.00  3.862466E-14
5766.25  3.862228E-14
5767.50  3.863563E-14
5768.75  3.863254E-14
5770.00  3.862788E-14
5771.25  3.862251E-14
5772.50  3.859305E-14
5773.75  3.856708E-14
5775.00  3.852527E-14
5776.25  3.848985E-14
5777.50  3.844461E-14
5778.75  3.839080E-14
5780.00  3.834995E-14
5781.25  3.830042E-14
5782.50  3.825186E-14
5783.75  3.823822E-14
5785.00  3.820332E-14
5786.25  3.819162E-14
5787.50  3.820328E-14
5788.75  3.820779E-14
5790.00  3.823601E-14
5791.25  3.828882E-14
5792.50  3.833436E-14
5793.75  3.838122E-14
5795.00  3.845912E-14
5796.25  3.852098E-14
5797.50  3.857997E-14
5798.75  3.866896E-14
5800.00  3.873221E-14
5801.25  3.876991E-14
5802.50  3.885246E-14
5803.75  3.888789E-14
5805.00  3.891959E-14
5806.25  3.898449E-14
5807.50  3.900147E-14
5808.75  3.901199E-14
5810.00  3.906137E-14
5811.25  3.906127E-14
5812.50  3.906701E-14
5813.75  3.911161E-14
5815.00  3.910284E-14
5816.25  3.911329E-14
5817.50  3.915385E-14
5818.75  3.914548E-14
5820.00  3.916363E-14
5821.25  3.920240E-14
5822.50  3.920143E-14
5823.75  3.922906E-14
5825.00  3.925828E-14
5826.25  3.926244E-14
5827.50  3.928652E-14
5828.75  3.930833E-14
5830.00  3.931624E-14
5831.25  3.932834E-14
5832.50  3.933756E-14
5833.75  3.934101E-14
5835.00  3.933346E-14
5836.25  3.933319E-14
5837.50  3.931997E-14
5838.75  3.929039E-14
5840.00  3.927397E-14
5841.25  3.924197E-14
5842.50  3.918473E-14
5843.75  3.914430E-14
5845.00  3.908770E-14
5846.25  3.900152E-14
5847.50  3.894765E-14
5848.75  3.886111E-14
5850.00  3.875299E-14
5851.25  3.868587E-14
5852.50  3.859343E-14
5853.75  3.848184E-14
5855.00  3.842735E-14
5856.25  3.833190E-14
5857.50  3.824470E-14
5858.75  3.821961E-14
5860.00  3.815234E-14
5861.25  3.810477E-14
5862.50  3.810535E-14
5863.75  3.807299E-14
5865.00  3.806547E-14
5866.25  3.808438E-14
5867.50  3.807007E-14
5868.75  3.807129E-14
5870.00  3.807846E-14
5871.25  3.805634E-14
5872.50  3.803334E-14
5873.75  3.798938E-14
5875.00  3.790807E-14
5876.25  3.782347E-14
5877.50  3.770056E-14
5878.75  3.754898E-14
5880.00  3.737709E-14
5881.25  3.714180E-14
5882.50  3.690297E-14
5883.75  3.667832E-14
5885.00  3.637386E-14
5886.25  3.609120E-14
5887.50  3.583490E-14
5888.75  3.548058E-14
5890.00  3.529584E-14
5891.25  3.508323E-14
5892.50  3.479416E-14
5893.75  3.471411E-14
5895.00  3.461713E-14
5896.25  3.451076E-14
5897.50  3.463129E-14
5898.75  3.463272E-14
5900.00  3.465746E-14
5901.25  3.494421E-14
5902.50  3.507434E-14
5903.75  3.530051E-14
5905.00  3.558635E-14
5906.25  3.573478E-14
5907.50  3.599405E-14
5908.75  3.628867E-14
5910.00  3.645761E-14
5911.25  3.669940E-14
5912.50  3.687457E-14
5913.75  3.699665E-14
5915.00  3.718237E-14
5916.25  3.728784E-14
5917.50  3.738565E-14
5918.75  3.748925E-14
5920.00  3.754257E-14
5921.25  3.760828E-14
5922.50  3.766899E-14
5923.75  3.769827E-14
5925.00  3.774768E-14
5926.25  3.776887E-14
5927.50  3.779573E-14
5928.75  3.784113E-14
5930.00  3.784560E-14
5931.25  3.787889E-14
5932.50  3.789239E-14
5933.75  3.788402E-14
5935.00  3.792820E-14
5936.25  3.794395E-14
5937.50  3.792885E-14
5938.75  3.795989E-14
5940.00  3.795198E-14
5941.25  3.793742E-14
5942.50  3.798324E-14
5943.75  3.796228E-14
5945.00  3.793603E-14
5946.25  3.796976E-14
5947.50  3.795607E-14
5948.75  3.793351E-14
5950.00  3.797004E-14
5951.25  3.794128E-14
5952.50  3.792441E-14
5953.75  3.797755E-14
5955.00  3.796142E-14
5956.25  3.795665E-14
5957.50  3.800527E-14
5958.75  3.799548E-14
5960.00  3.801480E-14
5961.25  3.806369E-14
5962.50  3.806560E-14
5963.75  3.809432E-14
5965.00  3.813090E-14
5966.25  3.813967E-14
5967.50  3.816226E-14
5968.75  3.816864E-14
5970.00  3.818688E-14
5971.25  3.820184E-14
5972.50  3.819092E-14
5973.75  3.820294E-14
5975.00  3.818879E-14
5976.25  3.816134E-14
5977.50  3.817022E-14
5978.75  3.815729E-14
5980.00  3.812441E-14
5981.25  3.813565E-14
5982.50  3.811778E-14
5983.75  3.809514E-14
5985.00  3.811598E-14
5986.25  3.810769E-14
5987.50  3.808605E-14
5988.75  3.811096E-14
5990.00  3.812724E-14
5991.25  3.811511E-14
5992.50  3.814834E-14
5993.75  3.814904E-14
5995.00  3.812620E-14
5996.25  3.815785E-14
5997.50  3.817090E-14
5998.75  3.813890E-14
6000.00  3.813675E-14
6001.25  3.812990E-14
6002.50  3.809979E-14
6003.75  3.809983E-14
6005.00  3.807560E-14
6006.25  3.802770E-14
6007.50  3.801498E-14
6008.75  3.799713E-14
6010.00  3.796911E-14
6011.25  3.794856E-14
6012.50  3.791689E-14
6013.75  3.792295E-14
6015.00  3.792306E-14
6016.25  3.789451E-14
6017.50  3.791799E-14
6018.75  3.793418E-14
6020.00  3.792114E-14
6021.25  3.799657E-14
6022.50  3.802230E-14
6023.75  3.801522E-14
6025.00  3.812386E-14
6026.25  3.817055E-14
6027.50  3.818669E-14
6028.75  3.830888E-14
6030.00  3.835820E-14
6031.25  3.838882E-14
6032.50  3.851225E-14
6033.75  3.855639E-14
6035.00  3.859053E-14
6036.25  3.869692E-14
6037.50  3.873256E-14
6038.75  3.876192E-14
6040.00  3.884126E-14
6041.25  3.886109E-14
6042.50  3.887964E-14
6043.75  3.893677E-14
6045.00  3.893898E-14
6046.25  3.894824E-14
6047.50  3.898409E-14
6048.75  3.897325E-14
6050.00  3.897334E-14
6051.25  3.899105E-14
6052.50  3.896766E-14
6053.75  3.895760E-14
6055.00  3.896580E-14
6056.25  3.892726E-14
6057.50  3.891048E-14
6058.75  3.891475E-14
6060.00  3.887960E-14
6061.25  3.887083E-14
6062.50  3.887380E-14
6063.75  3.883885E-14
6065.00  3.883648E-14
6066.25  3.885115E-14
6067.50  3.882105E-14
6068.75  3.882564E-14
6070.00  3.884540E-14
6071.25  3.882508E-14
6072.50  3.884519E-14
6073.75  3.884118E-14
6075.00  3.881869E-14
6076.25  3.883685E-14
6077.50  3.881238E-14
6078.75  3.879548E-14
6080.00  3.880397E-14
6081.25  3.875292E-14
6082.50  3.873813E-14
6083.75  3.873902E-14
6085.00  3.867696E-14
6086.25  3.867006E-14
6087.50  3.866146E-14
6088.75  3.860355E-14
6090.00  3.859838E-14
6091.25  3.858938E-14
6092.50  3.854864E-14
6093.75  3.853443E-14
6095.00  3.851196E-14
6096.25  3.850028E-14
6097.50  3.849250E-14
6098.75  3.847014E-14
6100.00  3.846988E-14
6101.25  3.844675E-14
6102.50  3.843568E-14
6103.75  3.846126E-14
6105.00  3.843071E-14
6106.25  3.840987E-14
6107.50  3.846083E-14
6108.75  3.845128E-14
6110.00  3.843670E-14
6111.25  3.846694E-14
6112.50  3.845501E-14
6113.75  3.844108E-14
6115.00  3.845796E-14
6116.25  3.843500E-14
6117.50  3.841382E-14
6118.75  3.841740E-14
6120.00  3.838204E-14
6121.25  3.834637E-14
6122.50  3.833723E-14
6123.75  3.829617E-14
6125.00  3.823570E-14
6126.25  3.823268E-14
6127.50  3.819758E-14
6128.75  3.813974E-14
6130.00  3.814121E-14
6131.25  3.810195E-14
6132.50  3.805104E-14
6133.75  3.806465E-14
6135.00  3.802501E-14
6136.25  3.796213E-14
6137.50  3.800547E-14
6138.75  3.797260E-14
6140.00  3.789479E-14
6141.25  3.795375E-14
6142.50  3.794126E-14
6143.75  3.788598E-14
6145.00  3.791418E-14
6146.25  3.789517E-14
6147.50  3.785244E-14
6148.75  3.785586E-14
6150.00  3.778852E-14
6151.25  3.772823E-14
6152.50  3.770388E-14
6153.75  3.759820E-14
6155.00  3.752781E-14
6156.25  3.744964E-14
6157.50  3.730455E-14
6158.75  3.723289E-14
6160.00  3.712735E-14
6161.25  3.695284E-14
6162.50  3.691499E-14
6163.75  3.681834E-14
6165.00  3.665553E-14
6166.25  3.667167E-14
6167.50  3.662807E-14
6168.75  3.653045E-14
6170.00  3.660892E-14
6171.25  3.661355E-14
6172.50  3.656115E-14
6173.75  3.669776E-14
6175.00  3.674218E-14
6176.25  3.674206E-14
6177.50  3.689445E-14
6178.75  3.693551E-14
6180.00  3.696765E-14
6181.25  3.711147E-14
6182.50  3.712651E-14
6183.75  3.714224E-14
6185.00  3.726169E-14
6186.25  3.725074E-14
6187.50  3.725508E-14
6188.75  3.734420E-14
6190.00  3.729206E-14
6191.25  3.730292E-14
6192.50  3.739030E-14
6193.75  3.732259E-14
6195.00  3.732813E-14
6196.25  3.742497E-14
6197.50  3.738584E-14
6198.75  3.738697E-14
6200.00  3.747126E-14
6201.25  3.744527E-14
6202.50  3.744320E-14
6203.75  3.750507E-14
6205.00  3.748135E-14
6206.25  3.747155E-14
6207.50  3.749433E-14
6208.75  3.746174E-14
6210.00  3.742484E-14
6211.25  3.740309E-14
6212.50  3.735276E-14
6213.75  3.729004E-14
6215.00  3.723324E-14
6216.25  3.716902E-14
6217.50  3.709360E-14
6218.75  3.701361E-14
6220.00  3.696120E-14
6221.25  3.689151E-14
6222.50  3.680311E-14
6223.75  3.675820E-14
6225.00  3.670311E-14
6226.25  3.662586E-14
6227.50  3.659010E-14
6228.75  3.653712E-14
6230.00  3.648039E-14
6231.25  3.645681E-14
6232.50  3.640935E-14
6233.75  3.635411E-14
6235.00  3.633986E-14
6236.25  3.631091E-14
6237.50  3.627232E-14
6238.75  3.625275E-14
6240.00  3.621954E-14
6241.25  3.618726E-14
6242.50  3.616586E-14
6243.75  3.613997E-14
6245.00  3.610979E-14
6246.25  3.609443E-14
6247.50  3.607831E-14
6248.75  3.604860E-14
6250.00  3.604860E-14
6251.25  3.604861E-14
6252.50  3.603974E-14
6253.75  3.605051E-14
6255.00  3.606277E-14
6256.25  3.606101E-14
6257.50  3.609426E-14
6258.75  3.614099E-14
6260.00  3.615105E-14
6261.25  3.620053E-14
6262.50  3.626137E-14
6263.75  3.628721E-14
6265.00  3.634066E-14
6266.25  3.640882E-14
6267.50  3.643566E-14
6268.75  3.646645E-14
6270.00  3.652424E-14
6271.25  3.654919E-14
6272.50  3.656233E-14
6273.75  3.659346E-14
6275.00  3.660982E-14
6276.25  3.662335E-14
6277.50  3.662919E-14
6278.75  3.663751E-14
6280.00  3.664811E-14
6281.25  3.665328E-14
6282.50  3.666548E-14
6283.75  3.668079E-14
6285.00  3.668243E-14
6286.25  3.671125E-14
6287.50  3.673665E-14
6288.75  3.672567E-14
6290.00  3.674970E-14
6291.25  3.678745E-14
6292.50  3.676293E-14
6293.75  3.677730E-14
6295.00  3.681412E-14
6296.25  3.678154E-14
6297.50  3.679260E-14
6298.75  3.683503E-14
6300.00  3.679480E-14
6301.25  3.679779E-14
6302.50  3.685705E-14
6303.75  3.683617E-14
6305.00  3.682409E-14
6306.25  3.688658E-14
6307.50  3.690491E-14
6308.75  3.689888E-14
6310.00  3.694322E-14
6311.25  3.698464E-14
6312.50  3.699565E-14
6313.75  3.701970E-14
6315.00  3.707501E-14
6316.25  3.710673E-14
6317.50  3.711283E-14
6318.75  3.717540E-14
6320.00  3.722797E-14
6321.25  3.722143E-14
6322.50  3.728426E-14
6323.75  3.736029E-14
6325.00  3.735363E-14
6326.25  3.739551E-14
6327.50  3.747805E-14
6328.75  3.748598E-14
6330.00  3.749882E-14
6331.25  3.756797E-14
6332.50  3.759374E-14
6333.75  3.758663E-14
6335.00  3.763047E-14
6336.25  3.767566E-14
6337.50  3.766140E-14
6338.75  3.766785E-14
6340.00  3.772910E-14
6341.25  3.772576E-14
6342.50  3.771721E-14
6343.75  3.777834E-14
6345.00  3.778196E-14
6346.25  3.776247E-14
6347.50  3.780966E-14
6348.75  3.781716E-14
6350.00  3.778743E-14
6351.25  3.782664E-14
6352.50  3.782711E-14
6353.75  3.777945E-14
6355.00  3.781068E-14
6356.25  3.780559E-14
6357.50  3.773920E-14
6358.75  3.776652E-14
6360.00  3.776990E-14
6361.25  3.770138E-14
6362.50  3.772411E-14
6363.75  3.774610E-14
6365.00  3.769280E-14
6366.25  3.771391E-14
6367.50  3.775753E-14
6368.75  3.772632E-14
6370.00  3.774830E-14
6371.25  3.780357E-14
6372.50  3.778853E-14
6373.75  3.780482E-14
6375.00  3.785541E-14
6376.25  3.785123E-14
6377.50  3.785802E-14
6378.75  3.788976E-14
6380.00  3.788131E-14
6381.25  3.788008E-14
6382.50  3.789176E-14
6383.75  3.787008E-14
6385.00  3.786527E-14
6386.25  3.786380E-14
6387.50  3.782613E-14
6388.75  3.782085E-14
6390.00  3.781884E-14
6391.25  3.777033E-14
6392.50  3.776348E-14
6393.75  3.777057E-14
6395.00  3.772074E-14
6396.25  3.771524E-14
6397.50  3.773004E-14
6398.75  3.769144E-14
6400.00  3.770049E-14
6401.25  3.772177E-14
6402.50  3.768147E-14
6403.75  3.770098E-14
6405.00  3.774420E-14
6406.25  3.770312E-14
6407.50  3.772348E-14
6408.75  3.777952E-14
6410.00  3.774127E-14
6411.25  3.775302E-14
6412.50  3.781846E-14
6413.75  3.779354E-14
6415.00  3.778915E-14
6416.25  3.784974E-14
6417.50  3.785011E-14
6418.75  3.784054E-14
6420.00  3.787876E-14
6421.25  3.790007E-14
6422.50  3.789671E-14
6423.75  3.791095E-14
6425.00  3.793586E-14
6426.25  3.794451E-14
6427.50  3.795351E-14
6428.75  3.796232E-14
6430.00  3.796800E-14
6431.25  3.798858E-14
6432.50  3.798538E-14
6433.75  3.796621E-14
6435.00  3.799587E-14
6436.25  3.800377E-14
6437.50  3.795883E-14
6438.75  3.798175E-14
6440.00  3.800994E-14
6441.25  3.794799E-14
6442.50  3.795340E-14
6443.75  3.799614E-14
6445.00  3.793289E-14
6446.25  3.791940E-14
6447.50  3.796068E-14
6448.75  3.790618E-14
6450.00  3.787815E-14
6451.25  3.791399E-14
6452.50  3.786513E-14
6453.75  3.782001E-14
6455.00  3.786278E-14
6456.25  3.782958E-14
6457.50  3.776550E-14
6458.75  3.781520E-14
6460.00  3.780730E-14
6461.25  3.774022E-14
6462.50  3.778695E-14
6463.75  3.780299E-14
6465.00  3.773808E-14
6466.25  3.777722E-14
6467.50  3.782256E-14
6468.75  3.776050E-14
6470.00  3.777973E-14
6471.25  3.784012E-14
6472.50  3.779420E-14
6473.75  3.778550E-14
6475.00  3.783992E-14
6476.25  3.780274E-14
6477.50  3.776155E-14
6478.75  3.779546E-14
6480.00  3.775886E-14
6481.25  3.768696E-14
6482.50  3.769020E-14
6483.75  3.764433E-14
6485.00  3.754781E-14
6486.25  3.752038E-14
6487.50  3.746514E-14
6488.75  3.735978E-14
6490.00  3.730818E-14
6491.25  3.725683E-14
6492.50  3.717520E-14
6493.75  3.711741E-14
6495.00  3.708558E-14
6496.25  3.705145E-14
6497.50  3.701462E-14
6498.75  3.701690E-14
6500.00  3.704255E-14
6501.25  3.704904E-14
6502.50  3.708146E-14
6503.75  3.715998E-14
6505.00  3.722010E-14
6506.25  3.727403E-14
6507.50  3.737137E-14
6508.75  3.745858E-14
6510.00  3.751935E-14
6511.25  3.761080E-14
6512.50  3.769570E-14
6513.75  3.774629E-14
6515.00  3.781919E-14
6516.25  3.788749E-14
6517.50  3.791768E-14
6518.75  3.796976E-14
6520.00  3.802159E-14
6521.25  3.803269E-14
6522.50  3.806399E-14
6523.75  3.810337E-14
6525.00  3.810497E-14
6526.25  3.811793E-14
6527.50  3.814608E-14
6528.75  3.814177E-14
6530.00  3.813823E-14
6531.25  3.815033E-14
6532.50  3.813389E-14
6533.75  3.811268E-14
6535.00  3.810388E-14
6536.25  3.806074E-14
6537.50  3.801426E-14
6538.75  3.797901E-14
6540.00  3.789612E-14
6541.25  3.780616E-14
6542.50  3.773729E-14
6543.75  3.761326E-14
6545.00  3.745561E-14
6546.25  3.734055E-14
6547.50  3.718809E-14
6548.75  3.695309E-14
6550.00  3.677762E-14
6551.25  3.661486E-14
6552.50  3.632711E-14
6553.75  3.608707E-14
6555.00  3.593714E-14
6556.25  3.566039E-14
6557.50  3.537238E-14
6558.75  3.526268E-14
6560.00  3.507790E-14
6561.25  3.479251E-14
6562.50  3.474561E-14
6563.75  3.470409E-14
6565.00  3.449949E-14
6566.25  3.452676E-14
6567.50  3.462802E-14
6568.75  3.456980E-14
6570.00  3.466058E-14
6571.25  3.485841E-14
6572.50  3.495442E-14
6573.75  3.508220E-14
6575.00  3.531686E-14
6576.25  3.551309E-14
6577.50  3.566226E-14
6578.75  3.587872E-14
6580.00  3.607693E-14
6581.25  3.623252E-14
6582.50  3.640561E-14
6583.75  3.654555E-14
6585.00  3.668070E-14
6586.25  3.680898E-14
6587.50  3.688188E-14
6588.75  3.697612E-14
6590.00  3.707146E-14
6591.25  3.709621E-14
6592.50  3.714410E-14
6593.75  3.722211E-14
6595.00  3.722536E-14
6596.25  3.723491E-14
6597.50  3.730548E-14
6598.75  3.730997E-14
6600.00  3.729782E-14
6601.25  3.736203E-14
6602.50  3.737950E-14
6603.75  3.735857E-14
6605.00  3.741504E-14
6606.25  3.744783E-14
6607.50  3.742461E-14
6608.75  3.746964E-14
6610.00  3.751413E-14
6611.25  3.749222E-14
6612.50  3.752033E-14
6613.75  3.756851E-14
6615.00  3.755119E-14
6616.25  3.755901E-14
6617.50  3.759947E-14
6618.75  3.758682E-14
6620.00  3.757527E-14
6621.25  3.759907E-14
6622.50  3.758768E-14
6623.75  3.756351E-14
6625.00  3.756691E-14
6626.25  3.755213E-14
6627.50  3.752514E-14
6628.75  3.751198E-14
6630.00  3.749123E-14
6631.25  3.746950E-14
6632.50  3.745051E-14
6633.75  3.742416E-14
6635.00  3.740969E-14
6636.25  3.739848E-14
6637.50  3.737075E-14
6638.75  3.735858E-14
6640.00  3.736362E-14
6641.25  3.734158E-14
6642.50  3.732471E-14
6643.75  3.734304E-14
6645.00  3.733269E-14
6646.25  3.730801E-14
6647.50  3.732822E-14
6648.75  3.732863E-14
6650.00  3.729793E-14
6651.25  3.730969E-14
6652.50  3.731403E-14
6653.75  3.727857E-14
6655.00  3.727808E-14
6656.25  3.728156E-14
6657.50  3.724111E-14
6658.75  3.722807E-14
6660.00  3.723135E-14
6661.25  3.718820E-14
6662.50  3.716391E-14
6663.75  3.716737E-14
6665.00  3.712802E-14
6666.25  3.709726E-14
6667.50  3.709829E-14
6668.75  3.706798E-14
6670.00  3.703893E-14
6671.25  3.703521E-14
6672.50  3.701129E-14
6673.75  3.699027E-14
6675.00  3.698735E-14
6676.25  3.696436E-14
6677.50  3.694977E-14
6678.75  3.695627E-14
6680.00  3.693541E-14
6681.25  3.691976E-14
6682.50  3.693711E-14
6683.75  3.692585E-14
6685.00  3.690623E-14
6686.25  3.692484E-14
6687.50  3.692656E-14
6688.75  3.690745E-14
6690.00  3.691616E-14
6691.25  3.692491E-14
6692.50  3.691276E-14
6693.75  3.690672E-14
6695.00  3.691163E-14
6696.25  3.690652E-14
6697.50  3.689015E-14
6698.75  3.688358E-14
6700.00  3.687905E-14
6701.25  3.686030E-14
6702.50  3.684078E-14
6703.75  3.682755E-14
6705.00  3.681122E-14
6706.25  3.678445E-14
6707.50  3.675689E-14
6708.75  3.673972E-14
6710.00  3.671691E-14
6711.25  3.667797E-14
6712.50  3.665129E-14
6713.75  3.664216E-14
6715.00  3.660542E-14
6716.25  3.656380E-14
6717.50  3.656889E-14
6718.75  3.655269E-14
6720.00  3.650367E-14
6721.25  3.651162E-14
6722.50  3.652555E-14
6723.75  3.648749E-14
6725.00  3.648491E-14
6726.25  3.652046E-14
6727.50  3.650909E-14
6728.75  3.649227E-14
6730.00  3.652765E-14
6731.25  3.654250E-14
6732.50  3.652056E-14
6733.75  3.653614E-14
6735.00  3.656079E-14
6736.25  3.654421E-14
6737.50  3.653588E-14
6738.75  3.655197E-14
6740.00  3.654228E-14
6741.25  3.652048E-14
6742.50  3.652172E-14
6743.75  3.651398E-14
6745.00  3.649155E-14
6746.25  3.648556E-14
6747.50  3.647706E-14
6748.75  3.645785E-14
6750.00  3.645614E-14
6751.25  3.645380E-14
6752.50  3.643604E-14
6753.75  3.643965E-14
6755.00  3.645375E-14
6756.25  3.644069E-14
6757.50  3.643836E-14
6758.75  3.646768E-14
6760.00  3.647079E-14
6761.25  3.645563E-14
6762.50  3.648450E-14
6763.75  3.651111E-14
6765.00  3.649022E-14
6766.25  3.650003E-14
6767.50  3.654344E-14
6768.75  3.653144E-14
6770.00  3.651657E-14
6771.25  3.655923E-14
6772.50  3.656491E-14
6773.75  3.653502E-14
6775.00  3.655946E-14
6776.25  3.657685E-14
6777.50  3.654844E-14
6778.75  3.654910E-14
6780.00  3.656455E-14
6781.25  3.654478E-14
6782.50  3.652906E-14
6783.75  3.653378E-14
6785.00  3.651948E-14
6786.25  3.650069E-14
6787.50  3.649454E-14
6788.75  3.648127E-14
6790.00  3.646770E-14
6791.25  3.645837E-14
6792.50  3.644549E-14
6793.75  3.643798E-14
6795.00  3.643260E-14
6796.25  3.642291E-14
6797.50  3.641873E-14
6798.75  3.642058E-14
6800.00  3.641562E-14
6801.25  3.641223E-14
6802.50  3.641976E-14
6803.75  3.642040E-14
6805.00  3.641598E-14
6806.25  3.642389E-14
6807.50  3.643073E-14
6808.75  3.642613E-14
6810.00  3.642778E-14
6811.25  3.643930E-14
6812.50  3.643866E-14
6813.75  3.643199E-14
6815.00  3.644250E-14
6816.25  3.644777E-14
6817.50  3.643676E-14
6818.75  3.643949E-14
6820.00  3.644876E-14
6821.25  3.643888E-14
6822.50  3.642935E-14
6823.75  3.643653E-14
6825.00  3.642998E-14
6826.25  3.641120E-14
6827.50  3.641103E-14
6828.75  3.640171E-14
6830.00  3.637708E-14
6831.25  3.636999E-14
6832.50  3.635272E-14
6833.75  3.632233E-14
6835.00  3.630952E-14
6836.25  3.628776E-14
6837.50  3.625074E-14
6838.75  3.623213E-14
6840.00  3.621518E-14
6841.25  3.617262E-14
6842.50  3.614361E-14
6843.75  3.613436E-14
6845.00  3.609432E-14
6846.25  3.605572E-14
6847.50  3.604518E-14
6848.75  3.602009E-14
6850.00  3.597678E-14
6851.25  3.595305E-14
6852.50  3.594502E-14
6853.75  3.590865E-14
6855.00  3.587120E-14
6856.25  3.587288E-14
6857.50  3.585528E-14
6858.75  3.581404E-14
6860.00  3.581014E-14
6861.25  3.581892E-14
6862.50  3.579150E-14
6863.75  3.577948E-14
6865.00  3.580017E-14
6866.25  3.579344E-14
6867.50  3.578664E-14
6868.75  3.580667E-14
6870.00  3.581609E-14
6871.25  3.581921E-14
6872.50  3.583511E-14
6873.75  3.585008E-14
6875.00  3.586001E-14
6876.25  3.587710E-14
6877.50  3.588718E-14
6878.75  3.589079E-14
6880.00  3.591477E-14
6881.25  3.592697E-14
6882.50  3.592299E-14
6883.75  3.594566E-14
6885.00  3.596683E-14
6886.25  3.596204E-14
6887.50  3.597740E-14
6888.75  3.600563E-14
6890.00  3.600904E-14
6891.25  3.602042E-14
6892.50  3.604834E-14
6893.75  3.605890E-14
6895.00  3.607350E-14
6896.25  3.609859E-14
6897.50  3.610917E-14
6898.75  3.612519E-14
6900.00  3.615090E-14
6901.25  3.615913E-14
6902.50  3.616765E-14
6903.75  3.619265E-14
6905.00  3.620357E-14
6906.25  3.620258E-14
6907.50  3.621591E-14
6908.75  3.623303E-14
6910.00  3.623175E-14
6911.25  3.622887E-14
6912.50  3.624458E-14
6913.75  3.625361E-14
6915.00  3.624632E-14
6916.25  3.625303E-14
6917.50  3.627028E-14
6918.75  3.627813E-14
6920.00  3.628191E-14
6921.25  3.629503E-14
6922.50  3.632101E-14
6923.75  3.634054E-14
6925.00  3.635428E-14
6926.25  3.638259E-14
6927.50  3.642237E-14
6928.75  3.644688E-14
6930.00  3.646935E-14
6931.25  3.651751E-14
6932.50  3.655835E-14
6933.75  3.657877E-14
6935.00  3.662093E-14
6936.25  3.666807E-14
6937.50  3.669122E-14
6938.75  3.672441E-14
6940.00  3.676823E-14
6941.25  3.678674E-14
6942.50  3.680705E-14
6943.75  3.685317E-14
6945.00  3.686699E-14
6946.25  3.686208E-14
6947.50  3.690907E-14
6948.75  3.692867E-14
6950.00  3.690182E-14
6951.25  3.693478E-14
6952.50  3.696830E-14
6953.75  3.693640E-14
6955.00  3.693685E-14
6956.25  3.698236E-14
6957.50  3.696681E-14
6958.75  3.693532E-14
6960.00  3.697106E-14
6961.25  3.697822E-14
6962.50  3.693760E-14
6963.75  3.694395E-14
6965.00  3.696279E-14
6966.25  3.693110E-14
6967.50  3.690944E-14
6968.75  3.692188E-14
6970.00  3.690140E-14
6971.25  3.687274E-14
6972.50  3.686326E-14
6973.75  3.684754E-14
6975.00  3.683053E-14
6976.25  3.680862E-14
6977.50  3.679581E-14
6978.75  3.678587E-14
6980.00  3.677113E-14
6981.25  3.676233E-14
6982.50  3.675213E-14
6983.75  3.675118E-14
6985.00  3.674770E-14
6986.25  3.674069E-14
6987.50  3.674702E-14
6988.75  3.674628E-14
6990.00  3.674405E-14
6991.25  3.675332E-14
6992.50  3.675341E-14
6993.75  3.674258E-14
6995.00  3.675194E-14
6996.25  3.676080E-14
6997.50  3.673788E-14
6998.75  3.673687E-14
7000.00  3.675297E-14
7001.25  3.672882E-14
7002.50  3.671330E-14
7003.75  3.673138E-14
7005.00  3.671749E-14
7006.25  3.668999E-14
7007.50  3.670728E-14
7008.75  3.671206E-14
7010.00  3.667892E-14
7011.25  3.668643E-14
7012.50  3.671429E-14
7013.75  3.669379E-14
7015.00  3.669142E-14
7016.25  3.672813E-14
7017.50  3.673489E-14
7018.75  3.673486E-14
7020.00  3.677048E-14
7021.25  3.680311E-14
7022.50  3.680951E-14
7023.75  3.684662E-14
7025.00  3.690283E-14
7026.25  3.692662E-14
7027.50  3.695813E-14
7028.75  3.702226E-14
7030.00  3.707356E-14
7031.25  3.710375E-14
7032.50  3.715713E-14
7033.75  3.722479E-14
7035.00  3.727058E-14
7036.25  3.730933E-14
7037.50  3.736733E-14
7038.75  3.742127E-14
7040.00  3.744583E-14
7041.25  3.748135E-14
7042.50  3.753195E-14
7043.75  3.754629E-14
7045.00  3.754168E-14
7046.25  3.757016E-14
7047.50  3.757851E-14
7048.75  3.753841E-14
7050.00  3.752281E-14
7051.25  3.752069E-14
7052.50  3.747018E-14
7053.75  3.740635E-14
7055.00  3.738733E-14
7056.25  3.734379E-14
7057.50  3.725233E-14
7058.75  3.720851E-14
7060.00  3.718072E-14
7061.25  3.709800E-14
7062.50  3.702156E-14
7063.75  3.701149E-14
7065.00  3.696504E-14
7066.25  3.687478E-14
7067.50  3.686150E-14
7068.75  3.685671E-14
7070.00  3.678507E-14
7071.25  3.674988E-14
7072.50  3.676727E-14
7073.75  3.672619E-14
7075.00  3.666755E-14
7076.25  3.668322E-14
7077.50  3.666655E-14
7078.75  3.659245E-14
7080.00  3.658346E-14
7081.25  3.658275E-14
7082.50  3.651066E-14
7083.75  3.645888E-14
7085.00  3.646403E-14
7086.25  3.641338E-14
7087.50  3.632941E-14
7088.75  3.631809E-14
7090.00  3.629683E-14
7091.25  3.621324E-14
7092.50  3.617629E-14
7093.75  3.617969E-14
7095.00  3.612466E-14
7096.25  3.606519E-14
7097.50  3.607541E-14
7098.75  3.606676E-14
7100.00  3.601106E-14
7101.25  3.600089E-14
7102.50  3.602133E-14
7103.75  3.599776E-14
7105.00  3.597247E-14
7106.25  3.598963E-14
7107.50  3.599376E-14
7108.75  3.597024E-14
7110.00  3.597007E-14
7111.25  3.597935E-14
7112.50  3.596634E-14
7113.75  3.595470E-14
7115.00  3.594956E-14
7116.25  3.593415E-14
7117.50  3.592056E-14
7118.75  3.590713E-14
7120.00  3.586909E-14
7121.25  3.584552E-14
7122.50  3.583843E-14
7123.75  3.579043E-14
7125.00  3.573728E-14
7126.25  3.572910E-14
7127.50  3.570134E-14
7128.75  3.562492E-14
7130.00  3.559439E-14
7131.25  3.559361E-14
7132.50  3.553220E-14
7133.75  3.546881E-14
7135.00  3.547090E-14
7136.25  3.545540E-14
7137.50  3.538101E-14
7138.75  3.536039E-14
7140.00  3.537271E-14
7141.25  3.533188E-14
7142.50  3.528752E-14
7143.75  3.530247E-14
7145.00  3.530162E-14
7146.25  3.525943E-14
7147.50  3.526352E-14
7148.75  3.527751E-14
7150.00  3.525974E-14
7151.25  3.525597E-14
7152.50  3.527039E-14
7153.75  3.526819E-14
7155.00  3.525463E-14
7156.25  3.527445E-14
7157.50  3.527164E-14
7158.75  3.524661E-14
7160.00  3.526038E-14
7161.25  3.525859E-14
7162.50  3.523371E-14
7163.75  3.522376E-14
7165.00  3.522351E-14
7166.25  3.520356E-14
7167.50  3.517214E-14
7168.75  3.515573E-14
7170.00  3.512902E-14
7171.25  3.509667E-14
7172.50  3.507094E-14
7173.75  3.502575E-14
7175.00  3.498928E-14
7176.25  3.496353E-14
7177.50  3.492575E-14
7178.75  3.487151E-14
7180.00  3.484880E-14
7181.25  3.482962E-14
7182.50  3.477058E-14
7183.75  3.473405E-14
7185.00  3.473580E-14
7186.25  3.470241E-14
7187.50  3.465122E-14
7188.75  3.465600E-14
7190.00  3.467175E-14
7191.25  3.462579E-14
7192.50  3.461964E-14
7193.75  3.465937E-14
7195.00  3.465323E-14
7196.25  3.464150E-14
7197.50  3.468109E-14
7198.75  3.471819E-14
7200.00  3.470998E-14
7201.25  3.474068E-14
7202.50  3.481487E-14
7203.75  3.483744E-14
7205.00  3.485572E-14
7206.25  3.492687E-14
7207.50  3.499662E-14
7208.75  3.502467E-14
7210.00  3.508159E-14
7211.25  3.517432E-14
7212.50  3.522311E-14
7213.75  3.526922E-14
7215.00  3.535311E-14
7216.25  3.543385E-14
7217.50  3.547608E-14
7218.75  3.553595E-14
7220.00  3.562057E-14
7221.25  3.566529E-14
7222.50  3.570946E-14
7223.75  3.577211E-14
7225.00  3.582237E-14
7226.25  3.584765E-14
7227.50  3.587855E-14
7228.75  3.592325E-14
7230.00  3.594245E-14
7231.25  3.594782E-14
7232.50  3.597313E-14
7233.75  3.599710E-14
7235.00  3.599540E-14
7236.25  3.599237E-14
7237.50  3.601132E-14
7238.75  3.601948E-14
7240.00  3.600226E-14
7241.25  3.600988E-14
7242.50  3.602683E-14
7243.75  3.601901E-14
7245.00  3.601064E-14
7246.25  3.602957E-14
7247.50  3.604405E-14
7248.75  3.602921E-14
7250.00  3.603066E-14
7251.25  3.606147E-14
7252.50  3.607128E-14
7253.75  3.606524E-14
7255.00  3.608414E-14
7256.25  3.611568E-14
7257.50  3.611985E-14
7258.75  3.611304E-14
7260.00  3.613876E-14
7261.25  3.616824E-14
7262.50  3.616877E-14
7263.75  3.617156E-14
7265.00  3.620689E-14
7266.25  3.623039E-14
7267.50  3.621537E-14
7268.75  3.622036E-14
7270.00  3.625286E-14
7271.25  3.625404E-14
7272.50  3.623706E-14
7273.75  3.624908E-14
7275.00  3.627524E-14
7276.25  3.626004E-14
7277.50  3.624723E-14
7278.75  3.626709E-14
7280.00  3.627413E-14
7281.25  3.625029E-14
7282.50  3.624087E-14
7283.75  3.627346E-14
7285.00  3.626955E-14
7286.25  3.624863E-14
7287.50  3.626106E-14
7288.75  3.629130E-14
7290.00  3.628638E-14
7291.25  3.627740E-14
7292.50  3.632010E-14
7293.75  3.634723E-14
7295.00  3.634431E-14
7296.25  3.636044E-14
7297.50  3.640263E-14
7298.75  3.642476E-14
7300.00  3.643465E-14
7301.25  3.646629E-14
7302.50  3.650821E-14
7303.75  3.653524E-14
7305.00  3.655306E-14
7306.25  3.657437E-14
7307.50  3.661485E-14
7308.75  3.664522E-14
7310.00  3.664820E-14
7311.25  3.668032E-14
7312.50  3.672763E-14
7313.75  3.674208E-14
7315.00  3.673997E-14
7316.25  3.678110E-14
7317.50  3.682526E-14
7318.75  3.681918E-14
7320.00  3.683486E-14
7321.25  3.688702E-14
7322.50  3.691223E-14
7323.75  3.689928E-14
7325.00  3.693094E-14
7326.25  3.698781E-14
7327.50  3.699336E-14
7328.75  3.699833E-14
7330.00  3.704520E-14
7331.25  3.709031E-14
7332.50  3.708062E-14
7333.75  3.709897E-14
7335.00  3.715433E-14
7336.25  3.717100E-14
7337.50  3.716693E-14
7338.75  3.718904E-14
7340.00  3.722314E-14
7341.25  3.721794E-14
7342.50  3.720969E-14
7343.75  3.722478E-14
7345.00  3.722678E-14
7346.25  3.721386E-14
7347.50  3.720613E-14
7348.75  3.720150E-14
7350.00  3.718368E-14
7351.25  3.716972E-14
7352.50  3.716005E-14
7353.75  3.713746E-14
7355.00  3.712875E-14
7356.25  3.713279E-14
7357.50  3.712939E-14
7358.75  3.710911E-14
7360.00  3.712398E-14
7361.25  3.714267E-14
7362.50  3.713008E-14
7363.75  3.714038E-14
7365.00  3.717784E-14
7366.25  3.720071E-14
7367.50  3.719920E-14
7368.75  3.723591E-14
7370.00  3.726934E-14
7371.25  3.726961E-14
7372.50  3.728868E-14
7373.75  3.732095E-14
7375.00  3.732241E-14
7376.25  3.732318E-14
7377.50  3.734681E-14
7378.75  3.734082E-14
7380.00  3.731829E-14
7381.25  3.732499E-14
7382.50  3.731794E-14
7383.75  3.727290E-14
7385.00  3.726082E-14
7386.25  3.726115E-14
7387.50  3.722302E-14
7388.75  3.718307E-14
7390.00  3.718308E-14
7391.25  3.716731E-14
7392.50  3.712348E-14
7393.75  3.710719E-14
7395.00  3.710578E-14
7396.25  3.709525E-14
7397.50  3.706960E-14
7398.75  3.705415E-14
7400.00  3.705851E-14
7401.25  3.706792E-14
7402.50  3.704386E-14
7403.75  3.702447E-14
7405.00  3.705605E-14
7406.25  3.706131E-14
7407.50  3.701316E-14
7408.75  3.700987E-14
7410.00  3.706905E-14
7411.25  3.705053E-14
7412.50  3.699836E-14
7413.75  3.704170E-14
7415.00  3.708051E-14
7416.25  3.704306E-14
7417.50  3.702744E-14
7418.75  3.710536E-14
7420.00  3.711238E-14
7421.25  3.707280E-14
7422.50  3.711681E-14
7423.75  3.717861E-14
7425.00  3.717166E-14
7426.25  3.717395E-14
7427.50  3.725096E-14
7428.75  3.726292E-14
7430.00  3.724029E-14
7431.25  3.728455E-14
7432.50  3.734692E-14
7433.75  3.732964E-14
7435.00  3.732789E-14
7436.25  3.738819E-14
7437.50  3.738943E-14
7438.75  3.735272E-14
7440.00  3.737346E-14
7441.25  3.741747E-14
7442.50  3.738826E-14
7443.75  3.736487E-14
7445.00  3.739758E-14
7446.25  3.739675E-14
7447.50  3.736870E-14
7448.75  3.737156E-14
7450.00  3.739108E-14
7451.25  3.737831E-14
7452.50  3.736687E-14
7453.75  3.738238E-14
7455.00  3.737799E-14
7456.25  3.737859E-14
7457.50  3.739538E-14
7458.75  3.739784E-14
7460.00  3.738658E-14
7461.25  3.739535E-14
7462.50  3.742108E-14
7463.75  3.741279E-14
7465.00  3.741334E-14
7466.25  3.744087E-14
7467.50  3.745710E-14
7468.75  3.744060E-14
7470.00  3.744071E-14
7471.25  3.747193E-14
7472.50  3.748122E-14
7473.75  3.747298E-14
7475.00  3.747932E-14
7476.25  3.750615E-14
7477.50  3.750324E-14
7478.75  3.748372E-14
7480.00  3.748590E-14
7481.25  3.750714E-14
7482.50  3.749856E-14
7483.75  3.746992E-14
7485.00  3.747670E-14
7486.25  3.749038E-14
7487.50  3.746417E-14
7488.75  3.742970E-14
7490.00  3.744450E-14
7491.25  3.744992E-14
7492.50  3.741182E-14
7493.75  3.739319E-14
7495.00  3.741721E-14
7496.25  3.741603E-14
7497.50  3.738298E-14
7498.75  3.738540E-14
7500.00  3.740593E-14
7501.25  3.740179E-14
7502.50  3.738761E-14
7503.75  3.740268E-14
7505.00  3.742361E-14
7506.25  3.742880E-14
7507.50  3.743476E-14
7508.75  3.744285E-14
7510.00  3.746189E-14
7511.25  3.747319E-14
7512.50  3.748551E-14
7513.75  3.749611E-14
7515.00  3.751447E-14
7516.25  3.754008E-14
7517.50  3.754806E-14
7518.75  3.755866E-14
7520.00  3.756475E-14
7521.25  3.759486E-14
7522.50  3.761018E-14
7523.75  3.761688E-14
7525.00  3.763414E-14
7526.25  3.766667E-14
7527.50  3.768469E-14
7528.75  3.767166E-14
7530.00  3.769433E-14
7531.25  3.773168E-14
7532.50  3.774923E-14
7533.75  3.774219E-14
7535.00  3.776794E-14
7536.25  3.780293E-14
7537.50  3.779872E-14
7538.75  3.779322E-14
7540.00  3.781588E-14
7541.25  3.784800E-14
7542.50  3.783568E-14
7543.75  3.782711E-14
7545.00  3.784253E-14
7546.25  3.784739E-14
7547.50  3.782894E-14
7548.75  3.781437E-14
7550.00  3.782704E-14
7551.25  3.781213E-14
7552.50  3.778835E-14
7553.75  3.777560E-14
7555.00  3.776479E-14
7556.25  3.773896E-14
7557.50  3.771829E-14
7558.75  3.771451E-14
7560.00  3.768427E-14
7561.25  3.765513E-14
7562.50  3.765047E-14
7563.75  3.764301E-14
7565.00  3.759917E-14
7566.25  3.758148E-14
7567.50  3.759252E-14
7568.75  3.756803E-14
7570.00  3.751661E-14
7571.25  3.752020E-14
7572.50  3.754198E-14
7573.75  3.749636E-14
7575.00  3.745462E-14
7576.25  3.746915E-14
7577.50  3.747162E-14
7578.75  3.740829E-14
7580.00  3.738732E-14
7581.25  3.741191E-14
7582.50  3.738302E-14
7583.75  3.732113E-14
7585.00  3.731599E-14
7586.25  3.732324E-14
7587.50  3.726542E-14
7588.75  3.722480E-14
7590.00  3.724228E-14
7591.25  3.722015E-14
7592.50  3.715162E-14
7593.75  3.714152E-14
7595.00  3.716174E-14
7596.25  3.710645E-14
7597.50  3.704400E-14
7598.75  3.707600E-14
7600.00  3.708615E-14
7601.25  3.700813E-14
7602.50  3.696265E-14
7603.75  3.701792E-14
7605.00  3.699906E-14
7606.25  3.692111E-14
7607.50  3.690735E-14
7608.75  3.695741E-14
7610.00  3.691323E-14
7611.25  3.683956E-14
7612.50  3.686212E-14
7613.75  3.688750E-14
7615.00  3.684497E-14
7616.25  3.678791E-14
7617.50  3.680643E-14
7618.75  3.680826E-14
7620.00  3.678109E-14
7621.25  3.675745E-14
7622.50  3.675533E-14
7623.75  3.675339E-14
7625.00  3.675666E-14
7626.25  3.673262E-14
7627.50  3.670440E-14
7628.75  3.671560E-14
7630.00  3.674732E-14
7631.25  3.669155E-14
7632.50  3.664050E-14
7633.75  3.670826E-14
7635.00  3.673459E-14
7636.25  3.662196E-14
7637.50  3.657130E-14
7638.75  3.668929E-14
7640.00  3.666980E-14
7641.25  3.648302E-14
7642.50  3.648410E-14
7643.75  3.662281E-14
7645.00  3.651458E-14
7646.25  3.628594E-14
7647.50  3.635321E-14
7648.75  3.646401E-14
7650.00  3.625704E-14
7651.25  3.602924E-14
7652.50  3.613577E-14
7653.75  3.619942E-14
7655.00  3.591468E-14
7656.25  3.573845E-14
7657.50  3.585817E-14
7658.75  3.585581E-14
7660.00  3.557081E-14
7661.25  3.544954E-14
7662.50  3.558700E-14
7663.75  3.553899E-14
7665.00  3.529556E-14
7666.25  3.522705E-14
7667.50  3.538008E-14
7668.75  3.534520E-14
7670.00  3.519034E-14
7671.25  3.519691E-14
7672.50  3.531731E-14
7673.75  3.530755E-14
7675.00  3.521802E-14
7676.25  3.528892E-14
7677.50  3.539247E-14
7678.75  3.540067E-14
7680.00  3.535439E-14
7681.25  3.542934E-14
7682.50  3.551427E-14
7683.75  3.552718E-14
7685.00  3.550281E-14
7686.25  3.554048E-14
7687.50  3.558825E-14
7688.75  3.558199E-14
7690.00  3.555202E-14
7691.25  3.555929E-14
7692.50  3.557380E-14
7693.75  3.554918E-14
7695.00  3.550411E-14
7696.25  3.549524E-14
7697.50  3.549410E-14
7698.75  3.544496E-14
7700.00  3.538506E-14
7701.25  3.537125E-14
7702.50  3.539319E-14
7703.75  3.535327E-14
7705.00  3.530261E-14
7706.25  3.529420E-14
7707.50  3.532298E-14
7708.75  3.529171E-14
7710.00  3.526320E-14
7711.25  3.528138E-14
7712.50  3.531258E-14
7713.75  3.529481E-14
7715.00  3.527672E-14
7716.25  3.532169E-14
7717.50  3.536077E-14
7718.75  3.536576E-14
7720.00  3.536249E-14
7721.25  3.539741E-14
7722.50  3.542577E-14
7723.75  3.544433E-14
7725.00  3.544980E-14
7726.25  3.546955E-14
7727.50  3.550321E-14
7728.75  3.552637E-14
7730.00  3.552675E-14
7731.25  3.552661E-14
7732.50  3.555780E-14
7733.75  3.558192E-14
7735.00  3.556225E-14
7736.25  3.554447E-14
7737.50  3.557624E-14
7738.75  3.558950E-14
7740.00  3.554297E-14
7741.25  3.552202E-14
7742.50  3.555687E-14
7743.75  3.555755E-14
7745.00  3.549447E-14
7746.25  3.547503E-14
7747.50  3.551068E-14
7748.75  3.549274E-14
7750.00  3.543845E-14
7751.25  3.544004E-14
7752.50  3.547379E-14
7753.75  3.543931E-14
7755.00  3.540150E-14
7756.25  3.542088E-14
7757.50  3.544560E-14
7758.75  3.540828E-14
7760.00  3.539142E-14
7761.25  3.542003E-14
7762.50  3.542576E-14
7763.75  3.539535E-14
7765.00  3.540041E-14
7766.25  3.542502E-14
7767.50  3.541063E-14
7768.75  3.539040E-14
7770.00  3.540556E-14
7771.25  3.541760E-14
7772.50  3.538739E-14
7773.75  3.537973E-14
7775.00  3.541088E-14
7776.25  3.540888E-14
7777.50  3.537239E-14
7778.75  3.537972E-14
7780.00  3.541501E-14
7781.25  3.539703E-14
7782.50  3.537214E-14
7783.75  3.539922E-14
7785.00  3.542652E-14
7786.25  3.539613E-14
7787.50  3.538585E-14
7788.75  3.543555E-14
7790.00  3.544983E-14
7791.25  3.542231E-14
7792.50  3.543308E-14
7793.75  3.548400E-14
7795.00  3.548197E-14
7796.25  3.547102E-14
7797.50  3.550310E-14
7798.75  3.554394E-14
7800.00  3.553805E-14
7801.25  3.554536E-14
7802.50  3.559040E-14
7803.75  3.561873E-14
7805.00  3.562177E-14
7806.25  3.564117E-14
7807.50  3.568491E-14
7808.75  3.570310E-14
7810.00  3.571350E-14
7811.25  3.574003E-14
7812.50  3.577534E-14
7813.75  3.578707E-14
7815.00  3.579630E-14
7816.25  3.581947E-14
7817.50  3.584483E-14
7818.75  3.584644E-14
7820.00  3.584127E-14
7821.25  3.586126E-14
7822.50  3.587657E-14
7823.75  3.586038E-14
7825.00  3.584268E-14
7826.25  3.586634E-14
7827.50  3.587285E-14
7828.75  3.583367E-14
7830.00  3.581195E-14
7831.25  3.584621E-14
7832.50  3.584801E-14
7833.75  3.579580E-14
7835.00  3.579271E-14
7836.25  3.583438E-14
7837.50  3.583073E-14
7838.75  3.578823E-14
7840.00  3.581210E-14
7841.25  3.585457E-14
7842.50  3.583909E-14
7843.75  3.582086E-14
7845.00  3.586632E-14
7846.25  3.590479E-14
7847.50  3.588093E-14
7848.75  3.588427E-14
7850.00  3.593640E-14
7851.25  3.595992E-14
7852.50  3.593767E-14
7853.75  3.595516E-14
7855.00  3.599805E-14
7856.25  3.599641E-14
7857.50  3.597979E-14
7858.75  3.600186E-14
7860.00  3.602630E-14
7861.25  3.600737E-14
7862.50  3.598685E-14
7863.75  3.600470E-14
7865.00  3.601744E-14
7866.25  3.599185E-14
7867.50  3.596773E-14
7868.75  3.597493E-14
7870.00  3.597824E-14
7871.25  3.595108E-14
7872.50  3.592728E-14
7873.75  3.592612E-14
7875.00  3.592109E-14
7876.25  3.589143E-14
7877.50  3.587132E-14
7878.75  3.586621E-14
7880.00  3.585094E-14
7881.25  3.581988E-14
7882.50  3.580005E-14
7883.75  3.579062E-14
7885.00  3.576952E-14
7886.25  3.573877E-14
7887.50  3.571710E-14
7888.75  3.569643E-14
7890.00  3.567474E-14
7891.25  3.564618E-14
7892.50  3.561350E-14
7893.75  3.558325E-14
7895.00  3.556637E-14
7896.25  3.553889E-14
7897.50  3.549345E-14
7898.75  3.546415E-14
7900.00  3.545366E-14
7901.25  3.541708E-14
7902.50  3.535779E-14
7903.75  3.534285E-14
7905.00  3.534055E-14
7906.25  3.528737E-14
7907.50  3.522221E-14
7908.75  3.522841E-14
7910.00  3.522910E-14
7911.25  3.515408E-14
7912.50  3.510226E-14
7913.75  3.513262E-14
7915.00  3.512985E-14
7916.25  3.504399E-14
7917.50  3.501384E-14
7918.75  3.505964E-14
7920.00  3.504540E-14
7921.25  3.496543E-14
7922.50  3.496228E-14
7923.75  3.500899E-14
7925.00  3.497985E-14
7926.25  3.490857E-14
7927.50  3.493060E-14
7928.75  3.497035E-14
7930.00  3.492467E-14
7931.25  3.486454E-14
7932.50  3.490123E-14
7933.75  3.492964E-14
7935.00  3.487862E-14
7936.25  3.483507E-14
7937.50  3.486615E-14
7938.75  3.487426E-14
7940.00  3.483622E-14
7941.25  3.482384E-14
7942.50  3.484168E-14
7943.75  3.482697E-14
7945.00  3.481078E-14
7946.25  3.482951E-14
7947.50  3.484133E-14
7948.75  3.481939E-14
7950.00  3.482952E-14
7951.25  3.486737E-14
7952.50  3.487263E-14
7953.75  3.485687E-14
7955.00  3.489228E-14
7956.25  3.493442E-14
7957.50  3.493025E-14
7958.75  3.492896E-14
7960.00  3.498404E-14
7961.25  3.502267E-14
7962.50  3.500596E-14
7963.75  3.501703E-14
7965.00  3.508089E-14
7966.25  3.511368E-14
7967.50  3.509064E-14
7968.75  3.510640E-14
7970.00  3.516770E-14
7971.25  3.519222E-14
7972.50  3.516616E-14
7973.75  3.518403E-14
7975.00  3.523816E-14
7976.25  3.525173E-14
7977.50  3.522223E-14
7978.75  3.524142E-14
7980.00  3.528655E-14
7981.25  3.529140E-14
7982.50  3.526305E-14
7983.75  3.528197E-14
7985.00  3.531904E-14
7986.25  3.531201E-14
7987.50  3.528656E-14
7988.75  3.530880E-14
7990.00  3.534178E-14
7991.25  3.532954E-14
7992.50  3.530618E-14
7993.75  3.532780E-14
7995.00  3.536120E-14
7996.25  3.535049E-14
7997.50  3.533245E-14
7998.75  3.535627E-14
8000.00  3.539400E-14
8001.25  3.538704E-14
8002.50  3.538050E-14
8003.75  3.540967E-14
8005.00  3.544738E-14
8006.25  3.544134E-14
8007.50  3.544679E-14
8008.75  3.548218E-14
8010.00  3.551065E-14
8011.25  3.550374E-14
8012.50  3.552026E-14
8013.75  3.555929E-14
8015.00  3.557042E-14
8016.25  3.556041E-14
8017.50  3.558466E-14
8018.75  3.561894E-14
8020.00  3.561127E-14
8021.25  3.560048E-14
8022.50  3.563012E-14
8023.75  3.565462E-14
8025.00  3.563255E-14
8026.25  3.562464E-14
8027.50  3.565555E-14
8028.75  3.567065E-14
8030.00  3.564768E-14
8031.25  3.564968E-14
8032.50  3.567463E-14
8033.75  3.567581E-14
8035.00  3.565880E-14
8036.25  3.567244E-14
8037.50  3.568814E-14
8038.75  3.567924E-14
8040.00  3.567039E-14
8041.25  3.569247E-14
8042.50  3.569554E-14
8043.75  3.568168E-14
8045.00  3.568318E-14
8046.25  3.570777E-14
8047.50  3.569901E-14
8048.75  3.568512E-14
8050.00  3.570194E-14
8051.25  3.572599E-14
8052.50  3.570278E-14
8053.75  3.569027E-14
8055.00  3.571607E-14
8056.25  3.573480E-14
8057.50  3.570045E-14
8058.75  3.568720E-14
8060.00  3.571051E-14
8061.25  3.572263E-14
8062.50  3.568240E-14
8063.75  3.566041E-14
8065.00  3.567145E-14
8066.25  3.567894E-14
8067.50  3.563831E-14
8068.75  3.559952E-14
8070.00  3.559441E-14
8071.25  3.560542E-14
8072.50  3.557087E-14
8073.75  3.551351E-14
8075.00  3.549620E-14
8076.25  3.551617E-14
8077.50  3.549071E-14
8078.75  3.542089E-14
8080.00  3.540066E-14
8081.25  3.543020E-14
8082.50  3.541157E-14
8083.75  3.534093E-14
8085.00  3.532855E-14
8086.25  3.536291E-14
8087.50  3.534935E-14
8088.75  3.529357E-14
8090.00  3.529298E-14
8091.25  3.532223E-14
8092.50  3.531328E-14
8093.75  3.528371E-14
8095.00  3.529440E-14
8096.25  3.531644E-14
8097.50  3.531413E-14
8098.75  3.531087E-14
8100.00  3.532502E-14
8101.25  3.534060E-14
8102.50  3.534906E-14
8103.75  3.536383E-14
8105.00  3.537393E-14
8106.25  3.538033E-14
8107.50  3.540137E-14
8108.75  3.542562E-14
8110.00  3.542534E-14
8111.25  3.542580E-14
8112.50  3.545720E-14
8113.75  3.548035E-14
8115.00  3.546763E-14
8116.25  3.546978E-14
8117.50  3.550696E-14
8118.75  3.552070E-14
8120.00  3.549794E-14
8121.25  3.550921E-14
8122.50  3.554781E-14
8123.75  3.554658E-14
8125.00  3.551781E-14
8126.25  3.553746E-14
8127.50  3.557335E-14
8128.75  3.555634E-14
8130.00  3.552488E-14
8131.25  3.554960E-14
8132.50  3.557691E-14
8133.75  3.554449E-14
8135.00  3.551110E-14
8136.25  3.553747E-14
8137.50  3.555195E-14
8138.75  3.550465E-14
8140.00  3.546681E-14
8141.25  3.548824E-14
8142.50  3.548827E-14
8143.75  3.543110E-14
8145.00  3.538928E-14
8146.25  3.540013E-14
8147.50  3.538579E-14
8148.75  3.532484E-14
8150.00  3.528034E-14
8151.25  3.527898E-14
8152.50  3.525547E-14
8153.75  3.519741E-14
8155.00  3.515080E-14
8156.25  3.513737E-14
8157.50  3.511231E-14
8158.75  3.506513E-14
8160.00  3.501984E-14
8161.25  3.499398E-14
8162.50  3.496715E-14
8163.75  3.493516E-14
8165.00  3.490192E-14
8166.25  3.486538E-14
8167.50  3.482834E-14
8168.75  3.480582E-14
8170.00  3.478596E-14
8171.25  3.473877E-14
8172.50  3.468548E-14
8173.75  3.466415E-14
8175.00  3.465632E-14
8176.25  3.459730E-14
8177.50  3.452302E-14
8178.75  3.449638E-14
8180.00  3.450205E-14
8181.25  3.443875E-14
8182.50  3.434865E-14
8183.75  3.431525E-14
8185.00  3.433473E-14
8186.25  3.428592E-14
8187.50  3.419561E-14
8188.75  3.416337E-14
8190.00  3.420006E-14
8191.25  3.418523E-14
8192.50  3.411035E-14
8193.75  3.409243E-14
8195.00  3.415029E-14
8196.25  3.417493E-14
8197.50  3.412835E-14
8198.75  3.413713E-14
8200.00  3.421439E-14
8201.25  3.426378E-14
8202.50  3.424402E-14
8203.75  3.427662E-14
8205.00  3.435976E-14
8206.25  3.440835E-14
8207.50  3.440206E-14
8208.75  3.444455E-14
8210.00  3.451512E-14
8211.25  3.454094E-14
8212.50  3.453206E-14
8213.75  3.456457E-14
8215.00  3.460888E-14
8216.25  3.460427E-14
8217.50  3.458490E-14
8218.75  3.460176E-14
8220.00  3.462162E-14
8221.25  3.459390E-14
8222.50  3.456931E-14
8223.75  3.458309E-14
8225.00  3.459654E-14
8226.25  3.456638E-14
8227.50  3.455207E-14
8228.75  3.458453E-14
8230.00  3.461071E-14
8231.25  3.459632E-14
8232.50  3.460717E-14
8233.75  3.467366E-14
8235.00  3.472134E-14
8236.25  3.472664E-14
8237.50  3.476632E-14
8238.75  3.486440E-14
8240.00  3.492675E-14
8241.25  3.494297E-14
8242.50  3.500095E-14
8243.75  3.511264E-14
8245.00  3.517205E-14
8246.25  3.518462E-14
8247.50  3.524337E-14
8248.75  3.534575E-14
8250.00  3.538577E-14
8251.25  3.538400E-14
8252.50  3.543004E-14
8253.75  3.550666E-14
8255.00  3.552035E-14
8256.25  3.550185E-14
8257.50  3.552784E-14
8258.75  3.557150E-14
8260.00  3.555924E-14
8261.25  3.552802E-14
8262.50  3.553345E-14
8263.75  3.554491E-14
8265.00  3.551015E-14
8266.25  3.547049E-14
8267.50  3.545981E-14
8268.75  3.544542E-14
8270.00  3.539240E-14
8271.25  3.534654E-14
8272.50  3.532614E-14
8273.75  3.529705E-14
8275.00  3.523137E-14
8276.25  3.518014E-14
8277.50  3.515805E-14
8278.75  3.512871E-14
8280.00  3.505850E-14
8281.25  3.500286E-14
8282.50  3.498553E-14
8283.75  3.496859E-14
8285.00  3.490356E-14
8286.25  3.484535E-14
8287.50  3.483503E-14
8288.75  3.483645E-14
8290.00  3.478330E-14
8291.25  3.472603E-14
8292.50  3.472204E-14
8293.75  3.473806E-14
8295.00  3.469734E-14
8296.25  3.464652E-14
8297.50  3.464817E-14
8298.75  3.466815E-14
8300.00  3.463353E-14
8301.25  3.459536E-14
8302.50  3.460463E-14
8303.75  3.461692E-14
8305.00  3.457776E-14
8306.25  3.455506E-14
8307.50  3.457592E-14
8308.75  3.457498E-14
8310.00  3.452090E-14
8311.25  3.451045E-14
8312.50  3.454618E-14
8313.75  3.453508E-14
8315.00  3.446055E-14
8316.25  3.445209E-14
8317.50  3.450307E-14
8318.75  3.449340E-14
8320.00  3.440144E-14
8321.25  3.438182E-14
8322.50  3.444447E-14
8323.75  3.445123E-14
8325.00  3.435432E-14
8326.25  3.431617E-14
8327.50  3.438321E-14
8328.75  3.441790E-14
8330.00  3.433462E-14
8331.25  3.428002E-14
8332.50  3.434149E-14
8333.75  3.440673E-14
8335.00  3.435562E-14
8336.25  3.429536E-14
8337.50  3.434070E-14
8338.75  3.442947E-14
8340.00  3.441951E-14
8341.25  3.436625E-14
8342.50  3.438713E-14
8343.75  3.448474E-14
8345.00  3.451305E-14
8346.25  3.447492E-14
8347.50  3.446708E-14
8348.75  3.455645E-14
8350.00  3.460958E-14
8351.25  3.458776E-14
8352.50  3.455170E-14
8353.75  3.461871E-14
8355.00  3.467840E-14
8356.25  3.466886E-14
8357.50  3.461094E-14
8358.75  3.464748E-14
8360.00  3.469685E-14
8361.25  3.469117E-14
8362.50  3.462285E-14
8363.75  3.463195E-14
8365.00  3.465716E-14
8366.25  3.464220E-14
8367.50  3.457810E-14
8368.75  3.457440E-14
8370.00  3.456925E-14
8371.25  3.452904E-14
8372.50  3.448279E-14
8373.75  3.448859E-14
8375.00  3.445519E-14
8376.25  3.437700E-14
8377.50  3.435790E-14
8378.75  3.439465E-14
8380.00  3.434309E-14
8381.25  3.422783E-14
8382.50  3.423946E-14
8383.75  3.431706E-14
8385.00  3.425952E-14
8386.25  3.412554E-14
8387.50  3.416699E-14
8388.75  3.428025E-14
8390.00  3.422389E-14
8391.25  3.409686E-14
8392.50  3.416539E-14
8393.75  3.429811E-14
8395.00  3.424241E-14
8396.25  3.414161E-14
8397.50  3.423216E-14
8398.75  3.436445E-14
8400.00  3.430544E-14
8401.25  3.423105E-14
8402.50  3.433384E-14
8403.75  3.445098E-14
8405.00  3.438813E-14
8406.25  3.433269E-14
8407.50  3.443173E-14
8408.75  3.452188E-14
8410.00  3.445788E-14
8411.25  3.441384E-14
8412.50  3.449485E-14
8413.75  3.454998E-14
8415.00  3.448775E-14
8416.25  3.445354E-14
8417.50  3.450668E-14
8418.75  3.451819E-14
8420.00  3.446297E-14
8421.25  3.444489E-14
8422.50  3.446648E-14
8423.75  3.442781E-14
8425.00  3.438268E-14
8426.25  3.438471E-14
8427.50  3.437980E-14
8428.75  3.429435E-14
8430.00  3.426115E-14
8431.25  3.428803E-14
8432.50  3.426807E-14
8433.75  3.414714E-14
8435.00  3.412962E-14
8436.25  3.418345E-14
8437.50  3.416143E-14
8438.75  3.402465E-14
8440.00  3.401947E-14
8441.25  3.409519E-14
8442.50  3.408729E-14
8443.75  3.396394E-14
8445.00  3.396191E-14
8446.25  3.404871E-14
8447.50  3.406069E-14
8448.75  3.396577E-14
8450.00  3.395891E-14
8451.25  3.404099E-14
8452.50  3.406915E-14
8453.75  3.400971E-14
8455.00  3.399781E-14
8456.25  3.405801E-14
8457.50  3.409032E-14
8458.75  3.406399E-14
8460.00  3.404927E-14
8461.25  3.407907E-14
8462.50  3.410722E-14
8463.75  3.410879E-14
8465.00  3.409374E-14
8466.25  3.409531E-14
8467.50  3.411756E-14
8468.75  3.413870E-14
8470.00  3.411935E-14
8471.25  3.410020E-14
8472.50  3.412309E-14
8473.75  3.415382E-14
8475.00  3.411718E-14
8476.25  3.407939E-14
8477.50  3.411097E-14
8478.75  3.414035E-14
8480.00  3.407108E-14
8481.25  3.399972E-14
8482.50  3.403847E-14
8483.75  3.407187E-14
8485.00  3.396385E-14
8486.25  3.383531E-14
8487.50  3.387530E-14
8488.75  3.393257E-14
8490.00  3.380070E-14
8491.25  3.360009E-14
8492.50  3.363005E-14
8493.75  3.373910E-14
8495.00  3.362260E-14
8496.25  3.336144E-14
8497.50  3.336642E-14
8498.75  3.353977E-14
8500.00  3.348814E-14
8501.25  3.321866E-14
8502.50  3.318683E-14
8503.75  3.339791E-14
8505.00  3.343862E-14
8506.25  3.322860E-14
8507.50  3.316185E-14
8508.75  3.335280E-14
8510.00  3.346658E-14
8511.25  3.334008E-14
8512.50  3.324890E-14
8513.75  3.337232E-14
8515.00  3.350797E-14
8516.25  3.345351E-14
8517.50  3.334877E-14
8518.75  3.337556E-14
8520.00  3.346526E-14
8521.25  3.344519E-14
8522.50  3.333900E-14
8523.75  3.326468E-14
8525.00  3.325304E-14
8526.25  3.322476E-14
8527.50  3.312889E-14
8528.75  3.297745E-14
8530.00  3.284454E-14
8531.25  3.278324E-14
8532.50  3.271603E-14
8533.75  3.254181E-14
8535.00  3.231274E-14
8536.25  3.221636E-14
8537.50  3.220663E-14
8538.75  3.208008E-14
8540.00  3.181971E-14
8541.25  3.170609E-14
8542.50  3.177800E-14
8543.75  3.175790E-14
8545.00  3.156637E-14
8546.25  3.147415E-14
8547.50  3.162114E-14
8548.75  3.171730E-14
8550.00  3.166066E-14
8551.25  3.163297E-14
8552.50  3.182139E-14
8553.75  3.199281E-14
8555.00  3.204511E-14
8556.25  3.209553E-14
8557.50  3.229714E-14
8558.75  3.248959E-14
8560.00  3.259260E-14
8561.25  3.269387E-14
8562.50  3.287830E-14
8563.75  3.304450E-14
8565.00  3.314034E-14
8566.25  3.324964E-14
8567.50  3.339701E-14
8568.75  3.351406E-14
8570.00  3.356825E-14
8571.25  3.365015E-14
8572.50  3.375736E-14
8573.75  3.382875E-14
8575.00  3.383485E-14
8576.25  3.387162E-14
8577.50  3.394599E-14
8578.75  3.398826E-14
8580.00  3.395680E-14
8581.25  3.394655E-14
8582.50  3.399711E-14
8583.75  3.402589E-14
8585.00  3.397594E-14
8586.25  3.392741E-14
8587.50  3.395775E-14
8588.75  3.398342E-14
8590.00  3.393236E-14
8591.25  3.386143E-14
8592.50  3.387318E-14
8593.75  3.389778E-14
8595.00  3.385520E-14
8596.25  3.378089E-14
8597.50  3.377739E-14
8598.75  3.379905E-14
8600.00  3.376961E-14
8601.25  3.371140E-14
8602.50  3.369988E-14
8603.75  3.371371E-14
8605.00  3.369518E-14
8606.25  3.366190E-14
8607.50  3.365550E-14
8608.75  3.366001E-14
8610.00  3.364513E-14
8611.25  3.363339E-14
8612.50  3.364210E-14
8613.75  3.364292E-14
8615.00  3.362793E-14
8616.25  3.363035E-14
8617.50  3.365341E-14
8618.75  3.365410E-14
8620.00  3.363635E-14
8621.25  3.364450E-14
8622.50  3.367532E-14
8623.75  3.367530E-14
8625.00  3.365028E-14
8626.25  3.365550E-14
8627.50  3.368446E-14
8628.75  3.367809E-14
8630.00  3.364206E-14
8631.25  3.363216E-14
8632.50  3.364798E-14
8633.75  3.362375E-14
8635.00  3.356665E-14
8636.25  3.352952E-14
8637.50  3.352133E-14
8638.75  3.346508E-14
8640.00  3.337199E-14
8641.25  3.329998E-14
8642.50  3.325890E-14
8643.75  3.316750E-14
8645.00  3.302488E-14
8646.25  3.291470E-14
8647.50  3.284193E-14
8648.75  3.272135E-14
8650.00  3.252510E-14
8651.25  3.238117E-14
8652.50  3.230035E-14
8653.75  3.217865E-14
8655.00  3.193951E-14
8656.25  3.177751E-14
8657.50  3.172337E-14
8658.75  3.165039E-14
8660.00  3.139383E-14
8661.25  3.122814E-14
8662.50  3.122223E-14
8663.75  3.125011E-14
8665.00  3.106023E-14
8666.25  3.091114E-14
8667.50  3.094524E-14
8668.75  3.106623E-14
8670.00  3.100626E-14
8671.25  3.089878E-14
8672.50  3.095091E-14
8673.75  3.111875E-14
8675.00  3.117598E-14
8676.25  3.112134E-14
8677.50  3.117670E-14
8678.75  3.135740E-14
8680.00  3.148603E-14
8681.25  3.146796E-14
8682.50  3.151309E-14
8683.75  3.168140E-14
8685.00  3.183510E-14
8686.25  3.182914E-14
8687.50  3.185080E-14
8688.75  3.198994E-14
8690.00  3.214559E-14
8691.25  3.215614E-14
8692.50  3.215688E-14
8693.75  3.225900E-14
8695.00  3.239530E-14
8696.25  3.242054E-14
8697.50  3.241325E-14
8698.75  3.248330E-14
8700.00  3.259599E-14
8701.25  3.263533E-14
8702.50  3.263198E-14
8703.75  3.267945E-14
8705.00  3.276394E-14
8706.25  3.281336E-14
8707.50  3.281873E-14
8708.75  3.285239E-14
8710.00  3.290473E-14
8711.25  3.294339E-14
8712.50  3.296011E-14
8713.75  3.299174E-14
8715.00  3.301753E-14
8716.25  3.302794E-14
8717.50  3.304616E-14
8718.75  3.307513E-14
8720.00  3.308662E-14
8721.25  3.307228E-14
8722.50  3.307676E-14
8723.75  3.309168E-14
8725.00  3.309556E-14
8726.25  3.307106E-14
8727.50  3.305686E-14
8728.75  3.304681E-14
8730.00  3.304435E-14
8731.25  3.302622E-14
8732.50  3.299990E-14
8733.75  3.295786E-14
8735.00  3.293846E-14
8736.25  3.293757E-14
8737.50  3.292172E-14
8738.75  3.285689E-14
8740.00  3.280735E-14
8741.25  3.281740E-14
8742.50  3.283071E-14
8743.75  3.276485E-14
8745.00  3.268732E-14
8746.25  3.269617E-14
8747.50  3.274268E-14
8748.75  3.269677E-14
8750.00  3.259765E-14
8751.25  3.259888E-14
8752.50  3.267862E-14
8753.75  3.267250E-14
8755.00  3.256405E-14
8756.25  3.254767E-14
8757.50  3.264241E-14
8758.75  3.268468E-14
8760.00  3.259483E-14
8761.25  3.256132E-14
8762.50  3.264401E-14
8763.75  3.271823E-14
8765.00  3.266338E-14
8766.25  3.261973E-14
8767.50  3.268100E-14
8768.75  3.277091E-14
8770.00  3.275193E-14
8771.25  3.269758E-14
8772.50  3.273187E-14
8773.75  3.282403E-14
8775.00  3.283746E-14
8776.25  3.278489E-14
8777.50  3.278918E-14
8778.75  3.285918E-14
8780.00  3.289360E-14
8781.25  3.285476E-14
8782.50  3.283305E-14
8783.75  3.286565E-14
8785.00  3.290302E-14
8786.25  3.288473E-14
8787.50  3.283607E-14
8788.75  3.282271E-14
8790.00  3.284820E-14
8791.25  3.285013E-14
8792.50  3.279568E-14
8793.75  3.273962E-14
8795.00  3.273145E-14
8796.25  3.274567E-14
8797.50  3.271626E-14
8798.75  3.263471E-14
8800.00  3.257620E-14
8801.25  3.258631E-14
8802.50  3.260238E-14
8803.75  3.252207E-14
8805.00  3.242125E-14
8806.25  3.241054E-14
8807.50  3.246903E-14
8808.75  3.243726E-14
8810.00  3.233369E-14
8811.25  3.229300E-14
8812.50  3.236425E-14
8813.75  3.239785E-14
8815.00  3.233129E-14
8816.25  3.226517E-14
8817.50  3.231902E-14
8818.75  3.239693E-14
8820.00  3.238259E-14
8821.25  3.231404E-14
8822.50  3.233134E-14
8823.75  3.241981E-14
8825.00  3.245199E-14
8826.25  3.240854E-14
8827.50  3.239461E-14
8828.75  3.246702E-14
8830.00  3.251638E-14
8831.25  3.250064E-14
8832.50  3.247120E-14
8833.75  3.251851E-14
8835.00  3.255716E-14
8836.25  3.255071E-14
8837.50  3.251425E-14
8838.75  3.253598E-14
8840.00  3.256888E-14
8841.25  3.255967E-14
8842.50  3.252080E-14
8843.75  3.251407E-14
8845.00  3.253918E-14
8846.25  3.252491E-14
8847.50  3.248678E-14
8848.75  3.245019E-14
8850.00  3.245873E-14
8851.25  3.244675E-14
8852.50  3.241053E-14
8853.75  3.234938E-14
8855.00  3.232812E-14
8856.25  3.232306E-14
8857.50  3.230105E-14
8858.75  3.223617E-14
8860.00  3.217191E-14
8861.25  3.215881E-14
8862.50  3.216322E-14
8863.75  3.212580E-14
8865.00  3.203325E-14
8866.25  3.199942E-14
8867.50  3.202449E-14
8868.75  3.203098E-14
8870.00  3.194644E-14
8871.25  3.189111E-14
8872.50  3.191626E-14
8873.75  3.196159E-14
8875.00  3.191591E-14
8876.25  3.184905E-14
8877.50  3.186025E-14
8878.75  3.192672E-14
8880.00  3.192890E-14
8881.25  3.187121E-14
8882.50  3.186973E-14
8883.75  3.193121E-14
8885.00  3.196850E-14
8886.25  3.193340E-14
8887.50  3.192672E-14
8888.75  3.196867E-14
8890.00  3.201357E-14
8891.25  3.199788E-14
8892.50  3.199309E-14
8893.75  3.202334E-14
8895.00  3.206259E-14
8896.25  3.205509E-14
8897.50  3.204802E-14
8898.75  3.207307E-14
8900.00  3.210279E-14
8901.25  3.210131E-14
8902.50  3.208680E-14
8903.75  3.210812E-14
8905.00  3.213077E-14
8906.25  3.212774E-14
8907.50  3.210471E-14
8908.75  3.211958E-14
8910.00  3.213705E-14
8911.25  3.213485E-14
8912.50  3.211382E-14
8913.75  3.211433E-14
8915.00  3.212460E-14
8916.25  3.212555E-14
8917.50  3.211341E-14
8918.75  3.210234E-14
8920.00  3.210559E-14
8921.25  3.210474E-14
8922.50  3.210315E-14
8923.75  3.209215E-14
8925.00  3.208307E-14
8926.25  3.206848E-14
8927.50  3.207763E-14
8928.75  3.208404E-14
8930.00  3.206301E-14
8931.25  3.203495E-14
8932.50  3.204236E-14
8933.75  3.206060E-14
8935.00  3.203916E-14
8936.25  3.199722E-14
8937.50  3.198645E-14
8938.75  3.201069E-14
8940.00  3.199646E-14
8941.25  3.193938E-14
8942.50  3.190289E-14
8943.75  3.191896E-14
8945.00  3.191669E-14
8946.25  3.185382E-14
8947.50  3.180132E-14
8948.75  3.179434E-14
8950.00  3.179345E-14
8951.25  3.173521E-14
8952.50  3.166776E-14
8953.75  3.164067E-14
8955.00  3.163204E-14
8956.25  3.158389E-14
8957.50  3.151005E-14
8958.75  3.147513E-14
8960.00  3.145085E-14
8961.25  3.140978E-14
8962.50  3.133148E-14
8963.75  3.129434E-14
8965.00  3.126880E-14
8966.25  3.122958E-14
8967.50  3.115275E-14
8968.75  3.111135E-14
8970.00  3.108908E-14
8971.25  3.104845E-14
8972.50  3.097533E-14
8973.75  3.092023E-14
8975.00  3.090775E-14
8976.25  3.086265E-14
8977.50  3.079411E-14
8978.75  3.072204E-14
8980.00  3.072097E-14
8981.25  3.068536E-14
8982.50  3.062936E-14
8983.75  3.055485E-14
8985.00  3.053901E-14
8986.25  3.050683E-14
8987.50  3.045088E-14
8988.75  3.039330E-14
8990.00  3.036483E-14
8991.25  3.035506E-14
8992.50  3.030149E-14
8993.75  3.027865E-14
8995.00  3.026463E-14
8996.25  3.025695E-14
8997.50  3.019113E-14
8998.75  3.018034E-14
9000.00  3.019998E-14
9001.25  3.020421E-14
9002.50  3.014283E-14
9003.75  3.011797E-14
9005.00  3.018248E-14
9006.25  3.022924E-14
9007.50  3.018710E-14
9008.75  3.013814E-14
9010.00  3.021279E-14
9011.25  3.031111E-14
9012.50  3.030398E-14
9013.75  3.024621E-14
9015.00  3.030428E-14
9016.25  3.045185E-14
9017.50  3.051789E-14
9018.75  3.049016E-14
9020.00  3.053211E-14
9021.25  3.069378E-14
9022.50  3.082462E-14
9023.75  3.084730E-14
9025.00  3.088460E-14
9026.25  3.103647E-14
9027.50  3.120991E-14
9028.75  3.129646E-14
9030.00  3.135099E-14
9031.25  3.148144E-14
9032.50  3.165687E-14
9033.75  3.178199E-14
9035.00  3.185780E-14
9036.25  3.195650E-14
9037.50  3.209650E-14
9038.75  3.221717E-14
9040.00  3.230728E-14
9041.25  3.238475E-14
9042.50  3.247152E-14
9043.75  3.254730E-14
9045.00  3.263268E-14
9046.25  3.269400E-14
9047.50  3.272162E-14
9048.75  3.272160E-14
9050.00  3.276323E-14
9051.25  3.282129E-14
9052.50  3.282663E-14
9053.75  3.275827E-14
9055.00  3.272027E-14
9056.25  3.276786E-14
9057.50  3.277174E-14
9058.75  3.267118E-14
9060.00  3.254000E-14
9061.25  3.255297E-14
9062.50  3.258208E-14
9063.75  3.250646E-14
9065.00  3.231729E-14
9066.25  3.224666E-14
9067.50  3.229165E-14
9068.75  3.226828E-14
9070.00  3.209344E-14
9071.25  3.193190E-14
9072.50  3.196967E-14
9073.75  3.200377E-14
9075.00  3.189464E-14
9076.25  3.167467E-14
9077.50  3.165013E-14
9078.75  3.173325E-14
9080.00  3.171764E-14
9081.25  3.151322E-14
9082.50  3.139230E-14
9083.75  3.150043E-14
9085.00  3.156678E-14
9086.25  3.142813E-14
9087.50  3.121541E-14
9088.75  3.129326E-14
9090.00  3.143950E-14
9091.25  3.141464E-14
9092.50  3.116803E-14
9093.75  3.112402E-14
9095.00  3.132117E-14
9096.25  3.140984E-14
9097.50  3.122172E-14
9098.75  3.103571E-14
9100.00  3.119521E-14
9101.25  3.137807E-14
9102.50  3.132811E-14
9103.75  3.106643E-14
9105.00  3.106158E-14
9106.25  3.126711E-14
9107.50  3.136574E-14
9108.75  3.117974E-14
9110.00  3.101752E-14
9111.25  3.112194E-14
9112.50  3.128752E-14
9113.75  3.125993E-14
9115.00  3.105028E-14
9116.25  3.097630E-14
9117.50  3.108476E-14
9118.75  3.119696E-14
9120.00  3.110420E-14
9121.25  3.093963E-14
9122.50  3.088848E-14
9123.75  3.099858E-14
9125.00  3.105319E-14
9126.25  3.093496E-14
9127.50  3.075432E-14
9128.75  3.073550E-14
9130.00  3.086565E-14
9131.25  3.089507E-14
9132.50  3.073052E-14
9133.75  3.054929E-14
9135.00  3.061384E-14
9136.25  3.074616E-14
9137.50  3.070403E-14
9138.75  3.047242E-14
9140.00  3.039417E-14
9141.25  3.053173E-14
9142.50  3.061751E-14
9143.75  3.045964E-14
9145.00  3.027832E-14
9146.25  3.033928E-14
9147.50  3.047154E-14
9148.75  3.042710E-14
9150.00  3.024302E-14
9151.25  3.021236E-14
9152.50  3.032048E-14
9153.75  3.035024E-14
9155.00  3.020910E-14
9156.25  3.014891E-14
9157.50  3.022157E-14
9158.75  3.027372E-14
9160.00  3.017501E-14
9161.25  3.009380E-14
9162.50  3.014584E-14
9163.75  3.020344E-14
9165.00  3.014519E-14
9166.25  3.003833E-14
9167.50  3.008965E-14
9168.75  3.016645E-14
9170.00  3.014941E-14
9171.25  3.003287E-14
9172.50  3.003118E-14
9173.75  3.012898E-14
9175.00  3.016196E-14
9176.25  3.008822E-14
9177.50  3.004437E-14
9178.75  3.013431E-14
9180.00  3.020061E-14
9181.25  3.017945E-14
9182.50  3.012388E-14
9183.75  3.016726E-14
9185.00  3.025190E-14
9186.25  3.027334E-14
9187.50  3.024985E-14
9188.75  3.026959E-14
9190.00  3.032925E-14
9191.25  3.035120E-14
9192.50  3.034305E-14
9193.75  3.034678E-14
9195.00  3.037834E-14
9196.25  3.040116E-14
9197.50  3.039546E-14
9198.75  3.038907E-14
9200.00  3.039570E-14
9201.25  3.039682E-14
9202.50  3.038375E-14
9203.75  3.036195E-14
9205.00  3.033270E-14
9206.25  3.031777E-14
9207.50  3.032025E-14
9208.75  3.030900E-14
9210.00  3.025148E-14
9211.25  3.018866E-14
9212.50  3.019163E-14
9213.75  3.022298E-14
9215.00  3.018024E-14
9216.25  3.006905E-14
9217.50  3.003551E-14
9218.75  3.010722E-14
9220.00  3.013858E-14
9221.25  3.003357E-14
9222.50  2.992283E-14
9223.75  2.997311E-14
9225.00  3.008794E-14
9226.25  3.006429E-14
9227.50  2.992830E-14
9228.75  2.989732E-14
9230.00  3.002932E-14
9231.25  3.011913E-14
9232.50  3.004643E-14
9233.75  2.994470E-14
9235.00  3.000283E-14
9236.25  3.014815E-14
9237.50  3.018451E-14
9238.75  3.010220E-14
9240.00  3.007523E-14
9241.25  3.019554E-14
9242.50  3.031356E-14
9243.75  3.030988E-14
9245.00  3.024307E-14
9246.25  3.028396E-14
9247.50  3.041248E-14
9248.75  3.048651E-14
9250.00  3.045027E-14
9251.25  3.043260E-14
9252.50  3.052990E-14
9253.75  3.063767E-14
9255.00  3.064687E-14
9256.25  3.059994E-14
9257.50  3.064372E-14
9258.75  3.075152E-14
9260.00  3.079968E-14
9261.25  3.075378E-14
9262.50  3.075122E-14
9263.75  3.083725E-14
9265.00  3.089529E-14
9266.25  3.085768E-14
9267.50  3.081062E-14
9268.75  3.085394E-14
9270.00  3.091145E-14
9271.25  3.088299E-14
9272.50  3.080950E-14
9273.75  3.081589E-14
9275.00  3.085991E-14
9276.25  3.082943E-14
9277.50  3.073207E-14
9278.75  3.068317E-14
9280.00  3.071266E-14
9281.25  3.070543E-14
9282.50  3.061043E-14
9283.75  3.052865E-14
9285.00  3.051341E-14
9286.25  3.051720E-14
9287.50  3.046709E-14
9288.75  3.036231E-14
9290.00  3.031328E-14
9291.25  3.032675E-14
9292.50  3.033478E-14
9293.75  3.028441E-14
9295.00  3.020490E-14
9296.25  3.016823E-14
9297.50  3.020202E-14
9298.75  3.027142E-14
9300.00  3.023574E-14
9301.25  3.018712E-14
9302.50  3.018340E-14
9303.75  3.028360E-14
9305.00  3.038573E-14
9306.25  3.033419E-14
9307.50  3.031537E-14
9308.75  3.039065E-14
9310.00  3.056669E-14
9311.25  3.060929E-14
9312.50  3.058218E-14
9313.75  3.058269E-14
9315.00  3.074999E-14
9316.25  3.090938E-14
9317.50  3.088315E-14
9318.75  3.088726E-14
9320.00  3.095929E-14
9321.25  3.111357E-14
9322.50  3.116136E-14
9323.75  3.115168E-14
9325.00  3.117450E-14
9326.25  3.127687E-14
9327.50  3.135272E-14
9328.75  3.134537E-14
9330.00  3.135480E-14
9331.25  3.139273E-14
9332.50  3.145610E-14
9333.75  3.145954E-14
9335.00  3.145385E-14
9336.25  3.146863E-14
9337.50  3.149901E-14
9338.75  3.150584E-14
9340.00  3.148888E-14
9341.25  3.149265E-14
9342.50  3.150023E-14
9343.75  3.150638E-14
9345.00  3.148732E-14
9346.25  3.147850E-14
9347.50  3.147820E-14
9348.75  3.147750E-14
9350.00  3.146243E-14
9351.25  3.144594E-14
9352.50  3.144384E-14
9353.75  3.143257E-14
9355.00  3.142428E-14
9356.25  3.141149E-14
9357.50  3.140758E-14
9358.75  3.139708E-14
9360.00  3.138175E-14
9361.25  3.137507E-14
9362.50  3.137670E-14
9363.75  3.137338E-14
9365.00  3.135514E-14
9366.25  3.134663E-14
9367.50  3.135233E-14
9368.75  3.136343E-14
9370.00  3.135121E-14
9371.25  3.133338E-14
9372.50  3.133857E-14
9373.75  3.136170E-14
9375.00  3.136666E-14
9376.25  3.134916E-14
9377.50  3.134061E-14
9378.75  3.136280E-14
9380.00  3.138966E-14
9381.25  3.138200E-14
9382.50  3.136316E-14
9383.75  3.137030E-14
9385.00  3.140329E-14
9386.25  3.141632E-14
9387.50  3.139661E-14
9388.75  3.138039E-14
9390.00  3.140405E-14
9391.25  3.143453E-14
9392.50  3.142633E-14
9393.75  3.139486E-14
9395.00  3.139231E-14
9396.25  3.142168E-14
9397.50  3.143599E-14
9398.75  3.140821E-14
9400.00  3.137684E-14
9401.25  3.139089E-14
9402.50  3.141700E-14
9403.75  3.141013E-14
9405.00  3.137107E-14
9406.25  3.135737E-14
9407.50  3.138312E-14
9408.75  3.140250E-14
9410.00  3.137500E-14
9411.25  3.133972E-14
9412.50  3.134990E-14
9413.75  3.138396E-14
9415.00  3.138754E-14
9416.25  3.135159E-14
9417.50  3.133445E-14
9418.75  3.136414E-14
9420.00  3.139640E-14
9421.25  3.137966E-14
9422.50  3.134580E-14
9423.75  3.135152E-14
9425.00  3.139132E-14
9426.25  3.140483E-14
9427.50  3.136965E-14
9428.75  3.134271E-14
9430.00  3.136932E-14
9431.25  3.140585E-14
9432.50  3.139095E-14
9433.75  3.133850E-14
9435.00  3.133042E-14
9436.25  3.136696E-14
9437.50  3.138436E-14
9438.75  3.133946E-14
9440.00  3.128900E-14
9441.25  3.130507E-14
9442.50  3.133920E-14
9443.75  3.132715E-14
9445.00  3.126651E-14
9446.25  3.124354E-14
9447.50  3.127781E-14
9448.75  3.130447E-14
9450.00  3.126478E-14
9451.25  3.121212E-14
9452.50  3.122502E-14
9453.75  3.127477E-14
9455.00  3.128083E-14
9456.25  3.123436E-14
9457.50  3.121274E-14
9458.75  3.125549E-14
9460.00  3.130187E-14
9461.25  3.128681E-14
9462.50  3.125710E-14
9463.75  3.126987E-14
9465.00  3.132490E-14
9466.25  3.134895E-14
9467.50  3.132944E-14
9468.75  3.131780E-14
9470.00  3.135426E-14
9471.25  3.140067E-14
9472.50  3.140149E-14
9473.75  3.138676E-14
9475.00  3.139122E-14
9476.25  3.142990E-14
9477.50  3.145114E-14
9478.75  3.144227E-14
9480.00  3.143489E-14
9481.25  3.144718E-14
9482.50  3.146628E-14
9483.75  3.146845E-14
9485.00  3.145999E-14
9486.25  3.145748E-14
9487.50  3.146162E-14
9488.75  3.146305E-14
9490.00  3.145821E-14
9491.25  3.145298E-14
9492.50  3.144869E-14
9493.75  3.143610E-14
9495.00  3.143220E-14
9496.25  3.142810E-14
9497.50  3.142508E-14
9498.75  3.140949E-14
9500.00  3.139022E-14
9501.25  3.138874E-14
9502.50  3.138859E-14
9503.75  3.138064E-14
9505.00  3.135517E-14
9506.25  3.134279E-14
9507.50  3.134534E-14
9508.75  3.134773E-14
9510.00  3.132841E-14
9511.25  3.130277E-14
9512.50  3.130175E-14
9513.75  3.130833E-14
9515.00  3.130642E-14
9516.25  3.127668E-14
9517.50  3.126021E-14
9518.75  3.126810E-14
9520.00  3.127483E-14
9521.25  3.125803E-14
9522.50  3.122654E-14
9523.75  3.122208E-14
9525.00  3.123304E-14
9526.25  3.123217E-14
9527.50  3.119383E-14
9528.75  3.116582E-14
9530.00  3.117224E-14
9531.25  3.118523E-14
9532.50  3.116435E-14
9533.75  3.110149E-14
9535.00  3.108907E-14
9536.25  3.110530E-14
9537.50  3.111042E-14
9538.75  3.105797E-14
9540.00  3.099796E-14
9541.25  3.100626E-14
9542.50  3.102778E-14
9543.75  3.101101E-14
9545.00  3.094029E-14
9546.25  3.090808E-14
9547.50  3.093782E-14
9548.75  3.095929E-14
9550.00  3.091733E-14
9551.25  3.085401E-14
9552.50  3.086092E-14
9553.75  3.091171E-14
9555.00  3.092090E-14
9556.25  3.086696E-14
9557.50  3.083582E-14
9558.75  3.088019E-14
9560.00  3.092935E-14
9561.25  3.092027E-14
9562.50  3.088618E-14
9563.75  3.089395E-14
9565.00  3.095199E-14
9566.25  3.098255E-14
9567.50  3.097191E-14
9568.75  3.095985E-14
9570.00  3.099326E-14
9571.25  3.104440E-14
9572.50  3.105623E-14
9573.75  3.105438E-14
9575.00  3.105588E-14
9576.25  3.109759E-14
9577.50  3.112775E-14
9578.75  3.113252E-14
9580.00  3.113733E-14
9581.25  3.114698E-14
9582.50  3.117323E-14
9583.75  3.118603E-14
9585.00  3.119463E-14
9586.25  3.120004E-14
9587.50  3.120463E-14
9588.75  3.121376E-14
9590.00  3.122252E-14
9591.25  3.123223E-14
9592.50  3.123159E-14
9593.75  3.122496E-14
9595.00  3.122768E-14
9596.25  3.123743E-14
9597.50  3.124280E-14
9598.75  3.123250E-14
9600.00  3.122184E-14
9601.25  3.122590E-14
9602.50  3.123479E-14
9603.75  3.123216E-14
9605.00  3.121488E-14
9606.25  3.120784E-14
9607.50  3.121569E-14
9608.75  3.122170E-14
9610.00  3.120995E-14
9611.25  3.119252E-14
9612.50  3.119339E-14
9613.75  3.120417E-14
9615.00  3.120359E-14
9616.25  3.118400E-14
9617.50  3.117298E-14
9618.75  3.118135E-14
9620.00  3.119018E-14
9621.25  3.117759E-14
9622.50  3.115524E-14
9623.75  3.115351E-14
9625.00  3.116524E-14
9626.25  3.116634E-14
9627.50  3.113592E-14
9628.75  3.111667E-14
9630.00  3.112262E-14
9631.25  3.113418E-14
9632.50  3.111848E-14
9633.75  3.107031E-14
9635.00  3.106171E-14
9636.25  3.107205E-14
9637.50  3.107565E-14
9638.75  3.103614E-14
9640.00  3.099029E-14
9641.25  3.099187E-14
9642.50  3.100215E-14
9643.75  3.099024E-14
9645.00  3.093681E-14
9646.25  3.090757E-14
9647.50  3.091706E-14
9648.75  3.092445E-14
9650.00  3.089649E-14
9651.25  3.084793E-14
9652.50  3.084020E-14
9653.75  3.085380E-14
9655.00  3.085595E-14
9656.25  3.082132E-14
9657.50  3.079265E-14
9658.75  3.080091E-14
9660.00  3.081371E-14
9661.25  3.081169E-14
9662.50  3.078415E-14
9663.75  3.077687E-14
9665.00  3.079084E-14
9666.25  3.080028E-14
9667.50  3.079844E-14
9668.75  3.078690E-14
9670.00  3.079049E-14
9671.25  3.080238E-14
9672.50  3.080972E-14
9673.75  3.081424E-14
9675.00  3.081079E-14
9676.25  3.081609E-14
9677.50  3.082426E-14
9678.75  3.083347E-14
9680.00  3.084099E-14
9681.25  3.083698E-14
9682.50  3.083895E-14
9683.75  3.084521E-14
9685.00  3.085717E-14
9686.25  3.086159E-14
9687.50  3.085059E-14
9688.75  3.084830E-14
9690.00  3.085522E-14
9691.25  3.086665E-14
9692.50  3.086171E-14
9693.75  3.084213E-14
9695.00  3.083895E-14
9696.25  3.084532E-14
9697.50  3.085093E-14
9698.75  3.083365E-14
9700.00  3.081299E-14
9701.25  3.080867E-14
9702.50  3.081172E-14
9703.75  3.080798E-14
9705.00  3.078322E-14
9706.25  3.076638E-14
9707.50  3.075722E-14
9708.75  3.075613E-14
9710.00  3.074366E-14
9711.25  3.072020E-14
9712.50  3.070590E-14
9713.75  3.069009E-14
9715.00  3.068608E-14
9716.25  3.066850E-14
9717.50  3.065178E-14
9718.75  3.063465E-14
9720.00  3.061747E-14
9721.25  3.060928E-14
9722.50  3.059196E-14
9723.75  3.058047E-14
9725.00  3.056016E-14
9726.25  3.054570E-14
9727.50  3.053095E-14
9728.75  3.051910E-14
9730.00  3.050941E-14
9731.25  3.049071E-14
9732.50  3.047656E-14
9733.75  3.045715E-14
9735.00  3.045306E-14
9736.25  3.044440E-14
9737.50  3.043083E-14
9738.75  3.041313E-14
9740.00  3.039521E-14
9741.25  3.039918E-14
9742.50  3.039467E-14
9743.75  3.038365E-14
9745.00  3.036194E-14
9746.25  3.035229E-14
9747.50  3.036601E-14
9748.75  3.036523E-14
9750.00  3.035184E-14
9751.25  3.033171E-14
9752.50  3.033607E-14
9753.75  3.035736E-14
9755.00  3.035523E-14
9756.25  3.033817E-14
9757.50  3.032677E-14
9758.75  3.034591E-14
9760.00  3.036792E-14
9761.25  3.035728E-14
9762.50  3.033938E-14
9763.75  3.034162E-14
9765.00  3.036979E-14
9766.25  3.038311E-14
9767.50  3.035926E-14
9768.75  3.034640E-14
9770.00  3.036210E-14
9771.25  3.038953E-14
9772.50  3.038458E-14
9773.75  3.035236E-14
9775.00  3.035143E-14
9776.25  3.037564E-14
9777.50  3.039231E-14
9778.75  3.036771E-14
9780.00  3.033679E-14
9781.25  3.035360E-14
9782.50  3.038026E-14
9783.75  3.038061E-14
9785.00  3.034407E-14
9786.25  3.032795E-14
9787.50  3.036517E-14
9788.75  3.038704E-14
9790.00  3.037284E-14
9791.25  3.033821E-14
9792.50  3.034905E-14
9793.75  3.039931E-14
9795.00  3.041157E-14
9796.25  3.039102E-14
9797.50  3.037123E-14
9798.75  3.041089E-14
9800.00  3.046051E-14
