1400.00  5.343830E-15
1403.00  5.515439E-15
1406.00  5.594323E-15
1409.00  5.752179E-15
1412.00  6.077665E-15
1415.00  6.258701E-15
1418.00  6.306967E-15
1421.00  6.378239E-15
1424.00  6.439998E-15
1427.00  6.469493E-15
1430.00  6.528744E-15
1433.00  6.604600E-15
1436.00  6.661688E-15
1439.00  6.790221E-15
1442.00  6.922302E-15
1445.00  6.954564E-15
1448.00  6.937439E-15
1451.00  6.842293E-15
1454.00  6.713327E-15
1457.00  6.630636E-15
1460.00  6.389398E-15
1463.00  6.069534E-15
1466.00  5.964787E-15
1469.00  6.006997E-15
1472.00  6.107333E-15
1475.00  6.168053E-15
1478.00  6.188640E-15
1481.00  6.211562E-15
1484.00  6.232148E-15
1487.00  6.241489E-15
1490.00  6.238115E-15
1493.00  6.229553E-15
1496.00  6.214935E-15
1499.00  6.076714E-15
1502.00  5.782194E-15
1505.00  5.586799E-15
1508.00  5.348414E-15
1511.00  5.000958E-15
1514.00  4.940152E-15
1517.00  5.095067E-15
1520.00  5.185023E-15
1523.00  5.214604E-15
1526.00  5.203533E-15
1529.00  4.997412E-15
1532.00  4.568044E-15
1535.00  4.319800E-15
1538.00  4.293505E-15
1541.00  4.330007E-15
1544.00  4.364173E-15
1547.00  4.371092E-15
1550.00  4.347219E-15
1553.00  4.313053E-15
1556.00  4.311323E-15
1559.00  4.379050E-15
1562.00  4.513293E-15
1565.00  4.599962E-15
1568.00  4.666391E-15
1571.00  4.816029E-15
1574.00  4.951309E-15
1577.00  5.010732E-15
1580.00  5.106311E-15
1583.00  5.228531E-15
1586.00  5.280083E-15
1589.00  5.279044E-15
1592.00  5.259583E-15
1595.00  5.251279E-15
1598.00  5.267367E-15
1601.00  5.311481E-15
1604.00  5.352393E-15
1607.00  5.370211E-15
1610.00  5.386127E-15
1613.00  5.403858E-15
1616.00  5.404724E-15
1619.00  5.344262E-15
1622.00  5.217805E-15
1625.00  5.148002E-15
1628.00  5.203533E-15
1631.00  5.398495E-15
1634.00  5.579013E-15
1637.00  5.640512E-15
1640.00  5.671651E-15
1643.00  5.704520E-15
1646.00  5.709017E-15
1649.00  5.633247E-15
1652.00  5.476256E-15
1655.00  5.386040E-15
1658.00  5.437678E-15
1661.00  5.630479E-15
1664.00  5.799319E-15
1667.00  5.766538E-15
1670.00  5.574775E-15
1673.00  5.558254E-15
1676.00  5.879415E-15
1679.00  6.176530E-15
1682.00  6.309302E-15
1685.00  6.368639E-15
1688.00  6.320546E-15
1691.00  6.128178E-15
1694.00  5.945845E-15
1697.00  5.883740E-15
1700.00  5.846115E-15
1703.00  5.800185E-15
1706.00  5.769738E-15
1709.00  5.699417E-15
1712.00  5.565433E-15
1715.00  5.478937E-15
1718.00  5.465617E-15
1721.00  5.473661E-15
1724.00  5.486117E-15
1727.00  5.530749E-15
1730.00  5.680042E-15
1733.00  5.878723E-15
1736.00  5.967469E-15
1739.00  5.944720E-15
1742.00  5.870852E-15
1745.00  5.829594E-15
1748.00  5.877253E-15
1751.00  6.025075E-15
1754.00  6.164594E-15
1757.00  6.173157E-15
1760.00  6.027237E-15
1763.00  5.820944E-15
1766.00  5.723117E-15
1769.00  5.703482E-15
1772.00  5.691804E-15
1775.00  5.690940E-15
1778.00  5.728826E-15
1781.00  5.824663E-15
1784.00  5.923010E-15
1787.00  6.002326E-15
1790.00  6.168053E-15
1793.00  6.386284E-15
1796.00  6.497085E-15
1799.00  6.531598E-15
1802.00  6.557287E-15
1805.00  6.561699E-15
1808.00  6.469926E-15
1811.00  6.220989E-15
1814.00  5.976896E-15
1817.00  5.911072E-15
1820.00  5.955013E-15
1823.00  6.028016E-15
1826.00  6.055695E-15
1829.00  6.014522E-15
1832.00  5.921193E-15
1835.00  5.841703E-15
1838.00  5.726749E-15
1841.00  5.475996E-15
1844.00  5.229828E-15
1847.00  5.152933E-15
1850.00  5.167983E-15
1853.00  5.205608E-15
1856.00  5.242629E-15
1859.00  5.323590E-15
1862.00  5.463541E-15
1865.00  5.574775E-15
1868.00  5.677359E-15
1871.00  5.859522E-15
1874.00  6.032428E-15
1877.00  6.047997E-15
1880.00  5.894119E-15
1883.00  5.666720E-15
1886.00  5.545367E-15
1889.00  5.483348E-15
1892.00  5.410086E-15
1895.00  5.371595E-15
1898.00  5.423580E-15
1901.00  5.575640E-15
1904.00  5.725798E-15
1907.00  5.758320E-15
1910.00  5.683847E-15
1913.00  5.566644E-15
1916.00  5.498832E-15
1919.00  5.446761E-15
1922.00  5.372374E-15
1925.00  5.320131E-15
1928.00  5.299197E-15
1931.00  5.281293E-15
1934.00  5.272731E-15
1937.00  5.332845E-15
1940.00  5.526596E-15
1943.00  5.790497E-15
1946.00  5.909256E-15
1949.00  5.859781E-15
1952.00  5.711267E-15
1955.00  5.612920E-15
1958.00  5.653487E-15
1961.00  5.862375E-15
1964.00  6.152657E-15
1967.00  6.311464E-15
1970.00  6.370887E-15
1973.00  6.411887E-15
1976.00  6.427283E-15
1979.00  6.370801E-15
1982.00  6.247717E-15
1985.00  6.154214E-15
1988.00  6.100846E-15
1991.00  6.045748E-15
1994.00  6.004749E-15
1997.00  6.005960E-15
2000.00  6.047218E-15
2003.00  6.104392E-15
2006.00  6.130601E-15
2009.00  6.114599E-15
2012.00  6.069880E-15
2015.00  6.039780E-15
2018.00  6.039953E-15
2021.00  6.060452E-15
2024.00  6.080778E-15
2027.00  6.080001E-15
2030.00  6.049986E-15
2033.00  6.007862E-15
2036.00  6.007603E-15
2039.00  6.087093E-15
2042.00  6.234742E-15
2045.00  6.336376E-15
2048.00  6.335856E-15
2051.00  6.253339E-15
2054.00  6.164508E-15
2057.00  6.117972E-15
2060.00  6.089342E-15
2063.00  6.065556E-15
2066.00  6.104652E-15
2069.00  6.272628E-15
2072.00  6.532982E-15
2075.00  6.652778E-15
2078.00  6.634009E-15
2081.00  6.642399E-15
2084.00  6.725176E-15
2087.00  6.751991E-15
2090.00  6.662726E-15
2093.00  6.512914E-15
2096.00  6.425294E-15
2099.00  6.396231E-15
2102.00  6.383343E-15
2105.00  6.383516E-15
2108.00  6.416644E-15
2111.00  6.488090E-15
2114.00  6.559709E-15
2117.00  6.593702E-15
2120.00  6.595864E-15
2123.00  6.584707E-15
2126.00  6.551319E-15
2129.00  6.446226E-15
2132.00  6.267784E-15
2135.00  6.144959E-15
2138.00  6.145911E-15
2141.00  6.243219E-15
2144.00  6.352118E-15
2147.00  6.426245E-15
2150.00  6.491030E-15
2153.00  6.560487E-15
2156.00  6.589723E-15
2159.00  6.553395E-15
2162.00  6.470964E-15
2165.00  6.407216E-15
2168.00  6.380056E-15
2171.00  6.368812E-15
2174.00  6.363103E-15
2177.00  6.367860E-15
2180.00  6.386284E-15
2183.00  6.414049E-15
2186.00  6.455740E-15
2189.00  6.548119E-15
2192.00  6.692048E-15
2195.00  6.796968E-15
2198.00  6.812365E-15
2201.00  6.760380E-15
2204.00  6.691443E-15
2207.00  6.612472E-15
2210.00  6.482727E-15
2213.00  6.319508E-15
2216.00  6.215280E-15
2219.00  6.175406E-15
2222.00  6.156896E-15
2225.00  6.168313E-15
2228.00  6.264756E-15
2231.00  6.461623E-15
2234.00  6.655720E-15
2237.00  6.731837E-15
2240.00  6.684523E-15
2243.00  6.586004E-15
2246.00  6.493453E-15
2249.00  6.370887E-15
2252.00  6.200230E-15
2255.00  6.070226E-15
2258.00  6.028275E-15
2261.00  6.040298E-15
2264.00  6.067631E-15
2267.00  6.105776E-15
2270.00  6.171081E-15
2273.00  6.255069E-15
2276.00  6.332742E-15
2279.00  6.429878E-15
2282.00  6.556855E-15
2285.00  6.636085E-15
2288.00  6.586091E-15
2291.00  6.415433E-15
2294.00  6.240970E-15
2297.00  6.182844E-15
2300.00  6.251350E-15
2303.00  6.367601E-15
2306.00  6.429100E-15
2309.00  6.394328E-15
2312.00  6.292521E-15
2315.00  6.158798E-15
2318.00  5.921453E-15
2321.00  5.524867E-15
2324.00  5.140131E-15
2327.00  4.987551E-15
2330.00  5.075259E-15
2333.00  5.252663E-15
2336.00  5.347809E-15
2339.00  5.292452E-15
2342.00  5.147656E-15
2345.00  5.061766E-15
2348.00  5.166599E-15
2351.00  5.456967E-15
2354.00  5.745692E-15
2357.00  5.819041E-15
2360.00  5.636447E-15
2363.00  5.351615E-15
2366.00  5.181909E-15
2369.00  5.206560E-15
2372.00  5.337516E-15
2375.00  5.422368E-15
2378.00  5.337256E-15
2381.00  5.085638E-15
2384.00  4.825977E-15
2387.00  4.724516E-15
2390.00  4.795184E-15
2393.00  4.933924E-15
2396.00  5.026216E-15
2399.00  5.035125E-15
2402.00  4.998797E-15
2405.00  4.970512E-15
2408.00  4.983659E-15
2411.00  5.037546E-15
2414.00  5.116690E-15
2417.00  5.245916E-15
2420.00  5.476342E-15
2423.00  5.753736E-15
2426.00  5.933735E-15
2429.00  5.966690E-15
2432.00  5.921539E-15
2435.00  5.892649E-15
2438.00  5.945412E-15
2441.00  6.082076E-15
2444.00  6.228342E-15
2447.00  6.313194E-15
2450.00  6.339662E-15
2453.00  6.342517E-15
2456.00  6.337759E-15
2459.00  6.323747E-15
2462.00  6.298922E-15
2465.00  6.259999E-15
2468.00  6.183277E-15
2471.00  6.053965E-15
2474.00  5.915311E-15
2477.00  5.807364E-15
2480.00  5.709536E-15
2483.00  5.608422E-15
2486.00  5.517947E-15
2489.00  5.423926E-15
2492.00  5.322552E-15
2495.00  5.289770E-15
2498.00  5.432661E-15
2501.00  5.750017E-15
2504.00  6.037617E-15
2507.00  6.043412E-15
2510.00  5.738340E-15
2513.00  5.336651E-15
2516.00  5.038930E-15
2519.00  4.871214E-15
2522.00  4.785582E-15
2525.00  4.759287E-15
2528.00  4.800028E-15
2531.00  4.903218E-15
2534.00  5.016873E-15
2537.00  5.089704E-15
2540.00  5.123783E-15
2543.00  5.154317E-15
2546.00  5.231645E-15
2549.00  5.412595E-15
2552.00  5.675370E-15
2555.00  5.886422E-15
2558.00  5.943077E-15
2561.00  5.872496E-15
2564.00  5.784615E-15
2567.00  5.785307E-15
2570.00  5.905104E-15
2573.00  6.075935E-15
2576.00  6.193397E-15
2579.00  6.218740E-15
2582.00  6.186477E-15
2585.00  6.141412E-15
2588.00  6.097127E-15
2591.00  6.045488E-15
2594.00  5.987622E-15
2597.00  5.920847E-15
2600.00  5.828815E-15
2603.00  5.721041E-15
2606.00  5.624943E-15
2609.00  5.537063E-15
2612.00  5.453161E-15
2615.00  5.419514E-15
2618.00  5.501945E-15
2621.00  5.705298E-15
2624.00  5.949391E-15
2627.00  6.176962E-15
2630.00  6.416211E-15
2633.00  6.677257E-15
2636.00  6.941071E-15
2639.00  7.251161E-15
2642.00  7.620846E-15
2645.00  7.971330E-15
2648.00  8.264207E-15
2651.00  8.535112E-15
2654.00  8.737860E-15
2657.00  8.721770E-15
2660.00  8.423878E-15
2663.00  8.012501E-15
2666.00  7.735713E-15
2669.00  7.702931E-15
2672.00  7.830859E-15
2675.00  7.990705E-15
2678.00  8.122957E-15
2681.00  8.235057E-15
2684.00  8.302092E-15
2687.00  8.241543E-15
2690.00  8.009560E-15
2693.00  7.713397E-15
2696.00  7.524056E-15
2699.00  7.525353E-15
2702.00  7.642816E-15
2705.00  7.728966E-15
2708.00  7.660028E-15
2711.00  7.436608E-15
2714.00  7.170719E-15
2717.00  6.984147E-15
2720.00  6.880091E-15
2723.00  6.830096E-15
2726.00  6.843936E-15
2729.00  6.952489E-15
2732.00  7.108355E-15
2735.00  7.175736E-15
2738.00  7.002743E-15
2741.00  6.595000E-15
2744.00  6.148505E-15
2747.00  5.919637E-15
2750.00  5.948353E-15
2753.00  6.114426E-15
2756.00  6.306015E-15
2759.00  6.514731E-15
2762.00  6.738065E-15
2765.00  6.951451E-15
2768.00  7.122626E-15
2771.00  7.270622E-15
2774.00  7.363865E-15
2777.00  7.307037E-15
2780.00  7.048067E-15
2783.00  6.659439E-15
2786.00  6.201355E-15
2789.00  5.605222E-15
2792.00  4.922161E-15
2795.00  4.340127E-15
2798.00  4.092488E-15
2801.00  4.124059E-15
2804.00  4.351630E-15
2807.00  4.788091E-15
2810.00  5.521840E-15
2813.00  6.382997E-15
2816.00  7.116486E-15
2819.00  7.637972E-15
2822.00  8.010253E-15
2825.00  8.266628E-15
2828.00  8.356066E-15
2831.00  8.314027E-15
2834.00  8.200458E-15
2837.00  8.053155E-15
2840.00  7.855943E-15
2843.00  7.622576E-15
2846.00  7.368449E-15
2849.00  7.069346E-15
2852.00  6.760553E-15
2855.00  6.585139E-15
2858.00  6.731837E-15
2861.00  7.175043E-15
2864.00  7.727756E-15
2867.00  8.164908E-15
2870.00  8.466434E-15
2873.00  8.679302E-15
2876.00  8.808786E-15
2879.00  8.838974E-15
2882.00  8.808528E-15
2885.00  8.777475E-15
2888.00  8.795293E-15
2891.00  8.862674E-15
2894.00  8.961107E-15
2897.00  9.092927E-15
2900.00  9.344372E-15
2903.00  9.723226E-15
2906.00  1.014360E-14
2909.00  1.047601E-14
2912.00  1.061336E-14
2915.00  1.062400E-14
2918.00  1.053889E-14
2921.00  1.038631E-14
2924.00  1.022032E-14
2927.00  1.010684E-14
2930.00  1.005909E-14
2933.00  1.003928E-14
2936.00  1.001117E-14
2939.00  9.948635E-15
2942.00  9.860236E-15
2945.00  9.778583E-15
2948.00  9.732741E-15
2951.00  9.719939E-15
2954.00  9.729369E-15
2957.00  9.761198E-15
2960.00  9.816208E-15
2963.00  9.880562E-15
2966.00  9.935055E-15
2969.00  9.966539E-15
2972.00  9.982974E-15
2975.00  9.998025E-15
2978.00  1.002198E-14
2981.00  1.005554E-14
2984.00  1.009118E-14
2987.00  1.011843E-14
2990.00  1.013391E-14
2993.00  1.014394E-14
2996.00  1.015398E-14
2999.00  1.016747E-14
3002.00  1.018365E-14
3005.00  1.019913E-14
3008.00  1.021141E-14
3011.00  1.022240E-14
3014.00  1.023944E-14
3017.00  1.027551E-14
3020.00  1.033484E-14
3023.00  1.040447E-14
3026.00  1.046364E-14
3029.00  1.049927E-14
3032.00  1.052020E-14
3035.00  1.054684E-14
3038.00  1.059597E-14
3041.00  1.066794E-14
3044.00  1.074449E-14
3047.00  1.080175E-14
3050.00  1.083358E-14
3053.00  1.085555E-14
3056.00  1.088773E-14
3059.00  1.094352E-14
3062.00  1.101781E-14
3065.00  1.108701E-14
3068.00  1.113364E-14
3071.00  1.115621E-14
3074.00  1.116451E-14
3077.00  1.116425E-14
3080.00  1.115751E-14
3083.00  1.114817E-14
3086.00  1.114168E-14
3089.00  1.114246E-14
3092.00  1.115491E-14
3095.00  1.119219E-14
3098.00  1.126952E-14
3101.00  1.138534E-14
3104.00  1.150894E-14
3107.00  1.160002E-14
3110.00  1.164543E-14
3113.00  1.165201E-14
3116.00  1.162017E-14
3119.00  1.154527E-14
3122.00  1.143949E-14
3125.00  1.134140E-14
3128.00  1.128007E-14
3131.00  1.125655E-14
3134.00  1.125611E-14
3137.00  1.126537E-14
3140.00  1.127973E-14
3143.00  1.129616E-14
3146.00  1.131104E-14
3149.00  1.132436E-14
3152.00  1.134244E-14
3155.00  1.138257E-14
3158.00  1.146232E-14
3161.00  1.158082E-14
3164.00  1.170702E-14
3167.00  1.180035E-14
3170.00  1.184472E-14
3173.00  1.183659E-14
3176.00  1.176160E-14
3179.00  1.160288E-14
3182.00  1.138395E-14
3185.00  1.117896E-14
3188.00  1.104748E-14
3191.00  1.099905E-14
3194.00  1.101738E-14
3197.00  1.109852E-14
3200.00  1.124063E-14
3203.00  1.140990E-14
3206.00  1.155289E-14
3209.00  1.163462E-14
3212.00  1.165261E-14
3215.00  1.160236E-14
3218.00  1.146786E-14
3221.00  1.125845E-14
3224.00  1.103425E-14
3227.00  1.087146E-14
3230.00  1.080356E-14
3233.00  1.084041E-14
3236.00  1.101159E-14
3239.00  1.134892E-14
3242.00  1.180363E-14
3245.00  1.223430E-14
3248.00  1.252778E-14
3251.00  1.268408E-14
3254.00  1.279099E-14
3257.00  1.294444E-14
3260.00  1.318368E-14
3263.00  1.346653E-14
3266.00  1.370716E-14
3269.00  1.385291E-14
3272.00  1.391622E-14
3275.00  1.393248E-14
3278.00  1.392531E-14
3281.00  1.390576E-14
3284.00  1.388396E-14
3287.00  1.386848E-14
3290.00  1.386078E-14
3293.00  1.385161E-14
3296.00  1.382609E-14
3299.00  1.377350E-14
3302.00  1.370041E-14
3305.00  1.362724E-14
3308.00  1.356375E-14
3311.00  1.349049E-14
3314.00  1.337692E-14
3317.00  1.322970E-14
3320.00  1.311743E-14
3323.00  1.311847E-14
3326.00  1.323247E-14
3329.00  1.336403E-14
3332.00  1.339240E-14
3335.00  1.329673E-14
3338.00  1.319597E-14
3341.00  1.320799E-14
3344.00  1.330469E-14
3347.00  1.335927E-14
3350.00  1.331741E-14
3353.00  1.318291E-14
3356.00  1.295006E-14
3359.00  1.262397E-14
3362.00  1.231621E-14
3365.00  1.211407E-14
3368.00  1.200604E-14
3371.00  1.198389E-14
3374.00  1.209850E-14
3377.00  1.233507E-14
3380.00  1.260667E-14
3383.00  1.286944E-14
3386.00  1.311518E-14
3389.00  1.332320E-14
3392.00  1.349490E-14
3395.00  1.369246E-14
3398.00  1.389598E-14
3401.00  1.396388E-14
3404.00  1.380577E-14
3407.00  1.352586E-14
3410.00  1.331265E-14
3413.00  1.329094E-14
3416.00  1.347284E-14
3419.00  1.378198E-14
3422.00  1.410098E-14
3425.00  1.435770E-14
3428.00  1.451608E-14
3431.00  1.454453E-14
3434.00  1.435156E-14
3437.00  1.393508E-14
3440.00  1.343556E-14
3443.00  1.310671E-14
3446.00  1.313343E-14
3449.00  1.341506E-14
3452.00  1.368424E-14
3455.00  1.374280E-14
3458.00  1.364713E-14
3461.00  1.355631E-14
3464.00  1.359307E-14
3467.00  1.372524E-14
3470.00  1.380871E-14
3473.00  1.376563E-14
3476.00  1.367498E-14
3479.00  1.366547E-14
3482.00  1.377835E-14
3485.00  1.389443E-14
3488.00  1.390541E-14
3491.00  1.381571E-14
3494.00  1.373787E-14
3497.00  1.379599E-14
3500.00  1.400038E-14
3503.00  1.422328E-14
3506.00  1.432526E-14
3509.00  1.427440E-14
3512.00  1.416014E-14
3515.00  1.408082E-14
3518.00  1.401414E-14
3521.00  1.390126E-14
3524.00  1.378397E-14
3527.00  1.380629E-14
3530.00  1.407736E-14
3533.00  1.452766E-14
3536.00  1.500114E-14
3539.00  1.537248E-14
3542.00  1.562971E-14
3545.00  1.576906E-14
3548.00  1.579363E-14
3551.00  1.573022E-14
3554.00  1.559754E-14
3557.00  1.540837E-14
3560.00  1.513842E-14
3563.00  1.474278E-14
3566.00  1.423271E-14
3569.00  1.370984E-14
3572.00  1.330668E-14
3575.00  1.304053E-14
3578.00  1.279765E-14
3581.00  1.251879E-14
3584.00  1.231864E-14
3587.00  1.239562E-14
3590.00  1.286564E-14
3593.00  1.360830E-14
3596.00  1.433997E-14
3599.00  1.478586E-14
3602.00  1.484390E-14
3605.00  1.461675E-14
3608.00  1.433184E-14
3611.00  1.417589E-14
3614.00  1.419924E-14
3617.00  1.437336E-14
3620.00  1.466563E-14
3623.00  1.504102E-14
3626.00  1.539773E-14
3629.00  1.557479E-14
3632.00  1.555835E-14
3635.00  1.549046E-14
3638.00  1.551545E-14
3641.00  1.558024E-14
3644.00  1.558932E-14
3647.00  1.558076E-14
3650.00  1.574424E-14
3653.00  1.615034E-14
3656.00  1.667719E-14
3659.00  1.709271E-14
3662.00  1.726942E-14
3665.00  1.723725E-14
3668.00  1.710586E-14
3671.00  1.694818E-14
3674.00  1.676126E-14
3677.00  1.652435E-14
3680.00  1.622611E-14
3683.00  1.597656E-14
3686.00  1.591455E-14
3689.00  1.604014E-14
3692.00  1.630690E-14
3695.00  1.662131E-14
3698.00  1.672251E-14
3701.00  1.655946E-14
3704.00  1.621625E-14
3707.00  1.583930E-14
3710.00  1.574666E-14
3713.00  1.586620E-14
3716.00  1.593185E-14
3719.00  1.583359E-14
3722.00  1.556103E-14
3725.00  1.534454E-14
3728.00  1.520363E-14
3731.00  1.492122E-14
3734.00  1.461901E-14
3737.00  1.442742E-14
3740.00  1.447075E-14
3743.00  1.460698E-14
3746.00  1.458155E-14
3749.00  1.460344E-14
3752.00  1.486595E-14
3755.00  1.540102E-14
3758.00  1.597068E-14
3761.00  1.622420E-14
3764.00  1.623285E-14
3767.00  1.616409E-14
3770.00  1.623934E-14
3773.00  1.665729E-14
3776.00  1.743014E-14
3779.00  1.828273E-14
3782.00  1.885014E-14
3785.00  1.889996E-14
3788.00  1.838497E-14
3791.00  1.749726E-14
3794.00  1.659363E-14
3797.00  1.603884E-14
3800.00  1.605303E-14
3803.00  1.664812E-14
3806.00  1.754266E-14
3809.00  1.818879E-14
3812.00  1.843834E-14
3815.00  1.820886E-14
3818.00  1.761524E-14
3821.00  1.687716E-14
3824.00  1.601549E-14
3827.00  1.509205E-14
3830.00  1.415435E-14
3833.00  1.345511E-14
3836.00  1.319830E-14
3839.00  1.364869E-14
3842.00  1.472366E-14
3845.00  1.611747E-14
3848.00  1.740159E-14
3851.00  1.827884E-14
3854.00  1.871340E-14
3857.00  1.885559E-14
3860.00  1.889434E-14
3863.00  1.895541E-14
3866.00  1.900567E-14
3869.00  1.890109E-14
3872.00  1.867741E-14
3875.00  1.828801E-14
3878.00  1.782127E-14
3881.00  1.721744E-14
3884.00  1.658792E-14
3887.00  1.613096E-14
3890.00  1.604541E-14
3893.00  1.647323E-14
3896.00  1.727989E-14
3899.00  1.820376E-14
3902.00  1.904355E-14
3905.00  1.977548E-14
3908.00  2.039142E-14
3911.00  2.088982E-14
3914.00  2.110978E-14
3917.00  2.094154E-14
3920.00  2.032923E-14
3923.00  1.919856E-14
3926.00  1.761783E-14
3929.00  1.575903E-14
3932.00  1.416057E-14
3935.00  1.342492E-14
3938.00  1.389391E-14
3941.00  1.530155E-14
3944.00  1.704566E-14
3947.00  1.858624E-14
3950.00  1.961832E-14
3953.00  2.001552E-14
3956.00  1.974115E-14
3959.00  1.869990E-14
3962.00  1.706936E-14
3965.00  1.520476E-14
3968.00  1.385490E-14
3971.00  1.356920E-14
3974.00  1.466381E-14
3977.00  1.668056E-14
3980.00  1.897886E-14
3983.00  2.101697E-14
3986.00  2.254743E-14
3989.00  2.362206E-14
3992.00  2.433168E-14
3995.00  2.479547E-14
3998.00  2.508411E-14
4001.00  2.528028E-14
4004.00  2.547793E-14
4007.00  2.571207E-14
4010.00  2.605425E-14
4013.00  2.642870E-14
4016.00  2.680547E-14
4019.00  2.707439E-14
4022.00  2.719653E-14
4025.00  2.717637E-14
4028.00  2.702768E-14
4031.00  2.687147E-14
4034.00  2.679553E-14
4037.00  2.683705E-14
4040.00  2.692544E-14
4043.00  2.691083E-14
4046.00  2.689084E-14
4049.00  2.685434E-14
4052.00  2.687415E-14
4055.00  2.683981E-14
4058.00  2.673239E-14
4061.00  2.647947E-14
4064.00  2.620389E-14
4067.00  2.595002E-14
4070.00  2.573906E-14
4073.00  2.556633E-14
4076.00  2.551521E-14
4079.00  2.556071E-14
4082.00  2.576821E-14
4085.00  2.601152E-14
4088.00  2.611619E-14
4091.00  2.586491E-14
4094.00  2.515945E-14
4097.00  2.416033E-14
4100.00  2.321535E-14
4103.00  2.270615E-14
4106.00  2.290475E-14
4109.00  2.364706E-14
4112.00  2.466426E-14
4115.00  2.557186E-14
4118.00  2.624489E-14
4121.00  2.663404E-14
4124.00  2.681516E-14
4127.00  2.688583E-14
4130.00  2.688998E-14
4133.00  2.697838E-14
4136.00  2.710432E-14
4139.00  2.726589E-14
4142.00  2.739667E-14
4145.00  2.742418E-14
4148.00  2.748196E-14
4151.00  2.751310E-14
4154.00  2.767122E-14
4157.00  2.787379E-14
4160.00  2.812420E-14
4163.00  2.827738E-14
4166.00  2.826777E-14
4169.00  2.802144E-14
4172.00  2.772346E-14
4175.00  2.742531E-14
4178.00  2.735767E-14
4181.00  2.744295E-14
4184.00  2.758982E-14
4187.00  2.775745E-14
4190.00  2.778660E-14
4193.00  2.772476E-14
4196.00  2.757728E-14
4199.00  2.742202E-14
4202.00  2.742020E-14
4205.00  2.760781E-14
4208.00  2.792967E-14
4211.00  2.822817E-14
4214.00  2.836933E-14
4217.00  2.824788E-14
4220.00  2.792794E-14
4223.00  2.743577E-14
4226.00  2.701479E-14
4229.00  2.676274E-14
4232.00  2.683428E-14
4235.00  2.708935E-14
4238.00  2.744520E-14
4241.00  2.777138E-14
4244.00  2.796634E-14
4247.00  2.802602E-14
4250.00  2.795787E-14
4253.00  2.788062E-14
4256.00  2.782033E-14
4259.00  2.786843E-14
4262.00  2.789265E-14
4265.00  2.792335E-14
4268.00  2.778876E-14
4271.00  2.758186E-14
4274.00  2.738327E-14
4277.00  2.728778E-14
4280.00  2.727454E-14
4283.00  2.715440E-14
4286.00  2.687640E-14
4289.00  2.641598E-14
4292.00  2.579727E-14
4295.00  2.512987E-14
4298.00  2.440208E-14
4301.00  2.372742E-14
4304.00  2.330946E-14
4307.00  2.332347E-14
4310.00  2.384574E-14
4313.00  2.485300E-14
4316.00  2.601127E-14
4319.00  2.699974E-14
4322.00  2.755323E-14
4325.00  2.771697E-14
4328.00  2.759008E-14
4331.00  2.731295E-14
4334.00  2.681810E-14
4337.00  2.623373E-14
4340.00  2.573863E-14
4343.00  2.564668E-14
4346.00  2.605131E-14
4349.00  2.678671E-14
4352.00  2.766352E-14
4355.00  2.847407E-14
4358.00  2.919917E-14
4361.00  2.975110E-14
4364.00  3.010090E-14
4367.00  3.016940E-14
4370.00  2.994468E-14
4373.00  2.953789E-14
4376.00  2.903007E-14
4379.00  2.852736E-14
4382.00  2.811399E-14
4385.00  2.784023E-14
4388.00  2.786479E-14
4391.00  2.809894E-14
4394.00  2.843723E-14
4397.00  2.877456E-14
4400.00  2.898864E-14
4403.00  2.909961E-14
4406.00  2.920739E-14
4409.00  2.939647E-14
4412.00  2.968961E-14
4415.00  3.002928E-14
4418.00  3.034447E-14
4421.00  3.063129E-14
4424.00  3.081406E-14
4427.00  3.092166E-14
4430.00  3.097209E-14
4433.00  3.099657E-14
4436.00  3.103713E-14
4439.00  3.113937E-14
4442.00  3.127941E-14
4445.00  3.137421E-14
4448.00  3.140388E-14
4451.00  3.128667E-14
4454.00  3.104899E-14
4457.00  3.079944E-14
4460.00  3.068803E-14
4463.00  3.078577E-14
4466.00  3.109655E-14
4469.00  3.153743E-14
4472.00  3.199940E-14
4475.00  3.239019E-14
4478.00  3.265782E-14
4481.00  3.279725E-14
4484.00  3.284932E-14
4487.00  3.291289E-14
4490.00  3.299844E-14
4493.00  3.313493E-14
4496.00  3.335550E-14
4499.00  3.366870E-14
4502.00  3.402774E-14
4505.00  3.438004E-14
4508.00  3.461609E-14
4511.00  3.467465E-14
4514.00  3.453833E-14
4517.00  3.424044E-14
4520.00  3.381185E-14
4523.00  3.330092E-14
4526.00  3.277277E-14
4529.00  3.231399E-14
4532.00  3.206886E-14
4535.00  3.208330E-14
4538.00  3.231287E-14
4541.00  3.263152E-14
4544.00  3.289257E-14
4547.00  3.301885E-14
4550.00  3.306859E-14
4553.00  3.314505E-14
4556.00  3.331371E-14
4559.00  3.357545E-14
4562.00  3.387966E-14
4565.00  3.412860E-14
4568.00  3.427781E-14
4571.00  3.432841E-14
4574.00  3.427893E-14
4577.00  3.414201E-14
4580.00  3.396910E-14
4583.00  3.379195E-14
4586.00  3.367320E-14
4589.00  3.365469E-14
4592.00  3.370753E-14
4595.00  3.379689E-14
4598.00  3.389826E-14
4601.00  3.403285E-14
4604.00  3.420039E-14
4607.00  3.439734E-14
4610.00  3.461203E-14
4613.00  3.480708E-14
4616.00  3.495628E-14
4619.00  3.505368E-14
4622.00  3.511752E-14
4625.00  3.514528E-14
4628.00  3.513403E-14
4631.00  3.506959E-14
4634.00  3.496372E-14
4637.00  3.482914E-14
4640.00  3.467915E-14
4643.00  3.454352E-14
4646.00  3.444336E-14
4649.00  3.439890E-14
4652.00  3.441906E-14
4655.00  3.450953E-14
4658.00  3.459551E-14
4661.00  3.461583E-14
4664.00  3.455217E-14
4667.00  3.441395E-14
4670.00  3.428109E-14
4673.00  3.421968E-14
4676.00  3.425437E-14
4679.00  3.431924E-14
4682.00  3.437996E-14
4685.00  3.441888E-14
4688.00  3.445011E-14
4691.00  3.445953E-14
4694.00  3.441386E-14
4697.00  3.429467E-14
4700.00  3.411830E-14
4703.00  3.393372E-14
4706.00  3.381384E-14
4709.00  3.382361E-14
4712.00  3.397810E-14
4715.00  3.423525E-14
4718.00  3.451991E-14
4721.00  3.474255E-14
4724.00  3.484565E-14
4727.00  3.482222E-14
4730.00  3.472205E-14
4733.00  3.462664E-14
4736.00  3.460615E-14
4739.00  3.469031E-14
4742.00  3.485301E-14
4745.00  3.504633E-14
4748.00  3.521672E-14
4751.00  3.531472E-14
4754.00  3.531680E-14
4757.00  3.522624E-14
4760.00  3.507565E-14
4763.00  3.492497E-14
4766.00  3.484314E-14
4769.00  3.486330E-14
4772.00  3.497514E-14
4775.00  3.513542E-14
4778.00  3.527139E-14
4781.00  3.533825E-14
4784.00  3.536109E-14
4787.00  3.538989E-14
4790.00  3.548019E-14
4793.00  3.564211E-14
4796.00  3.583984E-14
4799.00  3.601949E-14
4802.00  3.614578E-14
4805.00  3.621818E-14
4808.00  3.626549E-14
4811.00  3.631782E-14
4814.00  3.637327E-14
4817.00  3.640622E-14
4820.00  3.638554E-14
4823.00  3.629395E-14
4826.00  3.614396E-14
4829.00  3.596716E-14
4832.00  3.579071E-14
4835.00  3.562481E-14
4838.00  3.546774E-14
4841.00  3.529318E-14
4844.00  3.506951E-14
4847.00  3.474082E-14
4850.00  3.423654E-14
4853.00  3.351975E-14
4856.00  3.263844E-14
4859.00  3.175246E-14
4862.00  3.108851E-14
4865.00  3.083361E-14
4868.00  3.103454E-14
4871.00  3.158855E-14
4874.00  3.230984E-14
4877.00  3.302343E-14
4880.00  3.361645E-14
4883.00  3.404989E-14
4886.00  3.435868E-14
4889.00  3.462396E-14
4892.00  3.492402E-14
4895.00  3.528566E-14
4898.00  3.566469E-14
4901.00  3.597512E-14
4904.00  3.614465E-14
4907.00  3.614716E-14
4910.00  3.599856E-14
4913.00  3.573916E-14
4916.00  3.542561E-14
4919.00  3.513420E-14
4922.00  3.494937E-14
4925.00  3.492436E-14
4928.00  3.504460E-14
4931.00  3.523697E-14
4934.00  3.542440E-14
4937.00  3.558191E-14
4940.00  3.573648E-14
4943.00  3.591872E-14
4946.00  3.611179E-14
4949.00  3.625139E-14
4952.00  3.627414E-14
4955.00  3.616792E-14
4958.00  3.598550E-14
4961.00  3.580931E-14
4964.00  3.569790E-14
4967.00  3.565699E-14
4970.00  3.564505E-14
4973.00  3.559973E-14
4976.00  3.547093E-14
4979.00  3.525054E-14
4982.00  3.498257E-14
4985.00  3.474489E-14
4988.00  3.459853E-14
4991.00  3.454603E-14
4994.00  3.453020E-14
4997.00  3.447441E-14
5000.00  3.433118E-14
5003.00  3.410507E-14
5006.00  3.383970E-14
5009.00  3.358947E-14
5012.00  3.340039E-14
5015.00  3.330489E-14
5018.00  3.332323E-14
5021.00  3.345738E-14
5024.00  3.368020E-14
5027.00  3.393372E-14
5030.00  3.414417E-14
5033.00  3.425419E-14
5036.00  3.425341E-14
5039.00  3.419097E-14
5042.00  3.415117E-14
5045.00  3.420748E-14
5048.00  3.438247E-14
5051.00  3.464662E-14
5054.00  3.493881E-14
5057.00  3.519103E-14
5060.00  3.534560E-14
5063.00  3.536809E-14
5066.00  3.525833E-14
5069.00  3.505022E-14
5072.00  3.479678E-14
5075.00  3.455287E-14
5078.00  3.436759E-14
5081.00  3.428083E-14
5084.00  3.431379E-14
5087.00  3.445071E-14
5090.00  3.463408E-14
5093.00  3.478675E-14
5096.00  3.485171E-14
5099.00  3.482161E-14
5102.00  3.473744E-14
5105.00  3.466098E-14
5108.00  3.463996E-14
5111.00  3.468624E-14
5114.00  3.476910E-14
5117.00  3.482930E-14
5120.00  3.481210E-14
5123.00  3.469896E-14
5126.00  3.451904E-14
5129.00  3.432875E-14
5132.00  3.417306E-14
5135.00  3.406252E-14
5138.00  3.398060E-14
5141.00  3.390881E-14
5144.00  3.384662E-14
5147.00  3.380977E-14
5150.00  3.380804E-14
5153.00  3.382119E-14
5156.00  3.378573E-14
5159.00  3.361109E-14
5162.00  3.322956E-14
5165.00  3.265358E-14
5168.00  3.199171E-14
5171.00  3.140993E-14
5174.00  3.103886E-14
5177.00  3.093689E-14
5180.00  3.104925E-14
5183.00  3.129359E-14
5186.00  3.161683E-14
5189.00  3.199672E-14
5192.00  3.240516E-14
5195.00  3.279742E-14
5198.00  3.311106E-14
5201.00  3.331562E-14
5204.00  3.342469E-14
5207.00  3.350159E-14
5210.00  3.362891E-14
5213.00  3.385743E-14
5216.00  3.415801E-14
5219.00  3.445339E-14
5222.00  3.468002E-14
5225.00  3.481322E-14
5228.00  3.489098E-14
5231.00  3.499434E-14
5234.00  3.517546E-14
5237.00  3.542907E-14
5240.00  3.569669E-14
5243.00  3.590964E-14
5246.00  3.600989E-14
5249.00  3.598628E-14
5252.00  3.585420E-14
5255.00  3.561071E-14
5258.00  3.525962E-14
5261.00  3.481901E-14
5264.00  3.433091E-14
5267.00  3.391919E-14
5270.00  3.369837E-14
5273.00  3.375372E-14
5276.00  3.407947E-14
5279.00  3.461695E-14
5282.00  3.523117E-14
5285.00  3.581467E-14
5288.00  3.627760E-14
5291.00  3.658414E-14
5294.00  3.674710E-14
5297.00  3.682166E-14
5300.00  3.686353E-14
5303.00  3.692943E-14
5306.00  3.704283E-14
5309.00  3.717318E-14
5312.00  3.725691E-14
5315.00  3.722517E-14
5318.00  3.703946E-14
5321.00  3.671864E-14
5324.00  3.633564E-14
5327.00  3.598619E-14
5330.00  3.574902E-14
5333.00  3.565578E-14
5336.00  3.570456E-14
5339.00  3.585463E-14
5342.00  3.605972E-14
5345.00  3.628166E-14
5348.00  3.651919E-14
5351.00  3.677332E-14
5354.00  3.702502E-14
5357.00  3.720276E-14
5360.00  3.726790E-14
5363.00  3.720086E-14
5366.00  3.702709E-14
5369.00  3.682858E-14
5372.00  3.669330E-14
5375.00  3.666199E-14
5378.00  3.672487E-14
5381.00  3.682444E-14
5384.00  3.690937E-14
5387.00  3.687659E-14
5390.00  3.673309E-14
5393.00  3.650128E-14
5396.00  3.623781E-14
5399.00  3.596371E-14
5402.00  3.573821E-14
5405.00  3.562646E-14
5408.00  3.563597E-14
5411.00  3.577099E-14
5414.00  3.599528E-14
5417.00  3.626125E-14
5420.00  3.649626E-14
5423.00  3.666130E-14
5426.00  3.671060E-14
5429.00  3.670507E-14
5432.00  3.667557E-14
5435.00  3.668871E-14
5438.00  3.674044E-14
5441.00  3.680160E-14
5444.00  3.684458E-14
5447.00  3.686292E-14
5450.00  3.681457E-14
5453.00  3.673777E-14
5456.00  3.670853E-14
5459.00  3.669503E-14
5462.00  3.670186E-14
5465.00  3.673309E-14
5468.00  3.674217E-14
5471.00  3.671381E-14
5474.00  3.666199E-14
5477.00  3.663007E-14
5480.00  3.662185E-14
5483.00  3.666173E-14
5486.00  3.676458E-14
5489.00  3.687434E-14
5492.00  3.696066E-14
5495.00  3.698393E-14
5498.00  3.694803E-14
5501.00  3.687114E-14
5504.00  3.676138E-14
5507.00  3.668136E-14
5510.00  3.662713E-14
5513.00  3.663206E-14
5516.00  3.670463E-14
5519.00  3.679078E-14
5522.00  3.688489E-14
5525.00  3.695297E-14
5528.00  3.701239E-14
5531.00  3.705200E-14
5534.00  3.710606E-14
5537.00  3.721980E-14
5540.00  3.733762E-14
5543.00  3.747143E-14
5546.00  3.761008E-14
5549.00  3.771551E-14
5552.00  3.777442E-14
5555.00  3.778653E-14
5558.00  3.773619E-14
5561.00  3.763066E-14
5564.00  3.750654E-14
5567.00  3.737420E-14
5570.00  3.724272E-14
5573.00  3.714369E-14
5576.00  3.706360E-14
5579.00  3.698012E-14
5582.00  3.688489E-14
5585.00  3.674105E-14
5588.00  3.658708E-14
5591.00  3.645016E-14
5594.00  3.636341E-14
5597.00  3.639809E-14
5600.00  3.651469E-14
5603.00  3.671276E-14
5606.00  3.692295E-14
5609.00  3.713175E-14
5612.00  3.728736E-14
5615.00  3.737377E-14
5618.00  3.741606E-14
5621.00  3.740845E-14
5624.00  3.744097E-14
5627.00  3.748941E-14
5630.00  3.753863E-14
5633.00  3.759286E-14
5636.00  3.763205E-14
5639.00  3.763023E-14
5642.00  3.760947E-14
5645.00  3.756735E-14
5648.00  3.750273E-14
5651.00  3.742930E-14
5654.00  3.733320E-14
5657.00  3.724160E-14
5660.00  3.717777E-14
5663.00  3.715960E-14
5666.00  3.720519E-14
5669.00  3.731391E-14
5672.00  3.743562E-14
5675.00  3.754685E-14
5678.00  3.761310E-14
5681.00  3.763083E-14
5684.00  3.760852E-14
5687.00  3.757159E-14
5690.00  3.754001E-14
5693.00  3.751900E-14
5696.00  3.748016E-14
5699.00  3.742765E-14
5702.00  3.734367E-14
5705.00  3.725605E-14
5708.00  3.719766E-14
5711.00  3.722491E-14
5714.00  3.732948E-14
5717.00  3.752297E-14
5720.00  3.777235E-14
5723.00  3.801419E-14
5726.00  3.823925E-14
5729.00  3.841060E-14
5732.00  3.852529E-14
5735.00  3.860063E-14
5738.00  3.864371E-14
5741.00  3.866836E-14
5744.00  3.866810E-14
5747.00  3.865529E-14
5750.00  3.862633E-14
5753.00  3.859777E-14
5756.00  3.858385E-14
5759.00  3.857650E-14
5762.00  3.859778E-14
5765.00  3.862347E-14
5768.00  3.863359E-14
5771.00  3.862035E-14
5774.00  3.855574E-14
5777.00  3.846181E-14
5780.00  3.834876E-14
5783.00  3.824755E-14
5786.00  3.819583E-14
5789.00  3.821685E-14
5792.00  3.831649E-14
5795.00  3.845463E-14
5798.00  3.861672E-14
5801.00  3.876991E-14
5804.00  3.889490E-14
5807.00  3.899203E-14
5810.00  3.905050E-14
5813.00  3.908630E-14
5816.00  3.911572E-14
5819.00  3.915325E-14
5822.00  3.920282E-14
5825.00  3.925273E-14
5828.00  3.929459E-14
5831.00  3.932538E-14
5834.00  3.933785E-14
5837.00  3.932426E-14
5840.00  3.927115E-14
5843.00  3.916935E-14
5846.00  3.902360E-14
5849.00  3.883789E-14
5852.00  3.862710E-14
5855.00  3.841726E-14
5858.00  3.823769E-14
5861.00  3.812066E-14
5864.00  3.807508E-14
5867.00  3.807603E-14
5870.00  3.807197E-14
5873.00  3.801445E-14
5876.00  3.783600E-14
5879.00  3.751303E-14
5882.00  3.700278E-14
5885.00  3.637681E-14
5888.00  3.568796E-14
5891.00  3.511682E-14
5894.00  3.468468E-14
5897.00  3.457751E-14
5900.00  3.471989E-14
5903.00  3.517615E-14
5906.00  3.571529E-14
5909.00  3.630857E-14
5912.00  3.679978E-14
5915.00  3.716263E-14
5918.00  3.742558E-14
5921.00  3.759684E-14
5924.00  3.771067E-14
5927.00  3.778670E-14
5930.00  3.785425E-14
5933.00  3.788868E-14
5936.00  3.793548E-14
5939.00  3.795329E-14
5942.00  3.796255E-14
5945.00  3.794819E-14
5948.00  3.794905E-14
5951.00  3.794776E-14
5954.00  3.796384E-14
5957.00  3.798288E-14
5960.00  3.802085E-14
5963.00  3.807976E-14
5966.00  3.814125E-14
5969.00  3.817403E-14
5972.00  3.819617E-14
5975.00  3.818649E-14
5978.00  3.816270E-14
5981.00  3.812853E-14
5984.00  3.810553E-14
5987.00  3.809809E-14
5990.00  3.811885E-14
5993.00  3.814609E-14
5996.00  3.815059E-14
5999.00  3.814168E-14
6002.00  3.811409E-14
6005.00  3.807032E-14
6008.00  3.800658E-14
6011.00  3.795096E-14
6014.00  3.792077E-14
6017.00  3.791066E-14
6020.00  3.794153E-14
6023.00  3.801972E-14
6026.00  3.815587E-14
6029.00  3.830775E-14
6032.00  3.845973E-14
6035.00  3.860695E-14
6038.00  3.874646E-14
6041.00  3.885683E-14
6044.00  3.892923E-14
6047.00  3.896773E-14
6050.00  3.897723E-14
6053.00  3.896521E-14
6056.00  3.893832E-14
6059.00  3.890147E-14
6062.00  3.887059E-14
6065.00  3.884014E-14
6068.00  3.882587E-14
6071.00  3.883590E-14
6074.00  3.883417E-14
6077.00  3.882085E-14
6080.00  3.879049E-14
6083.00  3.873712E-14
6086.00  3.867208E-14
6089.00  3.860963E-14
6092.00  3.856681E-14
6095.00  3.851456E-14
6098.00  3.848282E-14
6101.00  3.845203E-14
6104.00  3.844788E-14
6107.00  3.843742E-14
6110.00  3.844684E-14
6113.00  3.845090E-14
6116.00  3.843967E-14
6119.00  3.840498E-14
6122.00  3.834019E-14
6125.00  3.824963E-14
6128.00  3.817351E-14
6131.00  3.810804E-14
6134.00  3.804956E-14
6137.00  3.798547E-14
6140.00  3.792700E-14
6143.00  3.791973E-14
6146.00  3.789491E-14
6149.00  3.783289E-14
6152.00  3.770877E-14
6155.00  3.752704E-14
6158.00  3.728070E-14
6161.00  3.700676E-14
6164.00  3.677703E-14
6167.00  3.663656E-14
6170.00  3.659417E-14
6173.00  3.662453E-14
6176.00  3.676302E-14
6179.00  3.694431E-14
6182.00  3.711488E-14
6185.00  3.723347E-14
6188.00  3.729263E-14
6191.00  3.731175E-14
6194.00  3.733623E-14
6197.00  3.740015E-14
6200.00  3.744573E-14
6203.00  3.747039E-14
6206.00  3.747739E-14
6209.00  3.745551E-14
6212.00  3.737204E-14
6215.00  3.723096E-14
6218.00  3.706212E-14
6221.00  3.690236E-14
6224.00  3.674529E-14
6227.00  3.660430E-14
6230.00  3.648736E-14
6233.00  3.638806E-14
6236.00  3.631583E-14
6239.00  3.624326E-14
6242.00  3.617459E-14
6245.00  3.611317E-14
6248.00  3.606517E-14
6251.00  3.604864E-14
6254.00  3.605202E-14
6257.00  3.608229E-14
6260.00  3.616126E-14
6263.00  3.626904E-14
6266.00  3.639048E-14
6269.00  3.648156E-14
6272.00  3.655767E-14
6275.00  3.661148E-14
6278.00  3.663206E-14
6281.00  3.665343E-14
6284.00  3.667851E-14
6287.00  3.672401E-14
6290.00  3.675367E-14
6293.00  3.677218E-14
6296.00  3.679338E-14
6299.00  3.681561E-14
6302.00  3.683014E-14
6305.00  3.683896E-14
6308.00  3.690305E-14
6311.00  3.697269E-14
6314.00  3.703436E-14
6317.00  3.711333E-14
6320.00  3.721462E-14
6323.00  3.731279E-14
6326.00  3.739349E-14
6329.00  3.748933E-14
6332.00  3.758067E-14
6335.00  3.763058E-14
6338.00  3.766656E-14
6341.00  3.772572E-14
6344.00  3.776992E-14
6347.00  3.779120E-14
6350.00  3.780193E-14
6353.00  3.780772E-14
6356.00  3.779761E-14
6359.00  3.776274E-14
6362.00  3.771811E-14
6365.00  3.770833E-14
6368.00  3.774172E-14
6371.00  3.778289E-14
6374.00  3.781879E-14
6377.00  3.785771E-14
6380.00  3.788340E-14
6383.00  3.788124E-14
6386.00  3.785918E-14
6389.00  3.782044E-14
6392.00  3.776871E-14
6395.00  3.773099E-14
6398.00  3.771146E-14
6401.00  3.770937E-14
6404.00  3.771188E-14
6407.00  3.771993E-14
6410.00  3.775236E-14
6413.00  3.780296E-14
6416.00  3.783004E-14
6419.00  3.785348E-14
6422.00  3.789923E-14
6425.00  3.793150E-14
6428.00  3.795727E-14
6431.00  3.798175E-14
6434.00  3.797864E-14
6437.00  3.797976E-14
6440.00  3.798919E-14
6443.00  3.797085E-14
6446.00  3.792813E-14
6449.00  3.790719E-14
6452.00  3.788072E-14
6455.00  3.784812E-14
6458.00  3.779094E-14
6461.00  3.776776E-14
6464.00  3.778099E-14
6467.00  3.779673E-14
6470.00  3.778817E-14
6473.00  3.779596E-14
6476.00  3.780815E-14
6479.00  3.777970E-14
6482.00  3.768723E-14
6485.00  3.756518E-14
6488.00  3.742022E-14
6491.00  3.726521E-14
6494.00  3.711151E-14
6497.00  3.703219E-14
6500.00  3.703652E-14
6503.00  3.711557E-14
6506.00  3.726798E-14
6509.00  3.746805E-14
6512.00  3.765895E-14
6515.00  3.781906E-14
6518.00  3.794015E-14
6521.00  3.803330E-14
6524.00  3.809886E-14
6527.00  3.813321E-14
6530.00  3.814203E-14
6533.00  3.812568E-14
6536.00  3.806963E-14
6539.00  3.795563E-14
6542.00  3.776361E-14
6545.00  3.746390E-14
6548.00  3.709127E-14
6551.00  3.663215E-14
6554.00  3.606690E-14
6557.00  3.550026E-14
6560.00  3.504952E-14
6563.00  3.472672E-14
6566.00  3.452380E-14
6569.00  3.461592E-14
6572.00  3.490897E-14
6575.00  3.531611E-14
6578.00  3.574893E-14
6581.00  3.620823E-14
6584.00  3.657064E-14
6587.00  3.685367E-14
6590.00  3.705607E-14
6593.00  3.717560E-14
6596.00  3.724152E-14
6599.00  3.730613E-14
6602.00  3.736832E-14
6605.00  3.740984E-14
6608.00  3.744738E-14
6611.00  3.750265E-14
6614.00  3.755688E-14
6617.00  3.758059E-14
6620.00  3.758318E-14
6623.00  3.757816E-14
6626.00  3.755403E-14
6629.00  3.750602E-14
6632.00  3.745802E-14
6635.00  3.740984E-14
6638.00  3.736771E-14
6641.00  3.734557E-14
6644.00  3.733753E-14
6647.00  3.731996E-14
6650.00  3.730760E-14
6653.00  3.729808E-14
6656.00  3.727533E-14
6659.00  3.723035E-14
6662.00  3.717621E-14
6665.00  3.713029E-14
6668.00  3.708366E-14
6671.00  3.703374E-14
6674.00  3.699137E-14
6677.00  3.695781E-14
6680.00  3.693566E-14
6683.00  3.693073E-14
6686.00  3.691854E-14
6689.00  3.691343E-14
6692.00  3.691715E-14
6695.00  3.691032E-14
6698.00  3.688792E-14
6701.00  3.686422E-14
6704.00  3.682391E-14
6707.00  3.676830E-14
6710.00  3.671415E-14
6713.00  3.664772E-14
6716.00  3.657869E-14
6719.00  3.653813E-14
6722.00  3.651711E-14
6725.00  3.649194E-14
6728.00  3.650388E-14
6731.00  3.653450E-14
6734.00  3.654185E-14
6737.00  3.654115E-14
6740.00  3.653985E-14
6743.00  3.651754E-14
6746.00  3.648657E-14
6749.00  3.645976E-14
6752.00  3.644394E-14
6755.00  3.644791E-14
6758.00  3.645146E-14
6761.00  3.646374E-14
6764.00  3.650137E-14
6767.00  3.652333E-14
6770.00  3.652931E-14
6773.00  3.655197E-14
6776.00  3.656823E-14
6779.00  3.655283E-14
6782.00  3.653735E-14
6785.00  3.651841E-14
6788.00  3.648874E-14
6791.00  3.645968E-14
6794.00  3.643693E-14
6797.00  3.642110E-14
6800.00  3.641556E-14
6803.00  3.641954E-14
6806.00  3.642214E-14
6809.00  3.642733E-14
6812.00  3.643823E-14
6815.00  3.644116E-14
6818.00  3.643926E-14
6821.00  3.644004E-14
6824.00  3.643425E-14
6827.00  3.641045E-14
6830.00  3.638235E-14
6833.00  3.633953E-14
6836.00  3.629092E-14
6839.00  3.622821E-14
6842.00  3.615702E-14
6845.00  3.609518E-14
6848.00  3.603325E-14
6851.00  3.596076E-14
6854.00  3.590030E-14
6857.00  3.586051E-14
6860.00  3.581277E-14
6863.00  3.578820E-14
6866.00  3.579539E-14
6869.00  3.580602E-14
6872.00  3.582946E-14
6875.00  3.586121E-14
6878.00  3.588871E-14
6881.00  3.592262E-14
6884.00  3.594892E-14
6887.00  3.597305E-14
6890.00  3.601042E-14
6893.00  3.605159E-14
6896.00  3.609146E-14
6899.00  3.613168E-14
6902.00  3.616515E-14
6905.00  3.620183E-14
6908.00  3.622207E-14
6911.00  3.623236E-14
6914.00  3.624958E-14
6917.00  3.626350E-14
6920.00  3.628288E-14
6923.00  3.632846E-14
6926.00  3.637837E-14
6929.00  3.645103E-14
6932.00  3.654064E-14
6935.00  3.662142E-14
6938.00  3.670610E-14
6941.00  3.678196E-14
6944.00  3.685297E-14
6947.00  3.688939E-14
6950.00  3.691603E-14
6953.00  3.695175E-14
6956.00  3.696620E-14
6959.00  3.695114E-14
6962.00  3.695521E-14
6965.00  3.695288E-14
6968.00  3.691560E-14
6971.00  3.687987E-14
6974.00  3.684605E-14
6977.00  3.679986E-14
6980.00  3.677461E-14
6983.00  3.675143E-14
6986.00  3.674425E-14
6989.00  3.674589E-14
6992.00  3.675177E-14
6995.00  3.675333E-14
6998.00  3.673871E-14
7001.00  3.673543E-14
7004.00  3.672340E-14
7007.00  3.670161E-14
7010.00  3.668647E-14
7013.00  3.670368E-14
7016.00  3.671726E-14
7019.00  3.674554E-14
7022.00  3.680860E-14
7025.00  3.689518E-14
7028.00  3.698549E-14
7031.00  3.710044E-14
7034.00  3.723122E-14
7037.00  3.734444E-14
7040.00  3.744841E-14
7043.00  3.753517E-14
7046.00  3.756207E-14
7049.00  3.753976E-14
7052.00  3.748786E-14
7055.00  3.738259E-14
7058.00  3.723901E-14
7061.00  3.711290E-14
7064.00  3.699872E-14
7067.00  3.686872E-14
7070.00  3.679277E-14
7073.00  3.674693E-14
7076.00  3.667557E-14
7079.00  3.660067E-14
7082.00  3.653795E-14
7085.00  3.645336E-14
7088.00  3.632915E-14
7091.00  3.623479E-14
7094.00  3.616196E-14
7097.00  3.607140E-14
7100.00  3.602106E-14
7103.00  3.600868E-14
7106.00  3.598524E-14
7109.00  3.597296E-14
7112.00  3.597123E-14
7115.00  3.594736E-14
7118.00  3.591493E-14
7121.00  3.585221E-14
7124.00  3.578007E-14
7127.00  3.570897E-14
7130.00  3.559982E-14
7133.00  3.550925E-14
7136.00  3.545000E-14
7139.00  3.536610E-14
7142.00  3.530962E-14
7145.00  3.529111E-14
7148.00  3.526931E-14
7151.00  3.525876E-14
7154.00  3.526326E-14
7157.00  3.527165E-14
7160.00  3.525452E-14
7163.00  3.523212E-14
7166.00  3.520565E-14
7169.00  3.514856E-14
7172.00  3.508127E-14
7175.00  3.498889E-14
7178.00  3.490508E-14
7181.00  3.482758E-14
7184.00  3.473900E-14
7187.00  3.467517E-14
7190.00  3.465631E-14
7193.00  3.463806E-14
7196.00  3.464844E-14
7199.00  3.471158E-14
7202.00  3.478363E-14
7205.00  3.486399E-14
7208.00  3.500766E-14
7211.00  3.514900E-14
7214.00  3.529042E-14
7217.00  3.546038E-14
7220.00  3.560985E-14
7223.00  3.573639E-14
7226.00  3.584252E-14
7229.00  3.592426E-14
7232.00  3.596353E-14
7235.00  3.599485E-14
7238.00  3.601370E-14
7241.00  3.600886E-14
7244.00  3.601811E-14
7247.00  3.603575E-14
7250.00  3.603731E-14
7253.00  3.606836E-14
7256.00  3.610642E-14
7259.00  3.612225E-14
7262.00  3.616766E-14
7265.00  3.620538E-14
7268.00  3.621879E-14
7271.00  3.625174E-14
7274.00  3.625650E-14
7277.00  3.625347E-14
7280.00  3.626895E-14
7283.00  3.625606E-14
7286.00  3.625433E-14
7289.00  3.628807E-14
7292.00  3.630260E-14
7295.00  3.634775E-14
7298.00  3.641054E-14
7301.00  3.646028E-14
7304.00  3.653908E-14
7307.00  3.659798E-14
7310.00  3.665550E-14
7313.00  3.673092E-14
7316.00  3.677262E-14
7319.00  3.682737E-14
7322.00  3.689769E-14
7325.00  3.693687E-14
7328.00  3.699716E-14
7331.00  3.707241E-14
7334.00  3.711566E-14
7337.00  3.716946E-14
7340.00  3.721444E-14
7343.00  3.721747E-14
7346.00  3.721609E-14
7349.00  3.719689E-14
7352.00  3.716350E-14
7355.00  3.712959E-14
7358.00  3.712155E-14
7361.00  3.713547E-14
7364.00  3.714931E-14
7367.00  3.720208E-14
7370.00  3.726270E-14
7373.00  3.730102E-14
7376.00  3.732619E-14
7379.00  3.733502E-14
7382.00  3.731789E-14
7385.00  3.726262E-14
7388.00  3.720847E-14
7391.00  3.716721E-14
7394.00  3.710719E-14
7397.00  3.708054E-14
7400.00  3.706031E-14
7403.00  3.703669E-14
7406.00  3.705477E-14
7409.00  3.702891E-14
7412.00  3.702302E-14
7415.00  3.706783E-14
7418.00  3.706221E-14
7421.00  3.708807E-14
7424.00  3.717214E-14
7427.00  3.721747E-14
7430.00  3.725190E-14
7433.00  3.733735E-14
7436.00  3.736806E-14
7439.00  3.736374E-14
7442.00  3.739946E-14
7445.00  3.738847E-14
7448.00  3.737299E-14
7451.00  3.738077E-14
7454.00  3.737766E-14
7457.00  3.738960E-14
7460.00  3.738908E-14
7463.00  3.741554E-14
7466.00  3.743622E-14
7469.00  3.744115E-14
7472.00  3.747583E-14
7475.00  3.748518E-14
7478.00  3.749417E-14
7481.00  3.749927E-14
7484.00  3.747653E-14
7487.00  3.747255E-14
7490.00  3.744219E-14
7493.00  3.740707E-14
7496.00  3.741156E-14
7499.00  3.739124E-14
7502.00  3.739522E-14
7505.00  3.741953E-14
7508.00  3.743855E-14
7511.00  3.747220E-14
7514.00  3.749971E-14
7517.00  3.754494E-14
7520.00  3.757184E-14
7523.00  3.761189E-14
7526.00  3.765860E-14
7529.00  3.768239E-14
7532.00  3.773956E-14
7535.00  3.776958E-14
7538.00  3.779820E-14
7541.00  3.783514E-14
7544.00  3.783298E-14
7547.00  3.783687E-14
7550.00  3.781931E-14
7553.00  3.778419E-14
7556.00  3.774570E-14
7559.00  3.770323E-14
7562.00  3.765298E-14
7565.00  3.760601E-14
7568.00  3.757877E-14
7571.00  3.752186E-14
7574.00  3.749045E-14
7577.00  3.746571E-14
7580.00  3.739608E-14
7583.00  3.735846E-14
7586.00  3.731365E-14
7589.00  3.723494E-14
7592.00  3.718123E-14
7595.00  3.714602E-14
7598.00  3.706273E-14
7601.00  3.702579E-14
7604.00  3.700304E-14
7607.00  3.691940E-14
7610.00  3.690799E-14
7613.00  3.686872E-14
7616.00  3.680869E-14
7619.00  3.680195E-14
7622.00  3.675567E-14
7625.00  3.674995E-14
7628.00  3.671259E-14
7631.00  3.670238E-14
7634.00  3.670723E-14
7637.00  3.660291E-14
7640.00  3.663587E-14
7643.00  3.654254E-14
7646.00  3.636539E-14
7649.00  3.638702E-14
7652.00  3.610037E-14
7655.00  3.593810E-14
7658.00  3.584313E-14
7661.00  3.550649E-14
7664.00  3.547050E-14
7667.00  3.530919E-14
7670.00  3.522252E-14
7673.00  3.530539E-14
7676.00  3.527615E-14
7679.00  3.538401E-14
7682.00  3.547768E-14
7685.00  3.551600E-14
7688.00  3.558225E-14
7691.00  3.555838E-14
7694.00  3.553797E-14
7697.00  3.549360E-14
7700.00  3.539283E-14
7703.00  3.537155E-14
7706.00  3.530209E-14
7709.00  3.528817E-14
7712.00  3.529630E-14
7715.00  3.528990E-14
7718.00  3.536255E-14
7721.00  3.538868E-14
7724.00  3.544299E-14
7727.00  3.549014E-14
7730.00  3.552630E-14
7733.00  3.556556E-14
7736.00  3.555363E-14
7739.00  3.557378E-14
7742.00  3.554290E-14
7745.00  3.550354E-14
7748.00  3.549861E-14
7751.00  3.544447E-14
7754.00  3.543288E-14
7757.00  3.543141E-14
7760.00  3.539975E-14
7763.00  3.541316E-14
7766.00  3.541558E-14
7769.00  3.539707E-14
7772.00  3.539992E-14
7775.00  3.540424E-14
7778.00  3.537839E-14
7781.00  3.539984E-14
7784.00  3.540459E-14
7787.00  3.539352E-14
7790.00  3.544222E-14
7793.00  3.545493E-14
7796.00  3.547760E-14
7799.00  3.553667E-14
7802.00  3.557257E-14
7805.00  3.562473E-14
7808.00  3.568977E-14
7811.00  3.573587E-14
7814.00  3.578968E-14
7817.00  3.583344E-14
7820.00  3.584641E-14
7823.00  3.586873E-14
7826.00  3.586042E-14
7829.00  3.583059E-14
7832.00  3.584305E-14
7835.00  3.580126E-14
7838.00  3.581277E-14
7841.00  3.583915E-14
7844.00  3.583759E-14
7847.00  3.589105E-14
7850.00  3.593092E-14
7853.00  3.594770E-14
7856.00  3.599475E-14
7859.00  3.600687E-14
7862.00  3.599736E-14
7865.00  3.600998E-14
7868.00  3.597209E-14
7871.00  3.595679E-14
7874.00  3.592487E-14
7877.00  3.588041E-14
7880.00  3.584745E-14
7883.00  3.579686E-14
7886.00  3.574651E-14
7889.00  3.569194E-14
7892.00  3.562620E-14
7895.00  3.556444E-14
7898.00  3.548313E-14
7901.00  3.542094E-14
7904.00  3.534335E-14
7907.00  3.525253E-14
7910.00  3.521413E-14
7913.00  3.511760E-14
7916.00  3.506639E-14
7919.00  3.505039E-14
7922.00  3.496874E-14
7925.00  3.497021E-14
7928.00  3.494504E-14
7931.00  3.488821E-14
7934.00  3.491122E-14
7937.00  3.485369E-14
7940.00  3.484115E-14
7943.00  3.483372E-14
7946.00  3.482541E-14
7949.00  3.482567E-14
7952.00  3.486849E-14
7955.00  3.489305E-14
7958.00  3.493094E-14
7961.00  3.500852E-14
7964.00  3.503543E-14
7967.00  3.510056E-14
7970.00  3.516102E-14
7973.00  3.517711E-14
7976.00  3.524328E-14
7979.00  3.525236E-14
7982.00  3.527675E-14
7985.00  3.531066E-14
7988.00  3.529820E-14
7991.00  3.533029E-14
7994.00  3.533574E-14
7997.00  3.534180E-14
8000.00  3.538427E-14
8003.00  3.539413E-14
8006.00  3.544438E-14
8009.00  3.548728E-14
8012.00  3.551557E-14
8015.00  3.556591E-14
8018.00  3.559800E-14
8021.00  3.560743E-14
8024.00  3.564453E-14
8027.00  3.564306E-14
8030.00  3.565327E-14
8033.00  3.567351E-14
8036.00  3.566987E-14
8039.00  3.567705E-14
8042.00  3.569306E-14
8045.00  3.568917E-14
8048.00  3.569358E-14
8051.00  3.571451E-14
8054.00  3.569963E-14
8057.00  3.571511E-14
8060.00  3.570958E-14
8063.00  3.567489E-14
8066.00  3.567065E-14
8069.00  3.560241E-14
8072.00  3.558355E-14
8075.00  3.550380E-14
8078.00  3.546047E-14
8081.00  3.541887E-14
8084.00  3.534638E-14
8087.00  3.535148E-14
8090.00  3.529777E-14
8093.00  3.530141E-14
8096.00  3.530971E-14
8099.00  3.531516E-14
8102.00  3.534543E-14
8105.00  3.537302E-14
8108.00  3.541151E-14
8111.00  3.542994E-14
8114.00  3.547301E-14
8117.00  3.549126E-14
8120.00  3.550527E-14
8123.00  3.554463E-14
8126.00  3.553546E-14
8129.00  3.554870E-14
8132.00  3.556305E-14
8135.00  3.552344E-14
8138.00  3.552941E-14
8141.00  3.548106E-14
8144.00  3.542527E-14
8147.00  3.538928E-14
8150.00  3.528929E-14
8153.00  3.523004E-14
8156.00  3.513810E-14
8159.00  3.505679E-14
8162.00  3.497782E-14
8165.00  3.490110E-14
8168.00  3.482031E-14
8171.00  3.474800E-14
8174.00  3.466401E-14
8177.00  3.455399E-14
8180.00  3.448739E-14
8183.00  3.433974E-14
8186.00  3.429165E-14
8189.00  3.417807E-14
8192.00  3.414183E-14
8195.00  3.414434E-14
8198.00  3.413664E-14
8201.00  3.424467E-14
8204.00  3.429770E-14
8207.00  3.440668E-14
8210.00  3.450711E-14
8213.00  3.454750E-14
8216.00  3.460277E-14
8219.00  3.460667E-14
8222.00  3.458219E-14
8225.00  3.458737E-14
8228.00  3.456627E-14
8231.00  3.460052E-14
8234.00  3.468157E-14
8237.00  3.475544E-14
8240.00  3.491762E-14
8243.00  3.504701E-14
8246.00  3.518680E-14
8249.00  3.534629E-14
8252.00  3.541428E-14
8255.00  3.551436E-14
8258.00  3.554575E-14
8261.00  3.553884E-14
8264.00  3.553191E-14
8267.00  3.546419E-14
8270.00  3.539456E-14
8273.00  3.531377E-14
8276.00  3.519363E-14
8279.00  3.510930E-14
8282.00  3.499295E-14
8285.00  3.490542E-14
8288.00  3.483588E-14
8291.00  3.474350E-14
8294.00  3.472231E-14
8297.00  3.464904E-14
8300.00  3.463356E-14
8303.00  3.460917E-14
8306.00  3.456463E-14
8309.00  3.455728E-14
8312.00  3.453046E-14
8315.00  3.447458E-14
8318.00  3.449448E-14
8321.00  3.439466E-14
8324.00  3.441992E-14
8327.00  3.435704E-14
8330.00  3.434112E-14
8333.00  3.436525E-14
8336.00  3.431785E-14
8339.00  3.441585E-14
8342.00  3.438524E-14
8345.00  3.450226E-14
8348.00  3.450685E-14
8351.00  3.458729E-14
8354.00  3.462803E-14
8357.00  3.463988E-14
8360.00  3.468944E-14
8363.00  3.463115E-14
8366.00  3.463702E-14
8369.00  3.457181E-14
8372.00  3.450494E-14
8375.00  3.444639E-14
8378.00  3.437416E-14
8381.00  3.426526E-14
8384.00  3.429035E-14
8387.00  3.415766E-14
8390.00  3.420869E-14
8393.00  3.421839E-14
8396.00  3.418361E-14
8399.00  3.432944E-14
8402.00  3.429701E-14
8405.00  3.439103E-14
8408.00  3.446429E-14
8411.00  3.443687E-14
8414.00  3.452414E-14
8417.00  3.448479E-14
8420.00  3.447043E-14
8423.00  3.444682E-14
8426.00  3.438489E-14
8429.00  3.429605E-14
8432.00  3.426950E-14
8435.00  3.414071E-14
8438.00  3.410100E-14
8441.00  3.407203E-14
8444.00  3.398121E-14
8447.00  3.404963E-14
8450.00  3.397463E-14
8453.00  3.404037E-14
8456.00  3.404245E-14
8459.00  3.406356E-14
8462.00  3.409512E-14
8465.00  3.409729E-14
8468.00  3.412496E-14
8471.00  3.410793E-14
8474.00  3.413872E-14
8477.00  3.410005E-14
8480.00  3.407021E-14
8483.00  3.404928E-14
8486.00  3.388105E-14
8489.00  3.388545E-14
8492.00  3.362623E-14
8495.00  3.359138E-14
8498.00  3.344061E-14
8501.00  3.329919E-14
8504.00  3.338516E-14
8507.00  3.320491E-14
8510.00  3.341976E-14
8513.00  3.330956E-14
8516.00  3.345852E-14
8519.00  3.340004E-14
8522.00  3.338214E-14
8525.00  3.324910E-14
8528.00  3.306616E-14
8531.00  3.279595E-14
8534.00  3.248898E-14
8537.00  3.220656E-14
8540.00  3.184977E-14
8543.00  3.175972E-14
8546.00  3.151831E-14
8549.00  3.169347E-14
8552.00  3.174986E-14
8555.00  3.204144E-14
8558.00  3.236961E-14
8561.00  3.268342E-14
8564.00  3.305656E-14
8567.00  3.333785E-14
8570.00  3.357511E-14
8573.00  3.378313E-14
8576.00  3.386825E-14
8579.00  3.397334E-14
8582.00  3.397689E-14
8585.00  3.397593E-14
8588.00  3.396633E-14
8591.00  3.388546E-14
8594.00  3.388226E-14
8597.00  3.378166E-14
8600.00  3.376384E-14
8603.00  3.370546E-14
8606.00  3.367120E-14
8609.00  3.365503E-14
8612.00  3.363877E-14
8615.00  3.363107E-14
8618.00  3.365200E-14
8621.00  3.364578E-14
8624.00  3.366766E-14
8627.00  3.367146E-14
8630.00  3.364707E-14
8633.00  3.363540E-14
8636.00  3.354085E-14
8639.00  3.344346E-14
8642.00  3.327427E-14
8645.00  3.303191E-14
8648.00  3.278877E-14
8651.00  3.241528E-14
8654.00  3.211669E-14
8657.00  3.174779E-14
8660.00  3.141599E-14
8663.00  3.123331E-14
8666.00  3.095989E-14
8669.00  3.102883E-14
8672.00  3.093688E-14
8675.00  3.115433E-14
8678.00  3.125519E-14
8681.00  3.147956E-14
8684.00  3.171128E-14
8687.00  3.184873E-14
8690.00  3.211488E-14
8693.00  3.220328E-14
8696.00  3.241216E-14
8699.00  3.251060E-14
8702.00  3.263559E-14
8705.00  3.275763E-14
8708.00  3.283427E-14
8711.00  3.293244E-14
8714.00  3.299602E-14
8717.00  3.303978E-14
8720.00  3.308078E-14
8723.00  3.308303E-14
8726.00  3.307810E-14
8729.00  3.304774E-14
8732.00  3.300943E-14
8735.00  3.294153E-14
8738.00  3.289265E-14
8741.00  3.281593E-14
8744.00  3.274941E-14
8747.00  3.272070E-14
8750.00  3.261716E-14
8753.00  3.266906E-14
8756.00  3.256241E-14
8759.00  3.265150E-14
8762.00  3.261344E-14
8765.00  3.266733E-14
8768.00  3.271620E-14
8771.00  3.271793E-14
8774.00  3.281731E-14
8777.00  3.279128E-14
8780.00  3.287898E-14
8783.00  3.284958E-14
8786.00  3.288513E-14
8789.00  3.283150E-14
8792.00  3.281653E-14
8795.00  3.273583E-14
8798.00  3.268117E-14
8801.00  3.258654E-14
8804.00  3.250065E-14
8807.00  3.244166E-14
8810.00  3.234470E-14
8813.00  3.237350E-14
8816.00  3.229150E-14
8819.00  3.238466E-14
8822.00  3.233069E-14
8825.00  3.243777E-14
8828.00  3.242704E-14
8831.00  3.250056E-14
8834.00  3.252357E-14
8837.00  3.253127E-14
8840.00  3.256120E-14
8843.00  3.252132E-14
8846.00  3.252677E-14
8849.00  3.245766E-14
8852.00  3.242306E-14
8855.00  3.233034E-14
8858.00  3.227204E-14
8861.00  3.216227E-14
8864.00  3.210121E-14
8867.00  3.201524E-14
8870.00  3.195339E-14
8873.00  3.193462E-14
8876.00  3.187087E-14
8879.00  3.191879E-14
8882.00  3.187424E-14
8885.00  3.195322E-14
8888.00  3.194569E-14
8891.00  3.200295E-14
8894.00  3.203288E-14
8897.00  3.205303E-14
8900.00  3.209706E-14
8903.00  3.209706E-14
8906.00  3.212500E-14
8909.00  3.212249E-14
8912.00  3.212275E-14
8915.00  3.212292E-14
8918.00  3.210986E-14
8921.00  3.210536E-14
8924.00  3.209109E-14
8927.00  3.207492E-14
8930.00  3.206108E-14
8933.00  3.204914E-14
8936.00  3.200883E-14
8939.00  3.200287E-14
8942.00  3.192052E-14
8945.00  3.190486E-14
8948.00  3.180064E-14
8951.00  3.174571E-14
8954.00  3.164114E-14
8957.00  3.154201E-14
8960.00  3.144947E-14
8963.00  3.131928E-14
8966.00  3.123262E-14
8969.00  3.110763E-14
8972.00  3.100288E-14
8975.00  3.090004E-14
8978.00  3.076657E-14
8981.00  3.069123E-14
8984.00  3.056141E-14
8987.00  3.047439E-14
8990.00  3.036956E-14
8993.00  3.029431E-14
8996.00  3.024933E-14
8999.00  3.018532E-14
9002.00  3.016715E-14
9005.00  3.017805E-14
9008.00  3.017035E-14
9011.00  3.028098E-14
9014.00  3.027017E-14
9017.00  3.048538E-14
9020.00  3.055527E-14
9023.00  3.082764E-14
9026.00  3.100945E-14
9029.00  3.130398E-14
9032.00  3.158379E-14
9035.00  3.186283E-14
9038.00  3.214307E-14
9041.00  3.237065E-14
9044.00  3.256708E-14
9047.00  3.270885E-14
9050.00  3.276577E-14
9053.00  3.279535E-14
9056.00  3.275288E-14
9059.00  3.264043E-14
9062.00  3.256621E-14
9065.00  3.234167E-14
9068.00  3.227749E-14
9071.00  3.198989E-14
9074.00  3.196749E-14
9077.00  3.166985E-14
9080.00  3.168050E-14
9083.00  3.144375E-14
9086.00  3.144280E-14
9089.00  3.132421E-14
9092.00  3.127007E-14
9095.00  3.130120E-14
9098.00  3.115529E-14
9101.00  3.132119E-14
9104.00  3.109898E-14
9107.00  3.131064E-14
9110.00  3.106940E-14
9113.00  3.126263E-14
9116.00  3.100824E-14
9119.00  3.115546E-14
9122.00  3.091863E-14
9125.00  3.102173E-14
9128.00  3.075879E-14
9131.00  3.086985E-14
9134.00  3.059098E-14
9137.00  3.070723E-14
9140.00  3.043451E-14
9143.00  3.054013E-14
9146.00  3.033305E-14
9149.00  3.037648E-14
9152.00  3.027562E-14
9155.00  3.022744E-14
9158.00  3.023998E-14
9161.00  3.012442E-14
9164.00  3.018047E-14
9167.00  3.007253E-14
9170.00  3.012685E-14
9173.00  3.007391E-14
9176.00  3.010315E-14
9179.00  3.014353E-14
9182.00  3.015158E-14
9185.00  3.023877E-14
9188.00  3.026170E-14
9191.00  3.034447E-14
9194.00  3.035546E-14
9197.00  3.039732E-14
9200.00  3.039490E-14
9203.00  3.037423E-14
9206.00  3.032215E-14
9209.00  3.029317E-14
9212.00  3.019275E-14
9215.00  3.016586E-14
9218.00  3.007002E-14
9221.00  3.005125E-14
9224.00  3.000307E-14
9227.00  2.998681E-14
9230.00  3.001872E-14
9233.00  3.000844E-14
9236.00  3.010782E-14
9239.00  3.010237E-14
9242.00  3.026135E-14
9245.00  3.026385E-14
9248.00  3.043754E-14
9251.00  3.044974E-14
9254.00  3.062835E-14
9257.00  3.063173E-14
9260.00  3.078058E-14
9263.00  3.078932E-14
9266.00  3.086449E-14
9269.00  3.086492E-14
9272.00  3.084338E-14
9275.00  3.084581E-14
9278.00  3.071580E-14
9281.00  3.069910E-14
9284.00  3.053036E-14
9287.00  3.048364E-14
9290.00  3.032492E-14
9293.00  3.030970E-14
9296.00  3.018272E-14
9299.00  3.024967E-14
9302.00  3.018869E-14
9305.00  3.035234E-14
9308.00  3.035105E-14
9311.00  3.059401E-14
9314.00  3.063761E-14
9317.00  3.089545E-14
9320.00  3.097823E-14
9323.00  3.115736E-14
9326.00  3.125484E-14
9329.00  3.135008E-14
9332.00  3.142802E-14
9335.00  3.145690E-14
9338.00  3.149954E-14
9341.00  3.149141E-14
9344.00  3.149920E-14
9347.00  3.147817E-14
9350.00  3.146192E-14
9353.00  3.143891E-14
9356.00  3.141521E-14
9359.00  3.139384E-14
9362.00  3.137629E-14
9365.00  3.135726E-14
9368.00  3.135691E-14
9371.00  3.133926E-14
9374.00  3.136046E-14
9377.00  3.134558E-14
9380.00  3.138268E-14
9383.00  3.136790E-14
9386.00  3.141011E-14
9389.00  3.138978E-14
9392.00  3.142775E-14
9395.00  3.139834E-14
9398.00  3.142256E-14
9401.00  3.138909E-14
9404.00  3.139895E-14
9407.00  3.137308E-14
9410.00  3.137360E-14
9413.00  3.136418E-14
9416.00  3.136063E-14
9419.00  3.137084E-14
9422.00  3.136089E-14
9425.00  3.138658E-14
9428.00  3.136020E-14
9431.00  3.139350E-14
9434.00  3.134221E-14
9437.00  3.137412E-14
9440.00  3.130250E-14
9443.00  3.133105E-14
9446.00  3.125450E-14
9449.00  3.128884E-14
9452.00  3.122284E-14
9455.00  3.127076E-14
9458.00  3.123314E-14
9461.00  3.128866E-14
9464.00  3.128538E-14
9467.00  3.133719E-14
9470.00  3.135631E-14
9473.00  3.139531E-14
9476.00  3.142040E-14
9479.00  3.144090E-14
9482.00  3.145785E-14
9485.00  3.146114E-14
9488.00  3.146201E-14
9491.00  3.145457E-14
9494.00  3.143666E-14
9497.00  3.142602E-14
9500.00  3.139402E-14
9503.00  3.138476E-14
9506.00  3.134688E-14
9509.00  3.134117E-14
9512.00  3.130276E-14
9515.00  3.130043E-14
9518.00  3.126419E-14
9521.00  3.125934E-14
9524.00  3.122535E-14
9527.00  3.120883E-14
9530.00  3.117302E-14
9533.00  3.113790E-14
9536.00  3.110140E-14
9539.00  3.104552E-14
9542.00  3.101802E-14
9545.00  3.094796E-14
9548.00  3.094527E-14
9551.00  3.087409E-14
9554.00  3.090921E-14
9557.00  3.085281E-14
9560.00  3.091786E-14
9563.00  3.089251E-14
9566.00  3.097192E-14
9569.00  3.097192E-14
9572.00  3.105054E-14
9575.00  3.106464E-14
9578.00  3.112908E-14
9581.00  3.114741E-14
9584.00  3.118790E-14
9587.00  3.120321E-14
9590.00  3.122293E-14
9593.00  3.122890E-14
9596.00  3.123521E-14
9599.00  3.123045E-14
9602.00  3.123089E-14
9605.00  3.121696E-14
9608.00  3.121783E-14
9611.00  3.119802E-14
9614.00  3.120295E-14
9617.00  3.117864E-14
9620.00  3.118608E-14
9623.00  3.115589E-14
9626.00  3.116230E-14
9629.00  3.112025E-14
9632.00  3.112190E-14
9635.00  3.106421E-14
9638.00  3.105694E-14
9641.00  3.099173E-14
9644.00  3.097460E-14
9647.00  3.091336E-14
9650.00  3.089207E-14
9653.00  3.084607E-14
9656.00  3.082850E-14
9659.00  3.080351E-14
9662.00  3.079563E-14
9665.00  3.078984E-14
9668.00  3.079347E-14
9671.00  3.079927E-14
9674.00  3.081242E-14
9677.00  3.082089E-14
9680.00  3.083836E-14
9683.00  3.084157E-14
9686.00  3.085869E-14
9689.00  3.085039E-14
9692.00  3.086232E-14
9695.00  3.084027E-14
9698.00  3.084252E-14
9701.00  3.080999E-14
9704.00  3.080048E-14
9707.00  3.076121E-14
9710.00  3.074132E-14
9713.00  3.069954E-14
9716.00  3.067220E-14
9719.00  3.063129E-14
9722.00  3.059929E-14
9725.00  3.056183E-14
9728.00  3.052681E-14
9731.00  3.049558E-14
9734.00  3.045865E-14
9737.00  3.043642E-14
9740.00  3.040018E-14
9743.00  3.039014E-14
9746.00  3.035736E-14
9749.00  3.036169E-14
9752.00  3.033599E-14
9755.00  3.035286E-14
9758.00  3.033625E-14
9761.00  3.035883E-14
9764.00  3.035009E-14
9767.00  3.036886E-14
9770.00  3.036454E-14
9773.00  3.037102E-14
9776.00  3.037033E-14
9779.00  3.036099E-14
9782.00  3.036852E-14
9785.00  3.034759E-14
9788.00  3.037223E-14
9791.00  3.034949E-14
9794.00  3.039715E-14
9797.00  3.038192E-14
9800.00  3.044468E-14
