4300.00000  4.692669E-14
4301.25000  4.696612E-14
4302.50000  4.702007E-14
4303.75000  4.703209E-14
4305.00000  4.702253E-14
4306.25000  4.703419E-14
4307.50000  4.705641E-14
4308.75000  4.703776E-14
4310.00000  4.698967E-14
4311.25000  4.700856E-14
4312.50000  4.714935E-14
4313.75000  4.733147E-14
4315.00000  4.740906E-14
4316.25000  4.729392E-14
4317.50000  4.698873E-14
4318.75000  4.652868E-14
4320.00000  4.593519E-14
4321.25000  4.527287E-14
4322.50000  4.464751E-14
4323.75000  4.410612E-14
4325.00000  4.356401E-14
4326.25000  4.285642E-14
4327.50000  4.184997E-14
4328.75000  4.050395E-14
4330.00000  3.879132E-14
4331.25000  3.666195E-14
4332.50000  3.409249E-14
4333.75000  3.120751E-14
4335.00000  2.837546E-14
4336.25000  2.617079E-14
4337.50000  2.516675E-14
4338.75000  2.563092E-14
4340.00000  2.738480E-14
4341.25000  2.993131E-14
4342.50000  3.270287E-14
4343.75000  3.530012E-14
4345.00000  3.749595E-14
4346.25000  3.923606E-14
4347.50000  4.059390E-14
4348.75000  4.172790E-14
4350.00000  4.275628E-14
4351.25000  4.370831E-14
4352.50000  4.452495E-14
4353.75000  4.516549E-14
4355.00000  4.565856E-14
4356.25000  4.606932E-14
4357.50000  4.644555E-14
4358.75000  4.679812E-14
4360.00000  4.710316E-14
4361.25000  4.731088E-14
4362.50000  4.736967E-14
4363.75000  4.728144E-14
4365.00000  4.710080E-14
4366.25000  4.692111E-14
4367.50000  4.677435E-14
4368.75000  4.663426E-14
4370.00000  4.648301E-14
4371.25000  4.636321E-14
4372.50000  4.635017E-14
4373.75000  4.645649E-14
4375.00000  4.660460E-14
4376.25000  4.663494E-14
4377.50000  4.642995E-14
4378.75000  4.599913E-14
4380.00000  4.547428E-14
4381.25000  4.503619E-14
4382.50000  4.480794E-14
4383.75000  4.480817E-14
4385.00000  4.497801E-14
4386.25000  4.525701E-14
4387.50000  4.558605E-14
4388.75000  4.589487E-14
4390.00000  4.609822E-14
4391.25000  4.619425E-14
4392.50000  4.623100E-14
4393.75000  4.625637E-14
4395.00000  4.628164E-14
4396.25000  4.628488E-14
4397.50000  4.625217E-14
4398.75000  4.620962E-14
4400.00000  4.617348E-14
4401.25000  4.615025E-14
4402.50000  4.615662E-14
4403.75000  4.620021E-14
4405.00000  4.627360E-14
4406.25000  4.634983E-14
4407.50000  4.638657E-14
4408.75000  4.633598E-14
4410.00000  4.616302E-14
4411.25000  4.591424E-14
4412.50000  4.570801E-14
4413.75000  4.565815E-14
4415.00000  4.579239E-14
4416.25000  4.601894E-14
4417.50000  4.622704E-14
4418.75000  4.637212E-14
4420.00000  4.647239E-14
4421.25000  4.655795E-14
4422.50000  4.662773E-14
4423.75000  4.665161E-14
4425.00000  4.662430E-14
4426.25000  4.657517E-14
4427.50000  4.652127E-14
4428.75000  4.646424E-14
4430.00000  4.640503E-14
4431.25000  4.636297E-14
4432.50000  4.637552E-14
4433.75000  4.645373E-14
4435.00000  4.655488E-14
4436.25000  4.659407E-14
4437.50000  4.652904E-14
4438.75000  4.640104E-14
4440.00000  4.631459E-14
4441.25000  4.633654E-14
4442.50000  4.645025E-14
4443.75000  4.658061E-14
4445.00000  4.665824E-14
4446.25000  4.666795E-14
4447.50000  4.663355E-14
4448.75000  4.655675E-14
4450.00000  4.643251E-14
4451.25000  4.629331E-14
4452.50000  4.618851E-14
4453.75000  4.616825E-14
4455.00000  4.623322E-14
4456.25000  4.632343E-14
4457.50000  4.637585E-14
4458.75000  4.636480E-14
4460.00000  4.628457E-14
4461.25000  4.612772E-14
4462.50000  4.587272E-14
4463.75000  4.550781E-14
4465.00000  4.507893E-14
4466.25000  4.471182E-14
4467.50000  4.457411E-14
4468.75000  4.475143E-14
4470.00000  4.519111E-14
4471.25000  4.571105E-14
4472.50000  4.608677E-14
4473.75000  4.614262E-14
4475.00000  4.583938E-14
4476.25000  4.532001E-14
4477.50000  4.487808E-14
4478.75000  4.479750E-14
4480.00000  4.515061E-14
4481.25000  4.572681E-14
4482.50000  4.618493E-14
4483.75000  4.634090E-14
4485.00000  4.626268E-14
4486.25000  4.612367E-14
4487.50000  4.606728E-14
4488.75000  4.612930E-14
4490.00000  4.625277E-14
4491.25000  4.636270E-14
4492.50000  4.641266E-14
4493.75000  4.636753E-14
4495.00000  4.621609E-14
4496.25000  4.601712E-14
4497.50000  4.587455E-14
4498.75000  4.587567E-14
4500.00000  4.602302E-14
4501.25000  4.619792E-14
4502.50000  4.626674E-14
4503.75000  4.619302E-14
4505.00000  4.605081E-14
4506.25000  4.593755E-14
4507.50000  4.589855E-14
4508.75000  4.588958E-14
4510.00000  4.584561E-14
4511.25000  4.574977E-14
4512.50000  4.563031E-14
4513.75000  4.551973E-14
4515.00000  4.542406E-14
4516.25000  4.533550E-14
4517.50000  4.525705E-14
4518.75000  4.519989E-14
4520.00000  4.516885E-14
4521.25000  4.514828E-14
4522.50000  4.510743E-14
4523.75000  4.502516E-14
4525.00000  4.490722E-14
4526.25000  4.478413E-14
4527.50000  4.467644E-14
4528.75000  4.459134E-14
4530.00000  4.453519E-14
4531.25000  4.453554E-14
4532.50000  4.463771E-14
4533.75000  4.484972E-14
4535.00000  4.508831E-14
4536.25000  4.525461E-14
4537.50000  4.532384E-14
4538.75000  4.533255E-14
4540.00000  4.531442E-14
4541.25000  4.525756E-14
4542.50000  4.511186E-14
4543.75000  4.484635E-14
4545.00000  4.452094E-14
4546.25000  4.425450E-14
4547.50000  4.411398E-14
4548.75000  4.409022E-14
4550.00000  4.411252E-14
4551.25000  4.412915E-14
4552.50000  4.418162E-14
4553.75000  4.433568E-14
4555.00000  4.458317E-14
4556.25000  4.483371E-14
4557.50000  4.499722E-14
4558.75000  4.503992E-14
4560.00000  4.498903E-14
4561.25000  4.491335E-14
4562.50000  4.488171E-14
4563.75000  4.492124E-14
4565.00000  4.499241E-14
4566.25000  4.501609E-14
4567.50000  4.494884E-14
4568.75000  4.482102E-14
4570.00000  4.470676E-14
4571.25000  4.466776E-14
4572.50000  4.468868E-14
4573.75000  4.469364E-14
4575.00000  4.461898E-14
4576.25000  4.444683E-14
4577.50000  4.420701E-14
4578.75000  4.396582E-14
4580.00000  4.379310E-14
4581.25000  4.371783E-14
4582.50000  4.372920E-14
4583.75000  4.379709E-14
4585.00000  4.388874E-14
4586.25000  4.397795E-14
4587.50000  4.405550E-14
4588.75000  4.411538E-14
4590.00000  4.415809E-14
4591.25000  4.419321E-14
4592.50000  4.424241E-14
4593.75000  4.431491E-14
4595.00000  4.439816E-14
4596.25000  4.445499E-14
4597.50000  4.445509E-14
4598.75000  4.440616E-14
4600.00000  4.433734E-14
4601.25000  4.427984E-14
4602.50000  4.426281E-14
4603.75000  4.430977E-14
4605.00000  4.441804E-14
4606.25000  4.454613E-14
4607.50000  4.463844E-14
4608.75000  4.464888E-14
4610.00000  4.458423E-14
4611.25000  4.448431E-14
4612.50000  4.437860E-14
4613.75000  4.428466E-14
4615.00000  4.421688E-14
4616.25000  4.419916E-14
4617.50000  4.424856E-14
4618.75000  4.434802E-14
4620.00000  4.444572E-14
4621.25000  4.447889E-14
4622.50000  4.440928E-14
4623.75000  4.425146E-14
4625.00000  4.407276E-14
4626.25000  4.394804E-14
4627.50000  4.390157E-14
4628.75000  4.390236E-14
4630.00000  4.389241E-14
4631.25000  4.383395E-14
4632.50000  4.374489E-14
4633.75000  4.367820E-14
4635.00000  4.366498E-14
4636.25000  4.370067E-14
4637.50000  4.375988E-14
4638.75000  4.381544E-14
4640.00000  4.384401E-14
4641.25000  4.382291E-14
4642.50000  4.374812E-14
4643.75000  4.365492E-14
4645.00000  4.361021E-14
4646.25000  4.366456E-14
4647.50000  4.379552E-14
4648.75000  4.392228E-14
4650.00000  4.397732E-14
4651.25000  4.395374E-14
4652.50000  4.390876E-14
4653.75000  4.391758E-14
4655.00000  4.401051E-14
4656.25000  4.414060E-14
4657.50000  4.422229E-14
4658.75000  4.418949E-14
4660.00000  4.403550E-14
4661.25000  4.380070E-14
4662.50000  4.353602E-14
4663.75000  4.328895E-14
4665.00000  4.310738E-14
4666.25000  4.303176E-14
4667.50000  4.307079E-14
4668.75000  4.318689E-14
4670.00000  4.331700E-14
4671.25000  4.341169E-14
4672.50000  4.344851E-14
4673.75000  4.342429E-14
4675.00000  4.334114E-14
4676.25000  4.322008E-14
4677.50000  4.310211E-14
4678.75000  4.302146E-14
4680.00000  4.298768E-14
4681.25000  4.298565E-14
4682.50000  4.299827E-14
4683.75000  4.301438E-14
4685.00000  4.303550E-14
4686.25000  4.305292E-14
4687.50000  4.304800E-14
4688.75000  4.301116E-14
4690.00000  4.296083E-14
4691.25000  4.291734E-14
4692.50000  4.288071E-14
4693.75000  4.283414E-14
4695.00000  4.276137E-14
4696.25000  4.266521E-14
4697.50000  4.257682E-14
4698.75000  4.252483E-14
4700.00000  4.251192E-14
4701.25000  4.252156E-14
4702.50000  4.252233E-14
4703.75000  4.247720E-14
4705.00000  4.237580E-14
4706.25000  4.223803E-14
4707.50000  4.208845E-14
4708.75000  4.195055E-14
4710.00000  4.185676E-14
4711.25000  4.185149E-14
4712.50000  4.196979E-14
4713.75000  4.219217E-14
4715.00000  4.244195E-14
4716.25000  4.264021E-14
4717.50000  4.275084E-14
4718.75000  4.278536E-14
4720.00000  4.277741E-14
4721.25000  4.274365E-14
4722.50000  4.266696E-14
4723.75000  4.252303E-14
4725.00000  4.232314E-14
4726.25000  4.213146E-14
4727.50000  4.201994E-14
4728.75000  4.201020E-14
4730.00000  4.207053E-14
4731.25000  4.214637E-14
4732.50000  4.220200E-14
4733.75000  4.223580E-14
4735.00000  4.226028E-14
4736.25000  4.227895E-14
4737.50000  4.228369E-14
4738.75000  4.227151E-14
4740.00000  4.225841E-14
4741.25000  4.227716E-14
4742.50000  4.234785E-14
4743.75000  4.246707E-14
4745.00000  4.261278E-14
4746.25000  4.275618E-14
4747.50000  4.285869E-14
4748.75000  4.288725E-14
4750.00000  4.283817E-14
4751.25000  4.274546E-14
4752.50000  4.266235E-14
4753.75000  4.262311E-14
4755.00000  4.261152E-14
4756.25000  4.257294E-14
4757.50000  4.246292E-14
4758.75000  4.228194E-14
4760.00000  4.207755E-14
4761.25000  4.191155E-14
4762.50000  4.182954E-14
4763.75000  4.184462E-14
4765.00000  4.193101E-14
4766.25000  4.205309E-14
4767.50000  4.217370E-14
4768.75000  4.226470E-14
4770.00000  4.232206E-14
4771.25000  4.235939E-14
4772.50000  4.238402E-14
4773.75000  4.238502E-14
4775.00000  4.236616E-14
4776.25000  4.234294E-14
4777.50000  4.232225E-14
4778.75000  4.229444E-14
4780.00000  4.223849E-14
4781.25000  4.214852E-14
4782.50000  4.205261E-14
4783.75000  4.199486E-14
4785.00000  4.199968E-14
4786.25000  4.206312E-14
4787.50000  4.217041E-14
4788.75000  4.230842E-14
4790.00000  4.246130E-14
4791.25000  4.259986E-14
4792.50000  4.268076E-14
4793.75000  4.267489E-14
4795.00000  4.259902E-14
4796.25000  4.250839E-14
4797.50000  4.244219E-14
4798.75000  4.239978E-14
4800.00000  4.234970E-14
4801.25000  4.226383E-14
4802.50000  4.214717E-14
4803.75000  4.204696E-14
4805.00000  4.199521E-14
4806.25000  4.197865E-14
4807.50000  4.196652E-14
4808.75000  4.194190E-14
4810.00000  4.191548E-14
4811.25000  4.191249E-14
4812.50000  4.194448E-14
4813.75000  4.199829E-14
4815.00000  4.204450E-14
4816.25000  4.204505E-14
4817.50000  4.196390E-14
4818.75000  4.178964E-14
4820.00000  4.156005E-14
4821.25000  4.135243E-14
4822.50000  4.123577E-14
4823.75000  4.121060E-14
4825.00000  4.121328E-14
4826.25000  4.118407E-14
4827.50000  4.110955E-14
4828.75000  4.100833E-14
4830.00000  4.090366E-14
4831.25000  4.080767E-14
4832.50000  4.071115E-14
4833.75000  4.059737E-14
4835.00000  4.045675E-14
4836.25000  4.028073E-14
4837.50000  4.005729E-14
4838.75000  3.977451E-14
4840.00000  3.943336E-14
4841.25000  3.904658E-14
4842.50000  3.862470E-14
4843.75000  3.815012E-14
4845.00000  3.758785E-14
4846.25000  3.691712E-14
4847.50000  3.613445E-14
4848.75000  3.521155E-14
4850.00000  3.409270E-14
4851.25000  3.272893E-14
4852.50000  3.111420E-14
4853.75000  2.928252E-14
4855.00000  2.733006E-14
4856.25000  2.543934E-14
4857.50000  2.393288E-14
4858.75000  2.320048E-14
4860.00000  2.350506E-14
4861.25000  2.477275E-14
4862.50000  2.663274E-14
4863.75000  2.865230E-14
4865.00000  3.052843E-14
4866.25000  3.212513E-14
4867.50000  3.343459E-14
4868.75000  3.451806E-14
4870.00000  3.544252E-14
4871.25000  3.624908E-14
4872.50000  3.695499E-14
4873.75000  3.757230E-14
4875.00000  3.811103E-14
4876.25000  3.856301E-14
4877.50000  3.889924E-14
4878.75000  3.910703E-14
4880.00000  3.922740E-14
4881.25000  3.932385E-14
4882.50000  3.943679E-14
4883.75000  3.956897E-14
4885.00000  3.969525E-14
4886.25000  3.979828E-14
4887.50000  3.988977E-14
4888.75000  4.001838E-14
4890.00000  4.022527E-14
4891.25000  4.049662E-14
4892.50000  4.076449E-14
4893.75000  4.095473E-14
4895.00000  4.102758E-14
4896.25000  4.099727E-14
4897.50000  4.092053E-14
4898.75000  4.086895E-14
4900.00000  4.088366E-14
4901.25000  4.095126E-14
4902.50000  4.101577E-14
4903.75000  4.101223E-14
4905.00000  4.090363E-14
4906.25000  4.070930E-14
4907.50000  4.051332E-14
4908.75000  4.040435E-14
4910.00000  4.040437E-14
4911.25000  4.044600E-14
4912.50000  4.042129E-14
4913.75000  4.022740E-14
4915.00000  3.982788E-14
4916.25000  3.929246E-14
4917.50000  3.878176E-14
4918.75000  3.846890E-14
4920.00000  3.844948E-14
4921.25000  3.871002E-14
4922.50000  3.917013E-14
4923.75000  3.971803E-14
4925.00000  4.023323E-14
4926.25000  4.060548E-14
4927.50000  4.077664E-14
4928.75000  4.075242E-14
4930.00000  4.060094E-14
4931.25000  4.042300E-14
4932.50000  4.028957E-14
4933.75000  4.021291E-14
4935.00000  4.017433E-14
4936.25000  4.018484E-14
4937.50000  4.026523E-14
4938.75000  4.039609E-14
4940.00000  4.052735E-14
4941.25000  4.062871E-14
4942.50000  4.070393E-14
4943.75000  4.076708E-14
4945.00000  4.082054E-14
4946.25000  4.084749E-14
4947.50000  4.082341E-14
4948.75000  4.072795E-14
4950.00000  4.054021E-14
4951.25000  4.024815E-14
4952.50000  3.988144E-14
4953.75000  3.952438E-14
4955.00000  3.929045E-14
4956.25000  3.924903E-14
4957.50000  3.937176E-14
4958.75000  3.953188E-14
4960.00000  3.961487E-14
4961.25000  3.958678E-14
4962.50000  3.948944E-14
4963.75000  3.939726E-14
4965.00000  3.936729E-14
4966.25000  3.941688E-14
4967.50000  3.952501E-14
4968.75000  3.965488E-14
4970.00000  3.976346E-14
4971.25000  3.982090E-14
4972.50000  3.981281E-14
4973.75000  3.973824E-14
4975.00000  3.960128E-14
4976.25000  3.940846E-14
4977.50000  3.917610E-14
4978.75000  3.893986E-14
4980.00000  3.876094E-14
4981.25000  3.870302E-14
4982.50000  3.877911E-14
4983.75000  3.893058E-14
4985.00000  3.906682E-14
4986.25000  3.913241E-14
4987.50000  3.914171E-14
4988.75000  3.914897E-14
4990.00000  3.918929E-14
4991.25000  3.924985E-14
4992.50000  3.928362E-14
4993.75000  3.923308E-14
4995.00000  3.906610E-14
4996.25000  3.879450E-14
4997.50000  3.848144E-14
4998.75000  3.820626E-14
5000.00000  3.801353E-14
5001.25000  3.789875E-14
5002.50000  3.784738E-14
5003.75000  3.785886E-14
5005.00000  3.792648E-14
5006.25000  3.800326E-14
5007.50000  3.801038E-14
5008.75000  3.788848E-14
5010.00000  3.764628E-14
5011.25000  3.736004E-14
5012.50000  3.712674E-14
5013.75000  3.701237E-14
5015.00000  3.702893E-14
5016.25000  3.715756E-14
5017.50000  3.735973E-14
5018.75000  3.759348E-14
5020.00000  3.781970E-14
5021.25000  3.802555E-14
5022.50000  3.819813E-14
5023.75000  3.831176E-14
5025.00000  3.836313E-14
5026.25000  3.838427E-14
5027.50000  3.841101E-14
5028.75000  3.844977E-14
5030.00000  3.847931E-14
5031.25000  3.846108E-14
5032.50000  3.836331E-14
5033.75000  3.818482E-14
5035.00000  3.795370E-14
5036.25000  3.771273E-14
5037.50000  3.753384E-14
5038.75000  3.751640E-14
5040.00000  3.770211E-14
5041.25000  3.800488E-14
5042.50000  3.826683E-14
5043.75000  3.837762E-14
5045.00000  3.833771E-14
5046.25000  3.822423E-14
5047.50000  3.811558E-14
5048.75000  3.804980E-14
5050.00000  3.802542E-14
5051.25000  3.803085E-14
5052.50000  3.806960E-14
5053.75000  3.816941E-14
5055.00000  3.835011E-14
5056.25000  3.857002E-14
5057.50000  3.874233E-14
5058.75000  3.879664E-14
5060.00000  3.871283E-14
5061.25000  3.852644E-14
5062.50000  3.831438E-14
5063.75000  3.814983E-14
5065.00000  3.805684E-14
5066.25000  3.801204E-14
5067.50000  3.798363E-14
5068.75000  3.795315E-14
5070.00000  3.792684E-14
5071.25000  3.791777E-14
5072.50000  3.791385E-14
5073.75000  3.788543E-14
5075.00000  3.781250E-14
5076.25000  3.770343E-14
5077.50000  3.759686E-14
5078.75000  3.753616E-14
5080.00000  3.754243E-14
5081.25000  3.760682E-14
5082.50000  3.770647E-14
5083.75000  3.781865E-14
5085.00000  3.793241E-14
5086.25000  3.804636E-14
5087.50000  3.814675E-14
5088.75000  3.820514E-14
5090.00000  3.818874E-14
5091.25000  3.808162E-14
5092.50000  3.789518E-14
5093.75000  3.767380E-14
5095.00000  3.747755E-14
5096.25000  3.735083E-14
5097.50000  3.731745E-14
5098.75000  3.737301E-14
5100.00000  3.747821E-14
5101.25000  3.757626E-14
5102.50000  3.763051E-14
5103.75000  3.764294E-14
5105.00000  3.763932E-14
5106.25000  3.764401E-14
5107.50000  3.766970E-14
5108.75000  3.772167E-14
5110.00000  3.779822E-14
5111.25000  3.789228E-14
5112.50000  3.799035E-14
5113.75000  3.806635E-14
5115.00000  3.808845E-14
5116.25000  3.803163E-14
5117.50000  3.789703E-14
5118.75000  3.770898E-14
5120.00000  3.750417E-14
5121.25000  3.732470E-14
5122.50000  3.719671E-14
5123.75000  3.712531E-14
5125.00000  3.710483E-14
5126.25000  3.713588E-14
5127.50000  3.721558E-14
5128.75000  3.732749E-14
5130.00000  3.744255E-14
5131.25000  3.753934E-14
5132.50000  3.760566E-14
5133.75000  3.762719E-14
5135.00000  3.759618E-14
5136.25000  3.752713E-14
5137.50000  3.743909E-14
5138.75000  3.733394E-14
5140.00000  3.720899E-14
5141.25000  3.707070E-14
5142.50000  3.693683E-14
5143.75000  3.682476E-14
5145.00000  3.674070E-14
5146.25000  3.667176E-14
5147.50000  3.659721E-14
5148.75000  3.652684E-14
5150.00000  3.650278E-14
5151.25000  3.657460E-14
5152.50000  3.675662E-14
5153.75000  3.700272E-14
5155.00000  3.723043E-14
5156.25000  3.737820E-14
5157.50000  3.741499E-14
5158.75000  3.731629E-14
5160.00000  3.705307E-14
5161.25000  3.660752E-14
5162.50000  3.600824E-14
5163.75000  3.536234E-14
5165.00000  3.482581E-14
5166.25000  3.451526E-14
5167.50000  3.444025E-14
5168.75000  3.453551E-14
5170.00000  3.474373E-14
5171.25000  3.502570E-14
5172.50000  3.531871E-14
5173.75000  3.553818E-14
5175.00000  3.563248E-14
5176.25000  3.559353E-14
5177.50000  3.544381E-14
5178.75000  3.524077E-14
5180.00000  3.508485E-14
5181.25000  3.507789E-14
5182.50000  3.524449E-14
5183.75000  3.549278E-14
5185.00000  3.569732E-14
5186.25000  3.577969E-14
5187.50000  3.573593E-14
5188.75000  3.561596E-14
5190.00000  3.550077E-14
5191.25000  3.545955E-14
5192.50000  3.550564E-14
5193.75000  3.561464E-14
5195.00000  3.574857E-14
5196.25000  3.586346E-14
5197.50000  3.591058E-14
5198.75000  3.584619E-14
5200.00000  3.566266E-14
5201.25000  3.540090E-14
5202.50000  3.514053E-14
5203.75000  3.496414E-14
5205.00000  3.491763E-14
5206.25000  3.501304E-14
5207.50000  3.523025E-14
5208.75000  3.550837E-14
5210.00000  3.575368E-14
5211.25000  3.590590E-14
5212.50000  3.598354E-14
5213.75000  3.605507E-14
5215.00000  3.616691E-14
5216.25000  3.629569E-14
5217.50000  3.636653E-14
5218.75000  3.630274E-14
5220.00000  3.607137E-14
5221.25000  3.571954E-14
5222.50000  3.537533E-14
5223.75000  3.519636E-14
5225.00000  3.526443E-14
5226.25000  3.550698E-14
5227.50000  3.574783E-14
5228.75000  3.586255E-14
5230.00000  3.586441E-14
5231.25000  3.585817E-14
5232.50000  3.592499E-14
5233.75000  3.606017E-14
5235.00000  3.620213E-14
5236.25000  3.630342E-14
5237.50000  3.636124E-14
5238.75000  3.639264E-14
5240.00000  3.639293E-14
5241.25000  3.632823E-14
5242.50000  3.617572E-14
5243.75000  3.596814E-14
5245.00000  3.577630E-14
5246.25000  3.565523E-14
5247.50000  3.561903E-14
5248.75000  3.565387E-14
5250.00000  3.573533E-14
5251.25000  3.584148E-14
5252.50000  3.595713E-14
5253.75000  3.606042E-14
5255.00000  3.610058E-14
5256.25000  3.602137E-14
5257.50000  3.579881E-14
5258.75000  3.546186E-14
5260.00000  3.509067E-14
5261.25000  3.477907E-14
5262.50000  3.458839E-14
5263.75000  3.451614E-14
5265.00000  3.451211E-14
5266.25000  3.455127E-14
5267.50000  3.465324E-14
5268.75000  3.482711E-14
5270.00000  3.503492E-14
5271.25000  3.523544E-14
5272.50000  3.542334E-14
5273.75000  3.560798E-14
5275.00000  3.576544E-14
5276.25000  3.585331E-14
5277.50000  3.585968E-14
5278.75000  3.582953E-14
5280.00000  3.584203E-14
5281.25000  3.595433E-14
5282.50000  3.614965E-14
5283.75000  3.635442E-14
5285.00000  3.649533E-14
5286.25000  3.654998E-14
5287.50000  3.653630E-14
5288.75000  3.647226E-14
5290.00000  3.635330E-14
5291.25000  3.616688E-14
5292.50000  3.592576E-14
5293.75000  3.568809E-14
5295.00000  3.553001E-14
5296.25000  3.549893E-14
5297.50000  3.559122E-14
5298.75000  3.576997E-14
5300.00000  3.598065E-14
5301.25000  3.616177E-14
5302.50000  3.627216E-14
5303.75000  3.631541E-14
5305.00000  3.631975E-14
5306.25000  3.630197E-14
5307.50000  3.624971E-14
5308.75000  3.614170E-14
5310.00000  3.597231E-14
5311.25000  3.576998E-14
5312.50000  3.559418E-14
5313.75000  3.550784E-14
5315.00000  3.553186E-14
5316.25000  3.562363E-14
5317.50000  3.570759E-14
5318.75000  3.571655E-14
5320.00000  3.562654E-14
5321.25000  3.544969E-14
5322.50000  3.521352E-14
5323.75000  3.496885E-14
5325.00000  3.480114E-14
5326.25000  3.478774E-14
5327.50000  3.493366E-14
5328.75000  3.517337E-14
5330.00000  3.541481E-14
5331.25000  3.558742E-14
5332.50000  3.565695E-14
5333.75000  3.562044E-14
5335.00000  3.550655E-14
5336.25000  3.537221E-14
5337.50000  3.528050E-14
5338.75000  3.525753E-14
5340.00000  3.527900E-14
5341.25000  3.530261E-14
5342.50000  3.530467E-14
5343.75000  3.529654E-14
5345.00000  3.531470E-14
5346.25000  3.539538E-14
5347.50000  3.555086E-14
5348.75000  3.575893E-14
5350.00000  3.597938E-14
5351.25000  3.616849E-14
5352.50000  3.629290E-14
5353.75000  3.633588E-14
5355.00000  3.629028E-14
5356.25000  3.616150E-14
5357.50000  3.597385E-14
5358.75000  3.577124E-14
5360.00000  3.559921E-14
5361.25000  3.548242E-14
5362.50000  3.540683E-14
5363.75000  3.533256E-14
5365.00000  3.522272E-14
5366.25000  3.508765E-14
5367.50000  3.499081E-14
5368.75000  3.500341E-14
5370.00000  3.514468E-14
5371.25000  3.536488E-14
5372.50000  3.558460E-14
5373.75000  3.574518E-14
5375.00000  3.582667E-14
5376.25000  3.583365E-14
5377.50000  3.578430E-14
5378.75000  3.570690E-14
5380.00000  3.563041E-14
5381.25000  3.556894E-14
5382.50000  3.551175E-14
5383.75000  3.543594E-14
5385.00000  3.532734E-14
5386.25000  3.519952E-14
5387.50000  3.507902E-14
5388.75000  3.498091E-14
5390.00000  3.489386E-14
5391.25000  3.480068E-14
5392.50000  3.471071E-14
5393.75000  3.466150E-14
5395.00000  3.468144E-14
5396.25000  3.475345E-14
5397.50000  3.481787E-14
5398.75000  3.481226E-14
5400.00000  3.471718E-14
5401.25000  3.456764E-14
5402.50000  3.442447E-14
5403.75000  3.433940E-14
5405.00000  3.433891E-14
5406.25000  3.442292E-14
5407.50000  3.457696E-14
5408.75000  3.477490E-14
5410.00000  3.498545E-14
5411.25000  3.517917E-14
5412.50000  3.533616E-14
5413.75000  3.544387E-14
5415.00000  3.549482E-14
5416.25000  3.549270E-14
5417.50000  3.545508E-14
5418.75000  3.540439E-14
5420.00000  3.535878E-14
5421.25000  3.532239E-14
5422.50000  3.528075E-14
5423.75000  3.520965E-14
5425.00000  3.509353E-14
5426.25000  3.494480E-14
5427.50000  3.479873E-14
5428.75000  3.469077E-14
5430.00000  3.464199E-14
5431.25000  3.466304E-14
5432.50000  3.476285E-14
5433.75000  3.493748E-14
5435.00000  3.515547E-14
5436.25000  3.536454E-14
5437.50000  3.550702E-14
5438.75000  3.553678E-14
5440.00000  3.542848E-14
5441.25000  3.519260E-14
5442.50000  3.488195E-14
5443.75000  3.457455E-14
5445.00000  3.433763E-14
5446.25000  3.418878E-14
5447.50000  3.409297E-14
5448.75000  3.400045E-14
5450.00000  3.389159E-14
5451.25000  3.379603E-14
5452.50000  3.376256E-14
5453.75000  3.381506E-14
5455.00000  3.392309E-14
5456.25000  3.402542E-14
5457.50000  3.407765E-14
5458.75000  3.408030E-14
5460.00000  3.406552E-14
5461.25000  3.406724E-14
5462.50000  3.409718E-14
5463.75000  3.414397E-14
5465.00000  3.418111E-14
5466.25000  3.418305E-14
5467.50000  3.413559E-14
5468.75000  3.404191E-14
5470.00000  3.391920E-14
5471.25000  3.379390E-14
5472.50000  3.369961E-14
5473.75000  3.366161E-14
5475.00000  3.368128E-14
5476.25000  3.373578E-14
5477.50000  3.380333E-14
5478.75000  3.388120E-14
5480.00000  3.397526E-14
5481.25000  3.407292E-14
5482.50000  3.414398E-14
5483.75000  3.417045E-14
5485.00000  3.416206E-14
5486.25000  3.414382E-14
5487.50000  3.413316E-14
5488.75000  3.412938E-14
5490.00000  3.412194E-14
5491.25000  3.410083E-14
5492.50000  3.406064E-14
5493.75000  3.400330E-14
5495.00000  3.393095E-14
5496.25000  3.384419E-14
5497.50000  3.374303E-14
5498.75000  3.363278E-14
5500.00000  3.352548E-14
5501.25000  3.343327E-14
5502.50000  3.336678E-14
5503.75000  3.333245E-14
5505.00000  3.332669E-14
5506.25000  3.332966E-14
5507.50000  3.332098E-14
5508.75000  3.329759E-14
5510.00000  3.328132E-14
5511.25000  3.330669E-14
5512.50000  3.339790E-14
5513.75000  3.355263E-14
5515.00000  3.374138E-14
5516.25000  3.392037E-14
5517.50000  3.405160E-14
5518.75000  3.411670E-14
5520.00000  3.411221E-14
5521.25000  3.404384E-14
5522.50000  3.393099E-14
5523.75000  3.381082E-14
5525.00000  3.372656E-14
5526.25000  3.370010E-14
5527.50000  3.371422E-14
5528.75000  3.373225E-14
5530.00000  3.373216E-14
5531.25000  3.372367E-14
5532.50000  3.373307E-14
5533.75000  3.377842E-14
5535.00000  3.385161E-14
5536.25000  3.392341E-14
5537.50000  3.396353E-14
5538.75000  3.395729E-14
5540.00000  3.391765E-14
5541.25000  3.387835E-14
5542.50000  3.387329E-14
5543.75000  3.391369E-14
5545.00000  3.398357E-14
5546.25000  3.405147E-14
5547.50000  3.408854E-14
5548.75000  3.408432E-14
5550.00000  3.404486E-14
5551.25000  3.398745E-14
5552.50000  3.392725E-14
5553.75000  3.387299E-14
5555.00000  3.382703E-14
5556.25000  3.378696E-14
5557.50000  3.375190E-14
5558.75000  3.372454E-14
5560.00000  3.370760E-14
5561.25000  3.370178E-14
5562.50000  3.370295E-14
5563.75000  3.370635E-14
5565.00000  3.371056E-14
5566.25000  3.371608E-14
5567.50000  3.372590E-14
5568.75000  3.374252E-14
5570.00000  3.376749E-14
5571.25000  3.379900E-14
5572.50000  3.383174E-14
5573.75000  3.385768E-14
5575.00000  3.387260E-14
5576.25000  3.387466E-14
5577.50000  3.385941E-14
5578.75000  3.381664E-14
5580.00000  3.373340E-14
5581.25000  3.360344E-14
5582.50000  3.343761E-14
5583.75000  3.326940E-14
5585.00000  3.314464E-14
5586.25000  3.309704E-14
5587.50000  3.313011E-14
5588.75000  3.321843E-14
5590.00000  3.332371E-14
5591.25000  3.340671E-14
5592.50000  3.343263E-14
5593.75000  3.338459E-14
5595.00000  3.327646E-14
5596.25000  3.315211E-14
5597.50000  3.306675E-14
5598.75000  3.305762E-14
5600.00000  3.313172E-14
5601.25000  3.326717E-14
5602.50000  3.342541E-14
5603.75000  3.356811E-14
5605.00000  3.367326E-14
5606.25000  3.373069E-14
5607.50000  3.373351E-14
5608.75000  3.367389E-14
5610.00000  3.355036E-14
5611.25000  3.338811E-14
5612.50000  3.323368E-14
5613.75000  3.313242E-14
5615.00000  3.309944E-14
5616.25000  3.311552E-14
5617.50000  3.314170E-14
5618.75000  3.314370E-14
5620.00000  3.311032E-14
5621.25000  3.305929E-14
5622.50000  3.302271E-14
5623.75000  3.301938E-14
5625.00000  3.304395E-14
5626.25000  3.307908E-14
5627.50000  3.310854E-14
5628.75000  3.312354E-14
5630.00000  3.311452E-14
5631.25000  3.307497E-14
5632.50000  3.300440E-14
5633.75000  3.291252E-14
5635.00000  3.281679E-14
5636.25000  3.273557E-14
5637.50000  3.268014E-14
5638.75000  3.265416E-14
5640.00000  3.265309E-14
5641.25000  3.266926E-14
5642.50000  3.269684E-14
5643.75000  3.273476E-14
5645.00000  3.278611E-14
5646.25000  3.285196E-14
5647.50000  3.292342E-14
5648.75000  3.297913E-14
5650.00000  3.299029E-14
5651.25000  3.293505E-14
5652.50000  3.281425E-14
5653.75000  3.266031E-14
5655.00000  3.251997E-14
5656.25000  3.243215E-14
5657.50000  3.240644E-14
5658.75000  3.242644E-14
5660.00000  3.246820E-14
5661.25000  3.250724E-14
5662.50000  3.252581E-14
5663.75000  3.252023E-14
5665.00000  3.250643E-14
5666.25000  3.251396E-14
5667.50000  3.256288E-14
5668.75000  3.264997E-14
5670.00000  3.275186E-14
5671.25000  3.284109E-14
5672.50000  3.289947E-14
5673.75000  3.291981E-14
5675.00000  3.290343E-14
5676.25000  3.285969E-14
5677.50000  3.280515E-14
5678.75000  3.275654E-14
5680.00000  3.272420E-14
5681.25000  3.270661E-14
5682.50000  3.269451E-14
5683.75000  3.268634E-14
5685.00000  3.269357E-14
5686.25000  3.272950E-14
5687.50000  3.279299E-14
5688.75000  3.286244E-14
5690.00000  3.290852E-14
5691.25000  3.291162E-14
5692.50000  3.286996E-14
5693.75000  3.279709E-14
5695.00000  3.271040E-14
5696.25000  3.262683E-14
5697.50000  3.255919E-14
5698.75000  3.251381E-14
5700.00000  3.248576E-14
5701.25000  3.245918E-14
5702.50000  3.242093E-14
5703.75000  3.237031E-14
5705.00000  3.232551E-14
5706.25000  3.230981E-14
5707.50000  3.234071E-14
5708.75000  3.241789E-14
5710.00000  3.252405E-14
5711.25000  3.263295E-14
5712.50000  3.272119E-14
5713.75000  3.278171E-14
5715.00000  3.282349E-14
5716.25000  3.286095E-14
5717.50000  3.289921E-14
5718.75000  3.292672E-14
5720.00000  3.292363E-14
5721.25000  3.287977E-14
5722.50000  3.280804E-14
5723.75000  3.274308E-14
5725.00000  3.271964E-14
5726.25000  3.275060E-14
5727.50000  3.282144E-14
5728.75000  3.290402E-14
5730.00000  3.297024E-14
5731.25000  3.300220E-14
5732.50000  3.299622E-14
5733.75000  3.296393E-14
5735.00000  3.292783E-14
5736.25000  3.290664E-14
5737.50000  3.290849E-14
5738.75000  3.292940E-14
5740.00000  3.295875E-14
5741.25000  3.298336E-14
5742.50000  3.299381E-14
5743.75000  3.298748E-14
5745.00000  3.296855E-14
5746.25000  3.294221E-14
5747.50000  3.291101E-14
5748.75000  3.288017E-14
5750.00000  3.286552E-14
5751.25000  3.288206E-14
5752.50000  3.292437E-14
5753.75000  3.295679E-14
5755.00000  3.293994E-14
5756.25000  3.286204E-14
5757.50000  3.275648E-14
5758.75000  3.268002E-14
5760.00000  3.267153E-14
5761.25000  3.272738E-14
5762.50000  3.280729E-14
5763.75000  3.287026E-14
5765.00000  3.289634E-14
5766.25000  3.288852E-14
5767.50000  3.285474E-14
5768.75000  3.280111E-14
5770.00000  3.273001E-14
5771.25000  3.264684E-14
5772.50000  3.255584E-14
5773.75000  3.245450E-14
5775.00000  3.233560E-14
5776.25000  3.219834E-14
5777.50000  3.205886E-14
5778.75000  3.194741E-14
5780.00000  3.189270E-14
5781.25000  3.190585E-14
5782.50000  3.197870E-14
5783.75000  3.208815E-14
5785.00000  3.221081E-14
5786.25000  3.233292E-14
5787.50000  3.245597E-14
5788.75000  3.258460E-14
5790.00000  3.271099E-14
5791.25000  3.281569E-14
5792.50000  3.288842E-14
5793.75000  3.294063E-14
5795.00000  3.299996E-14
5796.25000  3.308090E-14
5797.50000  3.316914E-14
5798.75000  3.323286E-14
5800.00000  3.325118E-14
5801.25000  3.323002E-14
5802.50000  3.319177E-14
5803.75000  3.315416E-14
5805.00000  3.311574E-14
5806.25000  3.306184E-14
5807.50000  3.297974E-14
5808.75000  3.287172E-14
5810.00000  3.275621E-14
5811.25000  3.266152E-14
5812.50000  3.261239E-14
5813.75000  3.261544E-14
5815.00000  3.265567E-14
5816.25000  3.270460E-14
5817.50000  3.273636E-14
5818.75000  3.274489E-14
5820.00000  3.274245E-14
5821.25000  3.274828E-14
5822.50000  3.277369E-14
5823.75000  3.281773E-14
5825.00000  3.286845E-14
5826.25000  3.291061E-14
5827.50000  3.292984E-14
5828.75000  3.291869E-14
5830.00000  3.287915E-14
5831.25000  3.282528E-14
5832.50000  3.277491E-14
5833.75000  3.274178E-14
5835.00000  3.273193E-14
5836.25000  3.274241E-14
5837.50000  3.276235E-14
5838.75000  3.277326E-14
5840.00000  3.275529E-14
5841.25000  3.269576E-14
5842.50000  3.259400E-14
5843.75000  3.246059E-14
5845.00000  3.230903E-14
5846.25000  3.215115E-14
5847.50000  3.199851E-14
5848.75000  3.186308E-14
5850.00000  3.175339E-14
5851.25000  3.167172E-14
5852.50000  3.161442E-14
5853.75000  3.158060E-14
5855.00000  3.157205E-14
5856.25000  3.158641E-14
5857.50000  3.161006E-14
5858.75000  3.162097E-14
5860.00000  3.160586E-14
5861.25000  3.156768E-14
5862.50000  3.152344E-14
5863.75000  3.148974E-14
5865.00000  3.146668E-14
5866.25000  3.143514E-14
5867.50000  3.136658E-14
5868.75000  3.124712E-14
5870.00000  3.108971E-14
5871.25000  3.093083E-14
5872.50000  3.080724E-14
5873.75000  3.073721E-14
5875.00000  3.071426E-14
5876.25000  3.071878E-14
5877.50000  3.072743E-14
5878.75000  3.071493E-14
5880.00000  3.064521E-14
5881.25000  3.047472E-14
5882.50000  3.017151E-14
5883.75000  2.974789E-14
5885.00000  2.928079E-14
5886.25000  2.888625E-14
5887.50000  2.865442E-14
5888.75000  2.859275E-14
5890.00000  2.863877E-14
5891.25000  2.872924E-14
5892.50000  2.884940E-14
5893.75000  2.902484E-14
5895.00000  2.926859E-14
5896.25000  2.955636E-14
5897.50000  2.984389E-14
5898.75000  3.009325E-14
5900.00000  3.028724E-14
5901.25000  3.042683E-14
5902.50000  3.052243E-14
5903.75000  3.058734E-14
5905.00000  3.062920E-14
5906.25000  3.064378E-14
5907.50000  3.062342E-14
5908.75000  3.056628E-14
5910.00000  3.048708E-14
5911.25000  3.041172E-14
5912.50000  3.036220E-14
5913.75000  3.034767E-14
5915.00000  3.036004E-14
5916.25000  3.038461E-14
5917.50000  3.041131E-14
5918.75000  3.043975E-14
5920.00000  3.047523E-14
5921.25000  3.052146E-14
5922.50000  3.057191E-14
5923.75000  3.061508E-14
5925.00000  3.064361E-14
5926.25000  3.065804E-14
5927.50000  3.066484E-14
5928.75000  3.066939E-14
5930.00000  3.067570E-14
5931.25000  3.068700E-14
5932.50000  3.070147E-14
5933.75000  3.070874E-14
5935.00000  3.069510E-14
5936.25000  3.065596E-14
5937.50000  3.060495E-14
5938.75000  3.056622E-14
5940.00000  3.055546E-14
5941.25000  3.056556E-14
5942.50000  3.057604E-14
5943.75000  3.057055E-14
5945.00000  3.054790E-14
5946.25000  3.051761E-14
5947.50000  3.048693E-14
5948.75000  3.045359E-14
5950.00000  3.040921E-14
5951.25000  3.035223E-14
5952.50000  3.029878E-14
5953.75000  3.027569E-14
5955.00000  3.030145E-14
5956.25000  3.037192E-14
5957.50000  3.046046E-14
5958.75000  3.053710E-14
5960.00000  3.058527E-14
5961.25000  3.060928E-14
5962.50000  3.062757E-14
5963.75000  3.065637E-14
5965.00000  3.069861E-14
5966.25000  3.074181E-14
5967.50000  3.076657E-14
5968.75000  3.075506E-14
5970.00000  3.069993E-14
5971.25000  3.060854E-14
5972.50000  3.050229E-14
5973.75000  3.040784E-14
5975.00000  3.034677E-14
5976.25000  3.032472E-14
5977.50000  3.033265E-14
5978.75000  3.035720E-14
5980.00000  3.039431E-14
5981.25000  3.044581E-14
5982.50000  3.051174E-14
5983.75000  3.058490E-14
5985.00000  3.065670E-14
5986.25000  3.072487E-14
5987.50000  3.079369E-14
5988.75000  3.086352E-14
5990.00000  3.092416E-14
5991.25000  3.095643E-14
5992.50000  3.094719E-14
5993.75000  3.089896E-14
5995.00000  3.082750E-14
5996.25000  3.075321E-14
5997.50000  3.069239E-14
5998.75000  3.064929E-14
6000.00000  3.061945E-14
6001.25000  3.059543E-14
6002.50000  3.057561E-14
6003.75000  3.056481E-14
6005.00000  3.056972E-14
6006.25000  3.058856E-14
6007.50000  3.060989E-14
6008.75000  3.062166E-14
6010.00000  3.061847E-14
6011.25000  3.060662E-14
6012.50000  3.059518E-14
6013.75000  3.059462E-14
6015.00000  3.061146E-14
6016.25000  3.064699E-14
6017.50000  3.069817E-14
6018.75000  3.076065E-14
6020.00000  3.083010E-14
6021.25000  3.090429E-14
6022.50000  3.098052E-14
6023.75000  3.105225E-14
6025.00000  3.111277E-14
6026.25000  3.115833E-14
6027.50000  3.119042E-14
6028.75000  3.121348E-14
6030.00000  3.122935E-14
6031.25000  3.123589E-14
6032.50000  3.122965E-14
6033.75000  3.121069E-14
6035.00000  3.118591E-14
6036.25000  3.116746E-14
6037.50000  3.117064E-14
6038.75000  3.120421E-14
6040.00000  3.126636E-14
6041.25000  3.134438E-14
6042.50000  3.141694E-14
6043.75000  3.146592E-14
6045.00000  3.148047E-14
6046.25000  3.145897E-14
6047.50000  3.140426E-14
6048.75000  3.132422E-14
6050.00000  3.122973E-14
6051.25000  3.113640E-14
6052.50000  3.106164E-14
6053.75000  3.101550E-14
6055.00000  3.099462E-14
6056.25000  3.098264E-14
6057.50000  3.096264E-14
6058.75000  3.093159E-14
6060.00000  3.090721E-14
6061.25000  3.091730E-14
6062.50000  3.097860E-14
6063.75000  3.108349E-14
6065.00000  3.120474E-14
6066.25000  3.131148E-14
6067.50000  3.138291E-14
6068.75000  3.141312E-14
6070.00000  3.140477E-14
6071.25000  3.136171E-14
6072.50000  3.128764E-14
6073.75000  3.118958E-14
6075.00000  3.107888E-14
6076.25000  3.097301E-14
6077.50000  3.089047E-14
6078.75000  3.084239E-14
6080.00000  3.082922E-14
6081.25000  3.083869E-14
6082.50000  3.085148E-14
6083.75000  3.085422E-14
6085.00000  3.084436E-14
6086.25000  3.083384E-14
6087.50000  3.083960E-14
6088.75000  3.087123E-14
6090.00000  3.092625E-14
6091.25000  3.098861E-14
6092.50000  3.103725E-14
6093.75000  3.105148E-14
6095.00000  3.101823E-14
6096.25000  3.093850E-14
6097.50000  3.083269E-14
6098.75000  3.073774E-14
6100.00000  3.068782E-14
6101.25000  3.069591E-14
6102.50000  3.075074E-14
6103.75000  3.082677E-14
6105.00000  3.090169E-14
6106.25000  3.096482E-14
6107.50000  3.101527E-14
6108.75000  3.105222E-14
6110.00000  3.106860E-14
6111.25000  3.105069E-14
6112.50000  3.098685E-14
6113.75000  3.087628E-14
6115.00000  3.073700E-14
6116.25000  3.060337E-14
6117.50000  3.051184E-14
6118.75000  3.048247E-14
6120.00000  3.051031E-14
6121.25000  3.057324E-14
6122.50000  3.064828E-14
6123.75000  3.072327E-14
6125.00000  3.078906E-14
6126.25000  3.082903E-14
6127.50000  3.081441E-14
6128.75000  3.072493E-14
6130.00000  3.056923E-14
6131.25000  3.039299E-14
6132.50000  3.025886E-14
6133.75000  3.021190E-14
6135.00000  3.025632E-14
6136.25000  3.036203E-14
6137.50000  3.048589E-14
6138.75000  3.059066E-14
6140.00000  3.064970E-14
6141.25000  3.064724E-14
6142.50000  3.058119E-14
6143.75000  3.047068E-14
6145.00000  3.035081E-14
6146.25000  3.025347E-14
6147.50000  3.018702E-14
6148.75000  3.013020E-14
6150.00000  3.004755E-14
6151.25000  2.990900E-14
6152.50000  2.970399E-14
6153.75000  2.944278E-14
6155.00000  2.915378E-14
6156.25000  2.887814E-14
6157.50000  2.866302E-14
6158.75000  2.854129E-14
6160.00000  2.851684E-14
6161.25000  2.856064E-14
6162.50000  2.862959E-14
6163.75000  2.868881E-14
6165.00000  2.872823E-14
6166.25000  2.875770E-14
6167.50000  2.879052E-14
6168.75000  2.883022E-14
6170.00000  2.887261E-14
6171.25000  2.891485E-14
6172.50000  2.895953E-14
6173.75000  2.900968E-14
6175.00000  2.906334E-14
6176.25000  2.910900E-14
6177.50000  2.912676E-14
6178.75000  2.909789E-14
6180.00000  2.901148E-14
6181.25000  2.887021E-14
6182.50000  2.869089E-14
6183.75000  2.850066E-14
6185.00000  2.833340E-14
6186.25000  2.821875E-14
6187.50000  2.817663E-14
6188.75000  2.820886E-14
6190.00000  2.829317E-14
6191.25000  2.839553E-14
6192.50000  2.848526E-14
6193.75000  2.854948E-14
6195.00000  2.859789E-14
6196.25000  2.864744E-14
6197.50000  2.871128E-14
6198.75000  2.878879E-14
6200.00000  2.886679E-14
6201.25000  2.892875E-14
6202.50000  2.896021E-14
6203.75000  2.894965E-14
6205.00000  2.888650E-14
6206.25000  2.876717E-14
6207.50000  2.859982E-14
6208.75000  2.840569E-14
6210.00000  2.821698E-14
6211.25000  2.806334E-14
6212.50000  2.795912E-14
6213.75000  2.789932E-14
6215.00000  2.786382E-14
6216.25000  2.783249E-14
6217.50000  2.779422E-14
6218.75000  2.775002E-14
6220.00000  2.770602E-14
6221.25000  2.766505E-14
6222.50000  2.762151E-14
6223.75000  2.757290E-14
6225.00000  2.752650E-14
6226.25000  2.749916E-14
6227.50000  2.750926E-14
6228.75000  2.755621E-14
6230.00000  2.761625E-14
6231.25000  2.765318E-14
6232.50000  2.763952E-14
6233.75000  2.757502E-14
6235.00000  2.748146E-14
6236.25000  2.739073E-14
6237.50000  2.732949E-14
6238.75000  2.730993E-14
6240.00000  2.733414E-14
6241.25000  2.739636E-14
6242.50000  2.748663E-14
6243.75000  2.758734E-14
6245.00000  2.767680E-14
6246.25000  2.773868E-14
6247.50000  2.776444E-14
6248.75000  2.775397E-14
6250.00000  2.771330E-14
6251.25000  2.765922E-14
6252.50000  2.761501E-14
6253.75000  2.760523E-14
6255.00000  2.764634E-14
6256.25000  2.773276E-14
6257.50000  2.784172E-14
6258.75000  2.794380E-14
6260.00000  2.801861E-14
6261.25000  2.806351E-14
6262.50000  2.808944E-14
6263.75000  2.811140E-14
6265.00000  2.813417E-14
6266.25000  2.814745E-14
6267.50000  2.812715E-14
6268.75000  2.804978E-14
6270.00000  2.790546E-14
6271.25000  2.771001E-14
6272.50000  2.750337E-14
6273.75000  2.733794E-14
6275.00000  2.725861E-14
6276.25000  2.728809E-14
6277.50000  2.741833E-14
6278.75000  2.761961E-14
6280.00000  2.785124E-14
6281.25000  2.807302E-14
6282.50000  2.824909E-14
6283.75000  2.835678E-14
6285.00000  2.838887E-14
6286.25000  2.835256E-14
6287.50000  2.826880E-14
6288.75000  2.815969E-14
6290.00000  2.805068E-14
6291.25000  2.796630E-14
6292.50000  2.791726E-14
6293.75000  2.790354E-14
6295.00000  2.791641E-14
6296.25000  2.794606E-14
6297.50000  2.798372E-14
6298.75000  2.803032E-14
6300.00000  2.809469E-14
6301.25000  2.818435E-14
6302.50000  2.828871E-14
6303.75000  2.839082E-14
6305.00000  2.847147E-14
6306.25000  2.851834E-14
6307.50000  2.853086E-14
6308.75000  2.851851E-14
6310.00000  2.849428E-14
6311.25000  2.847045E-14
6312.50000  2.846176E-14
6313.75000  2.847891E-14
6315.00000  2.852360E-14
6316.25000  2.859199E-14
6317.50000  2.867435E-14
6318.75000  2.875526E-14
6320.00000  2.882826E-14
6321.25000  2.889213E-14
6322.50000  2.895058E-14
6323.75000  2.900680E-14
6325.00000  2.906264E-14
6326.25000  2.910936E-14
6327.50000  2.913118E-14
6328.75000  2.912071E-14
6330.00000  2.909031E-14
6331.25000  2.906140E-14
6332.50000  2.905161E-14
6333.75000  2.906596E-14
6335.00000  2.908945E-14
6336.25000  2.909379E-14
6337.50000  2.905407E-14
6338.75000  2.897162E-14
6340.00000  2.887209E-14
6341.25000  2.879917E-14
6342.50000  2.878958E-14
6343.75000  2.884672E-14
6345.00000  2.894376E-14
6346.25000  2.903929E-14
6347.50000  2.909597E-14
6348.75000  2.909551E-14
6350.00000  2.903977E-14
6351.25000  2.894025E-14
6352.50000  2.881526E-14
6353.75000  2.868625E-14
6355.00000  2.857262E-14
6356.25000  2.849133E-14
6357.50000  2.845621E-14
6358.75000  2.847088E-14
6360.00000  2.852918E-14
6361.25000  2.861891E-14
6362.50000  2.871956E-14
6363.75000  2.880965E-14
6365.00000  2.888522E-14
6366.25000  2.895642E-14
6367.50000  2.903389E-14
6368.75000  2.911596E-14
6370.00000  2.919219E-14
6371.25000  2.924276E-14
6372.50000  2.925358E-14
6373.75000  2.922994E-14
6375.00000  2.918745E-14
6376.25000  2.914564E-14
6377.50000  2.911616E-14
6378.75000  2.910389E-14
6380.00000  2.910986E-14
6381.25000  2.912818E-14
6382.50000  2.914866E-14
6383.75000  2.916147E-14
6385.00000  2.915704E-14
6386.25000  2.913251E-14
6387.50000  2.910088E-14
6388.75000  2.909110E-14
6390.00000  2.911347E-14
6391.25000  2.915908E-14
6392.50000  2.920456E-14
6393.75000  2.923577E-14
6395.00000  2.926419E-14
6396.25000  2.931120E-14
6397.50000  2.938072E-14
6398.75000  2.946254E-14
6400.00000  2.953596E-14
6401.25000  2.958061E-14
6402.50000  2.959223E-14
6403.75000  2.957130E-14
6405.00000  2.952377E-14
6406.25000  2.945981E-14
6407.50000  2.939843E-14
6408.75000  2.934799E-14
6410.00000  2.930886E-14
6411.25000  2.927056E-14
6412.50000  2.922418E-14
6413.75000  2.917131E-14
6415.00000  2.912857E-14
6416.25000  2.912149E-14
6417.50000  2.915596E-14
6418.75000  2.922487E-14
6420.00000  2.930785E-14
6421.25000  2.937900E-14
6422.50000  2.940563E-14
6423.75000  2.937314E-14
6425.00000  2.930070E-14
6426.25000  2.923124E-14
6427.50000  2.919369E-14
6428.75000  2.919471E-14
6430.00000  2.922629E-14
6431.25000  2.926539E-14
6432.50000  2.929973E-14
6433.75000  2.933396E-14
6435.00000  2.938827E-14
6436.25000  2.946414E-14
6437.50000  2.955057E-14
6438.75000  2.961896E-14
6440.00000  2.963722E-14
6441.25000  2.957824E-14
6442.50000  2.943457E-14
6443.75000  2.923864E-14
6445.00000  2.905407E-14
6446.25000  2.893319E-14
6447.50000  2.889189E-14
6448.75000  2.890884E-14
6450.00000  2.896884E-14
6451.25000  2.905962E-14
6452.50000  2.916500E-14
6453.75000  2.925868E-14
6455.00000  2.931105E-14
6456.25000  2.932127E-14
6457.50000  2.931619E-14
6458.75000  2.932346E-14
6460.00000  2.935687E-14
6461.25000  2.941460E-14
6462.50000  2.948324E-14
6463.75000  2.954008E-14
6465.00000  2.956589E-14
6466.25000  2.955079E-14
6467.50000  2.949513E-14
6468.75000  2.941951E-14
6470.00000  2.935041E-14
6471.25000  2.930078E-14
6472.50000  2.925979E-14
6473.75000  2.920294E-14
6475.00000  2.911076E-14
6476.25000  2.898834E-14
6477.50000  2.886614E-14
6478.75000  2.877667E-14
6480.00000  2.873151E-14
6481.25000  2.872299E-14
6482.50000  2.872534E-14
6483.75000  2.870821E-14
6485.00000  2.864496E-14
6486.25000  2.851963E-14
6487.50000  2.833091E-14
6488.75000  2.810666E-14
6490.00000  2.790268E-14
6491.25000  2.777145E-14
6492.50000  2.774298E-14
6493.75000  2.782003E-14
6495.00000  2.798367E-14
6496.25000  2.819560E-14
6497.50000  2.841439E-14
6498.75000  2.860683E-14
6500.00000  2.875425E-14
6501.25000  2.885079E-14
6502.50000  2.890719E-14
6503.75000  2.894516E-14
6505.00000  2.897421E-14
6506.25000  2.899282E-14
6507.50000  2.898932E-14
6508.75000  2.895584E-14
6510.00000  2.889916E-14
6511.25000  2.883892E-14
6512.50000  2.880001E-14
6513.75000  2.880602E-14
6515.00000  2.886269E-14
6516.25000  2.895262E-14
6517.50000  2.904574E-14
6518.75000  2.912254E-14
6520.00000  2.916793E-14
6521.25000  2.917983E-14
6522.50000  2.917219E-14
6523.75000  2.915337E-14
6525.00000  2.912219E-14
6526.25000  2.908308E-14
6527.50000  2.904912E-14
6528.75000  2.903016E-14
6530.00000  2.902864E-14
6531.25000  2.903678E-14
6532.50000  2.904508E-14
6533.75000  2.903766E-14
6535.00000  2.898915E-14
6536.25000  2.887777E-14
6537.50000  2.869648E-14
6538.75000  2.845720E-14
6540.00000  2.818536E-14
6541.25000  2.790724E-14
6542.50000  2.763231E-14
6543.75000  2.735477E-14
6545.00000  2.705582E-14
6546.25000  2.672029E-14
6547.50000  2.633363E-14
6548.75000  2.588863E-14
6550.00000  2.538016E-14
6551.25000  2.481515E-14
6552.50000  2.419058E-14
6553.75000  2.349720E-14
6555.00000  2.274541E-14
6556.25000  2.199029E-14
6557.50000  2.140733E-14
6558.75000  2.119285E-14
6560.00000  2.139342E-14
6561.25000  2.192668E-14
6562.50000  2.265640E-14
6563.75000  2.343682E-14
6565.00000  2.416360E-14
6566.25000  2.476614E-14
6567.50000  2.523620E-14
6568.75000  2.562267E-14
6570.00000  2.597253E-14
6571.25000  2.630881E-14
6572.50000  2.662469E-14
6573.75000  2.690475E-14
6575.00000  2.714447E-14
6576.25000  2.735592E-14
6577.50000  2.755240E-14
6578.75000  2.773401E-14
6580.00000  2.789654E-14
6581.25000  2.804162E-14
6582.50000  2.816881E-14
6583.75000  2.825986E-14
6585.00000  2.829453E-14
6586.25000  2.826928E-14
6587.50000  2.820314E-14
6588.75000  2.813896E-14
6590.00000  2.810159E-14
6591.25000  2.809771E-14
6592.50000  2.811671E-14
6593.75000  2.815970E-14
6595.00000  2.821617E-14
6596.25000  2.826759E-14
6597.50000  2.828845E-14
6598.75000  2.827072E-14
6600.00000  2.822303E-14
6601.25000  2.816274E-14
6602.50000  2.810695E-14
6603.75000  2.808060E-14
6605.00000  2.809784E-14
6606.25000  2.815409E-14
6607.50000  2.821768E-14
6608.75000  2.827707E-14
6610.00000  2.833048E-14
6611.25000  2.836778E-14
6612.50000  2.838206E-14
6613.75000  2.837418E-14
6615.00000  2.834515E-14
6616.25000  2.829229E-14
6617.50000  2.821338E-14
6618.75000  2.812129E-14
6620.00000  2.803661E-14
6621.25000  2.797184E-14
6622.50000  2.792615E-14
6623.75000  2.789582E-14
6625.00000  2.787454E-14
6626.25000  2.786139E-14
6627.50000  2.785558E-14
6628.75000  2.785831E-14
6630.00000  2.787776E-14
6631.25000  2.790600E-14
6632.50000  2.793094E-14
6633.75000  2.794587E-14
6635.00000  2.795456E-14
6636.25000  2.795233E-14
6637.50000  2.793625E-14
6638.75000  2.791469E-14
6640.00000  2.790126E-14
6641.25000  2.788802E-14
6642.50000  2.786092E-14
6643.75000  2.781528E-14
6645.00000  2.774631E-14
6646.25000  2.766181E-14
6647.50000  2.757494E-14
6648.75000  2.750350E-14
6650.00000  2.745613E-14
6651.25000  2.742874E-14
6652.50000  2.741231E-14
6653.75000  2.739860E-14
6655.00000  2.737838E-14
6656.25000  2.734681E-14
6657.50000  2.731031E-14
6658.75000  2.728747E-14
6660.00000  2.728548E-14
6661.25000  2.730626E-14
6662.50000  2.735139E-14
6663.75000  2.741702E-14
6665.00000  2.748188E-14
6666.25000  2.751987E-14
6667.50000  2.751509E-14
6668.75000  2.745834E-14
6670.00000  2.734146E-14
6671.25000  2.716762E-14
6672.50000  2.697130E-14
6673.75000  2.680915E-14
6675.00000  2.671273E-14
6676.25000  2.667858E-14
6677.50000  2.669418E-14
6678.75000  2.674600E-14
6680.00000  2.681390E-14
6681.25000  2.687646E-14
6682.50000  2.692590E-14
6683.75000  2.696633E-14
6685.00000  2.699883E-14
6686.25000  2.701976E-14
6687.50000  2.702835E-14
6688.75000  2.702700E-14
6690.00000  2.701858E-14
6691.25000  2.701231E-14
6692.50000  2.701764E-14
6693.75000  2.704207E-14
6695.00000  2.708103E-14
6696.25000  2.712263E-14
6697.50000  2.715617E-14
6698.75000  2.718109E-14
6700.00000  2.719939E-14
6701.25000  2.721351E-14
6702.50000  2.722282E-14
6703.75000  2.721953E-14
6705.00000  2.718999E-14
6706.25000  2.712611E-14
6707.50000  2.702288E-14
6708.75000  2.688062E-14
6710.00000  2.671416E-14
6711.25000  2.655007E-14
6712.50000  2.642301E-14
6713.75000  2.635541E-14
6715.00000  2.634255E-14
6716.25000  2.636707E-14
6717.50000  2.640882E-14
6718.75000  2.645368E-14
6720.00000  2.649171E-14
6721.25000  2.652609E-14
6722.50000  2.656664E-14
6723.75000  2.661267E-14
6725.00000  2.665884E-14
6726.25000  2.669928E-14
6727.50000  2.673034E-14
6728.75000  2.674598E-14
6730.00000  2.674557E-14
6731.25000  2.673433E-14
6732.50000  2.671449E-14
6733.75000  2.669195E-14
6735.00000  2.667072E-14
6736.25000  2.664784E-14
6737.50000  2.661766E-14
6738.75000  2.658255E-14
6740.00000  2.653981E-14
6741.25000  2.648041E-14
6742.50000  2.640209E-14
6743.75000  2.632103E-14
6745.00000  2.625659E-14
6746.25000  2.621974E-14
6747.50000  2.621350E-14
6748.75000  2.624803E-14
6750.00000  2.632391E-14
6751.25000  2.642281E-14
6752.50000  2.652512E-14
6753.75000  2.661562E-14
6755.00000  2.668729E-14
6756.25000  2.672973E-14
6757.50000  2.674399E-14
6758.75000  2.674066E-14
6760.00000  2.672822E-14
6761.25000  2.670959E-14
6762.50000  2.669975E-14
6763.75000  2.671495E-14
6765.00000  2.675020E-14
6766.25000  2.680287E-14
6767.50000  2.687153E-14
6768.75000  2.695250E-14
6770.00000  2.702856E-14
6771.25000  2.708381E-14
6772.50000  2.710552E-14
6773.75000  2.708198E-14
6775.00000  2.700590E-14
6776.25000  2.687981E-14
6777.50000  2.672042E-14
6778.75000  2.655555E-14
6780.00000  2.641990E-14
6781.25000  2.633403E-14
6782.50000  2.629941E-14
6783.75000  2.629916E-14
6785.00000  2.631570E-14
6786.25000  2.633956E-14
6787.50000  2.636899E-14
6788.75000  2.639928E-14
6790.00000  2.643169E-14
6791.25000  2.647407E-14
6792.50000  2.652791E-14
6793.75000  2.658671E-14
6795.00000  2.664410E-14
6796.25000  2.669846E-14
6797.50000  2.674168E-14
6798.75000  2.676852E-14
6800.00000  2.678402E-14
6801.25000  2.679627E-14
6802.50000  2.680743E-14
6803.75000  2.681406E-14
6805.00000  2.681377E-14
6806.25000  2.680522E-14
6807.50000  2.678658E-14
6808.75000  2.675745E-14
6810.00000  2.672749E-14
6811.25000  2.670946E-14
6812.50000  2.670957E-14
6813.75000  2.672274E-14
6815.00000  2.674663E-14
6816.25000  2.678329E-14
6817.50000  2.682391E-14
6818.75000  2.686001E-14
6820.00000  2.688305E-14
6821.25000  2.689142E-14
6822.50000  2.688462E-14
6823.75000  2.687463E-14
6825.00000  2.687440E-14
6826.25000  2.688671E-14
6827.50000  2.690672E-14
6828.75000  2.692850E-14
6830.00000  2.695035E-14
6831.25000  2.695591E-14
6832.50000  2.693601E-14
6833.75000  2.689386E-14
6835.00000  2.684150E-14
6836.25000  2.680061E-14
6837.50000  2.678502E-14
6838.75000  2.679714E-14
6840.00000  2.682585E-14
6841.25000  2.684765E-14
6842.50000  2.685171E-14
6843.75000  2.683542E-14
6845.00000  2.679664E-14
6846.25000  2.673773E-14
6847.50000  2.666022E-14
6848.75000  2.658923E-14
6850.00000  2.652482E-14
6851.25000  2.647072E-14
6852.50000  2.642755E-14
6853.75000  2.639614E-14
6855.00000  2.637436E-14
6856.25000  2.636068E-14
6857.50000  2.635388E-14
6858.75000  2.635615E-14
6860.00000  2.636590E-14
6861.25000  2.637862E-14
6862.50000  2.638303E-14
6863.75000  2.637014E-14
6865.00000  2.634492E-14
6866.25000  2.631807E-14
6867.50000  2.630877E-14
6868.75000  2.632906E-14
6870.00000  2.637034E-14
6871.25000  2.641925E-14
6872.50000  2.647681E-14
6873.75000  2.652860E-14
6875.00000  2.655449E-14
6876.25000  2.654876E-14
6877.50000  2.652726E-14
6878.75000  2.649889E-14
6880.00000  2.648284E-14
6881.25000  2.649204E-14
6882.50000  2.651930E-14
6883.75000  2.655780E-14
6885.00000  2.660416E-14
6886.25000  2.664788E-14
6887.50000  2.667458E-14
6888.75000  2.668446E-14
6890.00000  2.668617E-14
6891.25000  2.668418E-14
6892.50000  2.667299E-14
6893.75000  2.664903E-14
6895.00000  2.662114E-14
6896.25000  2.659769E-14
6897.50000  2.658036E-14
6898.75000  2.658149E-14
6900.00000  2.662104E-14
6901.25000  2.668989E-14
6902.50000  2.676662E-14
6903.75000  2.684011E-14
6905.00000  2.690739E-14
6906.25000  2.695776E-14
6907.50000  2.697630E-14
6908.75000  2.696949E-14
6910.00000  2.694355E-14
6911.25000  2.689631E-14
6912.50000  2.683064E-14
6913.75000  2.676588E-14
6915.00000  2.672063E-14
6916.25000  2.670686E-14
6917.50000  2.673572E-14
6918.75000  2.681550E-14
6920.00000  2.692189E-14
6921.25000  2.703525E-14
6922.50000  2.714988E-14
6923.75000  2.727332E-14
6925.00000  2.738788E-14
6926.25000  2.747986E-14
6927.50000  2.754379E-14
6928.75000  2.758378E-14
6930.00000  2.760083E-14
6931.25000  2.760049E-14
6932.50000  2.759743E-14
6933.75000  2.760442E-14
6935.00000  2.762650E-14
6936.25000  2.765592E-14
6937.50000  2.769806E-14
6938.75000  2.775800E-14
6940.00000  2.782541E-14
6941.25000  2.787964E-14
6942.50000  2.791150E-14
6943.75000  2.791770E-14
6945.00000  2.788619E-14
6946.25000  2.780799E-14
6947.50000  2.770902E-14
6948.75000  2.763342E-14
6950.00000  2.758696E-14
6951.25000  2.758305E-14
6952.50000  2.761516E-14
6953.75000  2.767033E-14
6955.00000  2.773085E-14
6956.25000  2.779257E-14
6957.50000  2.784959E-14
6958.75000  2.790439E-14
6960.00000  2.795564E-14
6961.25000  2.799865E-14
6962.50000  2.803936E-14
6963.75000  2.806978E-14
6965.00000  2.807539E-14
6966.25000  2.804936E-14
6967.50000  2.800080E-14
6968.75000  2.792369E-14
6970.00000  2.782249E-14
6971.25000  2.771884E-14
6972.50000  2.763153E-14
6973.75000  2.758622E-14
6975.00000  2.761054E-14
6976.25000  2.769958E-14
6977.50000  2.781688E-14
6978.75000  2.792635E-14
6980.00000  2.800205E-14
6981.25000  2.803675E-14
6982.50000  2.802674E-14
6983.75000  2.798312E-14
6985.00000  2.793150E-14
6986.25000  2.789978E-14
6987.50000  2.789024E-14
6988.75000  2.789011E-14
6990.00000  2.788885E-14
6991.25000  2.788904E-14
6992.50000  2.788427E-14
6993.75000  2.786445E-14
6995.00000  2.782950E-14
6996.25000  2.779971E-14
6997.50000  2.778160E-14
6998.75000  2.777017E-14
7000.00000  2.776817E-14
7001.25000  2.778749E-14
7002.50000  2.782815E-14
7003.75000  2.788155E-14
7005.00000  2.792770E-14
7006.25000  2.795384E-14
7007.50000  2.795814E-14
7008.75000  2.795027E-14
7010.00000  2.793325E-14
7011.25000  2.792761E-14
7012.50000  2.795278E-14
7013.75000  2.801215E-14
7015.00000  2.807511E-14
7016.25000  2.811422E-14
7017.50000  2.811915E-14
7018.75000  2.809498E-14
7020.00000  2.806436E-14
7021.25000  2.805534E-14
7022.50000  2.807690E-14
7023.75000  2.812829E-14
7025.00000  2.820804E-14
7026.25000  2.830068E-14
7027.50000  2.837838E-14
7028.75000  2.843371E-14
7030.00000  2.847813E-14
7031.25000  2.852667E-14
7032.50000  2.857957E-14
7033.75000  2.864956E-14
7035.00000  2.874967E-14
7036.25000  2.888138E-14
7037.50000  2.901548E-14
7038.75000  2.913048E-14
7040.00000  2.921175E-14
7041.25000  2.925232E-14
7042.50000  2.924258E-14
7043.75000  2.916007E-14
7045.00000  2.898358E-14
7046.25000  2.871269E-14
7047.50000  2.836429E-14
7048.75000  2.796145E-14
7050.00000  2.754690E-14
7051.25000  2.717080E-14
7052.50000  2.685901E-14
7053.75000  2.661378E-14
7055.00000  2.642170E-14
7056.25000  2.627475E-14
7057.50000  2.616041E-14
7058.75000  2.607761E-14
7060.00000  2.603370E-14
7061.25000  2.604040E-14
7062.50000  2.610050E-14
7063.75000  2.621399E-14
7065.00000  2.637342E-14
7066.25000  2.655068E-14
7067.50000  2.671585E-14
7068.75000  2.685155E-14
7070.00000  2.694923E-14
7071.25000  2.701085E-14
7072.50000  2.704276E-14
7073.75000  2.704350E-14
7075.00000  2.701048E-14
7076.25000  2.694074E-14
7077.50000  2.682619E-14
7078.75000  2.665723E-14
7080.00000  2.644248E-14
7081.25000  2.620386E-14
7082.50000  2.595791E-14
7083.75000  2.572134E-14
7085.00000  2.552174E-14
7086.25000  2.537869E-14
7087.50000  2.529443E-14
7088.75000  2.525311E-14
7090.00000  2.524122E-14
7091.25000  2.524844E-14
7092.50000  2.526609E-14
7093.75000  2.528913E-14
7095.00000  2.531689E-14
7096.25000  2.534364E-14
7097.50000  2.536832E-14
7098.75000  2.540166E-14
7100.00000  2.544801E-14
7101.25000  2.549924E-14
7102.50000  2.554386E-14
7103.75000  2.558398E-14
7105.00000  2.561963E-14
7106.25000  2.565023E-14
7107.50000  2.568717E-14
7108.75000  2.573823E-14
7110.00000  2.579967E-14
7111.25000  2.586738E-14
7112.50000  2.593486E-14
7113.75000  2.598517E-14
7115.00000  2.599877E-14
7116.25000  2.595563E-14
7117.50000  2.583449E-14
7118.75000  2.563691E-14
7120.00000  2.537388E-14
7121.25000  2.506442E-14
7122.50000  2.476936E-14
7123.75000  2.453664E-14
7125.00000  2.437617E-14
7126.25000  2.428219E-14
7127.50000  2.425539E-14
7128.75000  2.427748E-14
7130.00000  2.432673E-14
7131.25000  2.438777E-14
7132.50000  2.445410E-14
7133.75000  2.451814E-14
7135.00000  2.457800E-14
7136.25000  2.463614E-14
7137.50000  2.469067E-14
7138.75000  2.473015E-14
7140.00000  2.475519E-14
7141.25000  2.477777E-14
7142.50000  2.480010E-14
7143.75000  2.482775E-14
7145.00000  2.487753E-14
7146.25000  2.494996E-14
7147.50000  2.503552E-14
7148.75000  2.511843E-14
7150.00000  2.517928E-14
7151.25000  2.520810E-14
7152.50000  2.521108E-14
7153.75000  2.518330E-14
7155.00000  2.512514E-14
7156.25000  2.505306E-14
7157.50000  2.498996E-14
7158.75000  2.492909E-14
7160.00000  2.486786E-14
7161.25000  2.482101E-14
7162.50000  2.480185E-14
7163.75000  2.479484E-14
7165.00000  2.479110E-14
7166.25000  2.479307E-14
7167.50000  2.480222E-14
7168.75000  2.480635E-14
7170.00000  2.480218E-14
7171.25000  2.479500E-14
7172.50000  2.479283E-14
7173.75000  2.478842E-14
7175.00000  2.477732E-14
7176.25000  2.475116E-14
7177.50000  2.470421E-14
7178.75000  2.464317E-14
7180.00000  2.458400E-14
7181.25000  2.453779E-14
7182.50000  2.451571E-14
7183.75000  2.453398E-14
7185.00000  2.458971E-14
7186.25000  2.467398E-14
7187.50000  2.475608E-14
7188.75000  2.481579E-14
7190.00000  2.485706E-14
7191.25000  2.487429E-14
7192.50000  2.485687E-14
7193.75000  2.481311E-14
7195.00000  2.476601E-14
7196.25000  2.472195E-14
7197.50000  2.469115E-14
7198.75000  2.468392E-14
7200.00000  2.470690E-14
7201.25000  2.476252E-14
7202.50000  2.485848E-14
7203.75000  2.499016E-14
7205.00000  2.515384E-14
7206.25000  2.533206E-14
7207.50000  2.549462E-14
7208.75000  2.562627E-14
7210.00000  2.573018E-14
7211.25000  2.580908E-14
7212.50000  2.587216E-14
7213.75000  2.592996E-14
7215.00000  2.597895E-14
7216.25000  2.601931E-14
7217.50000  2.605894E-14
7218.75000  2.609766E-14
7220.00000  2.613640E-14
7221.25000  2.617200E-14
7222.50000  2.619149E-14
7223.75000  2.617327E-14
7225.00000  2.611914E-14
7226.25000  2.603874E-14
7227.50000  2.594727E-14
7228.75000  2.586298E-14
7230.00000  2.580829E-14
7231.25000  2.579295E-14
7232.50000  2.580615E-14
7233.75000  2.583926E-14
7235.00000  2.587904E-14
7236.25000  2.591392E-14
7237.50000  2.595581E-14
7238.75000  2.602738E-14
7240.00000  2.612125E-14
7241.25000  2.621701E-14
7242.50000  2.630796E-14
7243.75000  2.636951E-14
7245.00000  2.638294E-14
7246.25000  2.636511E-14
7247.50000  2.635364E-14
7248.75000  2.637125E-14
7250.00000  2.642459E-14
7251.25000  2.650765E-14
7252.50000  2.659428E-14
7253.75000  2.664812E-14
7255.00000  2.666156E-14
7256.25000  2.664700E-14
7257.50000  2.662801E-14
7258.75000  2.662813E-14
7260.00000  2.666341E-14
7261.25000  2.671285E-14
7262.50000  2.676055E-14
7263.75000  2.679616E-14
7265.00000  2.680484E-14
7266.25000  2.676986E-14
7267.50000  2.671269E-14
7268.75000  2.666023E-14
7270.00000  2.662067E-14
7271.25000  2.659877E-14
7272.50000  2.659369E-14
7273.75000  2.660575E-14
7275.00000  2.663725E-14
7276.25000  2.669088E-14
7277.50000  2.676086E-14
7278.75000  2.683313E-14
7280.00000  2.688890E-14
7281.25000  2.691864E-14
7282.50000  2.691114E-14
7283.75000  2.687536E-14
7285.00000  2.684829E-14
7286.25000  2.685567E-14
7287.50000  2.691376E-14
7288.75000  2.702773E-14
7290.00000  2.717319E-14
7291.25000  2.731271E-14
7292.50000  2.742217E-14
7293.75000  2.748355E-14
7295.00000  2.749959E-14
7296.25000  2.748765E-14
7297.50000  2.747349E-14
7298.75000  2.746527E-14
7300.00000  2.746519E-14
7301.25000  2.747792E-14
7302.50000  2.749936E-14
7303.75000  2.752521E-14
7305.00000  2.756043E-14
7306.25000  2.760148E-14
7307.50000  2.763495E-14
7308.75000  2.766531E-14
7310.00000  2.768888E-14
7311.25000  2.770525E-14
7312.50000  2.772145E-14
7313.75000  2.774947E-14
7315.00000  2.779062E-14
7316.25000  2.783598E-14
7317.50000  2.787467E-14
7318.75000  2.790574E-14
7320.00000  2.792365E-14
7321.25000  2.792866E-14
7322.50000  2.794460E-14
7323.75000  2.797055E-14
7325.00000  2.800334E-14
7326.25000  2.804630E-14
7327.50000  2.811123E-14
7328.75000  2.819976E-14
7330.00000  2.830332E-14
7331.25000  2.841373E-14
7332.50000  2.851897E-14
7333.75000  2.859897E-14
7335.00000  2.862716E-14
7336.25000  2.860036E-14
7337.50000  2.854300E-14
7338.75000  2.847399E-14
7340.00000  2.839745E-14
7341.25000  2.834797E-14
7342.50000  2.832861E-14
7343.75000  2.831596E-14
7345.00000  2.829026E-14
7346.25000  2.823577E-14
7347.50000  2.815406E-14
7348.75000  2.806604E-14
7350.00000  2.799030E-14
7351.25000  2.794115E-14
7352.50000  2.792185E-14
7353.75000  2.793929E-14
7355.00000  2.799273E-14
7356.25000  2.804899E-14
7357.50000  2.810628E-14
7358.75000  2.817450E-14
7360.00000  2.826562E-14
7361.25000  2.837251E-14
7362.50000  2.849313E-14
7363.75000  2.862107E-14
7365.00000  2.874162E-14
7366.25000  2.884344E-14
7367.50000  2.892594E-14
7368.75000  2.898579E-14
7370.00000  2.902603E-14
7371.25000  2.905079E-14
7372.50000  2.905460E-14
7373.75000  2.903713E-14
7375.00000  2.900027E-14
7376.25000  2.893844E-14
7377.50000  2.885446E-14
7378.75000  2.876924E-14
7380.00000  2.869222E-14
7381.25000  2.862359E-14
7382.50000  2.857719E-14
7383.75000  2.856223E-14
7385.00000  2.856407E-14
7386.25000  2.858304E-14
7387.50000  2.862956E-14
7388.75000  2.868093E-14
7390.00000  2.872566E-14
7391.25000  2.876583E-14
7392.50000  2.879110E-14
7393.75000  2.880916E-14
7395.00000  2.882870E-14
7396.25000  2.884542E-14
7397.50000  2.887684E-14
7398.75000  2.891889E-14
7400.00000  2.894970E-14
7401.25000  2.895355E-14
7402.50000  2.893504E-14
7403.75000  2.890312E-14
7405.00000  2.885117E-14
7406.25000  2.878483E-14
7407.50000  2.872542E-14
7408.75000  2.866691E-14
7410.00000  2.860472E-14
7411.25000  2.855700E-14
7412.50000  2.852852E-14
7413.75000  2.850801E-14
7415.00000  2.850566E-14
7416.25000  2.852869E-14
7417.50000  2.857286E-14
7418.75000  2.864236E-14
7420.00000  2.873420E-14
7421.25000  2.883955E-14
7422.50000  2.893218E-14
7423.75000  2.899197E-14
7425.00000  2.902059E-14
7426.25000  2.903586E-14
7427.50000  2.903223E-14
7428.75000  2.901818E-14
7430.00000  2.901067E-14
7431.25000  2.898245E-14
7432.50000  2.893412E-14
7433.75000  2.887541E-14
7435.00000  2.881516E-14
7436.25000  2.876930E-14
7437.50000  2.873725E-14
7438.75000  2.872829E-14
7440.00000  2.874399E-14
7441.25000  2.877418E-14
7442.50000  2.881749E-14
7443.75000  2.887442E-14
7445.00000  2.894330E-14
7446.25000  2.900867E-14
7447.50000  2.905772E-14
7448.75000  2.908688E-14
7450.00000  2.909328E-14
7451.25000  2.906652E-14
7452.50000  2.900218E-14
7453.75000  2.892432E-14
7455.00000  2.884876E-14
7456.25000  2.878560E-14
7457.50000  2.874684E-14
7458.75000  2.875035E-14
7460.00000  2.878608E-14
7461.25000  2.883821E-14
7462.50000  2.888044E-14
7463.75000  2.890311E-14
7465.00000  2.891072E-14
7466.25000  2.890320E-14
7467.50000  2.889157E-14
7468.75000  2.889782E-14
7470.00000  2.892042E-14
7471.25000  2.894757E-14
7472.50000  2.898747E-14
7473.75000  2.902878E-14
7475.00000  2.905621E-14
7476.25000  2.907447E-14
7477.50000  2.908827E-14
7478.75000  2.909338E-14
7480.00000  2.909247E-14
7481.25000  2.908223E-14
7482.50000  2.904147E-14
7483.75000  2.898175E-14
7485.00000  2.891061E-14
7486.25000  2.882612E-14
7487.50000  2.875468E-14
7488.75000  2.872471E-14
7490.00000  2.873329E-14
7491.25000  2.876994E-14
7492.50000  2.884700E-14
7493.75000  2.895003E-14
7495.00000  2.904099E-14
7496.25000  2.911252E-14
7497.50000  2.915892E-14
7498.75000  2.917303E-14
7500.00000  2.916391E-14
