1400.00  1.468687E-13
1403.00  1.422539E-13
1406.00  1.424732E-13
1409.00  1.510987E-13
1412.00  1.882176E-13
1415.00  1.888204E-13
1418.00  1.890242E-13
1421.00  1.841139E-13
1424.00  1.833187E-13
1427.00  1.835875E-13
1430.00  1.875424E-13
1433.00  1.913458E-13
1436.00  1.916207E-13
1439.00  1.927322E-13
1442.00  1.934042E-13
1445.00  1.946129E-13
1448.00  1.953307E-13
1451.00  1.909615E-13
1454.00  1.867831E-13
1457.00  1.870392E-13
1460.00  1.817268E-13
1463.00  1.766457E-13
1466.00  1.768832E-13
1469.00  1.773107E-13
1472.00  1.783811E-13
1475.00  1.786241E-13
1478.00  1.788879E-13
1481.00  1.809849E-13
1484.00  1.816031E-13
1487.00  1.818368E-13
1490.00  1.807696E-13
1493.00  1.797570E-13
1496.00  1.799843E-13
1499.00  1.785144E-13
1502.00  1.713575E-13
1505.00  1.715028E-13
1508.00  1.673217E-13
1511.00  1.591787E-13
1514.00  1.616979E-13
1517.00  1.663123E-13
1520.00  1.652446E-13
1523.00  1.599327E-13
1526.00  1.600725E-13
1529.00  1.556709E-13
1532.00  1.359286E-13
1535.00  1.359014E-13
1538.00  1.358515E-13
1541.00  1.233615E-13
1544.00  1.208992E-13
1547.00  1.210386E-13
1550.00  1.209261E-13
1553.00  1.208244E-13
1556.00  1.209616E-13
1559.00  1.239670E-13
1562.00  1.365201E-13
1565.00  1.367921E-13
1568.00  1.370591E-13
1571.00  1.440156E-13
1574.00  1.455766E-13
1577.00  1.457365E-13
1580.00  1.484602E-13
1583.00  1.510662E-13
1586.00  1.512300E-13
1589.00  1.515086E-13
1592.00  1.521710E-13
1595.00  1.523384E-13
1598.00  1.524186E-13
1601.00  1.478140E-13
1604.00  1.469871E-13
1607.00  1.471414E-13
1610.00  1.458000E-13
1613.00  1.445275E-13
1616.00  1.446774E-13
1619.00  1.442232E-13
1622.00  1.417736E-13
1625.00  1.418930E-13
1628.00  1.421213E-13
1631.00  1.470391E-13
1634.00  1.481729E-13
1637.00  1.483221E-13
1640.00  1.486792E-13
1643.00  1.490257E-13
1646.00  1.491742E-13
1649.00  1.480696E-13
1652.00  1.428396E-13
1655.00  1.429256E-13
1658.00  1.431395E-13
1661.00  1.474006E-13
1664.00  1.483949E-13
1667.00  1.480945E-13
1670.00  1.337716E-13
1673.00  1.342617E-13
1676.00  1.542340E-13
1679.00  1.547244E-13
1682.00  1.547269E-13
1685.00  1.548440E-13
1688.00  1.548723E-13
1691.00  1.485063E-13
1694.00  1.473010E-13
1697.00  1.474393E-13
1700.00  1.452014E-13
1703.00  1.430801E-13
1706.00  1.432131E-13
1709.00  1.415645E-13
1712.00  1.340903E-13
1715.00  1.341334E-13
1718.00  1.342022E-13
1721.00  1.314059E-13
1724.00  1.309225E-13
1727.00  1.310416E-13
1730.00  1.347363E-13
1733.00  1.382512E-13
1736.00  1.383757E-13
1739.00  1.381060E-13
1742.00  1.365513E-13
1745.00  1.366552E-13
1748.00  1.368310E-13
1751.00  1.398139E-13
1754.00  1.405294E-13
1757.00  1.406535E-13
1760.00  1.366105E-13
1763.00  1.327813E-13
1766.00  1.328973E-13
1769.00  1.325494E-13
1772.00  1.306947E-13
1775.00  1.307867E-13
1778.00  1.309514E-13
1781.00  1.337625E-13
1784.00  1.344356E-13
1787.00  1.345511E-13
1790.00  1.358861E-13
1793.00  1.371572E-13
1796.00  1.372739E-13
1799.00  1.372310E-13
1802.00  1.366708E-13
1805.00  1.367788E-13
1808.00  1.367421E-13
1811.00  1.290540E-13
1814.00  1.275474E-13
1817.00  1.276542E-13
1820.00  1.280132E-13
1823.00  1.283590E-13
1826.00  1.284656E-13
1829.00  1.279410E-13
1832.00  1.253801E-13
1835.00  1.254536E-13
1838.00  1.254269E-13
1841.00  1.189669E-13
1844.00  1.177052E-13
1847.00  1.178015E-13
1850.00  1.175441E-13
1853.00  1.173056E-13
1856.00  1.174010E-13
1859.00  1.178312E-13
1862.00  1.193385E-13
1865.00  1.194512E-13
1868.00  1.196335E-13
1871.00  1.240002E-13
1874.00  1.249844E-13
1877.00  1.250846E-13
1880.00  1.203631E-13
1883.00  1.159055E-13
1886.00  1.159976E-13
1889.00  1.153248E-13
1892.00  1.122014E-13
1895.00  1.122525E-13
1898.00  1.124379E-13
1901.00  1.172543E-13
1904.00  1.183266E-13
1907.00  1.184194E-13
1910.00  1.155677E-13
1913.00  1.128798E-13
1916.00  1.129680E-13
1919.00  1.121652E-13
1922.00  1.085197E-13
1925.00  1.085594E-13
1928.00  1.087489E-13
1931.00  1.138976E-13
1934.00  1.150360E-13
1937.00  1.151246E-13
1940.00  1.159873E-13
1943.00  1.168062E-13
1946.00  1.168956E-13
1949.00  1.150412E-13
1952.00  1.070062E-13
1955.00  1.069895E-13
1958.00  1.070709E-13
1961.00  1.116709E-13
1964.00  1.160117E-13
1967.00  1.160994E-13
1970.00  1.162707E-13
1973.00  1.186416E-13
1976.00  1.187779E-13
1979.00  1.177926E-13
1982.00  1.134028E-13
1985.00  1.134327E-13
1988.00  1.133895E-13
1991.00  1.100209E-13
1994.00  1.100307E-13
1997.00  1.101125E-13
2000.00  1.120030E-13
2003.00  1.137876E-13
2006.00  1.138721E-13
2009.00  1.132637E-13
2012.00  1.104694E-13
2015.00  1.105150E-13
2018.00  1.106574E-13
2021.00  1.135412E-13
2024.00  1.142068E-13
2027.00  1.142904E-13
2030.00  1.106619E-13
2033.00  1.072533E-13
2036.00  1.073315E-13
2039.00  1.077474E-13
2042.00  1.092259E-13
2045.00  1.093230E-13
2048.00  1.091345E-13
2051.00  9.711536E-14
2054.00  9.467001E-14
2057.00  9.473846E-14
2060.00  9.653821E-14
2063.00  9.823439E-14
2066.00  9.830498E-14
2069.00  1.026552E-13
2072.00  1.107089E-13
2075.00  1.096017E-13
2078.00  1.047764E-13
2081.00  1.058644E-13
2084.00  1.079458E-13
2087.00  1.080222E-13
2090.00  1.050847E-13
2093.00  1.023314E-13
2096.00  1.024037E-13
2099.00  1.026137E-13
2102.00  1.032529E-13
2105.00  1.033333E-13
2108.00  1.034292E-13
2111.00  1.045208E-13
2114.00  1.048063E-13
2117.00  1.048801E-13
2120.00  1.046359E-13
2123.00  1.044113E-13
2126.00  1.044842E-13
2129.00  1.036643E-13
2132.00  1.000625E-13
2135.00  1.000833E-13
2138.00  1.001470E-13
2141.00  9.995786E-14
2144.00  9.997336E-14
2147.00  1.000427E-13
2150.00  1.012762E-13
2153.00  1.024365E-13
2156.00  1.025075E-13
2159.00  1.018694E-13
2162.00  9.903168E-14
2165.00  9.906038E-14
2168.00  9.912491E-14
2171.00  9.903383E-14
2174.00  9.906859E-14
2177.00  9.913632E-14
2180.00  9.753496E-14
2183.00  9.603966E-14
2186.00  9.610507E-14
2189.00  9.680736E-14
2192.00  9.947891E-14
2195.00  9.958211E-14
2198.00  9.960386E-14
2201.00  9.774422E-14
2204.00  9.740876E-14
2207.00  9.747453E-14
2210.00  9.539851E-14
2213.00  9.346062E-14
2216.00  9.352337E-14
2219.00  9.313497E-14
2222.00  9.135500E-14
2225.00  9.139082E-14
2228.00  9.149796E-14
2231.00  9.346134E-14
2234.00  9.392067E-14
2237.00  9.398323E-14
2240.00  9.233107E-14
2243.00  9.079139E-14
2246.00  9.085181E-14
2249.00  9.028838E-14
2252.00  8.780988E-14
2255.00  8.783234E-14
2258.00  8.791647E-14
2261.00  8.903550E-14
2264.00  8.931570E-14
2267.00  8.937469E-14
2270.00  8.986558E-14
2273.00  9.032724E-14
2276.00  9.038660E-14
2279.00  9.036200E-14
2282.00  9.008019E-14
2285.00  9.013420E-14
2288.00  9.008020E-14
2291.00  8.557539E-14
2294.00  8.467846E-14
2297.00  8.473371E-14
2300.00  8.499199E-14
2303.00  8.523654E-14
2306.00  8.529198E-14
2309.00  8.472818E-14
2312.00  8.227534E-14
2315.00  8.229246E-14
2318.00  8.209568E-14
2321.00  7.221070E-14
2324.00  7.018085E-14
2327.00  7.022612E-14
2330.00  7.462486E-14
2333.00  7.872755E-14
2336.00  7.877816E-14
2339.00  7.858175E-14
2342.00  7.763489E-14
2345.00  7.767001E-14
2348.00  7.774613E-14
2351.00  7.882968E-14
2354.00  7.909634E-14
2357.00  7.914679E-14
2360.00  7.724667E-14
2363.00  7.548080E-14
2366.00  7.552893E-14
2369.00  7.550522E-14
2372.00  7.526423E-14
2375.00  7.530773E-14
2378.00  7.527136E-14
2381.00  7.205724E-14
2384.00  7.142054E-14
2387.00  7.146599E-14
2390.00  7.310906E-14
2393.00  7.464109E-14
2396.00  7.468815E-14
2399.00  7.427925E-14
2402.00  7.249412E-14
2405.00  7.251230E-14
2408.00  7.257077E-14
2411.00  7.311566E-14
2414.00  7.326574E-14
2417.00  7.331155E-14
2420.00  7.416480E-14
2423.00  7.496122E-14
2426.00  7.500809E-14
2429.00  7.451935E-14
2432.00  7.242103E-14
2435.00  7.243333E-14
2438.00  7.252335E-14
2441.00  7.426944E-14
2444.00  7.467174E-14
2447.00  7.471791E-14
2450.00  7.395947E-14
2453.00  7.325844E-14
2456.00  7.330353E-14
2459.00  7.324756E-14
2462.00  7.288769E-14
2465.00  7.292636E-14
2468.00  7.292422E-14
2471.00  7.121610E-14
2474.00  7.089222E-14
2477.00  7.093553E-14
2480.00  7.109328E-14
2483.00  7.124247E-14
2486.00  7.128633E-14
2489.00  6.921743E-14
2492.00  6.083810E-14
2495.00  6.074398E-14
2498.00  6.100155E-14
2501.00  6.916502E-14
2504.00  7.091058E-14
2507.00  7.084571E-14
2510.00  6.692626E-14
2513.00  6.613627E-14
2516.00  6.788735E-14
2519.00  6.871210E-14
2522.00  6.770876E-14
2525.00  6.727134E-14
2528.00  6.731911E-14
2531.00  6.762605E-14
2534.00  6.772266E-14
2537.00  6.776330E-14
2540.00  6.685567E-14
2543.00  6.601845E-14
2546.00  6.605803E-14
2549.00  6.643162E-14
2552.00  6.779627E-14
2555.00  6.785794E-14
2558.00  6.787257E-14
2561.00  6.698704E-14
2564.00  6.683250E-14
2567.00  6.687242E-14
2570.00  6.783245E-14
2573.00  6.872350E-14
2576.00  6.876432E-14
2579.00  6.861264E-14
2582.00  6.789288E-14
2585.00  6.792069E-14
2588.00  6.793976E-14
2591.00  6.723283E-14
2594.00  6.711573E-14
2597.00  6.715530E-14
2600.00  6.637833E-14
2603.00  6.566303E-14
2606.00  6.570153E-14
2609.00  6.550653E-14
2612.00  6.462243E-14
2615.00  6.464525E-14
2618.00  6.470461E-14
2621.00  6.549887E-14
2624.00  6.569600E-14
2627.00  6.573415E-14
2630.00  6.592149E-14
2633.00  6.609724E-14
2636.00  6.613574E-14
2639.00  6.648528E-14
2642.00  6.774832E-14
2645.00  6.780804E-14
2648.00  6.784314E-14
2651.00  6.773763E-14
2654.00  6.774619E-14
2657.00  6.778540E-14
2660.00  6.585928E-14
2663.00  6.408502E-14
2666.00  6.412192E-14
2669.00  6.431960E-14
2672.00  6.498765E-14
2675.00  6.503543E-14
2678.00  6.506501E-14
2681.00  6.483704E-14
2684.00  6.481833E-14
2687.00  6.485557E-14
2690.00  6.376222E-14
2693.00  6.275780E-14
2696.00  6.279363E-14
2699.00  6.289487E-14
2702.00  6.318702E-14
2705.00  6.322748E-14
2708.00  6.321928E-14
2711.00  6.176427E-14
2714.00  6.148548E-14
2717.00  6.152042E-14
2720.00  6.150331E-14
2723.00  6.149047E-14
2726.00  6.152523E-14
2729.00  6.170384E-14
2732.00  6.230060E-14
2735.00  6.234552E-14
2738.00  6.228688E-14
2741.00  5.919200E-14
2744.00  5.856583E-14
2747.00  5.859880E-14
2750.00  5.855352E-14
2753.00  5.851431E-14
2756.00  5.854711E-14
2759.00  5.869541E-14
2762.00  5.917792E-14
2765.00  5.921874E-14
2768.00  5.928184E-14
2771.00  6.030942E-14
2774.00  6.055255E-14
2777.00  6.058624E-14
2780.00  5.988271E-14
2783.00  5.923905E-14
2786.00  5.927202E-14
2789.00  5.801165E-14
2792.00  5.301793E-14
2795.00  5.295857E-14
2798.00  5.304021E-14
2801.00  5.478790E-14
2804.00  5.518041E-14
2807.00  5.521053E-14
2810.00  5.736730E-14
2813.00  5.935010E-14
2816.00  5.938272E-14
2819.00  5.943833E-14
2822.00  5.956061E-14
2825.00  5.959483E-14
2828.00  5.956649E-14
2831.00  5.762165E-14
2834.00  5.723593E-14
2837.00  5.726694E-14
2840.00  5.685074E-14
2843.00  5.647144E-14
2846.00  5.650192E-14
2849.00  5.636591E-14
2852.00  5.575114E-14
2855.00  5.576986E-14
2858.00  5.583635E-14
2861.00  5.703701E-14
2864.00  5.731489E-14
2867.00  5.734573E-14
2870.00  5.699619E-14
2873.00  5.667838E-14
2876.00  5.670886E-14
2879.00  5.669977E-14
2882.00  5.657856E-14
2885.00  5.660619E-14
2888.00  5.661867E-14
2891.00  5.608072E-14
2894.00  5.599071E-14
2897.00  5.602065E-14
2900.00  5.605060E-14
2903.00  5.692204E-14
2906.00  5.733236E-14
2909.00  5.736284E-14
2912.00  5.739386E-14
2915.00  5.742434E-14
2918.00  5.741828E-14
2921.00  5.630300E-14
2924.00  5.609053E-14
2927.00  5.612029E-14
2930.00  5.615006E-14
2933.00  5.617982E-14
2936.00  5.620959E-14
2939.00  5.597039E-14
2942.00  5.496829E-14
2945.00  5.497845E-14
2948.00  5.500733E-14
2951.00  5.503620E-14
2954.00  5.506507E-14
2957.00  5.509395E-14
2960.00  5.482337E-14
2963.00  5.457901E-14
2966.00  5.460734E-14
2969.00  5.463604E-14
2972.00  5.466456E-14
2975.00  5.469308E-14
2978.00  5.469789E-14
2981.00  5.399614E-14
2984.00  5.386976E-14
2987.00  5.389757E-14
2990.00  5.392573E-14
2993.00  5.395371E-14
2996.00  5.398170E-14
2999.00  5.387547E-14
3002.00  5.339136E-14
3005.00  5.340935E-14
3008.00  5.343680E-14
3011.00  5.346461E-14
3014.00  5.349206E-14
3017.00  5.351969E-14
3020.00  5.320758E-14
3023.00  5.292506E-14
3026.00  5.295233E-14
3029.00  5.297942E-14
3032.00  5.300634E-14
3035.00  5.303361E-14
3038.00  5.304270E-14
3041.00  5.252400E-14
3044.00  5.243524E-14
3047.00  5.246198E-14
3050.00  5.248871E-14
3053.00  5.251545E-14
3056.00  5.254219E-14
3059.00  5.241866E-14
3062.00  5.187466E-14
3065.00  5.188981E-14
3068.00  5.191619E-14
3071.00  5.194239E-14
3074.00  5.196877E-14
3077.00  5.199498E-14
3080.00  5.165684E-14
3083.00  5.135132E-14
3086.00  5.137699E-14
3089.00  5.140320E-14
3092.00  5.142887E-14
3095.00  5.145471E-14
3098.00  5.146185E-14
3101.00  5.092907E-14
3104.00  5.083620E-14
3107.00  5.086151E-14
3110.00  5.088718E-14
3113.00  5.091231E-14
3116.00  5.093798E-14
3119.00  5.073888E-14
3122.00  4.991574E-14
3125.00  4.992376E-14
3128.00  4.994853E-14
3131.00  4.997349E-14
3134.00  4.999827E-14
3137.00  5.002322E-14
3140.00  4.983107E-14
3143.00  4.965871E-14
3146.00  4.968313E-14
3149.00  4.970773E-14
3152.00  4.973232E-14
3155.00  4.975674E-14
3158.00  4.975710E-14
3161.00  4.907692E-14
3164.00  4.895143E-14
3167.00  4.897549E-14
3170.00  4.899955E-14
3173.00  4.902362E-14
3176.00  4.904768E-14
3179.00  4.873308E-14
3182.00  4.748304E-14
3185.00  4.748019E-14
3188.00  4.750354E-14
3191.00  4.752671E-14
3194.00  4.754988E-14
3197.00  4.757306E-14
3200.00  4.753384E-14
3203.00  4.750051E-14
3206.00  4.752368E-14
3209.00  4.754668E-14
3212.00  4.756985E-14
3215.00  4.759284E-14
3218.00  4.758429E-14
3221.00  4.671712E-14
3224.00  4.655046E-14
3227.00  4.657292E-14
3230.00  4.659538E-14
3233.00  4.661784E-14
3236.00  4.664030E-14
3239.00  4.671659E-14
3242.00  4.694136E-14
3245.00  4.696809E-14
3248.00  4.699055E-14
3251.00  4.701301E-14
3254.00  4.703547E-14
3257.00  4.705793E-14
3260.00  4.692905E-14
3263.00  4.681409E-14
3266.00  4.683654E-14
3269.00  4.685900E-14
3272.00  4.688093E-14
3275.00  4.690339E-14
3278.00  4.690766E-14
3281.00  4.643246E-14
3284.00  4.634833E-14
3287.00  4.637025E-14
3290.00  4.639218E-14
3293.00  4.641410E-14
3296.00  4.643603E-14
3299.00  4.631749E-14
3302.00  4.581734E-14
3305.00  4.582785E-14
3308.00  4.584942E-14
3311.00  4.587099E-14
3314.00  4.589719E-14
3317.00  4.604727E-14
3320.00  4.609629E-14
3323.00  4.634690E-14
3326.00  4.607258E-14
3329.00  4.598684E-14
3332.00  4.632658E-14
3335.00  4.491310E-14
3338.00  4.454217E-14
3341.00  4.479795E-14
3344.00  4.584532E-14
3347.00  4.612730E-14
3350.00  4.411152E-14
3353.00  4.401652E-14
3356.00  4.377072E-14
3359.00  4.350799E-14
3362.00  4.324133E-14
3365.00  4.364274E-14
3368.00  4.241071E-14
3371.00  4.233174E-14
3374.00  4.287967E-14
3377.00  4.367233E-14
3380.00  4.331673E-14
3383.00  4.466872E-14
3386.00  4.504981E-14
3389.00  4.470972E-14
3392.00  4.454092E-14
3395.00  4.518600E-14
3398.00  4.527778E-14
3401.00  4.324293E-14
3404.00  4.291104E-14
3407.00  4.258414E-14
3410.00  4.322225E-14
3413.00  4.338856E-14
3416.00  4.347251E-14
3419.00  4.427712E-14
3422.00  4.431900E-14
3425.00  4.405110E-14
3428.00  4.457853E-14
3431.00  4.440206E-14
3434.00  4.430207E-14
3437.00  4.420029E-14
3440.00  4.252906E-14
3443.00  4.228593E-14
3446.00  4.288573E-14
3449.00  4.391564E-14
3452.00  4.207543E-14
3455.00  4.194477E-14
3458.00  4.164585E-14
3461.00  4.146832E-14
3464.00  4.203657E-14
3467.00  4.214530E-14
3470.00  4.255366E-14
3473.00  4.181697E-14
3476.00  4.134658E-14
3479.00  4.181804E-14
3482.00  4.182659E-14
3485.00  4.230750E-14
3488.00  4.265098E-14
3491.00  4.196420E-14
3494.00  4.203746E-14
3497.00  4.167455E-14
3500.00  4.160022E-14
3503.00  4.145335E-14
3506.00  4.089793E-14
3509.00  4.091647E-14
3512.00  4.046016E-14
3515.00  4.073805E-14
3518.00  4.181376E-14
3521.00  4.128188E-14
3524.00  4.064554E-14
3527.00  4.095533E-14
3530.00  4.159791E-14
3533.00  4.173479E-14
3536.00  4.190181E-14
3539.00  4.232158E-14
3542.00  4.222925E-14
3545.00  4.263280E-14
3548.00  4.251444E-14
3551.00  4.231499E-14
3554.00  4.170342E-14
3557.00  4.192213E-14
3560.00  4.189611E-14
3563.00  4.202409E-14
3566.00  4.088759E-14
3569.00  4.066550E-14
3572.00  3.920193E-14
3575.00  3.924738E-14
3578.00  3.917893E-14
3581.00  3.834474E-14
3584.00  3.810197E-14
3587.00  3.749505E-14
3590.00  3.865061E-14
3593.00  3.933026E-14
3596.00  3.992454E-14
3599.00  4.023753E-14
3602.00  3.970404E-14
3605.00  3.943899E-14
3608.00  3.942188E-14
3611.00  3.945806E-14
3614.00  3.987213E-14
3617.00  4.014645E-14
3620.00  4.016659E-14
3623.00  4.123072E-14
3626.00  4.198327E-14
3629.00  4.174157E-14
3632.00  4.023094E-14
3635.00  4.019529E-14
3638.00  4.063555E-14
3641.00  4.114677E-14
3644.00  4.020741E-14
3647.00  3.989958E-14
3650.00  4.038031E-14
3653.00  4.101486E-14
3656.00  4.124480E-14
3659.00  4.135781E-14
3662.00  4.069331E-14
3665.00  4.049438E-14
3668.00  4.003808E-14
3671.00  4.037532E-14
3674.00  4.038779E-14
3677.00  3.937696E-14
3680.00  3.912795E-14
3683.00  3.933115E-14
3686.00  3.859678E-14
3689.00  3.891174E-14
3692.00  3.936092E-14
3695.00  3.879945E-14
3698.00  3.936110E-14
3701.00  3.962276E-14
3704.00  3.594538E-14
3707.00  3.709025E-14
3710.00  3.677280E-14
3713.00  3.730022E-14
3716.00  4.070168E-14
3719.00  3.809627E-14
3722.00  3.484738E-14
3725.00  3.943043E-14
3728.00  4.233388E-14
3731.00  3.926235E-14
3734.00  3.325583E-14
3737.00  3.705228E-14
3740.00  4.404967E-14
3743.00  4.487156E-14
3746.00  4.009209E-14
3749.00  3.302286E-14
3752.00  3.583273E-14
3755.00  4.328714E-14
3758.00  4.570540E-14
3761.00  4.581627E-14
3764.00  4.437070E-14
3767.00  3.842139E-14
3770.00  3.228724E-14
3773.00  3.622273E-14
3776.00  4.336895E-14
3779.00  4.857034E-14
3782.00  5.097202E-14
3785.00  5.072978E-14
3788.00  4.843505E-14
3791.00  4.519722E-14
3794.00  3.881210E-14
3797.00  3.113453E-14
3800.00  3.411230E-14
3803.00  4.283779E-14
3806.00  4.723243E-14
3809.00  5.061001E-14
3812.00  5.167627E-14
3815.00  5.063104E-14
3818.00  4.855786E-14
3821.00  4.764685E-14
3824.00  4.785825E-14
3827.00  4.507887E-14
3830.00  4.027532E-14
3833.00  3.244285E-14
3836.00  2.918256E-14
3839.00  3.581936E-14
3842.00  4.355361E-14
3845.00  4.835966E-14
3848.00  5.078344E-14
3851.00  5.192885E-14
3854.00  5.215914E-14
3857.00  5.184578E-14
3860.00  5.227214E-14
3863.00  5.175702E-14
3866.00  5.143047E-14
3869.00  5.111141E-14
3872.00  4.989596E-14
3875.00  4.992554E-14
3878.00  4.806751E-14
3881.00  4.537511E-14
3884.00  4.017782E-14
3887.00  3.179635E-14
3890.00  3.056913E-14
3893.00  3.878001E-14
3896.00  4.484340E-14
3899.00  4.848068E-14
3902.00  5.085046E-14
3905.00  5.140338E-14
3908.00  5.310312E-14
3911.00  5.436992E-14
3914.00  5.394480E-14
3917.00  5.342058E-14
3920.00  5.281401E-14
3923.00  5.302649E-14
3926.00  5.179409E-14
3929.00  4.980612E-14
3932.00  4.540844E-14
3935.00  4.521540E-14
3938.00  5.036260E-14
3941.00  5.249852E-14
3944.00  5.214256E-14
3947.00  5.190798E-14
3950.00  5.180853E-14
3953.00  5.140052E-14
3956.00  5.025209E-14
3959.00  4.836768E-14
3962.00  4.379995E-14
3965.00  3.680898E-14
3968.00  2.757995E-14
3971.00  2.761828E-14
3974.00  3.659918E-14
3977.00  4.389495E-14
3980.00  4.820084E-14
3983.00  4.991699E-14
3986.00  5.165773E-14
3989.00  5.291312E-14
3992.00  5.378545E-14
3995.00  5.365497E-14
3998.00  5.376780E-14
4001.00  5.411217E-14
4004.00  5.328191E-14
4007.00  5.297265E-14
4010.00  5.368385E-14
4013.00  5.457669E-14
4016.00  5.494066E-14
4019.00  5.542121E-14
4022.00  5.465262E-14
4025.00  5.190406E-14
4028.00  5.318886E-14
4031.00  5.389151E-14
4034.00  5.446438E-14
4037.00  5.576755E-14
4040.00  5.567326E-14
4043.00  5.450913E-14
4046.00  5.364785E-14
4049.00  5.548681E-14
4052.00  5.510786E-14
4055.00  5.425727E-14
4058.00  5.429239E-14
4061.00  5.411253E-14
4064.00  5.247749E-14
4067.00  5.187305E-14
4070.00  5.133547E-14
4073.00  5.106382E-14
4076.00  5.014478E-14
4079.00  5.033639E-14
4082.00  5.106721E-14
4085.00  4.980808E-14
4088.00  4.917014E-14
4091.00  4.767092E-14
4094.00  4.449047E-14
4097.00  3.858965E-14
4100.00  3.091814E-14
4103.00  3.066521E-14
4106.00  3.870747E-14
4109.00  4.369104E-14
4112.00  4.670856E-14
4115.00  4.861508E-14
4118.00  4.886569E-14
4121.00  4.911719E-14
4124.00  5.046152E-14
4127.00  5.010788E-14
4130.00  4.968366E-14
4133.00  4.991912E-14
4136.00  5.151068E-14
4139.00  5.217839E-14
4142.00  5.021163E-14
4145.00  5.008971E-14
4148.00  5.142833E-14
4151.00  5.140890E-14
4154.00  5.106008E-14
4157.00  5.144776E-14
4160.00  5.208231E-14
4163.00  5.232401E-14
4166.00  5.208963E-14
4169.00  5.137664E-14
4172.00  5.007135E-14
4175.00  5.050484E-14
4178.00  5.059129E-14
4181.00  5.098824E-14
4184.00  5.148608E-14
4187.00  5.110945E-14
4190.00  5.074386E-14
4193.00  5.088593E-14
4196.00  4.969311E-14
4199.00  4.869119E-14
4202.00  4.903770E-14
4205.00  5.019915E-14
4208.00  5.091427E-14
4211.00  5.087006E-14
4214.00  5.026189E-14
4217.00  5.049326E-14
4220.00  5.139571E-14
4223.00  4.996476E-14
4226.00  4.790192E-14
4229.00  5.005602E-14
4232.00  5.021091E-14
4235.00  4.939080E-14
4238.00  4.975443E-14
4241.00  5.033444E-14
4244.00  5.076294E-14
4247.00  4.974016E-14
4250.00  4.944018E-14
4253.00  4.942609E-14
4256.00  4.950078E-14
4259.00  4.888477E-14
4262.00  4.961914E-14
4265.00  5.040217E-14
4268.00  4.915481E-14
4271.00  4.777644E-14
4274.00  4.794826E-14
4277.00  4.938920E-14
4280.00  4.917174E-14
4283.00  4.896194E-14
4286.00  4.842667E-14
4289.00  4.699429E-14
4292.00  4.725881E-14
4295.00  4.708092E-14
4298.00  4.579487E-14
4301.00  4.482593E-14
4304.00  4.517833E-14
4307.00  4.483431E-14
4310.00  4.518332E-14
4313.00  4.597900E-14
4316.00  4.788748E-14
4319.00  4.805539E-14
4322.00  4.637703E-14
4325.00  4.401403E-14
4328.00  4.487228E-14
4331.00  4.360192E-14
4334.00  4.056034E-14
4337.00  3.349075E-14
4340.00  2.776604E-14
4343.00  3.300183E-14
4346.00  3.921726E-14
4349.00  4.234440E-14
4352.00  4.329053E-14
4355.00  4.571021E-14
4358.00  4.647167E-14
4361.00  4.736522E-14
4364.00  4.826608E-14
4367.00  4.729374E-14
4370.00  4.656258E-14
4373.00  4.586582E-14
4376.00  4.582999E-14
4379.00  4.669484E-14
4382.00  4.445893E-14
4385.00  4.327520E-14
4388.00  4.405948E-14
4391.00  4.523697E-14
4394.00  4.571003E-14
4397.00  4.618684E-14
4400.00  4.573623E-14
4403.00  4.543892E-14
4406.00  4.516282E-14
4409.00  4.591020E-14
4412.00  4.652836E-14
4415.00  4.489367E-14
4418.00  4.576261E-14
4421.00  4.631750E-14
4424.00  4.611715E-14
4427.00  4.607704E-14
4430.00  4.594264E-14
4433.00  4.560558E-14
4436.00  4.556993E-14
4439.00  4.674581E-14
4442.00  4.555068E-14
4445.00  4.637221E-14
4448.00  4.677843E-14
4451.00  4.656383E-14
4454.00  4.551931E-14
4457.00  4.527796E-14
4460.00  4.558829E-14
4463.00  4.579701E-14
4466.00  4.544338E-14
4469.00  4.391100E-14
4472.00  4.446445E-14
4475.00  4.653709E-14
4478.00  4.617792E-14
4481.00  4.421509E-14
4484.00  4.623122E-14
4487.00  4.673547E-14
4490.00  4.587010E-14
4493.00  4.620039E-14
4496.00  4.618149E-14
4499.00  4.606848E-14
4502.00  4.599469E-14
4505.00  4.680286E-14
4508.00  4.629004E-14
4511.00  4.622641E-14
4514.00  4.562020E-14
4517.00  4.525533E-14
4520.00  4.534658E-14
4523.00  4.502378E-14
4526.00  4.430849E-14
4529.00  4.354755E-14
4532.00  4.384541E-14
4535.00  4.376359E-14
4538.00  4.506015E-14
4541.00  4.464822E-14
4544.00  4.472897E-14
4547.00  4.418960E-14
4550.00  4.359141E-14
4553.00  4.373703E-14
4556.00  4.400885E-14
4559.00  4.511665E-14
4562.00  4.501220E-14
4565.00  4.425679E-14
4568.00  4.481684E-14
4571.00  4.443575E-14
4574.00  4.449778E-14
4577.00  4.461792E-14
4580.00  4.359355E-14
4583.00  4.310176E-14
4586.00  4.342777E-14
4589.00  4.407374E-14
4592.00  4.380994E-14
4595.00  4.366270E-14
4598.00  4.397071E-14
4601.00  4.382918E-14
4604.00  4.361725E-14
4607.00  4.402828E-14
4610.00  4.454786E-14
4613.00  4.417801E-14
4616.00  4.405307E-14
4619.00  4.385485E-14
4622.00  4.427872E-14
4625.00  4.431223E-14
4628.00  4.392276E-14
4631.00  4.386822E-14
4634.00  4.375557E-14
4637.00  4.339730E-14
4640.00  4.341565E-14
4643.00  4.375039E-14
4646.00  4.279269E-14
4649.00  4.250910E-14
4652.00  4.337929E-14
4655.00  4.321049E-14
4658.00  4.383043E-14
4661.00  4.414522E-14
4664.00  4.316219E-14
4667.00  4.197632E-14
4670.00  4.235456E-14
4673.00  4.316094E-14
4676.00  4.330211E-14
4679.00  4.261604E-14
4682.00  4.221820E-14
4685.00  4.230554E-14
4688.00  4.233228E-14
4691.00  4.245260E-14
4694.00  4.253138E-14
4697.00  4.237345E-14
4700.00  4.170699E-14
4703.00  4.139952E-14
4706.00  4.164139E-14
4709.00  4.137902E-14
4712.00  4.135442E-14
4715.00  4.140647E-14
4718.00  4.247559E-14
4721.00  4.257844E-14
4724.00  4.257915E-14
4727.00  4.187187E-14
4730.00  4.115657E-14
4733.00  4.163534E-14
4736.00  4.161769E-14
4739.00  4.176617E-14
4742.00  4.179023E-14
4745.00  4.192730E-14
4748.00  4.228683E-14
4751.00  4.250928E-14
4754.00  4.193710E-14
4757.00  4.187651E-14
4760.00  4.218113E-14
4763.00  4.125745E-14
4766.00  4.107975E-14
4769.00  4.195190E-14
4772.00  4.212515E-14
4775.00  4.247790E-14
4778.00  4.246311E-14
4781.00  4.231499E-14
4784.00  4.186937E-14
4787.00  4.146600E-14
4790.00  4.171822E-14
4793.00  4.240678E-14
4796.00  4.278181E-14
4799.00  4.202142E-14
4802.00  4.219057E-14
4805.00  4.200858E-14
4808.00  4.181804E-14
4811.00  4.194121E-14
4814.00  4.196580E-14
4817.00  4.232230E-14
4820.00  4.233281E-14
4823.00  4.129721E-14
4826.00  4.111486E-14
4829.00  4.124391E-14
4832.00  4.082396E-14
4835.00  4.084410E-14
4838.00  4.053110E-14
4841.00  3.987587E-14
4844.00  3.947126E-14
4847.00  3.904845E-14
4850.00  3.787685E-14
4853.00  3.631310E-14
4856.00  3.287723E-14
4859.00  2.841111E-14
4862.00  2.489432E-14
4865.00  2.959912E-14
4868.00  3.394137E-14
4871.00  3.535931E-14
4874.00  3.692305E-14
4877.00  3.827844E-14
4880.00  3.930584E-14
4883.00  3.932224E-14
4886.00  3.900782E-14
4889.00  3.896005E-14
4892.00  3.900176E-14
4895.00  4.080935E-14
4898.00  4.103714E-14
4901.00  4.045018E-14
4904.00  4.037513E-14
4907.00  4.079651E-14
4910.00  3.967374E-14
4913.00  3.987302E-14
4916.00  4.029849E-14
4919.00  3.794066E-14
4922.00  3.681254E-14
4925.00  3.825473E-14
4928.00  3.998014E-14
4931.00  4.043111E-14
4934.00  3.933098E-14
4937.00  3.904096E-14
4940.00  3.897698E-14
4943.00  4.014021E-14
4946.00  4.010528E-14
4949.00  4.036658E-14
4952.00  4.029689E-14
4955.00  3.968676E-14
4958.00  3.834777E-14
4961.00  3.974860E-14
4964.00  3.979780E-14
4967.00  3.905755E-14
4970.00  3.910175E-14
4973.00  3.972383E-14
4976.00  3.975181E-14
4979.00  3.905024E-14
4982.00  3.775172E-14
4985.00  3.747187E-14
4988.00  3.876148E-14
4991.00  3.857486E-14
4994.00  3.880070E-14
4997.00  3.889356E-14
5000.00  3.789004E-14
5003.00  3.739683E-14
5006.00  3.690487E-14
5009.00  3.765850E-14
5012.00  3.715174E-14
5015.00  3.606516E-14
5018.00  3.624465E-14
5021.00  3.694266E-14
5024.00  3.749914E-14
5027.00  3.774209E-14
5030.00  3.792052E-14
5033.00  3.844207E-14
5036.00  3.771625E-14
5039.00  3.666639E-14
5042.00  3.597925E-14
5045.00  3.813904E-14
5048.00  3.783728E-14
5051.00  3.705086E-14
5054.00  3.763978E-14
5057.00  3.814190E-14
5060.00  3.874527E-14
5063.00  3.849572E-14
5066.00  3.735423E-14
5069.00  3.743480E-14
5072.00  3.737241E-14
5075.00  3.733070E-14
5078.00  3.700077E-14
5081.00  3.620526E-14
5084.00  3.687564E-14
5087.00  3.749487E-14
5090.00  3.781892E-14
5093.00  3.813370E-14
5096.00  3.736938E-14
5099.00  3.636283E-14
5102.00  3.716743E-14
5105.00  3.718668E-14
5108.00  3.664856E-14
5111.00  3.690897E-14
5114.00  3.749041E-14
5117.00  3.785350E-14
5120.00  3.764762E-14
5123.00  3.662913E-14
5126.00  3.626996E-14
5129.00  3.631078E-14
5132.00  3.664285E-14
5135.00  3.695015E-14
5138.00  3.647031E-14
5141.00  3.618458E-14
5144.00  3.613860E-14
5147.00  3.596035E-14
5150.00  3.602969E-14
5153.00  3.577854E-14
5156.00  3.638155E-14
5159.00  3.703945E-14
5162.00  3.670613E-14
5165.00  3.505842E-14
5168.00  3.275585E-14
5171.00  3.319255E-14
5174.00  3.370358E-14
5177.00  3.600580E-14
5180.00  3.576535E-14
5183.00  3.321216E-14
5186.00  3.435008E-14
5189.00  3.562899E-14
5192.00  3.494149E-14
5195.00  3.486842E-14
5198.00  3.545948E-14
5201.00  3.600063E-14
5204.00  3.500549E-14
5207.00  3.400178E-14
5210.00  3.455060E-14
5213.00  3.585964E-14
5216.00  3.530155E-14
5219.00  3.587176E-14
5222.00  3.620651E-14
5225.00  3.457396E-14
5228.00  3.401017E-14
5231.00  3.542846E-14
5234.00  3.482689E-14
5237.00  3.577854E-14
5240.00  3.615214E-14
5243.00  3.619064E-14
5246.00  3.584431E-14
5249.00  3.502438E-14
5252.00  3.511065E-14
5255.00  3.532615E-14
5258.00  3.610437E-14
5261.00  3.519496E-14
5264.00  3.319380E-14
5267.00  3.309434E-14
5270.00  3.286333E-14
5273.00  3.407986E-14
5276.00  3.459927E-14
5279.00  3.557605E-14
5282.00  3.475274E-14
5285.00  3.514559E-14
5288.00  3.623752E-14
5291.00  3.632219E-14
5294.00  3.595001E-14
5297.00  3.461531E-14
5300.00  3.462939E-14
5303.00  3.543756E-14
5306.00  3.593753E-14
5309.00  3.596481E-14
5312.00  3.601436E-14
5315.00  3.530566E-14
5318.00  3.505290E-14
5321.00  3.535557E-14
5324.00  3.459677E-14
5327.00  3.339967E-14
5330.00  3.349789E-14
5333.00  3.487822E-14
5336.00  3.527535E-14
5339.00  3.458233E-14
5342.00  3.431264E-14
5345.00  3.473242E-14
5348.00  3.437806E-14
5351.00  3.481049E-14
5354.00  3.554753E-14
5357.00  3.586588E-14
5360.00  3.556910E-14
5363.00  3.475594E-14
5366.00  3.444597E-14
5369.00  3.400125E-14
5372.00  3.355457E-14
5375.00  3.496735E-14
5378.00  3.507732E-14
5381.00  3.472618E-14
5384.00  3.460426E-14
5387.00  3.484489E-14
5390.00  3.423921E-14
5393.00  3.391463E-14
5396.00  3.347240E-14
5399.00  3.355225E-14
5402.00  3.399751E-14
5405.00  3.284515E-14
5408.00  3.301645E-14
5411.00  3.322998E-14
5414.00  3.394528E-14
5417.00  3.444402E-14
5420.00  3.436185E-14
5423.00  3.413030E-14
5426.00  3.428466E-14
5429.00  3.380893E-14
5432.00  3.348167E-14
5435.00  3.326332E-14
5438.00  3.438341E-14
5441.00  3.494293E-14
5444.00  3.437574E-14
5447.00  3.316671E-14
5450.00  3.409732E-14
5453.00  3.385241E-14
5456.00  3.312464E-14
5459.00  3.420499E-14
5462.00  3.363656E-14
5465.00  3.361196E-14
5468.00  3.400375E-14
5471.00  3.381677E-14
5474.00  3.328061E-14
5477.00  3.261486E-14
5480.00  3.327026E-14
5483.00  3.337918E-14
5486.00  3.382016E-14
5489.00  3.350449E-14
5492.00  3.367773E-14
5495.00  3.363264E-14
5498.00  3.355724E-14
5501.00  3.335796E-14
5504.00  3.307134E-14
5507.00  3.282126E-14
5510.00  3.306297E-14
5513.00  3.267208E-14
5516.00  3.299969E-14
5519.00  3.369093E-14
5522.00  3.377630E-14
5525.00  3.339076E-14
5528.00  3.247868E-14
5531.00  3.313337E-14
5534.00  3.311377E-14
5537.00  3.314781E-14
5540.00  3.351018E-14
5543.00  3.335119E-14
5546.00  3.327793E-14
5549.00  3.373424E-14
5552.00  3.367934E-14
5555.00  3.338452E-14
5558.00  3.344049E-14
5561.00  3.330074E-14
5564.00  3.304443E-14
5567.00  3.293481E-14
5570.00  3.291360E-14
5573.00  3.283285E-14
5576.00  3.309149E-14
5579.00  3.322802E-14
5582.00  3.319701E-14
5585.00  3.278865E-14
5588.00  3.167942E-14
5591.00  3.199509E-14
5594.00  3.242039E-14
5597.00  3.278811E-14
5600.00  3.220276E-14
5603.00  3.218172E-14
5606.00  3.334370E-14
5609.00  3.356312E-14
5612.00  3.356544E-14
5615.00  3.231808E-14
5618.00  3.247708E-14
5621.00  3.290183E-14
5624.00  3.243857E-14
5627.00  3.254997E-14
5630.00  3.321483E-14
5633.00  3.302821E-14
5636.00  3.252948E-14
5639.00  3.233608E-14
5642.00  3.226265E-14
5645.00  3.246299E-14
5648.00  3.249811E-14
5651.00  3.249936E-14
5654.00  3.242003E-14
5657.00  3.166017E-14
5660.00  3.144040E-14
5663.00  3.188013E-14
5666.00  3.220115E-14
5669.00  3.204091E-14
5672.00  3.248242E-14
5675.00  3.270042E-14
5678.00  3.257351E-14
5681.00  3.214643E-14
5684.00  3.179385E-14
5687.00  3.177300E-14
5690.00  3.200508E-14
5693.00  3.241950E-14
5696.00  3.237975E-14
5699.00  3.196212E-14
5702.00  3.167033E-14
5705.00  3.172898E-14
5708.00  3.114861E-14
5711.00  3.102758E-14
5714.00  3.187781E-14
5717.00  3.225266E-14
5720.00  3.248314E-14
5723.00  3.267368E-14
5726.00  3.235497E-14
5729.00  3.225979E-14
5732.00  3.227851E-14
5735.00  3.250381E-14
5738.00  3.236122E-14
5741.00  3.231041E-14
5744.00  3.235658E-14
5747.00  3.223805E-14
5750.00  3.219937E-14
5753.00  3.165180E-14
5756.00  3.206693E-14
5759.00  3.230524E-14
5762.00  3.171614E-14
5765.00  3.232022E-14
5768.00  3.249704E-14
5771.00  3.228243E-14
5774.00  3.201595E-14
5777.00  3.201934E-14
5780.00  3.126678E-14
5783.00  3.091760E-14
5786.00  3.120475E-14
5789.00  3.169796E-14
5792.00  3.171864E-14
5795.00  3.209295E-14
5798.00  3.189760E-14
5801.00  3.229295E-14
5804.00  3.209527E-14
5807.00  3.197460E-14
5810.00  3.215070E-14
5813.00  3.205873E-14
5816.00  3.178085E-14
5819.00  3.223199E-14
5822.00  3.226692E-14
5825.00  3.223609E-14
5828.00  3.228600E-14
5831.00  3.229205E-14
5834.00  3.209652E-14
5837.00  3.206729E-14
5840.00  3.221006E-14
5843.00  3.223288E-14
5846.00  3.185820E-14
5849.00  3.176213E-14
5852.00  3.143915E-14
5855.00  3.108676E-14
5858.00  3.066325E-14
5861.00  3.115966E-14
5864.00  3.137267E-14
5867.00  3.120350E-14
5870.00  3.145020E-14
5873.00  3.109603E-14
5876.00  3.050229E-14
5879.00  3.072634E-14
5882.00  3.078819E-14
5885.00  3.060710E-14
5888.00  2.867046E-14
5891.00  2.711937E-14
5894.00  2.817565E-14
5897.00  2.798296E-14
5900.00  2.982460E-14
5903.00  3.057074E-14
5906.00  3.064400E-14
5909.00  3.082937E-14
5912.00  3.075628E-14
5915.00  3.022940E-14
5918.00  3.049338E-14
5921.00  3.065540E-14
5924.00  3.068553E-14
5927.00  3.078534E-14
5930.00  3.043170E-14
5933.00  3.059925E-14
5936.00  3.065006E-14
5939.00  3.075201E-14
5942.00  3.035774E-14
5945.00  3.054347E-14
5948.00  3.037449E-14
5951.00  3.041191E-14
5954.00  3.036504E-14
5957.00  3.018412E-14
5960.00  3.054846E-14
5963.00  3.070335E-14
5966.00  3.049284E-14
5969.00  3.065594E-14
5972.00  3.079515E-14
5975.00  3.036736E-14
5978.00  3.008537E-14
5981.00  3.038091E-14
5984.00  2.996506E-14
5987.00  3.023296E-14
5990.00  3.036860E-14
5993.00  3.047110E-14
5996.00  3.040942E-14
5999.00  3.021924E-14
6002.00  3.021906E-14
6005.00  3.006862E-14
6008.00  2.977255E-14
6011.00  3.011443E-14
6014.00  2.995721E-14
6017.00  2.996328E-14
6020.00  2.980535E-14
6023.00  2.990766E-14
6026.00  3.015488E-14
6029.00  3.041495E-14
6032.00  3.054079E-14
6035.00  3.067679E-14
6038.00  3.055986E-14
6041.00  3.027663E-14
6044.00  3.042743E-14
6047.00  3.062065E-14
6050.00  3.067483E-14
6053.00  3.040622E-14
6056.00  3.008163E-14
6059.00  3.030194E-14
6062.00  3.015078E-14
6065.00  2.977327E-14
6068.00  3.031798E-14
6071.00  3.053366E-14
6074.00  3.050443E-14
6077.00  3.015578E-14
6080.00  2.988431E-14
6083.00  2.979020E-14
6086.00  2.987611E-14
6089.00  2.986363E-14
6092.00  2.978111E-14
6095.00  3.005489E-14
6098.00  3.011015E-14
6101.00  2.951231E-14
6104.00  2.928898E-14
6107.00  2.990534E-14
6110.00  3.008306E-14
6113.00  3.008038E-14
6116.00  3.002316E-14
6119.00  2.970161E-14
6122.00  2.912124E-14
6125.00  2.952693E-14
6128.00  2.966168E-14
6131.00  2.998217E-14
6134.00  2.957185E-14
6137.00  2.848561E-14
6140.00  2.905066E-14
6143.00  2.941553E-14
6146.00  2.963298E-14
6149.00  2.928844E-14
6152.00  2.935670E-14
6155.00  2.916741E-14
6158.00  2.888917E-14
6161.00  2.782451E-14
6164.00  2.791470E-14
6167.00  2.847243E-14
6170.00  2.818777E-14
6173.00  2.876902E-14
6176.00  2.891074E-14
6179.00  2.902320E-14
6182.00  2.919147E-14
6185.00  2.901518E-14
6188.00  2.861627E-14
6191.00  2.818991E-14
6194.00  2.878043E-14
6197.00  2.898310E-14
6200.00  2.875744E-14
6203.00  2.911500E-14
6206.00  2.924904E-14
6209.00  2.917614E-14
6212.00  2.858650E-14
6215.00  2.813394E-14
6218.00  2.821094E-14
6221.00  2.821112E-14
6224.00  2.842448E-14
6227.00  2.831557E-14
6230.00  2.758120E-14
6233.00  2.797067E-14
6236.00  2.835122E-14
6239.00  2.786051E-14
6242.00  2.765785E-14
6245.00  2.748263E-14
6248.00  2.796211E-14
6251.00  2.791024E-14
6254.00  2.745678E-14
6257.00  2.732435E-14
6260.00  2.776158E-14
6263.00  2.827351E-14
6266.00  2.820898E-14
6269.00  2.822538E-14
6272.00  2.823982E-14
6275.00  2.768886E-14
6278.00  2.688372E-14
6281.00  2.712685E-14
6284.00  2.792040E-14
6287.00  2.826263E-14
6290.00  2.802022E-14
6293.00  2.781826E-14
6296.00  2.759154E-14
6299.00  2.741115E-14
6302.00  2.733540E-14
6305.00  2.783324E-14
6308.00  2.809437E-14
6311.00  2.789527E-14
6314.00  2.761560E-14
6317.00  2.738317E-14
6320.00  2.769599E-14
6323.00  2.812342E-14
6326.00  2.830559E-14
6329.00  2.825176E-14
6332.00  2.823982E-14
6335.00  2.771952E-14
6338.00  2.783003E-14
6341.00  2.808689E-14
6344.00  2.779189E-14
6347.00  2.788547E-14
6350.00  2.831308E-14
6353.00  2.817351E-14
6356.00  2.791951E-14
6359.00  2.759368E-14
6362.00  2.740242E-14
6365.00  2.766694E-14
6368.00  2.794553E-14
6371.00  2.792842E-14
6374.00  2.818367E-14
6377.00  2.808563E-14
6380.00  2.793431E-14
6383.00  2.797655E-14
6386.00  2.810774E-14
6389.00  2.815105E-14
6392.00  2.767442E-14
6395.00  2.784269E-14
6398.00  2.777745E-14
6401.00  2.766480E-14
6404.00  2.813661E-14
6407.00  2.777692E-14
6410.00  2.774234E-14
6413.00  2.777692E-14
6416.00  2.790632E-14
6419.00  2.757211E-14
6422.00  2.774911E-14
6425.00  2.822645E-14
6428.00  2.809170E-14
6431.00  2.753004E-14
6434.00  2.793751E-14
6437.00  2.768048E-14
6440.00  2.756872E-14
6443.00  2.812966E-14
6446.00  2.813287E-14
6449.00  2.720563E-14
6452.00  2.744110E-14
6455.00  2.741347E-14
6458.00  2.775998E-14
6461.00  2.742007E-14
6464.00  2.732417E-14
6467.00  2.774162E-14
6470.00  2.763129E-14
6473.00  2.754894E-14
6476.00  2.758690E-14
6479.00  2.758102E-14
6482.00  2.714521E-14
6485.00  2.744769E-14
6488.00  2.751721E-14
6491.00  2.694540E-14
6494.00  2.568948E-14
6497.00  2.583974E-14
6500.00  2.675539E-14
6503.00  2.738299E-14
6506.00  2.751703E-14
6509.00  2.748388E-14
6512.00  2.749511E-14
6515.00  2.713469E-14
6518.00  2.701937E-14
6521.00  2.739119E-14
6524.00  2.738031E-14
6527.00  2.717908E-14
6530.00  2.712792E-14
6533.00  2.699958E-14
6536.00  2.719102E-14
6539.00  2.727408E-14
6542.00  2.696840E-14
6545.00  2.629551E-14
6548.00  2.619481E-14
6551.00  2.583956E-14
6554.00  2.492962E-14
6557.00  2.386370E-14
6560.00  2.121890E-14
6563.00  1.941737E-14
6566.00  2.276197E-14
6569.00  2.442215E-14
6572.00  2.503763E-14
6575.00  2.553922E-14
6578.00  2.619819E-14
6581.00  2.627359E-14
6584.00  2.649568E-14
6587.00  2.671671E-14
6590.00  2.662598E-14
6593.00  2.608572E-14
6596.00  2.645326E-14
6599.00  2.670922E-14
6602.00  2.679674E-14
6605.00  2.654114E-14
6608.00  2.631797E-14
6611.00  2.665824E-14
6614.00  2.682918E-14
6617.00  2.690315E-14
6620.00  2.689513E-14
6623.00  2.666751E-14
6626.00  2.663472E-14
6629.00  2.657821E-14
6632.00  2.628232E-14
6635.00  2.643045E-14
6638.00  2.658873E-14
6641.00  2.646003E-14
6644.00  2.635041E-14
6647.00  2.657999E-14
6650.00  2.665699E-14
6653.00  2.656110E-14
6656.00  2.652135E-14
6659.00  2.644881E-14
6662.00  2.608287E-14
6665.00  2.605150E-14
6668.00  2.629017E-14
6671.00  2.638856E-14
6674.00  2.620318E-14
6677.00  2.531855E-14
6680.00  2.570998E-14
6683.00  2.622885E-14
6686.00  2.627199E-14
6689.00  2.631405E-14
6692.00  2.631263E-14
6695.00  2.606433E-14
6698.00  2.607449E-14
6701.00  2.612493E-14
6704.00  2.604294E-14
6707.00  2.613046E-14
6710.00  2.608768E-14
6713.00  2.588857E-14
6716.00  2.554563E-14
6719.00  2.571907E-14
6722.00  2.597235E-14
6725.00  2.592173E-14
6728.00  2.602209E-14
6731.00  2.608447E-14
6734.00  2.603510E-14
6737.00  2.589517E-14
6740.00  2.582192E-14
6743.00  2.573029E-14
6746.00  2.567255E-14
6749.00  2.546774E-14
6752.00  2.557629E-14
6755.00  2.579749E-14
6758.00  2.592013E-14
6761.00  2.593029E-14
6764.00  2.581621E-14
6767.00  2.553922E-14
6770.00  2.561052E-14
6773.00  2.585418E-14
6776.00  2.600212E-14
6779.00  2.596558E-14
6782.00  2.559412E-14
6785.00  2.543174E-14
6788.00  2.562389E-14
6791.00  2.561533E-14
6794.00  2.551961E-14
6797.00  2.555829E-14
6800.00  2.561889E-14
6803.00  2.563832E-14
6806.00  2.560267E-14
6809.00  2.559608E-14
6812.00  2.559483E-14
6815.00  2.559875E-14
6818.00  2.560072E-14
6821.00  2.565098E-14
6824.00  2.573386E-14
6827.00  2.549662E-14
6830.00  2.557932E-14
6833.00  2.564723E-14
6836.00  2.554260E-14
6839.00  2.506134E-14
6842.00  2.500466E-14
6845.00  2.539591E-14
6848.00  2.544742E-14
6851.00  2.533744E-14
6854.00  2.524280E-14
6857.00  2.494530E-14
6860.00  2.489415E-14
6863.00  2.491037E-14
6866.00  2.515938E-14
6869.00  2.522141E-14
6872.00  2.510911E-14
6875.00  2.512693E-14
6878.00  2.522140E-14
6881.00  2.514779E-14
6884.00  2.477026E-14
6887.00  2.491785E-14
6890.00  2.514066E-14
6893.00  2.519342E-14
6896.00  2.517649E-14
6899.00  2.510893E-14
6902.00  2.504779E-14
6905.00  2.510376E-14
6908.00  2.515331E-14
6911.00  2.517363E-14
6914.00  2.505795E-14
6917.00  2.486509E-14
6920.00  2.485654E-14
6923.00  2.503371E-14
6926.00  2.496170E-14
6929.00  2.519894E-14
6932.00  2.525848E-14
6935.00  2.512212E-14
6938.00  2.521624E-14
6941.00  2.527880E-14
6944.00  2.533406E-14
6947.00  2.521178E-14
6950.00  2.517649E-14
6953.00  2.493960E-14
6956.00  2.504530E-14
6959.00  2.508861E-14
6962.00  2.514957E-14
6965.00  2.518825E-14
6968.00  2.531606E-14
6971.00  2.524351E-14
6974.00  2.495101E-14
6977.00  2.432536E-14
6980.00  2.464692E-14
6983.00  2.514333E-14
6986.00  2.508772E-14
6989.00  2.500502E-14
6992.00  2.502640E-14
6995.00  2.501054E-14
6998.00  2.468703E-14
7001.00  2.465441E-14
7004.00  2.453124E-14
7007.00  2.475405E-14
7010.00  2.492872E-14
7013.00  2.466528E-14
7016.00  2.436351E-14
7019.00  2.490466E-14
7022.00  2.468595E-14
7025.00  2.460200E-14
7028.00  2.482516E-14
7031.00  2.502016E-14
7034.00  2.499646E-14
7037.00  2.486527E-14
7040.00  2.529841E-14
7043.00  2.542122E-14
7046.00  2.551319E-14
7049.00  2.540536E-14
7052.00  2.491304E-14
7055.00  2.483640E-14
7058.00  2.458453E-14
7061.00  2.446832E-14
7064.00  2.419613E-14
7067.00  2.410559E-14
7070.00  2.465904E-14
7073.00  2.481465E-14
7076.00  2.481750E-14
7079.00  2.481126E-14
7082.00  2.439684E-14
7085.00  2.425514E-14
7088.00  2.418544E-14
7091.00  2.397600E-14
7094.00  2.407939E-14
7097.00  2.415906E-14
7100.00  2.419685E-14
7103.00  2.421539E-14
7106.00  2.418455E-14
7109.00  2.406887E-14
7112.00  2.403340E-14
7115.00  2.414641E-14
7118.00  2.409668E-14
7121.00  2.401949E-14
7124.00  2.406637E-14
7127.00  2.379598E-14
7130.00  2.351666E-14
7133.00  2.374999E-14
7136.00  2.393340E-14
7139.00  2.385676E-14
7142.00  2.384802E-14
7145.00  2.362753E-14
7148.00  2.337460E-14
7151.00  2.374232E-14
7154.00  2.389365E-14
7157.00  2.396977E-14
7160.00  2.385497E-14
7163.00  2.334644E-14
7166.00  2.334270E-14
7169.00  2.352237E-14
7172.00  2.349403E-14
7175.00  2.328352E-14
7178.00  2.316784E-14
7181.00  2.281830E-14
7184.00  2.257695E-14
7187.00  2.250708E-14
7190.00  2.278336E-14
7193.00  2.296018E-14
7196.00  2.321436E-14
7199.00  2.290368E-14
7202.00  2.286749E-14
7205.00  2.277873E-14
7208.00  2.312720E-14
7211.00  2.375944E-14
7214.00  2.372414E-14
7217.00  2.390827E-14
7220.00  2.379509E-14
7223.00  2.370810E-14
7226.00  2.392253E-14
7229.00  2.391041E-14
7232.00  2.353057E-14
7235.00  2.348583E-14
7238.00  2.355499E-14
7241.00  2.346925E-14
7244.00  2.349741E-14
7247.00  2.390684E-14
7250.00  2.338655E-14
7253.00  2.340152E-14
7256.00  2.388171E-14
7259.00  2.353074E-14
7262.00  2.323949E-14
7265.00  2.366407E-14
7268.00  2.394517E-14
7271.00  2.358368E-14
7274.00  2.327639E-14
7277.00  2.331150E-14
7280.00  2.340990E-14
7283.00  2.348012E-14
7286.00  2.345659E-14
7289.00  2.287641E-14
7292.00  2.314912E-14
7295.00  2.393643E-14
7298.00  2.379758E-14
7301.00  2.347068E-14
7304.00  2.358921E-14
7307.00  2.344412E-14
7310.00  2.352397E-14
7313.00  2.385854E-14
7316.00  2.372807E-14
7319.00  2.381451E-14
7322.00  2.386406E-14
7325.00  2.360240E-14
7328.00  2.377138E-14
7331.00  2.381255E-14
7334.00  2.401308E-14
7337.00  2.432376E-14
7340.00  2.431253E-14
7343.00  2.392396E-14
7346.00  2.390559E-14
7349.00  2.383626E-14
7352.00  2.365748E-14
7355.00  2.339563E-14
7358.00  2.372271E-14
7361.00  2.367352E-14
7364.00  2.376461E-14
7367.00  2.396174E-14
7370.00  2.414337E-14
7373.00  2.416387E-14
7376.00  2.418455E-14
7379.00  2.420879E-14
7382.00  2.387209E-14
7385.00  2.346551E-14
7388.00  2.329724E-14
7391.00  2.353752E-14
7394.00  2.377031E-14
7397.00  2.387619E-14
7400.00  2.376139E-14
7403.00  2.392235E-14
7406.00  2.379883E-14
7409.00  2.356640E-14
7412.00  2.356229E-14
7415.00  2.337852E-14
7418.00  2.364500E-14
7421.00  2.340811E-14
7424.00  2.369384E-14
7427.00  2.408634E-14
7430.00  2.389401E-14
7433.00  2.400898E-14
7436.00  2.399525E-14
7439.00  2.366408E-14
7442.00  2.354821E-14
7445.00  2.344180E-14
7448.00  2.365623E-14
7451.00  2.394891E-14
7454.00  2.404712E-14
7457.00  2.393215E-14
7460.00  2.344412E-14
7463.00  2.342184E-14
7466.00  2.378296E-14
7469.00  2.377155E-14
7472.00  2.372076E-14
7475.00  2.377762E-14
7478.00  2.383216E-14
7481.00  2.368831E-14
7484.00  2.385782E-14
7487.00  2.388207E-14
7490.00  2.359277E-14
7493.00  2.318370E-14
7496.00  2.339296E-14
7499.00  2.368297E-14
7502.00  2.383608E-14
7505.00  2.374090E-14
7508.00  2.364732E-14
7511.00  2.352130E-14
7514.00  2.379740E-14
7517.00  2.397654E-14
7520.00  2.383572E-14
7523.00  2.363947E-14
7526.00  2.380488E-14
7529.00  2.371648E-14
7532.00  2.375177E-14
7535.00  2.396174E-14
7538.00  2.387868E-14
7541.00  2.387636E-14
7544.00  2.377423E-14
7547.00  2.376122E-14
7550.00  2.372824E-14
7553.00  2.369794E-14
7556.00  2.351969E-14
7559.00  2.349082E-14
7562.00  2.353681E-14
7565.00  2.356497E-14
7568.00  2.342861E-14
7571.00  2.330152E-14
7574.00  2.353787E-14
7577.00  2.356211E-14
7580.00  2.352433E-14
7583.00  2.346159E-14
7586.00  2.315946E-14
7589.00  2.307747E-14
7592.00  2.313183E-14
7595.00  2.328530E-14
7598.00  2.312631E-14
7601.00  2.329600E-14
7604.00  2.299298E-14
7607.00  2.301704E-14
7610.00  2.300545E-14
7613.00  2.317461E-14
7616.00  2.304217E-14
7619.00  2.266358E-14
7622.00  2.281027E-14
7625.00  2.307247E-14
7628.00  2.316249E-14
7631.00  2.290278E-14
7634.00  2.298264E-14
7637.00  2.289673E-14
7640.00  2.285680E-14
7643.00  2.280243E-14
7646.00  2.283879E-14
7649.00  2.281954E-14
7652.00  2.260405E-14
7655.00  2.257160E-14
7658.00  2.226039E-14
7661.00  2.204008E-14
7664.00  2.158412E-14
7667.00  2.099841E-14
7670.00  2.203259E-14
7673.00  2.235824E-14
7676.00  2.249229E-14
7679.00  2.244398E-14
7682.00  2.245735E-14
7685.00  2.247036E-14
7688.00  2.248872E-14
7691.00  2.237072E-14
7694.00  2.225682E-14
7697.00  2.212225E-14
7700.00  2.137433E-14
7703.00  2.165595E-14
7706.00  2.218160E-14
7709.00  2.218214E-14
7712.00  2.195826E-14
7715.00  2.189392E-14
7718.00  2.205933E-14
7721.00  2.223045E-14
7724.00  2.203473E-14
7727.00  2.203544E-14
7730.00  2.221850E-14
7733.00  2.227839E-14
7736.00  2.235807E-14
7739.00  2.226396E-14
7742.00  2.198767E-14
7745.00  2.173884E-14
7748.00  2.154348E-14
7751.00  2.187823E-14
7754.00  2.213633E-14
7757.00  2.210460E-14
7760.00  2.205648E-14
7763.00  2.204845E-14
7766.00  2.192368E-14
7769.00  2.167431E-14
7772.00  2.132210E-14
7775.00  2.148662E-14
7778.00  2.171371E-14
7781.00  2.189534E-14
7784.00  2.199480E-14
7787.00  2.177217E-14
7790.00  2.188322E-14
7793.00  2.200995E-14
7796.00  2.186950E-14
7799.00  2.182957E-14
7802.00  2.201797E-14
7805.00  2.204525E-14
7808.00  2.194364E-14
7811.00  2.207893E-14
7814.00  2.225112E-14
7817.00  2.231208E-14
7820.00  2.231618E-14
7823.00  2.232260E-14
7826.00  2.229194E-14
7829.00  2.200354E-14
7832.00  2.174348E-14
7835.00  2.185541E-14
7838.00  2.217946E-14
7841.00  2.223650E-14
7844.00  2.230103E-14
7847.00  2.227287E-14
7850.00  2.217804E-14
7853.00  2.225094E-14
7856.00  2.236983E-14
7859.00  2.239960E-14
7862.00  2.221993E-14
7865.00  2.217233E-14
7868.00  2.207216E-14
7871.00  2.197181E-14
7874.00  2.196147E-14
7877.00  2.201940E-14
7880.00  2.197573E-14
7883.00  2.199623E-14
7886.00  2.198500E-14
7889.00  2.192422E-14
7892.00  2.156380E-14
7895.00  2.134795E-14
7898.00  2.153921E-14
7901.00  2.159553E-14
7904.00  2.164241E-14
7907.00  2.154615E-14
7910.00  2.127166E-14
7913.00  2.115045E-14
7916.00  2.114778E-14
7919.00  2.114511E-14
7922.00  2.137237E-14
7925.00  2.139322E-14
7928.00  2.129483E-14
7931.00  2.119822E-14
7934.00  2.130428E-14
7937.00  2.111409E-14
7940.00  2.103959E-14
7943.00  2.077346E-14
7946.00  2.076206E-14
7949.00  2.105349E-14
7952.00  2.125919E-14
7955.00  2.119002E-14
7958.00  2.110803E-14
7961.00  2.109431E-14
7964.00  2.110750E-14
7967.00  2.126524E-14
7970.00  2.129234E-14
7973.00  2.138877E-14
7976.00  2.135455E-14
7979.00  2.121141E-14
7982.00  2.135330E-14
7985.00  2.124617E-14
7988.00  2.132549E-14
7991.00  2.150177E-14
7994.00  2.128395E-14
7997.00  2.117345E-14
8000.00  2.116952E-14
8003.00  2.141907E-14
8006.00  2.152049E-14
8009.00  2.151051E-14
8012.00  2.155133E-14
8015.00  2.165988E-14
8018.00  2.163368E-14
8021.00  2.153957E-14
8024.00  2.121516E-14
8027.00  2.098272E-14
8030.00  2.145062E-14
8033.00  2.171264E-14
8036.00  2.179000E-14
8039.00  2.176522E-14
8042.00  2.145775E-14
8045.00  2.106721E-14
8048.00  2.113031E-14
8051.00  2.145721E-14
8054.00  2.167218E-14
8057.00  2.177467E-14
8060.00  2.158216E-14
8063.00  2.148574E-14
8066.00  2.131355E-14
8069.00  2.104618E-14
8072.00  2.103477E-14
8075.00  2.108789E-14
8078.00  2.116935E-14
8081.00  2.099128E-14
8084.00  2.090697E-14
8087.00  2.100803E-14
8090.00  2.074851E-14
8093.00  2.066331E-14
8096.00  2.080109E-14
8099.00  2.096418E-14
8102.00  2.125847E-14
8105.00  2.123387E-14
8108.00  2.121302E-14
8111.00  2.113423E-14
8114.00  2.100535E-14
8117.00  2.103246E-14
8120.00  2.113013E-14
8123.00  2.127932E-14
8126.00  2.125455E-14
8129.00  2.117969E-14
8132.00  2.096240E-14
8135.00  2.110250E-14
8138.00  2.128253E-14
8141.00  2.107684E-14
8144.00  2.113584E-14
8147.00  2.087328E-14
8150.00  2.086294E-14
8153.00  2.077453E-14
8156.00  2.099805E-14
8159.00  2.073479E-14
8162.00  1.988740E-14
8165.00  2.042784E-14
8168.00  2.059183E-14
8171.00  2.100785E-14
8174.00  2.109698E-14
8177.00  2.027170E-14
8180.00  2.034514E-14
8183.00  2.023391E-14
8186.00  2.005798E-14
8189.00  2.043033E-14
8192.00  2.045904E-14
8195.00  1.957405E-14
8198.00  1.963465E-14
8201.00  2.046081E-14
8204.00  2.104725E-14
8207.00  2.111302E-14
8210.00  2.103566E-14
8213.00  2.085652E-14
8216.00  2.099342E-14
8219.00  2.067436E-14
8222.00  2.042054E-14
8225.00  1.989133E-14
8228.00  1.887158E-14
8231.00  1.945052E-14
8234.00  2.047098E-14
8237.00  2.104939E-14
8240.00  2.115990E-14
8243.00  2.104351E-14
8246.00  2.133797E-14
8249.00  2.141996E-14
8252.00  2.123530E-14
8255.00  2.072355E-14
8258.00  2.076847E-14
8261.00  2.124100E-14
8264.00  2.130464E-14
8267.00  2.141105E-14
8270.00  2.115812E-14
8273.00  2.032731E-14
8276.00  2.023160E-14
8279.00  2.056830E-14
8282.00  2.064637E-14
8285.00  2.071856E-14
8288.00  2.025620E-14
8291.00  2.044513E-14
8294.00  2.027758E-14
8297.00  2.049950E-14
8300.00  2.064138E-14
8303.00  2.030040E-14
8306.00  2.023944E-14
8309.00  2.046581E-14
8312.00  2.050271E-14
8315.00  2.056777E-14
8318.00  2.036439E-14
8321.00  2.015477E-14
8324.00  2.055725E-14
8327.00  2.029291E-14
8330.00  2.021163E-14
8333.00  2.009506E-14
8336.00  2.022143E-14
8339.00  2.023890E-14
8342.00  2.062356E-14
8345.00  2.058648E-14
8348.00  2.046991E-14
8351.00  2.074904E-14
8354.00  2.068078E-14
8357.00  2.063889E-14
8360.00  2.065921E-14
8363.00  2.048542E-14
8366.00  2.056028E-14
8369.00  2.059753E-14
8372.00  2.035833E-14
8375.00  2.023481E-14
8378.00  2.023195E-14
8381.00  2.023890E-14
8384.00  2.002857E-14
8387.00  1.977707E-14
8390.00  2.005977E-14
8393.00  2.053479E-14
8396.00  2.038738E-14
8399.00  2.038346E-14
8402.00  2.046421E-14
8405.00  2.049522E-14
8408.00  2.047669E-14
8411.00  2.022393E-14
8414.00  2.030396E-14
8417.00  2.053533E-14
8420.00  2.056189E-14
8423.00  2.043408E-14
8426.00  2.020521E-14
8429.00  2.051501E-14
8432.00  2.035245E-14
8435.00  1.953555E-14
8438.00  1.951790E-14
8441.00  1.984338E-14
8444.00  1.975996E-14
8447.00  1.968777E-14
8450.00  2.017937E-14
8453.00  2.036457E-14
8456.00  2.023873E-14
8459.00  2.026528E-14
8462.00  2.016386E-14
8465.00  1.967351E-14
8468.00  1.938386E-14
8471.00  1.985211E-14
8474.00  2.036225E-14
8477.00  2.046224E-14
8480.00  2.039469E-14
8483.00  2.047330E-14
8486.00  2.043961E-14
8489.00  2.040200E-14
8492.00  2.019167E-14
8495.00  1.879618E-14
8498.00  1.714599E-14
8501.00  1.850386E-14
8504.00  1.958813E-14
8507.00  2.017830E-14
8510.00  2.020682E-14
8513.00  1.982056E-14
8516.00  1.987796E-14
8519.00  2.018400E-14
8522.00  2.036920E-14
8525.00  2.023819E-14
8528.00  2.021288E-14
8531.00  2.010878E-14
8534.00  1.958439E-14
8537.00  1.828248E-14
8540.00  1.560113E-14
8543.00  1.493627E-14
8546.00  1.740711E-14
8549.00  1.888851E-14
8552.00  1.970203E-14
8555.00  1.981985E-14
8558.00  2.003107E-14
8561.00  2.018900E-14
8564.00  2.024585E-14
8567.00  2.025334E-14
8570.00  2.016208E-14
8573.00  2.008062E-14
8576.00  2.019345E-14
8579.00  2.023070E-14
8582.00  1.993054E-14
8585.00  1.991432E-14
8588.00  1.978152E-14
8591.00  1.948207E-14
8594.00  1.917906E-14
8597.00  1.884342E-14
8600.00  1.905927E-14
8603.00  1.931880E-14
8606.00  1.946710E-14
8609.00  1.946336E-14
8612.00  1.939937E-14
8615.00  1.976958E-14
8618.00  1.991325E-14
8621.00  1.986458E-14
8624.00  1.998313E-14
8627.00  2.001912E-14
8630.00  2.001503E-14
8633.00  2.002893E-14
8636.00  2.006618E-14
8639.00  2.005068E-14
8642.00  1.995959E-14
8645.00  1.973893E-14
8648.00  1.930490E-14
8651.00  1.917585E-14
8654.00  1.884467E-14
8657.00  1.793294E-14
8660.00  1.538742E-14
8663.00  1.451437E-14
8666.00  1.687024E-14
8669.00  1.825111E-14
8672.00  1.847249E-14
8675.00  1.845894E-14
8678.00  1.873950E-14
8681.00  1.893611E-14
8684.00  1.909083E-14
8687.00  1.868781E-14
8690.00  1.878976E-14
8693.00  1.924358E-14
8696.00  1.937834E-14
8699.00  1.935320E-14
8702.00  1.944375E-14
8705.00  1.961398E-14
8708.00  1.978313E-14
8711.00  1.961237E-14
8714.00  1.977814E-14
8717.00  1.978295E-14
8720.00  1.981521E-14
8723.00  1.979971E-14
8726.00  1.953073E-14
8729.00  1.935463E-14
8732.00  1.943537E-14
8735.00  1.908619E-14
8738.00  1.900616E-14
8741.00  1.881739E-14
8744.00  1.861580E-14
8747.00  1.823239E-14
8750.00  1.777305E-14
8753.00  1.800852E-14
8756.00  1.836804E-14
8759.00  1.885500E-14
8762.00  1.904395E-14
8765.00  1.907335E-14
8768.00  1.928066E-14
8771.00  1.913753E-14
8774.00  1.912647E-14
8777.00  1.943823E-14
8780.00  1.951416E-14
8783.00  1.957494E-14
8786.00  1.968937E-14
8789.00  1.957030E-14
8792.00  1.947209E-14
8795.00  1.957458E-14
8798.00  1.972003E-14
8801.00  1.961237E-14
8804.00  1.863790E-14
8807.00  1.808801E-14
8810.00  1.893094E-14
8813.00  1.938867E-14
8816.00  1.946871E-14
8819.00  1.941363E-14
8822.00  1.915927E-14
8825.00  1.900028E-14
8828.00  1.931666E-14
8831.00  1.945658E-14
8834.00  1.932486E-14
8837.00  1.896534E-14
8840.00  1.896267E-14
8843.00  1.901970E-14
8846.00  1.889885E-14
8849.00  1.882185E-14
8852.00  1.874521E-14
8855.00  1.858853E-14
8858.00  1.811101E-14
8861.00  1.735489E-14
8864.00  1.727432E-14
8867.00  1.757966E-14
8870.00  1.812545E-14
8873.00  1.827500E-14
8876.00  1.830530E-14
8879.00  1.839887E-14
8882.00  1.852882E-14
8885.00  1.870403E-14
8888.00  1.875858E-14
8891.00  1.863077E-14
8894.00  1.881597E-14
8897.00  1.886944E-14
8900.00  1.890563E-14
8903.00  1.896267E-14
8906.00  1.901507E-14
8909.00  1.887943E-14
8912.00  1.873344E-14
8915.00  1.891115E-14
8918.00  1.886641E-14
8921.00  1.892505E-14
8924.00  1.883611E-14
8927.00  1.862935E-14
8930.00  1.876071E-14
8933.00  1.896855E-14
8936.00  1.919367E-14
8939.00  1.905072E-14
8942.00  1.879173E-14
8945.00  1.855555E-14
8948.00  1.863220E-14
8951.00  1.869066E-14
8954.00  1.851669E-14
8957.00  1.877961E-14
8960.00  1.853666E-14
8963.00  1.796003E-14
8966.00  1.802973E-14
8969.00  1.817857E-14
8972.00  1.810834E-14
8975.00  1.831528E-14
8978.00  1.833524E-14
8981.00  1.848746E-14
8984.00  1.804559E-14
8987.00  1.671071E-14
8990.00  1.641518E-14
8993.00  1.773812E-14
8996.00  1.833560E-14
8999.00  1.737966E-14
9002.00  1.723921E-14
9005.00  1.739392E-14
9008.00  1.708110E-14
9011.00  1.661107E-14
9014.00  1.619023E-14
9017.00  1.658540E-14
9020.00  1.717985E-14
9023.00  1.703975E-14
9026.00  1.759623E-14
9029.00  1.843060E-14
9032.00  1.904305E-14
9035.00  1.933003E-14
9038.00  1.941024E-14
9041.00  1.933431E-14
9044.00  1.945017E-14
9047.00  1.952539E-14
9050.00  1.939705E-14
9053.00  1.941755E-14
9056.00  1.949687E-14
9059.00  1.883950E-14
9062.00  1.843524E-14
9065.00  1.888833E-14
9068.00  1.834700E-14
9071.00  1.807661E-14
9074.00  1.878139E-14
9077.00  1.843203E-14
9080.00  1.802617E-14
9083.00  1.851758E-14
9086.00  1.784328E-14
9089.00  1.783544E-14
9092.00  1.830316E-14
9095.00  1.853078E-14
9098.00  1.822455E-14
9101.00  1.842330E-14
9104.00  1.825628E-14
9107.00  1.808873E-14
9110.00  1.874164E-14
9113.00  1.865448E-14
9116.00  1.749445E-14
9119.00  1.766931E-14
9122.00  1.886766E-14
9125.00  1.865127E-14
9128.00  1.761816E-14
9131.00  1.750782E-14
9134.00  1.729322E-14
9137.00  1.750979E-14
9140.00  1.806930E-14
9143.00  1.814790E-14
9146.00  1.813062E-14
9149.00  1.764703E-14
9152.00  1.669199E-14
9155.00  1.680821E-14
9158.00  1.809336E-14
9161.00  1.847071E-14
9164.00  1.833453E-14
9167.00  1.768090E-14
9170.00  1.705918E-14
9173.00  1.624477E-14
9176.00  1.683602E-14
9179.00  1.786859E-14
9182.00  1.782742E-14
9185.00  1.797358E-14
9188.00  1.812776E-14
9191.00  1.786538E-14
9194.00  1.757645E-14
9197.00  1.777840E-14
9200.00  1.805896E-14
9203.00  1.790620E-14
9206.00  1.761192E-14
9209.00  1.710232E-14
9212.00  1.678361E-14
9215.00  1.671017E-14
9218.00  1.693976E-14
9221.00  1.716435E-14
9224.00  1.645688E-14
9227.00  1.617865E-14
9230.00  1.616385E-14
9233.00  1.678771E-14
9236.00  1.693672E-14
9239.00  1.720303E-14
9242.00  1.742209E-14
9245.00  1.736469E-14
9248.00  1.755827E-14
9251.00  1.784916E-14
9254.00  1.781352E-14
9257.00  1.759552E-14
9260.00  1.759267E-14
9263.00  1.803044E-14
9266.00  1.862204E-14
9269.00  1.846108E-14
9272.00  1.834789E-14
9275.00  1.805522E-14
9278.00  1.726826E-14
9281.00  1.785950E-14
9284.00  1.772279E-14
9287.00  1.758447E-14
9290.00  1.785754E-14
9293.00  1.730962E-14
9296.00  1.658594E-14
9299.00  1.652640E-14
9302.00  1.655634E-14
9305.00  1.719874E-14
9308.00  1.771174E-14
9311.00  1.772225E-14
9314.00  1.772439E-14
9317.00  1.772671E-14
9320.00  1.774988E-14
9323.00  1.776860E-14
9326.00  1.777074E-14
9329.00  1.777251E-14
9332.00  1.777412E-14
9335.00  1.777608E-14
9338.00  1.776307E-14
9341.00  1.765915E-14
9344.00  1.763188E-14
9347.00  1.763349E-14
9350.00  1.763545E-14
9353.00  1.763723E-14
9356.00  1.763865E-14
9359.00  1.761816E-14
9362.00  1.756914E-14
9365.00  1.756665E-14
9368.00  1.756878E-14
9371.00  1.757039E-14
9374.00  1.757199E-14
9377.00  1.757573E-14
9380.00  1.763652E-14
9383.00  1.768500E-14
9386.00  1.768750E-14
9389.00  1.768910E-14
9392.00  1.769124E-14
9395.00  1.769284E-14
9398.00  1.766058E-14
9401.00  1.742209E-14
9404.00  1.735774E-14
9407.00  1.735917E-14
9410.00  1.736077E-14
9413.00  1.736256E-14
9416.00  1.736487E-14
9419.00  1.743350E-14
9422.00  1.758750E-14
9425.00  1.760140E-14
9428.00  1.760336E-14
9431.00  1.760515E-14
9434.00  1.760675E-14
9437.00  1.759909E-14
9440.00  1.734063E-14
9443.00  1.713493E-14
9446.00  1.713297E-14
9449.00  1.713458E-14
9452.00  1.713618E-14
9455.00  1.713779E-14
9458.00  1.716987E-14
9461.00  1.738519E-14
9464.00  1.744562E-14
9467.00  1.744740E-14
9470.00  1.744900E-14
9473.00  1.745114E-14
9476.00  1.745257E-14
9479.00  1.742708E-14
9482.00  1.736790E-14
9485.00  1.736451E-14
9488.00  1.736612E-14
9491.00  1.736772E-14
9494.00  1.736933E-14
9497.00  1.736737E-14
9500.00  1.727147E-14
9503.00  1.719518E-14
9506.00  1.719554E-14
9509.00  1.719714E-14
9512.00  1.719875E-14
9515.00  1.720035E-14
9518.00  1.718466E-14
9521.00  1.706703E-14
9524.00  1.703583E-14
9527.00  1.703726E-14
9530.00  1.703886E-14
9533.00  1.704046E-14
9536.00  1.704046E-14
9539.00  1.678771E-14
9542.00  1.621804E-14
9545.00  1.617152E-14
9548.00  1.617312E-14
9551.00  1.617472E-14
9554.00  1.617579E-14
9557.00  1.619344E-14
9560.00  1.661909E-14
9563.00  1.695812E-14
9566.00  1.696614E-14
9569.00  1.696774E-14
9572.00  1.696934E-14
9575.00  1.697095E-14
9578.00  1.699287E-14
9581.00  1.713458E-14
9584.00  1.717504E-14
9587.00  1.717682E-14
9590.00  1.717843E-14
9593.00  1.718003E-14
9596.00  1.718145E-14
9599.00  1.716666E-14
9602.00  1.713119E-14
9605.00  1.712977E-14
9608.00  1.713137E-14
9611.00  1.713297E-14
9614.00  1.713458E-14
9617.00  1.713618E-14
9620.00  1.713618E-14
9623.00  1.713618E-14
9626.00  1.713779E-14
9629.00  1.713939E-14
9632.00  1.714099E-14
9635.00  1.714260E-14
9638.00  1.711942E-14
9641.00  1.695295E-14
9644.00  1.690785E-14
9647.00  1.690892E-14
9650.00  1.691052E-14
9653.00  1.691213E-14
9656.00  1.691391E-14
9659.00  1.692817E-14
9662.00  1.695740E-14
9665.00  1.696132E-14
9668.00  1.696293E-14
9671.00  1.696453E-14
9674.00  1.696614E-14
9677.00  1.696810E-14
9680.00  1.698253E-14
9683.00  1.699430E-14
9686.00  1.699608E-14
9689.00  1.699769E-14
9692.00  1.699929E-14
9695.00  1.700089E-14
9698.00  1.699323E-14
9701.00  1.693352E-14
9704.00  1.691801E-14
9707.00  1.691961E-14
9710.00  1.692068E-14
9713.00  1.692229E-14
9716.00  1.692371E-14
9719.00  1.689180E-14
9722.00  1.681890E-14
9725.00  1.681374E-14
9728.00  1.681534E-14
9731.00  1.681694E-14
9734.00  1.681855E-14
9737.00  1.681516E-14
9740.00  1.669181E-14
9743.00  1.659396E-14
9746.00  1.659342E-14
9749.00  1.659503E-14
9752.00  1.659663E-14
9755.00  1.659824E-14
9758.00  1.661553E-14
9761.00  1.672408E-14
9764.00  1.675545E-14
9767.00  1.675705E-14
9770.00  1.675866E-14
9773.00  1.676026E-14
9776.00  1.676133E-14
9779.00  1.669395E-14
9782.00  1.654334E-14
9785.00  1.653157E-14
9788.00  1.653300E-14
9791.00  1.653460E-14
9794.00  1.653621E-14
9797.00  1.654370E-14
9800.00  1.665519E-14
