4300.00  3.762897E-14
4301.25  3.744759E-14
4302.50  3.731221E-14
4303.75  3.723416E-14
4305.00  3.721505E-14
4306.25  3.725779E-14
4307.50  3.736906E-14
4308.75  3.756160E-14
4310.00  3.782441E-14
4311.25  3.815421E-14
4312.50  3.851547E-14
4313.75  3.888089E-14
4315.00  3.922386E-14
4316.25  3.947557E-14
4317.50  3.962761E-14
4318.75  3.964571E-14
4320.00  3.954529E-14
4321.25  3.934073E-14
4322.50  3.906919E-14
4323.75  3.874856E-14
4325.00  3.843977E-14
4326.25  3.809205E-14
4327.50  3.773333E-14
4328.75  3.727797E-14
4330.00  3.671040E-14
4331.25  3.598766E-14
4332.50  3.511041E-14
4333.75  3.410688E-14
4335.00  3.301483E-14
4336.25  3.197264E-14
4337.50  3.105914E-14
4338.75  3.041943E-14
4340.00  3.015108E-14
4341.25  3.026960E-14
4342.50  3.076680E-14
4343.75  3.153697E-14
4345.00  3.249805E-14
4346.25  3.353013E-14
4347.50  3.455801E-14
4348.75  3.550405E-14
4350.00  3.635493E-14
4351.25  3.709005E-14
4352.50  3.774245E-14
4353.75  3.831402E-14
4355.00  3.881618E-14
4356.25  3.925886E-14
4357.50  3.964257E-14
4358.75  3.997205E-14
4360.00  4.023868E-14
4361.25  4.044390E-14
4362.50  4.057619E-14
4363.75  4.063202E-14
4365.00  4.062178E-14
4366.25  4.053769E-14
4367.50  4.041167E-14
4368.75  4.025227E-14
4370.00  4.007809E-14
4371.25  3.990431E-14
4372.50  3.973561E-14
4373.75  3.958745E-14
4375.00  3.943372E-14
4376.25  3.929733E-14
4377.50  3.913162E-14
4378.75  3.893952E-14
4380.00  3.873048E-14
4381.25  3.849752E-14
4382.50  3.829439E-14
4383.75  3.813598E-14
4385.00  3.805649E-14
4386.25  3.805753E-14
4387.50  3.813793E-14
4388.75  3.828217E-14
4390.00  3.848172E-14
4391.25  3.869043E-14
4392.50  3.890093E-14
4393.75  3.908132E-14
4395.00  3.923020E-14
4396.25  3.933447E-14
4397.50  3.939451E-14
4398.75  3.941076E-14
4400.00  3.939667E-14
4401.25  3.936903E-14
4402.50  3.933836E-14
4403.75  3.931656E-14
4405.00  3.932609E-14
4406.25  3.935518E-14
4407.50  3.941340E-14
4408.75  3.948147E-14
4410.00  3.954705E-14
4411.25  3.960708E-14
4412.50  3.964896E-14
4413.75  3.967957E-14
4415.00  3.972619E-14
4416.25  3.977347E-14
4417.50  3.984933E-14
4418.75  3.993097E-14
4420.00  4.000500E-14
4421.25  4.007916E-14
4422.50  4.013174E-14
4423.75  4.016719E-14
4425.00  4.018619E-14
4426.25  4.018244E-14
4427.50  4.017118E-14
4428.75  4.015172E-14
4430.00  4.012808E-14
4431.25  4.011115E-14
4432.50  4.009811E-14
4433.75  4.010112E-14
4435.00  4.011997E-14
4436.25  4.016013E-14
4437.50  4.021246E-14
4438.75  4.026440E-14
4440.00  4.032601E-14
4441.25  4.037621E-14
4442.50  4.043969E-14
4443.75  4.050118E-14
4445.00  4.055058E-14
4446.25  4.058584E-14
4447.50  4.058832E-14
4448.75  4.055597E-14
4450.00  4.049383E-14
4451.25  4.039033E-14
4452.50  4.027374E-14
4453.75  4.015132E-14
4455.00  4.004192E-14
4456.25  3.996350E-14
4457.50  3.991077E-14
4458.75  3.988569E-14
4460.00  3.987151E-14
4461.25  3.986586E-14
4462.50  3.985002E-14
4463.75  3.982118E-14
4465.00  3.978356E-14
4466.25  3.973888E-14
4467.50  3.971004E-14
4468.75  3.971673E-14
4470.00  3.975659E-14
4471.25  3.985496E-14
4472.50  3.997558E-14
4473.75  4.010508E-14
4475.00  4.023563E-14
4476.25  4.032442E-14
4477.50  4.039610E-14
4478.75  4.043903E-14
4480.00  4.047359E-14
4481.25  4.052477E-14
4482.50  4.059099E-14
4483.75  4.067840E-14
4485.00  4.076365E-14
4486.25  4.085266E-14
4487.50  4.092219E-14
4488.75  4.098079E-14
4490.00  4.102591E-14
4491.25  4.105844E-14
4492.50  4.108399E-14
4493.75  4.110614E-14
4495.00  4.113450E-14
4496.25  4.116776E-14
4497.50  4.121189E-14
4498.75  4.126459E-14
4500.00  4.132962E-14
4501.25  4.140129E-14
4502.50  4.147447E-14
4503.75  4.153913E-14
4505.00  4.158203E-14
4506.25  4.160388E-14
4507.50  4.159582E-14
4508.75  4.156287E-14
4510.00  4.150468E-14
4511.25  4.142499E-14
4512.50  4.132996E-14
4513.75  4.122643E-14
4515.00  4.111851E-14
4516.25  4.100853E-14
4517.50  4.089651E-14
4518.75  4.077903E-14
4520.00  4.065412E-14
4521.25  4.051477E-14
4522.50  4.036230E-14
4523.75  4.019478E-14
4525.00  4.002530E-14
4526.25  3.985345E-14
4527.50  3.970438E-14
4528.75  3.958365E-14
4530.00  3.950781E-14
4531.25  3.947790E-14
4532.50  3.949967E-14
4533.75  3.957299E-14
4535.00  3.968392E-14
4536.25  3.982791E-14
4537.50  3.997185E-14
4538.75  4.010175E-14
4540.00  4.020548E-14
4541.25  4.026427E-14
4542.50  4.028188E-14
4543.75  4.025302E-14
4545.00  4.019169E-14
4546.25  4.010752E-14
4547.50  4.002059E-14
4548.75  3.994669E-14
4550.00  3.990159E-14
4551.25  3.988983E-14
4552.50  3.991912E-14
4553.75  3.998803E-14
4555.00  4.009037E-14
4556.25  4.021733E-14
4557.50  4.034958E-14
4558.75  4.047667E-14
4560.00  4.058257E-14
4561.25  4.066566E-14
4562.50  4.072054E-14
4563.75  4.074946E-14
4565.00  4.076978E-14
4566.25  4.076737E-14
4567.50  4.076291E-14
4568.75  4.074825E-14
4570.00  4.072473E-14
4571.25  4.069986E-14
4572.50  4.066281E-14
4573.75  4.061549E-14
4575.00  4.054882E-14
4576.25  4.046789E-14
4577.50  4.036880E-14
4578.75  4.026048E-14
4580.00  4.015783E-14
4581.25  4.006327E-14
4582.50  3.999404E-14
4583.75  3.995249E-14
4585.00  3.993857E-14
4586.25  3.995488E-14
4587.50  3.998759E-14
4588.75  4.003293E-14
4590.00  4.008079E-14
4591.25  4.012829E-14
4592.50  4.017148E-14
4593.75  4.020953E-14
4595.00  4.024173E-14
4596.25  4.026834E-14
4597.50  4.028892E-14
4598.75  4.030504E-14
4600.00  4.032148E-14
4601.25  4.034011E-14
4602.50  4.036587E-14
4603.75  4.040085E-14
4605.00  4.044518E-14
4606.25  4.049759E-14
4607.50  4.055390E-14
4608.75  4.060265E-14
4610.00  4.064593E-14
4611.25  4.067153E-14
4612.50  4.068742E-14
4613.75  4.069137E-14
4615.00  4.068671E-14
4616.25  4.068343E-14
4617.50  4.068179E-14
4618.75  4.068768E-14
4620.00  4.069845E-14
4621.25  4.071124E-14
4622.50  4.072203E-14
4623.75  4.072394E-14
4625.00  4.072034E-14
4626.25  4.070066E-14
4627.50  4.067454E-14
4628.75  4.063749E-14
4630.00  4.059585E-14
4631.25  4.054827E-14
4632.50  4.049950E-14
4633.75  4.045312E-14
4635.00  4.040658E-14
4636.25  4.036872E-14
4637.50  4.033230E-14
4638.75  4.030236E-14
4640.00  4.027142E-14
4641.25  4.024062E-14
4642.50  4.020385E-14
4643.75  4.016158E-14
4645.00  4.012293E-14
4646.25  4.008539E-14
4647.50  4.006404E-14
4648.75  4.006078E-14
4650.00  4.007404E-14
4651.25  4.011498E-14
4652.50  4.017124E-14
4653.75  4.024047E-14
4655.00  4.032253E-14
4656.25  4.039197E-14
4657.50  4.045070E-14
4658.75  4.048176E-14
4660.00  4.047022E-14
4661.25  4.042844E-14
4662.50  4.034403E-14
4663.75  4.023498E-14
4665.00  4.011962E-14
4666.25  4.000799E-14
4667.50  3.992478E-14
4668.75  3.987165E-14
4670.00  3.985383E-14
4671.25  3.986399E-14
4672.50  3.989038E-14
4673.75  3.992016E-14
4675.00  3.993663E-14
4676.25  3.993869E-14
4677.50  3.991861E-14
4678.75  3.988381E-14
4680.00  3.984164E-14
4681.25  3.979795E-14
4682.50  3.976336E-14
4683.75  3.974245E-14
4685.00  3.973380E-14
4686.25  3.974071E-14
4687.50  3.975442E-14
4688.75  3.977087E-14
4690.00  3.978667E-14
4691.25  3.979019E-14
4692.50  3.978201E-14
4693.75  3.975334E-14
4695.00  3.970632E-14
4696.25  3.963848E-14
4697.50  3.955548E-14
4698.75  3.946429E-14
4700.00  3.936522E-14
4701.25  3.927642E-14
4702.50  3.919341E-14
4703.75  3.912747E-14
4705.00  3.907933E-14
4706.25  3.904836E-14
4707.50  3.903803E-14
4708.75  3.904579E-14
4710.00  3.907672E-14
4711.25  3.912571E-14
4712.50  3.919848E-14
4713.75  3.928901E-14
4715.00  3.939416E-14
4716.25  3.950596E-14
4717.50  3.961464E-14
4718.75  3.971033E-14
4720.00  3.978179E-14
4721.25  3.982480E-14
4722.50  3.983256E-14
4723.75  3.980893E-14
4725.00  3.975773E-14
4726.25  3.968861E-14
4727.50  3.961223E-14
4728.75  3.953998E-14
4730.00  3.947988E-14
4731.25  3.943876E-14
4732.50  3.941862E-14
4733.75  3.941896E-14
4735.00  3.943606E-14
4736.25  3.946696E-14
4737.50  3.950777E-14
4738.75  3.955607E-14
4740.00  3.961124E-14
4741.25  3.967077E-14
4742.50  3.973545E-14
4743.75  3.980252E-14
4745.00  3.987004E-14
4746.25  3.993375E-14
4747.50  3.998923E-14
4748.75  4.003244E-14
4750.00  4.005809E-14
4751.25  4.006650E-14
4752.50  4.005541E-14
4753.75  4.002622E-14
4755.00  3.998258E-14
4756.25  3.992324E-14
4757.50  3.985520E-14
4758.75  3.977658E-14
4760.00  3.969840E-14
4761.25  3.961900E-14
4762.50  3.955302E-14
4763.75  3.950821E-14
4765.00  3.948159E-14
4766.25  3.949322E-14
4767.50  3.952678E-14
4768.75  3.958389E-14
4770.00  3.966226E-14
4771.25  3.973740E-14
4772.50  3.981494E-14
4773.75  3.987815E-14
4775.00  3.992018E-14
4776.25  3.994562E-14
4777.50  3.994533E-14
4778.75  3.992727E-14
4780.00  3.989553E-14
4781.25  3.985515E-14
4782.50  3.981615E-14
4783.75  3.978671E-14
4785.00  3.977280E-14
4786.25  3.978349E-14
4787.50  3.981794E-14
4788.75  3.987733E-14
4790.00  3.995677E-14
4791.25  4.004695E-14
4792.50  4.014036E-14
4793.75  4.022625E-14
4795.00  4.029665E-14
4796.25  4.034734E-14
4797.50  4.037646E-14
4798.75  4.038442E-14
4800.00  4.037771E-14
4801.25  4.035641E-14
4802.50  4.033072E-14
4803.75  4.030296E-14
4805.00  4.027495E-14
4806.25  4.025662E-14
4807.50  4.024423E-14
4808.75  4.024207E-14
4810.00  4.025179E-14
4811.25  4.026627E-14
4812.50  4.028705E-14
4813.75  4.030614E-14
4815.00  4.031599E-14
4816.25  4.031420E-14
4817.50  4.029152E-14
4818.75  4.024766E-14
4820.00  4.018555E-14
4821.25  4.010427E-14
4822.50  4.001382E-14
4823.75  3.991930E-14
4825.00  3.982614E-14
4826.25  3.974079E-14
4827.50  3.966231E-14
4828.75  3.959135E-14
4830.00  3.952581E-14
4831.25  3.946005E-14
4832.50  3.939129E-14
4833.75  3.931572E-14
4835.00  3.922942E-14
4836.25  3.913207E-14
4837.50  3.902082E-14
4838.75  3.889251E-14
4840.00  3.875098E-14
4841.25  3.858375E-14
4842.50  3.839612E-14
4843.75  3.817645E-14
4845.00  3.791365E-14
4846.25  3.760073E-14
4847.50  3.721827E-14
4848.75  3.675392E-14
4850.00  3.619777E-14
4851.25  3.553921E-14
4852.50  3.478641E-14
4853.75  3.395538E-14
4855.00  3.307517E-14
4856.25  3.219966E-14
4857.50  3.138245E-14
4858.75  3.069933E-14
4860.00  3.019892E-14
4861.25  2.994401E-14
4862.50  2.994223E-14
4863.75  3.019174E-14
4865.00  3.067707E-14
4866.25  3.131597E-14
4867.50  3.207109E-14
4868.75  3.286327E-14
4870.00  3.364449E-14
4871.25  3.438801E-14
4872.50  3.506531E-14
4873.75  3.566815E-14
4875.00  3.620864E-14
4876.25  3.666626E-14
4877.50  3.706218E-14
4878.75  3.738816E-14
4880.00  3.764312E-14
4881.25  3.784833E-14
4882.50  3.799398E-14
4883.75  3.810068E-14
4885.00  3.818296E-14
4886.25  3.825147E-14
4887.50  3.832819E-14
4888.75  3.842031E-14
4890.00  3.854126E-14
4891.25  3.868682E-14
4892.50  3.885506E-14
4893.75  3.903868E-14
4895.00  3.921508E-14
4896.25  3.938559E-14
4897.50  3.951923E-14
4898.75  3.961736E-14
4900.00  3.968218E-14
4901.25  3.970519E-14
4902.50  3.970352E-14
4903.75  3.967731E-14
4905.00  3.962889E-14
4906.25  3.956806E-14
4907.50  3.949211E-14
4908.75  3.939605E-14
4910.00  3.929287E-14
4911.25  3.915356E-14
4912.50  3.900254E-14
4913.75  3.883135E-14
4915.00  3.862850E-14
4916.25  3.843070E-14
4917.50  3.822288E-14
4918.75  3.803724E-14
4920.00  3.790806E-14
4921.25  3.782462E-14
4922.50  3.783274E-14
4923.75  3.791911E-14
4925.00  3.805763E-14
4926.25  3.825201E-14
4927.50  3.844458E-14
4928.75  3.862619E-14
4930.00  3.877873E-14
4931.25  3.887486E-14
4932.50  3.893336E-14
4933.75  3.895193E-14
4935.00  3.894987E-14
4936.25  3.894601E-14
4937.50  3.895465E-14
4938.75  3.898858E-14
4940.00  3.903902E-14
4941.25  3.912252E-14
4942.50  3.921689E-14
4943.75  3.932255E-14
4945.00  3.941230E-14
4946.25  3.948563E-14
4947.50  3.952419E-14
4948.75  3.952419E-14
4950.00  3.948890E-14
4951.25  3.940734E-14
4952.50  3.929638E-14
4953.75  3.916529E-14
4955.00  3.902087E-14
4956.25  3.889387E-14
4957.50  3.878087E-14
4958.75  3.869620E-14
4960.00  3.865505E-14
4961.25  3.863455E-14
4962.50  3.864492E-14
4963.75  3.866168E-14
4965.00  3.867957E-14
4966.25  3.870468E-14
4967.50  3.872572E-14
4968.75  3.874472E-14
4970.00  3.876653E-14
4971.25  3.877045E-14
4972.50  3.876475E-14
4973.75  3.873517E-14
4975.00  3.866935E-14
4976.25  3.858131E-14
4977.50  3.845737E-14
4978.75  3.831871E-14
4980.00  3.817361E-14
4981.25  3.803939E-14
4982.50  3.792930E-14
4983.75  3.785198E-14
4985.00  3.781927E-14
4986.25  3.782262E-14
4987.50  3.786088E-14
4988.75  3.791244E-14
4990.00  3.796757E-14
4991.25  3.800941E-14
4992.50  3.803278E-14
4993.75  3.803123E-14
4995.00  3.799779E-14
4996.25  3.793539E-14
4997.50  3.784175E-14
4998.75  3.772387E-14
5000.00  3.759291E-14
5001.25  3.745114E-14
5002.50  3.731614E-14
5003.75  3.718937E-14
5005.00  3.707679E-14
5006.25  3.697207E-14
5007.50  3.687845E-14
5008.75  3.678823E-14
5010.00  3.671027E-14
5011.25  3.662921E-14
5012.50  3.655881E-14
5013.75  3.650200E-14
5015.00  3.646419E-14
5016.25  3.646652E-14
5017.50  3.650152E-14
5018.75  3.656996E-14
5020.00  3.667664E-14
5021.25  3.679424E-14
5022.50  3.693249E-14
5023.75  3.707039E-14
5025.00  3.720043E-14
5026.25  3.732194E-14
5027.50  3.741966E-14
5028.75  3.748969E-14
5030.00  3.753157E-14
5031.25  3.753789E-14
5032.50  3.751182E-14
5033.75  3.745639E-14
5035.00  3.736940E-14
5036.25  3.727633E-14
5037.50  3.717733E-14
5038.75  3.710261E-14
5040.00  3.704768E-14
5041.25  3.703562E-14
5042.50  3.705484E-14
5043.75  3.711272E-14
5045.00  3.719744E-14
5046.25  3.728758E-14
5047.50  3.738026E-14
5048.75  3.746271E-14
5050.00  3.754831E-14
5051.25  3.762578E-14
5052.50  3.771221E-14
5053.75  3.780348E-14
5055.00  3.788639E-14
5056.25  3.797079E-14
5057.50  3.803152E-14
5058.75  3.807518E-14
5060.00  3.809159E-14
5061.25  3.807647E-14
5062.50  3.803536E-14
5063.75  3.796315E-14
5065.00  3.788367E-14
5066.25  3.778528E-14
5067.50  3.769802E-14
5068.75  3.761281E-14
5070.00  3.753222E-14
5071.25  3.746047E-14
5072.50  3.738789E-14
5073.75  3.732210E-14
5075.00  3.725450E-14
5076.25  3.719849E-14
5077.50  3.714629E-14
5078.75  3.710701E-14
5080.00  3.708895E-14
5081.25  3.709489E-14
5082.50  3.713354E-14
5083.75  3.719918E-14
5085.00  3.728649E-14
5086.25  3.738530E-14
5087.50  3.748391E-14
5088.75  3.757023E-14
5090.00  3.763585E-14
5091.25  3.767187E-14
5092.50  3.767874E-14
5093.75  3.765079E-14
5095.00  3.760364E-14
5096.25  3.752797E-14
5097.50  3.745069E-14
5098.75  3.737410E-14
5100.00  3.730568E-14
5101.25  3.725958E-14
5102.50  3.722639E-14
5103.75  3.721124E-14
5105.00  3.720886E-14
5106.25  3.722116E-14
5107.50  3.724864E-14
5108.75  3.729084E-14
5110.00  3.735070E-14
5111.25  3.741786E-14
5112.50  3.749035E-14
5113.75  3.755807E-14
5115.00  3.760388E-14
5116.25  3.763231E-14
5117.50  3.762386E-14
5118.75  3.758810E-14
5120.00  3.751504E-14
5121.25  3.742308E-14
5122.50  3.731352E-14
5123.75  3.720055E-14
5125.00  3.710206E-14
5126.25  3.701598E-14
5127.50  3.695896E-14
5128.75  3.692279E-14
5130.00  3.690867E-14
5131.25  3.690929E-14
5132.50  3.691746E-14
5133.75  3.692697E-14
5135.00  3.692334E-14
5136.25  3.691456E-14
5137.50  3.688683E-14
5138.75  3.684643E-14
5140.00  3.680149E-14
5141.25  3.674823E-14
5142.50  3.669940E-14
5143.75  3.664954E-14
5145.00  3.661158E-14
5146.25  3.657753E-14
5147.50  3.655680E-14
5148.75  3.655459E-14
5150.00  3.656303E-14
5151.25  3.659417E-14
5152.50  3.662906E-14
5153.75  3.667830E-14
5155.00  3.671172E-14
5156.25  3.674122E-14
5157.50  3.672468E-14
5158.75  3.665828E-14
5160.00  3.652683E-14
5161.25  3.631761E-14
5162.50  3.604886E-14
5163.75  3.571629E-14
5165.00  3.537759E-14
5166.25  3.500681E-14
5167.50  3.469033E-14
5168.75  3.442688E-14
5170.00  3.425886E-14
5171.25  3.416586E-14
5172.50  3.414964E-14
5173.75  3.419888E-14
5175.00  3.429210E-14
5176.25  3.441535E-14
5177.50  3.452523E-14
5178.75  3.460697E-14
5180.00  3.467787E-14
5181.25  3.470880E-14
5182.50  3.474553E-14
5183.75  3.478700E-14
5185.00  3.485483E-14
5186.25  3.496840E-14
5187.50  3.510031E-14
5188.75  3.524708E-14
5190.00  3.538753E-14
5191.25  3.552843E-14
5192.50  3.565283E-14
5193.75  3.576218E-14
5195.00  3.586166E-14
5196.25  3.593145E-14
5197.50  3.597987E-14
5198.75  3.599656E-14
5200.00  3.597898E-14
5201.25  3.593718E-14
5202.50  3.586920E-14
5203.75  3.579470E-14
5205.00  3.572284E-14
5206.25  3.567980E-14
5207.50  3.567827E-14
5208.75  3.571807E-14
5210.00  3.581844E-14
5211.25  3.594489E-14
5212.50  3.611414E-14
5213.75  3.628682E-14
5215.00  3.644138E-14
5216.25  3.657749E-14
5217.50  3.667783E-14
5218.75  3.675193E-14
5220.00  3.678084E-14
5221.25  3.677678E-14
5222.50  3.673183E-14
5223.75  3.666305E-14
5225.00  3.658801E-14
5226.25  3.651294E-14
5227.50  3.647206E-14
5228.75  3.648155E-14
5230.00  3.651955E-14
5231.25  3.660430E-14
5232.50  3.669604E-14
5233.75  3.681057E-14
5235.00  3.693820E-14
5236.25  3.707173E-14
5237.50  3.719863E-14
5238.75  3.729853E-14
5240.00  3.737971E-14
5241.25  3.741559E-14
5242.50  3.743027E-14
5243.75  3.741192E-14
5245.00  3.737603E-14
5246.25  3.731727E-14
5247.50  3.725198E-14
5248.75  3.719118E-14
5250.00  3.713004E-14
5251.25  3.708664E-14
5252.50  3.703887E-14
5253.75  3.699416E-14
5255.00  3.692770E-14
5256.25  3.684700E-14
5257.50  3.673329E-14
5258.75  3.658206E-14
5260.00  3.639983E-14
5261.25  3.617166E-14
5262.50  3.593946E-14
5263.75  3.571139E-14
5265.00  3.550943E-14
5266.25  3.536250E-14
5267.50  3.527404E-14
5268.75  3.526069E-14
5270.00  3.529155E-14
5271.25  3.540776E-14
5272.50  3.556600E-14
5273.75  3.576961E-14
5275.00  3.598215E-14
5276.25  3.620655E-14
5277.50  3.642683E-14
5278.75  3.663862E-14
5280.00  3.682233E-14
5281.25  3.698715E-14
5282.50  3.713589E-14
5283.75  3.726964E-14
5285.00  3.740627E-14
5286.25  3.751950E-14
5287.50  3.761972E-14
5288.75  3.768197E-14
5290.00  3.770999E-14
5291.25  3.770897E-14
5292.50  3.767453E-14
5293.75  3.762367E-14
5295.00  3.755342E-14
5296.25  3.748868E-14
5297.50  3.742274E-14
5298.75  3.738763E-14
5300.00  3.738899E-14
5301.25  3.742420E-14
5302.50  3.748339E-14
5303.75  3.756453E-14
5305.00  3.764871E-14
5306.25  3.772970E-14
5307.50  3.779037E-14
5308.75  3.783776E-14
5310.00  3.786398E-14
5311.25  3.786662E-14
5312.50  3.783893E-14
5313.75  3.778190E-14
5315.00  3.770744E-14
5316.25  3.760403E-14
5317.50  3.749494E-14
5318.75  3.736440E-14
5320.00  3.723136E-14
5321.25  3.707486E-14
5322.50  3.692557E-14
5323.75  3.677553E-14
5325.00  3.663917E-14
5326.25  3.653824E-14
5327.50  3.645643E-14
5328.75  3.642922E-14
5330.00  3.642423E-14
5331.25  3.649280E-14
5332.50  3.655324E-14
5333.75  3.664136E-14
5335.00  3.671425E-14
5336.25  3.678906E-14
5337.50  3.683543E-14
5338.75  3.687296E-14
5340.00  3.689081E-14
5341.25  3.690871E-14
5342.50  3.693010E-14
5343.75  3.696454E-14
5345.00  3.700883E-14
5346.25  3.706299E-14
5347.50  3.713499E-14
5348.75  3.722068E-14
5350.00  3.732873E-14
5351.25  3.743915E-14
5352.50  3.755758E-14
5353.75  3.765026E-14
5355.00  3.773085E-14
5356.25  3.777274E-14
5357.50  3.778975E-14
5358.75  3.776440E-14
5360.00  3.770741E-14
5361.25  3.761141E-14
5362.50  3.749088E-14
5363.75  3.735430E-14
5365.00  3.722273E-14
5366.25  3.710464E-14
5367.50  3.700980E-14
5368.75  3.694434E-14
5370.00  3.689824E-14
5371.25  3.689476E-14
5372.50  3.692287E-14
5373.75  3.699893E-14
5375.00  3.708391E-14
5376.25  3.718145E-14
5377.50  3.726042E-14
5378.75  3.733260E-14
5380.00  3.738112E-14
5381.25  3.741193E-14
5382.50  3.741731E-14
5383.75  3.739947E-14
5385.00  3.736436E-14
5386.25  3.730785E-14
5387.50  3.723730E-14
5388.75  3.714008E-14
5390.00  3.703937E-14
5391.25  3.692202E-14
5392.50  3.681885E-14
5393.75  3.671469E-14
5395.00  3.661710E-14
5396.25  3.651841E-14
5397.50  3.642275E-14
5398.75  3.635283E-14
5400.00  3.628715E-14
5401.25  3.624761E-14
5402.50  3.619725E-14
5403.75  3.616149E-14
5405.00  3.613180E-14
5406.25  3.613576E-14
5407.50  3.616861E-14
5408.75  3.623568E-14
5410.00  3.631580E-14
5411.25  3.642332E-14
5412.50  3.654596E-14
5413.75  3.667921E-14
5415.00  3.680602E-14
5416.25  3.692691E-14
5417.50  3.702814E-14
5418.75  3.710072E-14
5420.00  3.715438E-14
5421.25  3.716662E-14
5422.50  3.715736E-14
5423.75  3.712048E-14
5425.00  3.707143E-14
5426.25  3.701928E-14
5427.50  3.695946E-14
5428.75  3.690332E-14
5430.00  3.684576E-14
5431.25  3.683190E-14
5432.50  3.683302E-14
5433.75  3.686415E-14
5435.00  3.690214E-14
5436.25  3.696723E-14
5437.50  3.702775E-14
5438.75  3.708968E-14
5440.00  3.711845E-14
5441.25  3.714050E-14
5442.50  3.712417E-14
5443.75  3.709252E-14
5445.00  3.701687E-14
5446.25  3.693744E-14
5447.50  3.683607E-14
5448.75  3.675328E-14
5450.00  3.668569E-14
5451.25  3.663400E-14
5452.50  3.658962E-14
5453.75  3.654865E-14
5455.00  3.652316E-14
5456.25  3.650984E-14
5457.50  3.653289E-14
5458.75  3.656857E-14
5460.00  3.659753E-14
5461.25  3.662725E-14
5462.50  3.664687E-14
5463.75  3.667334E-14
5465.00  3.669386E-14
5466.25  3.671634E-14
5467.50  3.671489E-14
5468.75  3.669739E-14
5470.00  3.666467E-14
5471.25  3.662176E-14
5472.50  3.658560E-14
5473.75  3.653633E-14
5475.00  3.649879E-14
5476.25  3.645895E-14
5477.50  3.645365E-14
5478.75  3.646862E-14
5480.00  3.650596E-14
5481.25  3.654143E-14
5482.50  3.659411E-14
5483.75  3.665638E-14
5485.00  3.672222E-14
5486.25  3.678234E-14
5487.50  3.682481E-14
5488.75  3.685427E-14
5490.00  3.687073E-14
5491.25  3.687673E-14
5492.50  3.686956E-14
5493.75  3.684489E-14
5495.00  3.680206E-14
5496.25  3.675176E-14
5497.50  3.669108E-14
5498.75  3.662592E-14
5500.00  3.655440E-14
5501.25  3.648415E-14
5502.50  3.641592E-14
5503.75  3.635728E-14
5505.00  3.630762E-14
5506.25  3.625901E-14
5507.50  3.622966E-14
5508.75  3.621541E-14
5510.00  3.623442E-14
5511.25  3.625107E-14
5512.50  3.629043E-14
5513.75  3.632939E-14
5515.00  3.639525E-14
5516.25  3.646201E-14
5517.50  3.653634E-14
5518.75  3.659695E-14
5520.00  3.663628E-14
5521.25  3.666105E-14
5522.50  3.666954E-14
5523.75  3.667469E-14
5525.00  3.666072E-14
5526.25  3.663936E-14
5527.50  3.660664E-14
5528.75  3.658139E-14
5530.00  3.658617E-14
5531.25  3.660038E-14
5532.50  3.662437E-14
5533.75  3.664665E-14
5535.00  3.668347E-14
5536.25  3.672154E-14
5537.50  3.677702E-14
5538.75  3.682418E-14
5540.00  3.687059E-14
5541.25  3.691413E-14
5542.50  3.695411E-14
5543.75  3.699170E-14
5545.00  3.702684E-14
5546.25  3.706134E-14
5547.50  3.708872E-14
5548.75  3.711827E-14
5550.00  3.713278E-14
5551.25  3.714494E-14
5552.50  3.714361E-14
5553.75  3.713714E-14
5555.00  3.711480E-14
5556.25  3.709343E-14
5557.50  3.705603E-14
5558.75  3.701490E-14
5560.00  3.696642E-14
5561.25  3.691331E-14
5562.50  3.685699E-14
5563.75  3.680314E-14
5565.00  3.675426E-14
5566.25  3.670533E-14
5567.50  3.667067E-14
5568.75  3.663902E-14
5570.00  3.662415E-14
5571.25  3.661432E-14
5572.50  3.661686E-14
5573.75  3.661937E-14
5575.00  3.663354E-14
5576.25  3.663647E-14
5577.50  3.663737E-14
5578.75  3.662464E-14
5580.00  3.659195E-14
5581.25  3.653901E-14
5582.50  3.647364E-14
5583.75  3.639592E-14
5585.00  3.632251E-14
5586.25  3.623376E-14
5587.50  3.615103E-14
5588.75  3.607895E-14
5590.00  3.604503E-14
5591.25  3.601921E-14
5592.50  3.602143E-14
5593.75  3.601551E-14
5595.00  3.603976E-14
5596.25  3.607258E-14
5597.50  3.612790E-14
5598.75  3.617925E-14
5600.00  3.625091E-14
5601.25  3.632161E-14
5602.50  3.640616E-14
5603.75  3.649586E-14
5605.00  3.659427E-14
5606.25  3.667751E-14
5607.50  3.675191E-14
5608.75  3.678749E-14
5610.00  3.681416E-14
5611.25  3.681393E-14
5612.50  3.681218E-14
5613.75  3.677269E-14
5615.00  3.672894E-14
5616.25  3.666957E-14
5617.50  3.664597E-14
5618.75  3.661946E-14
5620.00  3.661055E-14
5621.25  3.660126E-14
5622.50  3.661333E-14
5623.75  3.662738E-14
5625.00  3.665586E-14
5626.25  3.667998E-14
5627.50  3.671302E-14
5628.75  3.673713E-14
5630.00  3.675349E-14
5631.25  3.675622E-14
5632.50  3.675141E-14
5633.75  3.674086E-14
5635.00  3.672142E-14
5636.25  3.669386E-14
5637.50  3.666261E-14
5638.75  3.663517E-14
5640.00  3.661099E-14
5641.25  3.659010E-14
5642.50  3.657631E-14
5643.75  3.656834E-14
5645.00  3.655918E-14
5646.25  3.655432E-14
5647.50  3.654373E-14
5648.75  3.652838E-14
5650.00  3.649996E-14
5651.25  3.646473E-14
5652.50  3.641797E-14
5653.75  3.636714E-14
5655.00  3.631387E-14
5656.25  3.626142E-14
5657.50  3.620804E-14
5658.75  3.616695E-14
5660.00  3.615453E-14
5661.25  3.615500E-14
5662.50  3.616567E-14
5663.75  3.618930E-14
5665.00  3.623431E-14
5666.25  3.628843E-14
5667.50  3.634612E-14
5668.75  3.640172E-14
5670.00  3.645272E-14
5671.25  3.650240E-14
5672.50  3.654522E-14
5673.75  3.657429E-14
5675.00  3.658479E-14
5676.25  3.658435E-14
5677.50  3.657089E-14
5678.75  3.655058E-14
5680.00  3.652234E-14
5681.25  3.649015E-14
5682.50  3.645124E-14
5683.75  3.641880E-14
5685.00  3.640830E-14
5686.25  3.640563E-14
5687.50  3.640669E-14
5688.75  3.641080E-14
5690.00  3.643313E-14
5691.25  3.645597E-14
5692.50  3.648260E-14
5693.75  3.648860E-14
5695.00  3.649039E-14
5696.25  3.647278E-14
5697.50  3.645364E-14
5698.75  3.641187E-14
5700.00  3.636527E-14
5701.25  3.630003E-14
5702.50  3.624230E-14
5703.75  3.618283E-14
5705.00  3.613481E-14
5706.25  3.609289E-14
5707.50  3.607361E-14
5708.75  3.607237E-14
5710.00  3.609760E-14
5711.25  3.614267E-14
5712.50  3.621238E-14
5713.75  3.630060E-14
5715.00  3.640224E-14
5716.25  3.650107E-14
5717.50  3.660475E-14
5718.75  3.669918E-14
5720.00  3.678888E-14
5721.25  3.685544E-14
5722.50  3.691161E-14
5723.75  3.695038E-14
5725.00  3.698935E-14
5726.25  3.700093E-14
5727.50  3.701576E-14
5728.75  3.702486E-14
5730.00  3.704814E-14
5731.25  3.705181E-14
5732.50  3.706408E-14
5733.75  3.707401E-14
5735.00  3.709695E-14
5736.25  3.710622E-14
5737.50  3.711590E-14
5738.75  3.711978E-14
5740.00  3.713018E-14
5741.25  3.713187E-14
5742.50  3.712656E-14
5743.75  3.711576E-14
5745.00  3.711445E-14
5746.25  3.710345E-14
5747.50  3.708645E-14
5748.75  3.706360E-14
5750.00  3.705800E-14
5751.25  3.704776E-14
5752.50  3.703889E-14
5753.75  3.702373E-14
5755.00  3.702156E-14
5756.25  3.702362E-14
5757.50  3.702786E-14
5758.75  3.703166E-14
5760.00  3.703975E-14
5761.25  3.705037E-14
5762.50  3.705502E-14
5763.75  3.706556E-14
5765.00  3.707916E-14
5766.25  3.708785E-14
5767.50  3.708165E-14
5768.75  3.707044E-14
5770.00  3.704936E-14
5771.25  3.702123E-14
5772.50  3.697813E-14
5773.75  3.692107E-14
5775.00  3.685101E-14
5776.25  3.677801E-14
5777.50  3.671207E-14
5778.75  3.664405E-14
5780.00  3.658020E-14
5781.25  3.652160E-14
5782.50  3.649890E-14
5783.75  3.649017E-14
5785.00  3.650037E-14
5786.25  3.651584E-14
5787.50  3.656991E-14
5788.75  3.663592E-14
5790.00  3.671225E-14
5791.25  3.678466E-14
5792.50  3.686539E-14
5793.75  3.695094E-14
5795.00  3.703163E-14
5796.25  3.710683E-14
5797.50  3.716291E-14
5798.75  3.721632E-14
5800.00  3.725810E-14
5801.25  3.729869E-14
5802.50  3.731956E-14
5803.75  3.733083E-14
5805.00  3.733188E-14
5806.25  3.733246E-14
5807.50  3.732606E-14
5808.75  3.731349E-14
5810.00  3.729811E-14
5811.25  3.727887E-14
5812.50  3.726811E-14
5813.75  3.726012E-14
5815.00  3.725621E-14
5816.25  3.724837E-14
5817.50  3.725491E-14
5818.75  3.726695E-14
5820.00  3.728291E-14
5821.25  3.729593E-14
5822.50  3.731538E-14
5823.75  3.733448E-14
5825.00  3.735285E-14
5826.25  3.736838E-14
5827.50  3.738304E-14
5828.75  3.739188E-14
5830.00  3.739680E-14
5831.25  3.740090E-14
5832.50  3.740437E-14
5833.75  3.739888E-14
5835.00  3.738938E-14
5836.25  3.737987E-14
5837.50  3.736745E-14
5838.75  3.734574E-14
5840.00  3.731503E-14
5841.25  3.727889E-14
5842.50  3.723003E-14
5843.75  3.717674E-14
5845.00  3.710684E-14
5846.25  3.703111E-14
5847.50  3.693058E-14
5848.75  3.684148E-14
5850.00  3.674130E-14
5851.25  3.665035E-14
5852.50  3.653095E-14
5853.75  3.644950E-14
5855.00  3.637358E-14
5856.25  3.632396E-14
5857.50  3.625263E-14
5858.75  3.622895E-14
5860.00  3.621339E-14
5861.25  3.621847E-14
5862.50  3.620332E-14
5863.75  3.621589E-14
5865.00  3.622212E-14
5866.25  3.622766E-14
5867.50  3.621065E-14
5868.75  3.619450E-14
5870.00  3.616129E-14
5871.25  3.611812E-14
5872.50  3.606022E-14
5873.75  3.598551E-14
5875.00  3.588900E-14
5876.25  3.578165E-14
5877.50  3.565715E-14
5878.75  3.549616E-14
5880.00  3.529001E-14
5881.25  3.508633E-14
5882.50  3.484642E-14
5883.75  3.456748E-14
5885.00  3.422208E-14
5886.25  3.394703E-14
5887.50  3.366550E-14
5888.75  3.340634E-14
5890.00  3.311261E-14
5891.25  3.296823E-14
5892.50  3.288705E-14
5893.75  3.289260E-14
5895.00  3.289657E-14
5896.25  3.303394E-14
5897.50  3.323483E-14
5898.75  3.350266E-14
5900.00  3.374452E-14
5901.25  3.402957E-14
5902.50  3.431151E-14
5903.75  3.459328E-14
5905.00  3.481994E-14
5906.25  3.502552E-14
5907.50  3.519343E-14
5908.75  3.532896E-14
5910.00  3.542459E-14
5911.25  3.549661E-14
5912.50  3.554848E-14
5913.75  3.558047E-14
5915.00  3.560332E-14
5916.25  3.562490E-14
5917.50  3.564570E-14
5918.75  3.566164E-14
5920.00  3.568053E-14
5921.25  3.570583E-14
5922.50  3.573280E-14
5923.75  3.575076E-14
5925.00  3.577154E-14
5926.25  3.579437E-14
5927.50  3.582192E-14
5928.75  3.583081E-14
5930.00  3.584432E-14
5931.25  3.585614E-14
5932.50  3.587953E-14
5933.75  3.588111E-14
5935.00  3.588610E-14
5936.25  3.588615E-14
5937.50  3.589619E-14
5938.75  3.589135E-14
5940.00  3.588348E-14
5941.25  3.587224E-14
5942.50  3.586302E-14
5943.75  3.585104E-14
5945.00  3.583485E-14
5946.25  3.582161E-14
5947.50  3.580247E-14
5948.75  3.579094E-14
5950.00  3.578100E-14
5951.25  3.577630E-14
5952.50  3.576672E-14
5953.75  3.576953E-14
5955.00  3.578316E-14
5956.25  3.579689E-14
5957.50  3.581256E-14
5958.75  3.583683E-14
5960.00  3.587150E-14
5961.25  3.589850E-14
5962.50  3.592602E-14
5963.75  3.595323E-14
5965.00  3.598020E-14
5966.25  3.599637E-14
5967.50  3.600653E-14
5968.75  3.601127E-14
5970.00  3.600894E-14
5971.25  3.599902E-14
5972.50  3.598036E-14
5973.75  3.596041E-14
5975.00  3.593731E-14
5976.25  3.591481E-14
5977.50  3.588930E-14
5978.75  3.586926E-14
5980.00  3.585751E-14
5981.25  3.585583E-14
5982.50  3.585512E-14
5983.75  3.586291E-14
5985.00  3.588068E-14
5986.25  3.591165E-14
5987.50  3.593692E-14
5988.75  3.596975E-14
5990.00  3.599828E-14
5991.25  3.603252E-14
5992.50  3.605073E-14
5993.75  3.607283E-14
5995.00  3.607785E-14
5996.25  3.607933E-14
5997.50  3.606290E-14
5998.75  3.604791E-14
6000.00  3.602603E-14
6001.25  3.599835E-14
6002.50  3.596152E-14
6003.75  3.592668E-14
6005.00  3.590868E-14
6006.25  3.588427E-14
6007.50  3.585373E-14
6008.75  3.582968E-14
6010.00  3.582928E-14
6011.25  3.582382E-14
6012.50  3.580636E-14
6013.75  3.580277E-14
6015.00  3.581118E-14
6016.25  3.582417E-14
6017.50  3.582767E-14
6018.75  3.585057E-14
6020.00  3.587682E-14
6021.25  3.591969E-14
6022.50  3.596077E-14
6023.75  3.601808E-14
6025.00  3.607349E-14
6026.25  3.614362E-14
6027.50  3.620594E-14
6028.75  3.627385E-14
6030.00  3.633180E-14
6031.25  3.638926E-14
6032.50  3.643378E-14
6033.75  3.647637E-14
6035.00  3.650944E-14
6036.25  3.653198E-14
6037.50  3.655239E-14
6038.75  3.657149E-14
6040.00  3.658957E-14
6041.25  3.659900E-14
6042.50  3.661471E-14
6043.75  3.662806E-14
6045.00  3.664330E-14
6046.25  3.664720E-14
6047.50  3.665364E-14
6048.75  3.665117E-14
6050.00  3.664748E-14
6051.25  3.662851E-14
6052.50  3.660943E-14
6053.75  3.658317E-14
6055.00  3.655522E-14
6056.25  3.652194E-14
6057.50  3.649179E-14
6058.75  3.646785E-14
6060.00  3.644146E-14
6061.25  3.642699E-14
6062.50  3.641865E-14
6063.75  3.642510E-14
6065.00  3.642232E-14
6066.25  3.644252E-14
6067.50  3.646507E-14
6068.75  3.648928E-14
6070.00  3.650006E-14
6071.25  3.651776E-14
6072.50  3.653006E-14
6073.75  3.652716E-14
6075.00  3.651681E-14
6076.25  3.649539E-14
6077.50  3.646826E-14
6078.75  3.643249E-14
6080.00  3.640243E-14
6081.25  3.636794E-14
6082.50  3.633562E-14
6083.75  3.631160E-14
6085.00  3.629256E-14
6086.25  3.628102E-14
6087.50  3.627295E-14
6088.75  3.627248E-14
6090.00  3.626576E-14
6091.25  3.626698E-14
6092.50  3.626226E-14
6093.75  3.625825E-14
6095.00  3.623912E-14
6096.25  3.622923E-14
6097.50  3.619918E-14
6098.75  3.618713E-14
6100.00  3.616504E-14
6101.25  3.615834E-14
6102.50  3.613214E-14
6103.75  3.614471E-14
6105.00  3.616472E-14
6106.25  3.618408E-14
6107.50  3.619744E-14
6108.75  3.622406E-14
6110.00  3.626381E-14
6111.25  3.626579E-14
6112.50  3.627549E-14
6113.75  3.625703E-14
6115.00  3.625387E-14
6116.25  3.619739E-14
6117.50  3.617000E-14
6118.75  3.611431E-14
6120.00  3.608641E-14
6121.25  3.602401E-14
6122.50  3.600206E-14
6123.75  3.597243E-14
6125.00  3.597200E-14
6126.25  3.595183E-14
6127.50  3.594722E-14
6128.75  3.593158E-14
6130.00  3.593209E-14
6131.25  3.590954E-14
6132.50  3.588136E-14
6133.75  3.585469E-14
6135.00  3.582544E-14
6136.25  3.579268E-14
6137.50  3.576015E-14
6138.75  3.577338E-14
6140.00  3.575679E-14
6141.25  3.576184E-14
6142.50  3.575843E-14
6143.75  3.579738E-14
6145.00  3.579010E-14
6146.25  3.579193E-14
6147.50  3.577029E-14
6148.75  3.574333E-14
6150.00  3.568143E-14
6151.25  3.560598E-14
6152.50  3.551386E-14
6153.75  3.538968E-14
6155.00  3.524851E-14
6156.25  3.509937E-14
6157.50  3.494855E-14
6158.75  3.479873E-14
6160.00  3.464882E-14
6161.25  3.451360E-14
6162.50  3.440138E-14
6163.75  3.433312E-14
6165.00  3.428518E-14
6166.25  3.426750E-14
6167.50  3.428164E-14
6168.75  3.431606E-14
6170.00  3.437896E-14
6171.25  3.446502E-14
6172.50  3.455786E-14
6173.75  3.464233E-14
6175.00  3.473327E-14
6176.25  3.481724E-14
6177.50  3.488918E-14
6178.75  3.494168E-14
6180.00  3.498094E-14
6181.25  3.499633E-14
6182.50  3.499808E-14
6183.75  3.497794E-14
6185.00  3.495871E-14
6186.25  3.491511E-14
6187.50  3.488330E-14
6188.75  3.484708E-14
6190.00  3.483049E-14
6191.25  3.479409E-14
6192.50  3.480479E-14
6193.75  3.481669E-14
6195.00  3.484408E-14
6196.25  3.487056E-14
6197.50  3.491876E-14
6198.75  3.496271E-14
6200.00  3.500023E-14
6201.25  3.504720E-14
6202.50  3.507402E-14
6203.75  3.509379E-14
6205.00  3.508690E-14
6206.25  3.507752E-14
6207.50  3.504107E-14
6208.75  3.499692E-14
6210.00  3.492812E-14
6211.25  3.485463E-14
6212.50  3.476877E-14
6213.75  3.468468E-14
6215.00  3.459712E-14
6216.25  3.451982E-14
6217.50  3.444436E-14
6218.75  3.437742E-14
6220.00  3.431449E-14
6221.25  3.426618E-14
6222.50  3.421645E-14
6223.75  3.417461E-14
6225.00  3.413524E-14
6226.25  3.410195E-14
6227.50  3.407046E-14
6228.75  3.404065E-14
6230.00  3.400739E-14
6231.25  3.398457E-14
6232.50  3.396634E-14
6233.75  3.395391E-14
6235.00  3.393220E-14
6236.25  3.391905E-14
6237.50  3.389693E-14
6238.75  3.388413E-14
6240.00  3.386725E-14
6241.25  3.385818E-14
6242.50  3.384156E-14
6243.75  3.382456E-14
6245.00  3.381436E-14
6246.25  3.380597E-14
6247.50  3.380738E-14
6248.75  3.380383E-14
6250.00  3.380614E-14
6251.25  3.380720E-14
6252.50  3.381330E-14
6253.75  3.383180E-14
6255.00  3.385721E-14
6256.25  3.388734E-14
6257.50  3.391988E-14
6258.75  3.396835E-14
6260.00  3.402497E-14
6261.25  3.407667E-14
6262.50  3.413812E-14
6263.75  3.418474E-14
6265.00  3.423026E-14
6266.25  3.425360E-14
6267.50  3.427615E-14
6268.75  3.426735E-14
6270.00  3.425114E-14
6271.25  3.421844E-14
6272.50  3.418252E-14
6273.75  3.413420E-14
6275.00  3.409273E-14
6276.25  3.405269E-14
6277.50  3.402775E-14
6278.75  3.401646E-14
6280.00  3.402773E-14
6281.25  3.405085E-14
6282.50  3.408752E-14
6283.75  3.413622E-14
6285.00  3.418383E-14
6286.25  3.423531E-14
6287.50  3.427698E-14
6288.75  3.430912E-14
6290.00  3.432488E-14
6291.25  3.433708E-14
6292.50  3.433280E-14
6293.75  3.431374E-14
6295.00  3.430803E-14
6296.25  3.428646E-14
6297.50  3.427485E-14
6298.75  3.426430E-14
6300.00  3.428180E-14
6301.25  3.427747E-14
6302.50  3.430478E-14
6303.75  3.433693E-14
6305.00  3.437343E-14
6306.25  3.440429E-14
6307.50  3.444543E-14
6308.75  3.448177E-14
6310.00  3.450841E-14
6311.25  3.453918E-14
6312.50  3.457198E-14
6313.75  3.459290E-14
6315.00  3.461950E-14
6316.25  3.465421E-14
6317.50  3.469075E-14
6318.75  3.472538E-14
6320.00  3.477849E-14
6321.25  3.483176E-14
6322.50  3.487407E-14
6323.75  3.493420E-14
6325.00  3.497883E-14
6326.25  3.502387E-14
6327.50  3.504858E-14
6328.75  3.508740E-14
6330.00  3.509943E-14
6331.25  3.511218E-14
6332.50  3.512244E-14
6333.75  3.512237E-14
6335.00  3.512316E-14
6336.25  3.511387E-14
6337.50  3.513415E-14
6338.75  3.512893E-14
6340.00  3.515224E-14
6341.25  3.516026E-14
6342.50  3.518369E-14
6343.75  3.518937E-14
6345.00  3.521656E-14
6346.25  3.523005E-14
6347.50  3.524078E-14
6348.75  3.525313E-14
6350.00  3.524765E-14
6351.25  3.523639E-14
6352.50  3.521604E-14
6353.75  3.519300E-14
6355.00  3.515339E-14
6356.25  3.512910E-14
6357.50  3.509259E-14
6358.75  3.505840E-14
6360.00  3.503777E-14
6361.25  3.502168E-14
6362.50  3.501303E-14
6363.75  3.502020E-14
6365.00  3.504152E-14
6366.25  3.506037E-14
6367.50  3.509248E-14
6368.75  3.512940E-14
6370.00  3.515661E-14
6371.25  3.519246E-14
6372.50  3.521988E-14
6373.75  3.524632E-14
6375.00  3.525539E-14
6376.25  3.527061E-14
6377.50  3.526592E-14
6378.75  3.526517E-14
6380.00  3.525573E-14
6381.25  3.524503E-14
6382.50  3.523243E-14
6383.75  3.521910E-14
6385.00  3.520192E-14
6386.25  3.519025E-14
6387.50  3.517916E-14
6388.75  3.516418E-14
6390.00  3.515701E-14
6391.25  3.514784E-14
6392.50  3.514303E-14
6393.75  3.514236E-14
6395.00  3.515563E-14
6396.25  3.516143E-14
6397.50  3.517960E-14
6398.75  3.519460E-14
6400.00  3.521248E-14
6401.25  3.523881E-14
6402.50  3.526947E-14
6403.75  3.529278E-14
6405.00  3.531788E-14
6406.25  3.533723E-14
6407.50  3.534343E-14
6408.75  3.535950E-14
6410.00  3.536946E-14
6411.25  3.537397E-14
6412.50  3.537556E-14
6413.75  3.538245E-14
6415.00  3.538269E-14
6416.25  3.538589E-14
6417.50  3.539814E-14
6418.75  3.539927E-14
6420.00  3.541811E-14
6421.25  3.541883E-14
6422.50  3.544920E-14
6423.75  3.545316E-14
6425.00  3.547732E-14
6426.25  3.547597E-14
6427.50  3.548730E-14
6428.75  3.548066E-14
6430.00  3.548356E-14
6431.25  3.548040E-14
6432.50  3.548186E-14
6433.75  3.548474E-14
6435.00  3.547835E-14
6436.25  3.548670E-14
6437.50  3.548216E-14
6438.75  3.548137E-14
6440.00  3.548672E-14
6441.25  3.549817E-14
6442.50  3.549478E-14
6443.75  3.549051E-14
6445.00  3.548120E-14
6446.25  3.545701E-14
6447.50  3.543430E-14
6448.75  3.541195E-14
6450.00  3.537923E-14
6451.25  3.535838E-14
6452.50  3.533572E-14
6453.75  3.532030E-14
6455.00  3.529831E-14
6456.25  3.529210E-14
6457.50  3.528782E-14
6458.75  3.528238E-14
6460.00  3.529769E-14
6461.25  3.529537E-14
6462.50  3.530682E-14
6463.75  3.531757E-14
6465.00  3.534131E-14
6466.25  3.535575E-14
6467.50  3.537403E-14
6468.75  3.538859E-14
6470.00  3.539117E-14
6471.25  3.539845E-14
6472.50  3.540168E-14
6473.75  3.539731E-14
6475.00  3.538571E-14
6476.25  3.537577E-14
6477.50  3.534832E-14
6478.75  3.531858E-14
6480.00  3.527951E-14
6481.25  3.523181E-14
6482.50  3.517014E-14
6483.75  3.511110E-14
6485.00  3.503453E-14
6486.25  3.495521E-14
6487.50  3.486491E-14
6488.75  3.477467E-14
6490.00  3.467918E-14
6491.25  3.459766E-14
6492.50  3.452564E-14
6493.75  3.447346E-14
6495.00  3.444983E-14
6496.25  3.444849E-14
6497.50  3.449191E-14
6498.75  3.454385E-14
6500.00  3.463489E-14
6501.25  3.472687E-14
6502.50  3.484164E-14
6503.75  3.494629E-14
6505.00  3.506039E-14
6506.25  3.515638E-14
6507.50  3.524246E-14
6508.75  3.531286E-14
6510.00  3.536901E-14
6511.25  3.540842E-14
6512.50  3.543713E-14
6513.75  3.545593E-14
6515.00  3.546599E-14
6516.25  3.547869E-14
6517.50  3.548558E-14
6518.75  3.550149E-14
6520.00  3.550757E-14
6521.25  3.552703E-14
6522.50  3.553371E-14
6523.75  3.554736E-14
6525.00  3.555760E-14
6526.25  3.556395E-14
6527.50  3.557091E-14
6528.75  3.557098E-14
6530.00  3.557055E-14
6531.25  3.555741E-14
6532.50  3.554400E-14
6533.75  3.551923E-14
6535.00  3.548354E-14
6536.25  3.544241E-14
6537.50  3.537785E-14
6538.75  3.530320E-14
6540.00  3.520416E-14
6541.25  3.508569E-14
6542.50  3.493999E-14
6543.75  3.477630E-14
6545.00  3.457417E-14
6546.25  3.435704E-14
6547.50  3.409936E-14
6548.75  3.382039E-14
6550.00  3.350100E-14
6551.25  3.315812E-14
6552.50  3.279601E-14
6553.75  3.241994E-14
6555.00  3.204666E-14
6556.25  3.167185E-14
6557.50  3.135437E-14
6558.75  3.103132E-14
6560.00  3.083127E-14
6561.25  3.065817E-14
6562.50  3.059354E-14
6563.75  3.062686E-14
6565.00  3.074947E-14
6566.25  3.093886E-14
6567.50  3.118488E-14
6568.75  3.148398E-14
6570.00  3.179310E-14
6571.25  3.214098E-14
6572.50  3.246318E-14
6573.75  3.279175E-14
6575.00  3.308861E-14
6576.25  3.337816E-14
6577.50  3.361270E-14
6578.75  3.383773E-14
6580.00  3.401266E-14
6581.25  3.417755E-14
6582.50  3.430429E-14
6583.75  3.441718E-14
6585.00  3.450359E-14
6586.25  3.456956E-14
6587.50  3.462752E-14
6588.75  3.466024E-14
6590.00  3.468794E-14
6591.25  3.470905E-14
6592.50  3.471758E-14
6593.75  3.473455E-14
6595.00  3.474467E-14
6596.25  3.476116E-14
6597.50  3.477194E-14
6598.75  3.478797E-14
6600.00  3.480412E-14
6601.25  3.481431E-14
6602.50  3.483429E-14
6603.75  3.484099E-14
6605.00  3.485707E-14
6606.25  3.487078E-14
6607.50  3.488349E-14
6608.75  3.489726E-14
6610.00  3.490991E-14
6611.25  3.492802E-14
6612.50  3.493673E-14
6613.75  3.495000E-14
6615.00  3.495417E-14
6616.25  3.496043E-14
6617.50  3.495479E-14
6618.75  3.494995E-14
6620.00  3.493384E-14
6621.25  3.491664E-14
6622.50  3.489428E-14
6623.75  3.486604E-14
6625.00  3.483745E-14
6626.25  3.480856E-14
6627.50  3.477883E-14
6628.75  3.475221E-14
6630.00  3.472517E-14
6631.25  3.470440E-14
6632.50  3.468522E-14
6633.75  3.466944E-14
6635.00  3.466006E-14
6636.25  3.464869E-14
6637.50  3.464710E-14
6638.75  3.463884E-14
6640.00  3.463843E-14
6641.25  3.463631E-14
6642.50  3.463611E-14
6643.75  3.463381E-14
6645.00  3.463201E-14
6646.25  3.463212E-14
6647.50  3.462224E-14
6648.75  3.461529E-14
6650.00  3.460180E-14
6651.25  3.458256E-14
6652.50  3.456611E-14
6653.75  3.453753E-14
6655.00  3.451674E-14
6656.25  3.448438E-14
6657.50  3.446012E-14
6658.75  3.442643E-14
6660.00  3.439949E-14
6661.25  3.437470E-14
6662.50  3.434351E-14
6663.75  3.432348E-14
6665.00  3.429595E-14
6666.25  3.427509E-14
6667.50  3.424474E-14
6668.75  3.421791E-14
6670.00  3.418286E-14
6671.25  3.414674E-14
6672.50  3.410823E-14
6673.75  3.406685E-14
6675.00  3.402665E-14
6676.25  3.399952E-14
6677.50  3.396417E-14
6678.75  3.395687E-14
6680.00  3.394675E-14
6681.25  3.395196E-14
6682.50  3.396287E-14
6683.75  3.398058E-14
6685.00  3.400309E-14
6686.25  3.402584E-14
6687.50  3.405175E-14
6688.75  3.407040E-14
6690.00  3.409442E-14
6691.25  3.410412E-14
6692.50  3.411931E-14
6693.75  3.412484E-14
6695.00  3.413129E-14
6696.25  3.413256E-14
6697.50  3.413492E-14
6698.75  3.413384E-14
6700.00  3.413220E-14
6701.25  3.412957E-14
6702.50  3.412158E-14
6703.75  3.411367E-14
6705.00  3.409699E-14
6706.25  3.408022E-14
6707.50  3.405077E-14
6708.75  3.402217E-14
6710.00  3.398290E-14
6711.25  3.393982E-14
6712.50  3.390032E-14
6713.75  3.384860E-14
6715.00  3.381606E-14
6716.25  3.377292E-14
6717.50  3.374780E-14
6718.75  3.372773E-14
6720.00  3.371687E-14
6721.25  3.371769E-14
6722.50  3.371998E-14
6723.75  3.373923E-14
6725.00  3.375012E-14
6726.25  3.377721E-14
6727.50  3.379519E-14
6728.75  3.381806E-14
6730.00  3.383557E-14
6731.25  3.384672E-14
6732.50  3.385881E-14
6733.75  3.385743E-14
6735.00  3.385896E-14
6736.25  3.384458E-14
6737.50  3.383600E-14
6738.75  3.381217E-14
6740.00  3.379185E-14
6741.25  3.376801E-14
6742.50  3.373912E-14
6743.75  3.371550E-14
6745.00  3.369031E-14
6746.25  3.366785E-14
6747.50  3.365456E-14
6748.75  3.364107E-14
6750.00  3.363736E-14
6751.25  3.364160E-14
6752.50  3.364542E-14
6753.75  3.366376E-14
6755.00  3.367197E-14
6756.25  3.369760E-14
6757.50  3.370884E-14
6758.75  3.373125E-14
6760.00  3.374563E-14
6761.25  3.375806E-14
6762.50  3.377513E-14
6763.75  3.377754E-14
6765.00  3.379721E-14
6766.25  3.379954E-14
6767.50  3.381419E-14
6768.75  3.382326E-14
6770.00  3.383638E-14
6771.25  3.384745E-14
6772.50  3.385474E-14
6773.75  3.386696E-14
6775.00  3.386068E-14
6776.25  3.386796E-14
6777.50  3.385122E-14
6778.75  3.384297E-14
6780.00  3.381938E-14
6781.25  3.379567E-14
6782.50  3.377187E-14
6783.75  3.374071E-14
6785.00  3.371940E-14
6786.25  3.369229E-14
6787.50  3.367376E-14
6788.75  3.365902E-14
6790.00  3.364593E-14
6791.25  3.364067E-14
6792.50  3.364093E-14
6793.75  3.363867E-14
6795.00  3.364998E-14
6796.25  3.365325E-14
6797.50  3.366540E-14
6798.75  3.367755E-14
6800.00  3.368470E-14
6801.25  3.370002E-14
6802.50  3.370622E-14
6803.75  3.371561E-14
6805.00  3.372311E-14
6806.25  3.372596E-14
6807.50  3.373221E-14
6808.75  3.373356E-14
6810.00  3.373468E-14
6811.25  3.373768E-14
6812.50  3.373599E-14
6813.75  3.374061E-14
6815.00  3.374011E-14
6816.25  3.374173E-14
6817.50  3.374767E-14
6818.75  3.374627E-14
6820.00  3.375570E-14
6821.25  3.375374E-14
6822.50  3.376076E-14
6823.75  3.376012E-14
6825.00  3.376038E-14
6826.25  3.376126E-14
6827.50  3.375225E-14
6828.75  3.375034E-14
6830.00  3.373525E-14
6831.25  3.372439E-14
6832.50  3.370809E-14
6833.75  3.368451E-14
6835.00  3.366798E-14
6836.25  3.363748E-14
6837.50  3.361773E-14
6838.75  3.359131E-14
6840.00  3.356696E-14
6841.25  3.355096E-14
6842.50  3.352375E-14
6843.75  3.351121E-14
6845.00  3.348618E-14
6846.25  3.346972E-14
6847.50  3.344636E-14
6848.75  3.342337E-14
6850.00  3.339909E-14
6851.25  3.336832E-14
6852.50  3.334353E-14
6853.75  3.330826E-14
6855.00  3.328542E-14
6856.25  3.325530E-14
6857.50  3.323540E-14
6858.75  3.321959E-14
6860.00  3.320735E-14
6861.25  3.320534E-14
6862.50  3.320641E-14
6863.75  3.321816E-14
6865.00  3.322665E-14
6866.25  3.324726E-14
6867.50  3.326213E-14
6868.75  3.328187E-14
6870.00  3.330339E-14
6871.25  3.331654E-14
6872.50  3.333642E-14
6873.75  3.334724E-14
6875.00  3.335960E-14
6876.25  3.336961E-14
6877.50  3.337415E-14
6878.75  3.338222E-14
6880.00  3.338292E-14
6881.25  3.338968E-14
6882.50  3.339460E-14
6883.75  3.340504E-14
6885.00  3.341302E-14
6886.25  3.342978E-14
6887.50  3.344533E-14
6888.75  3.346155E-14
6890.00  3.348629E-14
6891.25  3.349987E-14
6892.50  3.352591E-14
6893.75  3.353978E-14
6895.00  3.356123E-14
6896.25  3.357382E-14
6897.50  3.359173E-14
6898.75  3.360271E-14
6900.00  3.361530E-14
6901.25  3.363148E-14
6902.50  3.363879E-14
6903.75  3.365694E-14
6905.00  3.366356E-14
6906.25  3.367785E-14
6907.50  3.368698E-14
6908.75  3.369160E-14
6910.00  3.370047E-14
6911.25  3.369918E-14
6912.50  3.370324E-14
6913.75  3.370137E-14
6915.00  3.370087E-14
6916.25  3.370628E-14
6917.50  3.370800E-14
6918.75  3.372220E-14
6920.00  3.373824E-14
6921.25  3.376186E-14
6922.50  3.379328E-14
6923.75  3.382734E-14
6925.00  3.387296E-14
6926.25  3.391798E-14
6927.50  3.396971E-14
6928.75  3.401794E-14
6930.00  3.407082E-14
6931.25  3.411871E-14
6932.50  3.416482E-14
6933.75  3.421102E-14
6935.00  3.424883E-14
6936.25  3.428806E-14
6937.50  3.431955E-14
6938.75  3.434796E-14
6940.00  3.437571E-14
6941.25  3.439448E-14
6942.50  3.441225E-14
6943.75  3.442797E-14
6945.00  3.443191E-14
6946.25  3.444750E-14
6947.50  3.444287E-14
6948.75  3.444775E-14
6950.00  3.444845E-14
6951.25  3.444185E-14
6952.50  3.444734E-14
6953.75  3.444196E-14
6955.00  3.444685E-14
6956.25  3.444846E-14
6957.50  3.445457E-14
6958.75  3.446171E-14
6960.00  3.447072E-14
6961.25  3.447868E-14
6962.50  3.448698E-14
6963.75  3.449289E-14
6965.00  3.449426E-14
6966.25  3.449403E-14
6967.50  3.448570E-14
6968.75  3.447365E-14
6970.00  3.445872E-14
6971.25  3.443630E-14
6972.50  3.441433E-14
6973.75  3.439340E-14
6975.00  3.436757E-14
6976.25  3.435560E-14
6977.50  3.433933E-14
6978.75  3.433240E-14
6980.00  3.433547E-14
6981.25  3.433166E-14
6982.50  3.434780E-14
6983.75  3.435336E-14
6985.00  3.436840E-14
6986.25  3.438372E-14
6987.50  3.438971E-14
6988.75  3.440695E-14
6990.00  3.440466E-14
6991.25  3.441448E-14
6992.50  3.440937E-14
6993.75  3.440746E-14
6995.00  3.440388E-14
6996.25  3.439104E-14
6997.50  3.439034E-14
6998.75  3.437496E-14
7000.00  3.437336E-14
7001.25  3.436523E-14
7002.50  3.435936E-14
7003.75  3.436255E-14
7005.00  3.435451E-14
7006.25  3.436290E-14
7007.50  3.436161E-14
7008.75  3.436417E-14
7010.00  3.437584E-14
7011.25  3.437319E-14
7012.50  3.439118E-14
7013.75  3.439549E-14
7015.00  3.441005E-14
7016.25  3.442885E-14
7017.50  3.444143E-14
7018.75  3.447177E-14
7020.00  3.449284E-14
7021.25  3.452863E-14
7022.50  3.456445E-14
7023.75  3.460429E-14
7025.00  3.465275E-14
7026.25  3.469993E-14
7027.50  3.475387E-14
7028.75  3.481292E-14
7030.00  3.486758E-14
7031.25  3.493486E-14
7032.50  3.499276E-14
7033.75  3.505804E-14
7035.00  3.512333E-14
7036.25  3.517637E-14
7037.50  3.524336E-14
7038.75  3.528460E-14
7040.00  3.533454E-14
7041.25  3.536520E-14
7042.50  3.538118E-14
7043.75  3.539094E-14
7045.00  3.536960E-14
7046.25  3.534128E-14
7047.50  3.528521E-14
7048.75  3.521173E-14
7050.00  3.512226E-14
7051.25  3.501492E-14
7052.50  3.489542E-14
7053.75  3.477191E-14
7055.00  3.463724E-14
7056.25  3.451337E-14
7057.50  3.438858E-14
7058.75  3.427615E-14
7060.00  3.418188E-14
7061.25  3.409366E-14
7062.50  3.403740E-14
7063.75  3.398665E-14
7065.00  3.396382E-14
7066.25  3.395307E-14
7067.50  3.395604E-14
7068.75  3.397276E-14
7070.00  3.399290E-14
7071.25  3.401890E-14
7072.50  3.404234E-14
7073.75  3.406134E-14
7075.00  3.407169E-14
7076.25  3.407272E-14
7077.50  3.405958E-14
7078.75  3.403592E-14
7080.00  3.399732E-14
7081.25  3.394811E-14
7082.50  3.388978E-14
7083.75  3.382183E-14
7085.00  3.375218E-14
7086.25  3.367728E-14
7087.50  3.360588E-14
7088.75  3.353787E-14
7090.00  3.347414E-14
7091.25  3.342168E-14
7092.50  3.337424E-14
7093.75  3.333982E-14
7095.00  3.331220E-14
7096.25  3.329621E-14
7097.50  3.328640E-14
7098.75  3.328653E-14
7100.00  3.329019E-14
7101.25  3.330020E-14
7102.50  3.331418E-14
7103.75  3.332810E-14
7105.00  3.334868E-14
7106.25  3.336264E-14
7107.50  3.338299E-14
7108.75  3.339710E-14
7110.00  3.341080E-14
7111.25  3.342255E-14
7112.50  3.342521E-14
7113.75  3.342664E-14
7115.00  3.341750E-14
7116.25  3.339983E-14
7117.50  3.337657E-14
7118.75  3.333809E-14
7120.00  3.329362E-14
7121.25  3.324226E-14
7122.50  3.317420E-14
7123.75  3.311575E-14
7125.00  3.303764E-14
7126.25  3.297082E-14
7127.50  3.290447E-14
7128.75  3.283346E-14
7130.00  3.278712E-14
7131.25  3.272627E-14
7132.50  3.269383E-14
7133.75  3.265732E-14
7135.00  3.263011E-14
7136.25  3.262012E-14
7137.50  3.259661E-14
7138.75  3.260063E-14
7140.00  3.258928E-14
7141.25  3.259076E-14
7142.50  3.259916E-14
7143.75  3.259623E-14
7145.00  3.261564E-14
7146.25  3.262228E-14
7147.50  3.263804E-14
7148.75  3.266183E-14
7150.00  3.267146E-14
7151.25  3.269869E-14
7152.50  3.271184E-14
7153.75  3.272337E-14
7155.00  3.274021E-14
7156.25  3.273108E-14
7157.50  3.273780E-14
7158.75  3.271846E-14
7160.00  3.270320E-14
7161.25  3.268249E-14
7162.50  3.264682E-14
7163.75  3.262419E-14
7165.00  3.258110E-14
7166.25  3.255256E-14
7167.50  3.251243E-14
7168.75  3.247647E-14
7170.00  3.244005E-14
7171.25  3.239845E-14
7172.50  3.236236E-14
7173.75  3.231689E-14
7175.00  3.228071E-14
7176.25  3.223211E-14
7177.50  3.219517E-14
7178.75  3.215258E-14
7180.00  3.211325E-14
7181.25  3.208637E-14
7182.50  3.205090E-14
7183.75  3.203835E-14
7185.00  3.202070E-14
7186.25  3.201642E-14
7187.50  3.202064E-14
7188.75  3.202607E-14
7190.00  3.204166E-14
7191.25  3.205820E-14
7192.50  3.207806E-14
7193.75  3.209828E-14
7195.00  3.212317E-14
7196.25  3.214236E-14
7197.50  3.217010E-14
7198.75  3.219567E-14
7200.00  3.222545E-14
7201.25  3.226657E-14
7202.50  3.230584E-14
7203.75  3.236171E-14
7205.00  3.242315E-14
7206.25  3.248970E-14
7207.50  3.257302E-14
7208.75  3.265266E-14
7210.00  3.274196E-14
7211.25  3.283517E-14
7212.50  3.291794E-14
7213.75  3.301059E-14
7215.00  3.308531E-14
7216.25  3.316012E-14
7217.50  3.322713E-14
7218.75  3.327723E-14
7220.00  3.332915E-14
7221.25  3.335923E-14
7222.50  3.338945E-14
7223.75  3.340523E-14
7225.00  3.341523E-14
7226.25  3.341900E-14
7227.50  3.341578E-14
7228.75  3.340844E-14
7230.00  3.339803E-14
7231.25  3.338881E-14
7232.50  3.337296E-14
7233.75  3.337067E-14
7235.00  3.335341E-14
7236.25  3.335836E-14
7237.50  3.335298E-14
7238.75  3.335694E-14
7240.00  3.337258E-14
7241.25  3.337453E-14
7242.50  3.340387E-14
7243.75  3.341427E-14
7245.00  3.344303E-14
7246.25  3.346662E-14
7247.50  3.349204E-14
7248.75  3.352202E-14
7250.00  3.354804E-14
7251.25  3.358024E-14
7252.50  3.360531E-14
7253.75  3.363845E-14
7255.00  3.366225E-14
7256.25  3.369048E-14
7257.50  3.371743E-14
7258.75  3.373809E-14
7260.00  3.376427E-14
7261.25  3.378186E-14
7262.50  3.379815E-14
7263.75  3.381659E-14
7265.00  3.381986E-14
7266.25  3.383546E-14
7267.50  3.383350E-14
7268.75  3.383827E-14
7270.00  3.384026E-14
7271.25  3.383093E-14
7272.50  3.383791E-14
7273.75  3.382422E-14
7275.00  3.382905E-14
7276.25  3.382493E-14
7277.50  3.382167E-14
7278.75  3.383132E-14
7280.00  3.382736E-14
7281.25  3.384350E-14
7282.50  3.384935E-14
7283.75  3.386487E-14
7285.00  3.388377E-14
7286.25  3.390379E-14
7287.50  3.393049E-14
7288.75  3.396129E-14
7290.00  3.399603E-14
7291.25  3.403078E-14
7292.50  3.407645E-14
7293.75  3.411127E-14
7295.00  3.416082E-14
7296.25  3.419788E-14
7297.50  3.423996E-14
7298.75  3.427790E-14
7300.00  3.430964E-14
7301.25  3.434561E-14
7302.50  3.436833E-14
7303.75  3.440193E-14
7305.00  3.442082E-14
7306.25  3.445175E-14
7307.50  3.447548E-14
7308.75  3.450026E-14
7310.00  3.453256E-14
7311.25  3.455204E-14
7312.50  3.458732E-14
7313.75  3.461035E-14
7315.00  3.463628E-14
7316.25  3.466775E-14
7317.50  3.468411E-14
7318.75  3.471453E-14
7320.00  3.473333E-14
7321.25  3.475481E-14
7322.50  3.478299E-14
7323.75  3.480235E-14
7325.00  3.483472E-14
7326.25  3.486294E-14
7327.50  3.489527E-14
7328.75  3.493421E-14
7330.00  3.497163E-14
7331.25  3.501319E-14
7332.50  3.505518E-14
7333.75  3.509228E-14
7335.00  3.513012E-14
7336.25  3.515991E-14
7337.50  3.518203E-14
7338.75  3.520122E-14
7340.00  3.520545E-14
7341.25  3.520473E-14
7342.50  3.519630E-14
7343.75  3.517544E-14
7345.00  3.515533E-14
7346.25  3.512571E-14
7347.50  3.509137E-14
7348.75  3.506547E-14
7350.00  3.503050E-14
7351.25  3.500401E-14
7352.50  3.498367E-14
7353.75  3.495894E-14
7355.00  3.495617E-14
7356.25  3.494937E-14
7357.50  3.495593E-14
7358.75  3.497521E-14
7360.00  3.499362E-14
7361.25  3.503362E-14
7362.50  3.506954E-14
7363.75  3.511510E-14
7365.00  3.516713E-14
7366.25  3.521401E-14
7367.50  3.526954E-14
7368.75  3.531633E-14
7370.00  3.536078E-14
7371.25  3.540315E-14
7372.50  3.542790E-14
7373.75  3.545602E-14
7375.00  3.546274E-14
7376.25  3.546608E-14
7377.50  3.545841E-14
7378.75  3.543938E-14
7380.00  3.541707E-14
7381.25  3.538532E-14
7382.50  3.535441E-14
7383.75  3.531621E-14
7385.00  3.528584E-14
7386.25  3.525302E-14
7387.50  3.522805E-14
7388.75  3.520889E-14
7390.00  3.519413E-14
7391.25  3.519073E-14
7392.50  3.518676E-14
7393.75  3.519282E-14
7395.00  3.520104E-14
7396.25  3.520632E-14
7397.50  3.521794E-14
7398.75  3.522642E-14
7400.00  3.522853E-14
7401.25  3.523419E-14
7402.50  3.523163E-14
7403.75  3.522287E-14
7405.00  3.522300E-14
7406.25  3.520495E-14
7407.50  3.519562E-14
7408.75  3.518420E-14
7410.00  3.516382E-14
7411.25  3.516071E-14
7412.50  3.514386E-14
7413.75  3.514267E-14
7415.00  3.514529E-14
7416.25  3.514516E-14
7417.50  3.516265E-14
7418.75  3.517682E-14
7420.00  3.520562E-14
7421.25  3.523464E-14
7422.50  3.526688E-14
7423.75  3.530853E-14
7425.00  3.534109E-14
7426.25  3.538301E-14
7427.50  3.542121E-14
7428.75  3.544726E-14
7430.00  3.548291E-14
7431.25  3.549420E-14
7432.50  3.551000E-14
7433.75  3.551756E-14
7435.00  3.550782E-14
7436.25  3.551279E-14
7437.50  3.549276E-14
7438.75  3.548538E-14
7440.00  3.547070E-14
7441.25  3.545465E-14
7442.50  3.545135E-14
7443.75  3.543778E-14
7445.00  3.544133E-14
7446.25  3.544184E-14
7447.50  3.544404E-14
7448.75  3.545772E-14
7450.00  3.546190E-14
7451.25  3.547663E-14
7452.50  3.548460E-14
7453.75  3.549114E-14
7455.00  3.549720E-14
7456.25  3.549960E-14
7457.50  3.549751E-14
7458.75  3.550138E-14
7460.00  3.549231E-14
7461.25  3.549706E-14
7462.50  3.549446E-14
7463.75  3.549529E-14
7465.00  3.550572E-14
7466.25  3.550882E-14
7467.50  3.552747E-14
7468.75  3.553734E-14
7470.00  3.555626E-14
7471.25  3.557043E-14
7472.50  3.558706E-14
7473.75  3.560164E-14
7475.00  3.561341E-14
7476.25  3.562572E-14
7477.50  3.563082E-14
7478.75  3.563495E-14
7480.00  3.563341E-14
7481.25  3.562932E-14
7482.50  3.561815E-14
7483.75  3.560640E-14
7485.00  3.559042E-14
7486.25  3.557051E-14
7487.50  3.555571E-14
7488.75  3.553356E-14
7490.00  3.551856E-14
7491.25  3.550447E-14
7492.50  3.549303E-14
7493.75  3.548812E-14
7495.00  3.548787E-14
7496.25  3.549397E-14
7497.50  3.550232E-14
7498.75  3.551863E-14
7500.00  3.553475E-14
7501.25  3.555359E-14
7502.50  3.557388E-14
7503.75  3.558999E-14
7505.00  3.561313E-14
7506.25  3.562559E-14
7507.50  3.564620E-14
7508.75  3.566119E-14
7510.00  3.567483E-14
7511.25  3.569786E-14
7512.50  3.570690E-14
7513.75  3.572957E-14
7515.00  3.574091E-14
7516.25  3.576059E-14
7517.50  3.577313E-14
7518.75  3.578603E-14
7520.00  3.579959E-14
7521.25  3.580551E-14
7522.50  3.581787E-14
7523.75  3.582327E-14
7525.00  3.583259E-14
7526.25  3.584247E-14
7527.50  3.585207E-14
7528.75  3.586446E-14
7530.00  3.587666E-14
7531.25  3.589103E-14
7532.50  3.590562E-14
7533.75  3.592159E-14
7535.00  3.593605E-14
7536.25  3.595146E-14
7537.50  3.596347E-14
7538.75  3.597205E-14
7540.00  3.597913E-14
7541.25  3.598157E-14
7542.50  3.598098E-14
7543.75  3.597595E-14
7545.00  3.596904E-14
7546.25  3.595611E-14
7547.50  3.594193E-14
7548.75  3.592676E-14
7550.00  3.590406E-14
7551.25  3.588833E-14
7552.50  3.586498E-14
7553.75  3.584341E-14
7555.00  3.582458E-14
7556.25  3.580085E-14
7557.50  3.578490E-14
7558.75  3.576296E-14
7560.00  3.574913E-14
7561.25  3.573238E-14
7562.50  3.571887E-14
7563.75  3.570884E-14
7565.00  3.569511E-14
7566.25  3.568888E-14
7567.50  3.567943E-14
7568.75  3.567171E-14
7570.00  3.566615E-14
7571.25  3.565714E-14
7572.50  3.565025E-14
7573.75  3.564305E-14
7575.00  3.562819E-14
7576.25  3.561584E-14
7577.50  3.559504E-14
7578.75  3.556841E-14
7580.00  3.553843E-14
7581.25  3.550061E-14
7582.50  3.546007E-14
7583.75  3.541510E-14
7585.00  3.536394E-14
7586.25  3.531434E-14
7587.50  3.526298E-14
7588.75  3.520811E-14
7590.00  3.516447E-14
7591.25  3.511405E-14
7592.50  3.507194E-14
7593.75  3.503960E-14
7595.00  3.499917E-14
7596.25  3.497072E-14
7597.50  3.495078E-14
7598.75  3.491259E-14
7600.00  3.490921E-14
7601.25  3.487997E-14
7602.50  3.486056E-14
7603.75  3.485560E-14
7605.00  3.482836E-14
7606.25  3.481995E-14
7607.50  3.481164E-14
7608.75  3.478930E-14
7610.00  3.479291E-14
7611.25  3.477328E-14
7612.50  3.476640E-14
7613.75  3.476648E-14
7615.00  3.474747E-14
7616.25  3.475091E-14
7617.50  3.473203E-14
7618.75  3.473196E-14
7620.00  3.471221E-14
7621.25  3.470991E-14
7622.50  3.469537E-14
7623.75  3.467700E-14
7625.00  3.467693E-14
7626.25  3.464123E-14
7627.50  3.463747E-14
7628.75  3.461302E-14
7630.00  3.457499E-14
7631.25  3.458016E-14
7632.50  3.452677E-14
7633.75  3.451897E-14
7635.00  3.450233E-14
7636.25  3.445701E-14
7637.50  3.446965E-14
7638.75  3.441765E-14
7640.00  3.440613E-14
7641.25  3.440247E-14
7642.50  3.433223E-14
7643.75  3.434696E-14
7645.00  3.428679E-14
7646.25  3.423441E-14
7647.50  3.421268E-14
7648.75  3.412189E-14
7650.00  3.405630E-14
7651.25  3.398945E-14
7652.50  3.385892E-14
7653.75  3.378072E-14
7655.00  3.366005E-14
7656.25  3.351845E-14
7657.50  3.343251E-14
7658.75  3.328179E-14
7660.00  3.317844E-14
7661.25  3.306776E-14
7662.50  3.297080E-14
7663.75  3.288732E-14
7665.00  3.284270E-14
7666.25  3.278342E-14
7667.50  3.277597E-14
7668.75  3.279173E-14
7670.00  3.280379E-14
7671.25  3.287040E-14
7672.50  3.292095E-14
7673.75  3.298144E-14
7675.00  3.306738E-14
7676.25  3.312470E-14
7677.50  3.319669E-14
7678.75  3.326290E-14
7680.00  3.330626E-14
7681.25  3.336022E-14
7682.50  3.338434E-14
7683.75  3.340598E-14
7685.00  3.341688E-14
7686.25  3.340333E-14
7687.50  3.339162E-14
7688.75  3.335672E-14
7690.00  3.331847E-14
7691.25  3.327699E-14
7692.50  3.321843E-14
7693.75  3.317189E-14
7695.00  3.311145E-14
7696.25  3.305990E-14
7697.50  3.301491E-14
7698.75  3.296514E-14
7700.00  3.293163E-14
7701.25  3.290957E-14
7702.50  3.288598E-14
7703.75  3.289852E-14
7705.00  3.290006E-14
7706.25  3.291498E-14
7707.50  3.294815E-14
7708.75  3.296710E-14
7710.00  3.299811E-14
7711.25  3.303744E-14
7712.50  3.305930E-14
7713.75  3.309913E-14
7715.00  3.313761E-14
7716.25  3.315570E-14
7717.50  3.320835E-14
7718.75  3.323092E-14
7720.00  3.326500E-14
7721.25  3.330381E-14
7722.50  3.332714E-14
7723.75  3.335623E-14
7725.00  3.339280E-14
7726.25  3.340720E-14
7727.50  3.343877E-14
7728.75  3.346204E-14
7730.00  3.347395E-14
7731.25  3.349277E-14
7732.50  3.349910E-14
7733.75  3.349405E-14
7735.00  3.349445E-14
7736.25  3.347510E-14
7737.50  3.345177E-14
7738.75  3.343246E-14
7740.00  3.338964E-14
7741.25  3.336005E-14
7742.50  3.332043E-14
7743.75  3.327694E-14
7745.00  3.324713E-14
7746.25  3.320382E-14
7747.50  3.317500E-14
7748.75  3.315271E-14
7750.00  3.312552E-14
7751.25  3.311782E-14
7752.50  3.310685E-14
7753.75  3.310205E-14
7755.00  3.310039E-14
7756.25  3.309676E-14
7757.50  3.309462E-14
7758.75  3.308975E-14
7760.00  3.308117E-14
7761.25  3.306918E-14
7762.50  3.305938E-14
7763.75  3.304015E-14
7765.00  3.302395E-14
7766.25  3.300930E-14
7767.50  3.298469E-14
7768.75  3.297234E-14
7770.00  3.295599E-14
7771.25  3.294226E-14
7772.50  3.293948E-14
7773.75  3.293447E-14
7775.00  3.293929E-14
7776.25  3.294804E-14
7777.50  3.296123E-14
7778.75  3.296913E-14
7780.00  3.299198E-14
7781.25  3.300803E-14
7782.50  3.302250E-14
7783.75  3.304856E-14
7785.00  3.306081E-14
7786.25  3.308041E-14
7787.50  3.310339E-14
7788.75  3.311200E-14
7790.00  3.314468E-14
7791.25  3.315791E-14
7792.50  3.318213E-14
7793.75  3.321372E-14
7795.00  3.323272E-14
7796.25  3.326635E-14
7797.50  3.329611E-14
7798.75  3.332442E-14
7800.00  3.336633E-14
7801.25  3.339672E-14
7802.50  3.344054E-14
7803.75  3.348046E-14
7805.00  3.351819E-14
7806.25  3.356545E-14
7807.50  3.359843E-14
7808.75  3.364126E-14
7810.00  3.367532E-14
7811.25  3.370885E-14
7812.50  3.374232E-14
7813.75  3.376466E-14
7815.00  3.378823E-14
7816.25  3.380401E-14
7817.50  3.380890E-14
7818.75  3.381400E-14
7820.00  3.380328E-14
7821.25  3.378906E-14
7822.50  3.377641E-14
7823.75  3.374774E-14
7825.00  3.372390E-14
7826.25  3.369876E-14
7827.50  3.366698E-14
7828.75  3.364642E-14
7830.00  3.362099E-14
7831.25  3.360001E-14
7832.50  3.359582E-14
7833.75  3.358787E-14
7835.00  3.359110E-14
7836.25  3.360940E-14
7837.50  3.362289E-14
7838.75  3.365199E-14
7840.00  3.367838E-14
7841.25  3.371315E-14
7842.50  3.374702E-14
7843.75  3.378115E-14
7845.00  3.381759E-14
7846.25  3.385338E-14
7847.50  3.388213E-14
7848.75  3.391446E-14
7850.00  3.393727E-14
7851.25  3.396076E-14
7852.50  3.398173E-14
7853.75  3.398944E-14
7855.00  3.400898E-14
7856.25  3.401693E-14
7857.50  3.401590E-14
7858.75  3.402795E-14
7860.00  3.402017E-14
7861.25  3.401711E-14
7862.50  3.401804E-14
7863.75  3.400074E-14
7865.00  3.400183E-14
7866.25  3.399363E-14
7867.50  3.397976E-14
7868.75  3.398206E-14
7870.00  3.396860E-14
7871.25  3.396174E-14
7872.50  3.396342E-14
7873.75  3.394821E-14
7875.00  3.395119E-14
7876.25  3.394814E-14
7877.50  3.393707E-14
7878.75  3.394426E-14
7880.00  3.393168E-14
7881.25  3.392511E-14
7882.50  3.392357E-14
7883.75  3.390241E-14
7885.00  3.389705E-14
7886.25  3.388123E-14
7887.50  3.385873E-14
7888.75  3.384928E-14
7890.00  3.382189E-14
7891.25  3.380035E-14
7892.50  3.377917E-14
7893.75  3.374815E-14
7895.00  3.372286E-14
7896.25  3.369983E-14
7897.50  3.366743E-14
7898.75  3.364138E-14
7900.00  3.361383E-14
7901.25  3.357910E-14
7902.50  3.354810E-14
7903.75  3.351744E-14
7905.00  3.347871E-14
7906.25  3.345233E-14
7907.50  3.341503E-14
7908.75  3.338085E-14
7910.00  3.335558E-14
7911.25  3.332310E-14
7912.50  3.329909E-14
7913.75  3.328366E-14
7915.00  3.326371E-14
7916.25  3.326010E-14
7917.50  3.324591E-14
7918.75  3.324627E-14
7920.00  3.324749E-14
7921.25  3.324754E-14
7922.50  3.325404E-14
7923.75  3.326115E-14
7925.00  3.326165E-14
7926.25  3.326885E-14
7927.50  3.326502E-14
7928.75  3.326364E-14
7930.00  3.325818E-14
7931.25  3.325049E-14
7932.50  3.323654E-14
7933.75  3.322751E-14
7935.00  3.321209E-14
7936.25  3.319482E-14
7937.50  3.317793E-14
7938.75  3.316482E-14
7940.00  3.315291E-14
7941.25  3.314701E-14
7942.50  3.314438E-14
7943.75  3.314510E-14
7945.00  3.315362E-14
7946.25  3.316731E-14
7947.50  3.318308E-14
7948.75  3.320920E-14
7950.00  3.323405E-14
7951.25  3.326801E-14
7952.50  3.330154E-14
7953.75  3.332944E-14
7955.00  3.336664E-14
7956.25  3.339760E-14
7957.50  3.342770E-14
7958.75  3.346414E-14
7960.00  3.348592E-14
7961.25  3.351862E-14
7962.50  3.354767E-14
7963.75  3.356481E-14
7965.00  3.359810E-14
7966.25  3.361981E-14
7967.50  3.363989E-14
7968.75  3.366674E-14
7970.00  3.368083E-14
7971.25  3.369757E-14
7972.50  3.371896E-14
7973.75  3.372567E-14
7975.00  3.374085E-14
7976.25  3.375246E-14
7977.50  3.375218E-14
7978.75  3.375729E-14
7980.00  3.376121E-14
7981.25  3.375640E-14
7982.50  3.376257E-14
7983.75  3.375933E-14
7985.00  3.375249E-14
7986.25  3.375200E-14
7987.50  3.374267E-14
7988.75  3.373333E-14
7990.00  3.373392E-14
7991.25  3.372602E-14
7992.50  3.372042E-14
7993.75  3.372321E-14
7995.00  3.371869E-14
7996.25  3.372114E-14
7997.50  3.373171E-14
7998.75  3.373582E-14
8000.00  3.375428E-14
8001.25  3.377856E-14
8002.50  3.379662E-14
8003.75  3.382725E-14
8005.00  3.385876E-14
8006.25  3.388559E-14
8007.50  3.392040E-14
8008.75  3.394998E-14
8010.00  3.397368E-14
8011.25  3.400631E-14
8012.50  3.402878E-14
8013.75  3.404330E-14
8015.00  3.406309E-14
8016.25  3.406956E-14
8017.50  3.407147E-14
8018.75  3.408048E-14
8020.00  3.407572E-14
8021.25  3.407645E-14
8022.50  3.408644E-14
8023.75  3.408133E-14
8025.00  3.408923E-14
8026.25  3.409544E-14
8027.50  3.409823E-14
8028.75  3.411989E-14
8030.00  3.413473E-14
8031.25  3.414992E-14
8032.50  3.417369E-14
8033.75  3.418348E-14
8035.00  3.420183E-14
8036.25  3.421148E-14
8037.50  3.421770E-14
8038.75  3.423171E-14
8040.00  3.423159E-14
8041.25  3.423926E-14
8042.50  3.424612E-14
8043.75  3.424038E-14
8045.00  3.425474E-14
8046.25  3.425618E-14
8047.50  3.426279E-14
8048.75  3.428480E-14
8050.00  3.429286E-14
8051.25  3.431199E-14
8052.50  3.433470E-14
8053.75  3.434097E-14
8055.00  3.436050E-14
8056.25  3.436956E-14
8057.50  3.437166E-14
8058.75  3.437606E-14
8060.00  3.437006E-14
8061.25  3.435888E-14
8062.50  3.434669E-14
8063.75  3.432204E-14
8065.00  3.430335E-14
8066.25  3.427694E-14
8067.50  3.424985E-14
8068.75  3.422212E-14
8070.00  3.419723E-14
8071.25  3.417464E-14
8072.50  3.415610E-14
8073.75  3.413474E-14
8075.00  3.411757E-14
8076.25  3.410365E-14
8077.50  3.409333E-14
8078.75  3.408262E-14
8080.00  3.407683E-14
8081.25  3.406788E-14
8082.50  3.406069E-14
8083.75  3.405840E-14
8085.00  3.404613E-14
8086.25  3.404471E-14
8087.50  3.404788E-14
8088.75  3.404640E-14
8090.00  3.404757E-14
8091.25  3.405226E-14
8092.50  3.405783E-14
8093.75  3.407025E-14
8095.00  3.408792E-14
8096.25  3.410645E-14
8097.50  3.412204E-14
8098.75  3.414706E-14
8100.00  3.416816E-14
8101.25  3.418895E-14
8102.50  3.421639E-14
8103.75  3.423124E-14
8105.00  3.425045E-14
8106.25  3.426743E-14
8107.50  3.427587E-14
8108.75  3.429000E-14
8110.00  3.429530E-14
8111.25  3.430129E-14
8112.50  3.431164E-14
8113.75  3.430905E-14
8115.00  3.432349E-14
8116.25  3.432731E-14
8117.50  3.432971E-14
8118.75  3.434478E-14
8120.00  3.434888E-14
8121.25  3.435760E-14
8122.50  3.437266E-14
8123.75  3.437201E-14
8125.00  3.438224E-14
8126.25  3.438343E-14
8127.50  3.438453E-14
8128.75  3.438890E-14
8130.00  3.438331E-14
8131.25  3.437656E-14
8132.50  3.436968E-14
8133.75  3.434993E-14
8135.00  3.434444E-14
8136.25  3.432839E-14
8137.50  3.430671E-14
8138.75  3.428981E-14
8140.00  3.426198E-14
8141.25  3.422897E-14
8142.50  3.421011E-14
8143.75  3.417345E-14
8145.00  3.413936E-14
8146.25  3.410485E-14
8147.50  3.405421E-14
8148.75  3.401972E-14
8150.00  3.398055E-14
8151.25  3.393280E-14
8152.50  3.389509E-14
8153.75  3.383911E-14
8155.00  3.378832E-14
8156.25  3.376431E-14
8157.50  3.372333E-14
8158.75  3.369737E-14
8160.00  3.367310E-14
8161.25  3.362872E-14
8162.50  3.360935E-14
8163.75  3.360718E-14
8165.00  3.358565E-14
8166.25  3.358906E-14
8167.50  3.357441E-14
8168.75  3.353912E-14
8170.00  3.352056E-14
8171.25  3.349575E-14
8172.50  3.345353E-14
8173.75  3.342700E-14
8175.00  3.336800E-14
8176.25  3.329003E-14
8177.50  3.322224E-14
8178.75  3.314462E-14
8180.00  3.306022E-14
8181.25  3.299435E-14
8182.50  3.291366E-14
8183.75  3.282969E-14
8185.00  3.276309E-14
8186.25  3.269972E-14
8187.50  3.263073E-14
8188.75  3.260059E-14
8190.00  3.257983E-14
8191.25  3.256005E-14
8192.50  3.257578E-14
8193.75  3.259112E-14
8195.00  3.261431E-14
8196.25  3.267936E-14
8197.50  3.274728E-14
8198.75  3.281704E-14
8200.00  3.292674E-14
8201.25  3.301270E-14
8202.50  3.310985E-14
8203.75  3.322228E-14
8205.00  3.330178E-14
8206.25  3.338340E-14
8207.50  3.347247E-14
8208.75  3.351906E-14
8210.00  3.356675E-14
8211.25  3.359918E-14
8212.50  3.357946E-14
8213.75  3.357456E-14
8215.00  3.355322E-14
8216.25  3.350067E-14
8217.50  3.346242E-14
8218.75  3.340260E-14
8220.00  3.331501E-14
8221.25  3.326764E-14
8222.50  3.320893E-14
8223.75  3.316034E-14
8225.00  3.314431E-14
8226.25  3.311757E-14
8227.50  3.310955E-14
8228.75  3.314097E-14
8230.00  3.317695E-14
8231.25  3.324256E-14
8232.50  3.333103E-14
8233.75  3.341213E-14
8235.00  3.351458E-14
8236.25  3.362951E-14
8237.50  3.373581E-14
8238.75  3.385579E-14
8240.00  3.396409E-14
8241.25  3.405867E-14
8242.50  3.415086E-14
8243.75  3.423239E-14
8245.00  3.429469E-14
8246.25  3.435367E-14
8247.50  3.439487E-14
8248.75  3.442195E-14
8250.00  3.444313E-14
8251.25  3.446005E-14
8252.50  3.446347E-14
8253.75  3.446674E-14
8255.00  3.446872E-14
8256.25  3.445386E-14
8257.50  3.445040E-14
8258.75  3.444315E-14
8260.00  3.442574E-14
8261.25  3.441687E-14
8262.50  3.439814E-14
8263.75  3.436349E-14
8265.00  3.433993E-14
8266.25  3.429699E-14
8267.50  3.424849E-14
8268.75  3.420340E-14
8270.00  3.414760E-14
8271.25  3.408215E-14
8272.50  3.402088E-14
8273.75  3.394913E-14
8275.00  3.387931E-14
8276.25  3.382402E-14
8277.50  3.376687E-14
8278.75  3.371033E-14
8280.00  3.365875E-14
8281.25  3.360867E-14
8282.50  3.356967E-14
8283.75  3.354305E-14
8285.00  3.351720E-14
8286.25  3.349273E-14
8287.50  3.346766E-14
8288.75  3.344745E-14
8290.00  3.344303E-14
8291.25  3.342696E-14
8292.50  3.342429E-14
8293.75  3.341856E-14
8295.00  3.339886E-14
8296.25  3.340000E-14
8297.50  3.340111E-14
8298.75  3.338392E-14
8300.00  3.339243E-14
8301.25  3.338901E-14
8302.50  3.336941E-14
8303.75  3.337830E-14
8305.00  3.337334E-14
8306.25  3.335549E-14
8307.50  3.336790E-14
8308.75  3.335789E-14
8310.00  3.334319E-14
8311.25  3.334923E-14
8312.50  3.333057E-14
8313.75  3.331440E-14
8315.00  3.331732E-14
8316.25  3.329331E-14
8317.50  3.328097E-14
8318.75  3.327468E-14
8320.00  3.323262E-14
8321.25  3.322611E-14
8322.50  3.321935E-14
8323.75  3.318441E-14
8325.00  3.319087E-14
8326.25  3.317450E-14
8327.50  3.314204E-14
8328.75  3.316700E-14
8330.00  3.316517E-14
8331.25  3.315473E-14
8332.50  3.318876E-14
8333.75  3.319134E-14
8335.00  3.320058E-14
8336.25  3.325410E-14
8337.50  3.327233E-14
8338.75  3.329266E-14
8340.00  3.334886E-14
8341.25  3.336773E-14
8342.50  3.340439E-14
8343.75  3.346046E-14
8345.00  3.347911E-14
8346.25  3.350882E-14
8347.50  3.355267E-14
8348.75  3.355971E-14
8350.00  3.358989E-14
8351.25  3.361906E-14
8352.50  3.361338E-14
8353.75  3.362793E-14
8355.00  3.363608E-14
8356.25  3.361688E-14
8357.50  3.362183E-14
8358.75  3.361114E-14
8360.00  3.358428E-14
8361.25  3.357578E-14
8362.50  3.354900E-14
8363.75  3.350909E-14
8365.00  3.348958E-14
8366.25  3.344753E-14
8367.50  3.341457E-14
8368.75  3.338007E-14
8370.00  3.332452E-14
8371.25  3.327961E-14
8372.50  3.323418E-14
8373.75  3.318483E-14
8375.00  3.313820E-14
8376.25  3.308618E-14
8377.50  3.303052E-14
8378.75  3.299597E-14
8380.00  3.294883E-14
8381.25  3.291987E-14
8382.50  3.288680E-14
8383.75  3.286483E-14
8385.00  3.285694E-14
8386.25  3.286248E-14
8387.50  3.286246E-14
8388.75  3.288011E-14
8390.00  3.290440E-14
8391.25  3.293625E-14
8392.50  3.298789E-14
8393.75  3.302138E-14
8395.00  3.306824E-14
8396.25  3.311174E-14
8397.50  3.315394E-14
8398.75  3.320443E-14
8400.00  3.325265E-14
8401.25  3.327171E-14
8402.50  3.331113E-14
8403.75  3.333565E-14
8405.00  3.334404E-14
8406.25  3.337342E-14
8407.50  3.338446E-14
8408.75  3.337662E-14
8410.00  3.339449E-14
8411.25  3.339162E-14
8412.50  3.336776E-14
8413.75  3.338258E-14
8415.00  3.337148E-14
8416.25  3.334181E-14
8417.50  3.334826E-14
8418.75  3.331760E-14
8420.00  3.327096E-14
8421.25  3.327032E-14
8422.50  3.322876E-14
8423.75  3.316911E-14
8425.00  3.315355E-14
8426.25  3.308441E-14
8427.50  3.300948E-14
8428.75  3.298698E-14
8430.00  3.291179E-14
8431.25  3.283937E-14
8432.50  3.281488E-14
8433.75  3.273478E-14
8435.00  3.266995E-14
8436.25  3.266162E-14
8437.50  3.260731E-14
8438.75  3.258144E-14
8440.00  3.258316E-14
8441.25  3.255976E-14
8442.50  3.255162E-14
8443.75  3.257825E-14
8445.00  3.258139E-14
8446.25  3.259374E-14
8447.50  3.262888E-14
8448.75  3.265374E-14
8450.00  3.266032E-14
8451.25  3.269085E-14
8452.50  3.270041E-14
8453.75  3.269770E-14
8455.00  3.272468E-14
8456.25  3.272034E-14
8457.50  3.270111E-14
8458.75  3.271434E-14
8460.00  3.269382E-14
8461.25  3.267307E-14
8462.50  3.268683E-14
8463.75  3.266087E-14
8465.00  3.265546E-14
8466.25  3.267926E-14
8467.50  3.266559E-14
8468.75  3.268159E-14
8470.00  3.272209E-14
8471.25  3.272903E-14
8472.50  3.276377E-14
8473.75  3.280724E-14
8475.00  3.282020E-14
8476.25  3.285487E-14
8477.50  3.288806E-14
8478.75  3.288675E-14
8480.00  3.288875E-14
8481.25  3.288726E-14
8482.50  3.285073E-14
8483.75  3.280848E-14
8485.00  3.275649E-14
8486.25  3.265721E-14
8487.50  3.257531E-14
8488.75  3.249126E-14
8490.00  3.235730E-14
8491.25  3.225502E-14
8492.50  3.215316E-14
8493.75  3.203228E-14
8495.00  3.196475E-14
8496.25  3.189073E-14
8497.50  3.179478E-14
8498.75  3.178402E-14
8500.00  3.178989E-14
8501.25  3.179284E-14
8502.50  3.183772E-14
8503.75  3.186927E-14
8505.00  3.192096E-14
8506.25  3.201392E-14
8507.50  3.210395E-14
8508.75  3.218561E-14
8510.00  3.226608E-14
8511.25  3.234751E-14
8512.50  3.242326E-14
8513.75  3.248208E-14
8515.00  3.253333E-14
8516.25  3.257935E-14
8517.50  3.260305E-14
8518.75  3.261422E-14
8520.00  3.260880E-14
8521.25  3.257947E-14
8522.50  3.252519E-14
8523.75  3.245534E-14
8525.00  3.235564E-14
8526.25  3.223016E-14
8527.50  3.207874E-14
8528.75  3.191296E-14
8530.00  3.168815E-14
8531.25  3.146610E-14
8532.50  3.126067E-14
8533.75  3.099996E-14
8535.00  3.077227E-14
8536.25  3.056606E-14
8537.50  3.033964E-14
8538.75  3.017909E-14
8540.00  3.008473E-14
8541.25  2.993813E-14
8542.50  2.991895E-14
8543.75  2.997038E-14
8545.00  3.000607E-14
8546.25  3.015682E-14
8547.50  3.030777E-14
8548.75  3.046431E-14
8550.00  3.070269E-14
8551.25  3.096261E-14
8552.50  3.119007E-14
8553.75  3.145514E-14
8555.00  3.169128E-14
8556.25  3.190579E-14
8557.50  3.213536E-14
8558.75  3.232450E-14
8560.00  3.248734E-14
8561.25  3.263985E-14
8562.50  3.275889E-14
8563.75  3.286134E-14
8565.00  3.295341E-14
8566.25  3.301129E-14
8567.50  3.306345E-14
8568.75  3.310410E-14
8570.00  3.311651E-14
8571.25  3.313534E-14
8572.50  3.314186E-14
8573.75  3.312581E-14
8575.00  3.312567E-14
8576.25  3.310536E-14
8577.50  3.307287E-14
8578.75  3.305600E-14
8580.00  3.301654E-14
8581.25  3.296977E-14
8582.50  3.293544E-14
8583.75  3.288639E-14
8585.00  3.283711E-14
8586.25  3.279096E-14
8587.50  3.273189E-14
8588.75  3.268088E-14
8590.00  3.263408E-14
8591.25  3.258196E-14
8592.50  3.253647E-14
8593.75  3.249713E-14
8595.00  3.246232E-14
8596.25  3.243673E-14
8597.50  3.241455E-14
8598.75  3.240091E-14
8600.00  3.239632E-14
8601.25  3.240185E-14
8602.50  3.241478E-14
8603.75  3.242722E-14
8605.00  3.245184E-14
8606.25  3.248227E-14
8607.50  3.251083E-14
8608.75  3.255056E-14
8610.00  3.258561E-14
8611.25  3.261639E-14
8612.50  3.266325E-14
8613.75  3.270305E-14
8615.00  3.273320E-14
8616.25  3.278043E-14
8617.50  3.281375E-14
8618.75  3.283833E-14
8620.00  3.288223E-14
8621.25  3.290765E-14
8622.50  3.292617E-14
8623.75  3.296518E-14
8625.00  3.297878E-14
8626.25  3.298581E-14
8627.50  3.301681E-14
8628.75  3.301246E-14
8630.00  3.300865E-14
8631.25  3.302034E-14
8632.50  3.299377E-14
8633.75  3.297485E-14
8635.00  3.295823E-14
8636.25  3.289983E-14
8637.50  3.285201E-14
8638.75  3.279157E-14
8640.00  3.269705E-14
8641.25  3.260925E-14
8642.50  3.248746E-14
8643.75  3.234689E-14
8645.00  3.220637E-14
8646.25  3.201715E-14
8647.50  3.183033E-14
8648.75  3.162721E-14
8650.00  3.136716E-14
8651.25  3.115185E-14
8652.50  3.091374E-14
8653.75  3.064818E-14
8655.00  3.044984E-14
8656.25  3.021251E-14
8657.50  2.998300E-14
8658.75  2.985107E-14
8660.00  2.968533E-14
8661.25  2.955603E-14
8662.50  2.952228E-14
8663.75  2.948070E-14
8665.00  2.951235E-14
8666.25  2.959643E-14
8667.50  2.965490E-14
8668.75  2.977656E-14
8670.00  2.993251E-14
8671.25  3.007073E-14
8672.50  3.024892E-14
8673.75  3.041385E-14
8675.00  3.056765E-14
8676.25  3.073408E-14
8677.50  3.088048E-14
8678.75  3.099992E-14
8680.00  3.112044E-14
8681.25  3.122772E-14
8682.50  3.131046E-14
8683.75  3.139033E-14
8685.00  3.146672E-14
8686.25  3.152444E-14
8687.50  3.157672E-14
8688.75  3.163819E-14
8690.00  3.168804E-14
8691.25  3.174242E-14
8692.50  3.180685E-14
8693.75  3.185508E-14
8695.00  3.191053E-14
8696.25  3.198435E-14
8697.50  3.203408E-14
8698.75  3.209329E-14
8700.00  3.216342E-14
8701.25  3.221287E-14
8702.50  3.227367E-14
8703.75  3.233741E-14
8705.00  3.237554E-14
8706.25  3.242370E-14
8707.50  3.247563E-14
8708.75  3.250036E-14
8710.00  3.253848E-14
8711.25  3.256835E-14
8712.50  3.258141E-14
8713.75  3.260691E-14
8715.00  3.262226E-14
8716.25  3.262401E-14
8717.50  3.262853E-14
8718.75  3.262541E-14
8720.00  3.261678E-14
8721.25  3.260769E-14
8722.50  3.258357E-14
8723.75  3.255925E-14
8725.00  3.252951E-14
8726.25  3.248975E-14
8727.50  3.245140E-14
8728.75  3.240200E-14
8730.00  3.234378E-14
8731.25  3.229091E-14
8732.50  3.222930E-14
8733.75  3.215872E-14
8735.00  3.209285E-14
8736.25  3.201855E-14
8737.50  3.194786E-14
8738.75  3.188697E-14
8740.00  3.181316E-14
8741.25  3.174595E-14
8742.50  3.169567E-14
8743.75  3.164058E-14
8745.00  3.159353E-14
8746.25  3.156306E-14
8747.50  3.153025E-14
8748.75  3.151851E-14
8750.00  3.152492E-14
8751.25  3.152088E-14
8752.50  3.153852E-14
8753.75  3.158181E-14
8755.00  3.161498E-14
8756.25  3.165640E-14
8757.50  3.171380E-14
8758.75  3.177066E-14
8760.00  3.183478E-14
8761.25  3.189731E-14
8762.50  3.195776E-14
8763.75  3.202245E-14
8765.00  3.208756E-14
8766.25  3.214745E-14
8767.50  3.220162E-14
8768.75  3.225512E-14
8770.00  3.231229E-14
8771.25  3.236209E-14
8772.50  3.240274E-14
8773.75  3.244974E-14
8775.00  3.249270E-14
8776.25  3.253218E-14
8777.50  3.256891E-14
8778.75  3.259871E-14
8780.00  3.263194E-14
8781.25  3.265780E-14
8782.50  3.267562E-14
8783.75  3.269502E-14
8785.00  3.270361E-14
8786.25  3.270598E-14
8787.50  3.271182E-14
8788.75  3.269754E-14
8790.00  3.267012E-14
8791.25  3.265706E-14
8792.50  3.262403E-14
8793.75  3.257259E-14
8795.00  3.254208E-14
8796.25  3.249339E-14
8797.50  3.242644E-14
8798.75  3.238938E-14
8800.00  3.233639E-14
8801.25  3.226428E-14
8802.50  3.222796E-14
8803.75  3.219454E-14
8805.00  3.214452E-14
8806.25  3.212646E-14
8807.50  3.211637E-14
8808.75  3.210632E-14
8810.00  3.211886E-14
8811.25  3.213242E-14
8812.50  3.214451E-14
8813.75  3.216912E-14
8815.00  3.220104E-14
8816.25  3.222308E-14
8817.50  3.224746E-14
8818.75  3.228026E-14
8820.00  3.230424E-14
8821.25  3.232542E-14
8822.50  3.235096E-14
8823.75  3.235726E-14
8825.00  3.236308E-14
8826.25  3.239055E-14
8827.50  3.238541E-14
8828.75  3.237928E-14
8830.00  3.239444E-14
8831.25  3.238279E-14
8832.50  3.236663E-14
8833.75  3.236681E-14
8835.00  3.234146E-14
8836.25  3.231554E-14
8837.50  3.231151E-14
8838.75  3.226653E-14
8840.00  3.223085E-14
8841.25  3.221449E-14
8842.50  3.215028E-14
8843.75  3.209748E-14
8845.00  3.206207E-14
8846.25  3.197859E-14
8847.50  3.190866E-14
8848.75  3.185330E-14
8850.00  3.175021E-14
8851.25  3.166943E-14
8852.50  3.159620E-14
8853.75  3.148021E-14
8855.00  3.139241E-14
8856.25  3.130957E-14
8857.50  3.119771E-14
8858.75  3.111456E-14
8860.00  3.104622E-14
8861.25  3.096091E-14
8862.50  3.090273E-14
8863.75  3.086413E-14
8865.00  3.082791E-14
8866.25  3.081110E-14
8867.50  3.080427E-14
8868.75  3.081627E-14
8870.00  3.084073E-14
8871.25  3.087184E-14
8872.50  3.091821E-14
8873.75  3.096612E-14
8875.00  3.102882E-14
8876.25  3.109910E-14
8877.50  3.115879E-14
8878.75  3.122652E-14
8880.00  3.130582E-14
8881.25  3.136875E-14
8882.50  3.142958E-14
8883.75  3.149959E-14
8885.00  3.155520E-14
8886.25  3.161051E-14
8887.50  3.166620E-14
8888.75  3.171037E-14
8890.00  3.175653E-14
8891.25  3.180258E-14
8892.50  3.183557E-14
8893.75  3.187075E-14
8895.00  3.191034E-14
8896.25  3.193645E-14
8897.50  3.196364E-14
8898.75  3.199442E-14
8900.00  3.201239E-14
8901.25  3.203567E-14
8902.50  3.206073E-14
8903.75  3.206512E-14
8905.00  3.208093E-14
8906.25  3.210352E-14
8907.50  3.209570E-14
8908.75  3.210061E-14
8910.00  3.211777E-14
8911.25  3.210258E-14
8912.50  3.210279E-14
8913.75  3.211361E-14
8915.00  3.209252E-14
8916.25  3.209066E-14
8917.50  3.210054E-14
8918.75  3.207567E-14
8920.00  3.206881E-14
8921.25  3.208093E-14
8922.50  3.206244E-14
8923.75  3.205025E-14
8925.00  3.206328E-14
8926.25  3.205466E-14
8927.50  3.203862E-14
8928.75  3.204711E-14
8930.00  3.204649E-14
8931.25  3.203047E-14
8932.50  3.202653E-14
8933.75  3.202192E-14
8935.00  3.200203E-14
8936.25  3.198682E-14
8937.50  3.196929E-14
8938.75  3.193851E-14
8940.00  3.191103E-14
8941.25  3.188220E-14
8942.50  3.184068E-14
8943.75  3.179961E-14
8945.00  3.176275E-14
8946.25  3.171461E-14
8947.50  3.166622E-14
8948.75  3.161894E-14
8950.00  3.156462E-14
8951.25  3.151705E-14
8952.50  3.146479E-14
8953.75  3.140405E-14
8955.00  3.135491E-14
8956.25  3.130533E-14
8957.50  3.124346E-14
8958.75  3.119393E-14
8960.00  3.114467E-14
8961.25  3.108600E-14
8962.50  3.104773E-14
8963.75  3.099572E-14
8965.00  3.094986E-14
8966.25  3.091983E-14
8967.50  3.086943E-14
8968.75  3.083615E-14
8970.00  3.080447E-14
8971.25  3.075283E-14
8972.50  3.072411E-14
8973.75  3.068923E-14
8975.00  3.062409E-14
8976.25  3.058578E-14
8977.50  3.054746E-14
8978.75  3.046162E-14
8980.00  3.041031E-14
8981.25  3.035611E-14
8982.50  3.026508E-14
8983.75  3.020463E-14
8985.00  3.014070E-14
8986.25  3.005673E-14
8987.50  3.000140E-14
8988.75  2.995291E-14
8990.00  2.988541E-14
8991.25  2.984611E-14
8992.50  2.981897E-14
8993.75  2.976684E-14
8995.00  2.973767E-14
8996.25  2.971730E-14
8997.50  2.967717E-14
8998.75  2.965110E-14
9000.00  2.962579E-14
9001.25  2.958794E-14
9002.50  2.956381E-14
9003.75  2.953795E-14
9005.00  2.949530E-14
9006.25  2.947378E-14
9007.50  2.945834E-14
9008.75  2.943042E-14
9010.00  2.942353E-14
9011.25  2.943211E-14
9012.50  2.944086E-14
9013.75  2.947452E-14
9015.00  2.952980E-14
9016.25  2.958663E-14
9017.50  2.968157E-14
9018.75  2.979563E-14
9020.00  2.991199E-14
9021.25  3.006124E-14
9022.50  3.022912E-14
9023.75  3.040528E-14
9025.00  3.059706E-14
9026.25  3.080015E-14
9027.50  3.101116E-14
9028.75  3.122703E-14
9030.00  3.143924E-14
9031.25  3.164923E-14
9032.50  3.185724E-14
9033.75  3.205217E-14
9035.00  3.223776E-14
9036.25  3.240499E-14
9037.50  3.255647E-14
9038.75  3.270143E-14
9040.00  3.281595E-14
9041.25  3.291191E-14
9042.50  3.300618E-14
9043.75  3.306409E-14
9045.00  3.310551E-14
9046.25  3.314821E-14
9047.50  3.314992E-14
9048.75  3.314434E-14
9050.00  3.314324E-14
9051.25  3.309652E-14
9052.50  3.304886E-14
9053.75  3.301170E-14
9055.00  3.293465E-14
9056.25  3.285178E-14
9057.50  3.277909E-14
9058.75  3.269137E-14
9060.00  3.259555E-14
9061.25  3.250238E-14
9062.50  3.240673E-14
9063.75  3.231322E-14
9065.00  3.222204E-14
9066.25  3.212490E-14
9067.50  3.204254E-14
9068.75  3.196771E-14
9070.00  3.188189E-14
9071.25  3.181728E-14
9072.50  3.175951E-14
9073.75  3.169387E-14
9075.00  3.163669E-14
9076.25  3.159662E-14
9077.50  3.155889E-14
9078.75  3.150184E-14
9080.00  3.147918E-14
9081.25  3.146032E-14
9082.50  3.141186E-14
9083.75  3.139692E-14
9085.00  3.139757E-14
9086.25  3.135962E-14
9087.50  3.135042E-14
9088.75  3.138290E-14
9090.00  3.134268E-14
9091.25  3.133789E-14
9092.50  3.139901E-14
9093.75  3.137139E-14
9095.00  3.135489E-14
9096.25  3.141609E-14
9097.50  3.142114E-14
9098.75  3.140272E-14
9100.00  3.144190E-14
9101.25  3.145823E-14
9102.50  3.143843E-14
9103.75  3.146467E-14
9105.00  3.148110E-14
9106.25  3.145726E-14
9107.50  3.146236E-14
9108.75  3.147246E-14
9110.00  3.144853E-14
9111.25  3.143326E-14
9112.50  3.142493E-14
9113.75  3.139664E-14
9115.00  3.136695E-14
9116.25  3.135216E-14
9117.50  3.132700E-14
9118.75  3.127601E-14
9120.00  3.124600E-14
9121.25  3.122325E-14
9122.50  3.116123E-14
9123.75  3.110982E-14
9125.00  3.108385E-14
9126.25  3.102030E-14
9127.50  3.096079E-14
9128.75  3.093959E-14
9130.00  3.088845E-14
9131.25  3.081690E-14
9132.50  3.079848E-14
9133.75  3.077358E-14
9135.00  3.071775E-14
9136.25  3.069115E-14
9137.50  3.067258E-14
9138.75  3.064057E-14
9140.00  3.061547E-14
9141.25  3.059256E-14
9142.50  3.056717E-14
9143.75  3.054111E-14
9145.00  3.052235E-14
9146.25  3.049688E-14
9147.50  3.046522E-14
9148.75  3.045030E-14
9150.00  3.043788E-14
9151.25  3.040788E-14
9152.50  3.039654E-14
9153.75  3.040827E-14
9155.00  3.038421E-14
9156.25  3.036638E-14
9157.50  3.038705E-14
9158.75  3.036782E-14
9160.00  3.034127E-14
9161.25  3.035004E-14
9162.50  3.033366E-14
9163.75  3.029523E-14
9165.00  3.028304E-14
9166.25  3.027606E-14
9167.50  3.023915E-14
9168.75  3.021229E-14
9170.00  3.021429E-14
9171.25  3.021045E-14
9172.50  3.019756E-14
9173.75  3.021704E-14
9175.00  3.025366E-14
9176.25  3.026631E-14
9177.50  3.030603E-14
9178.75  3.037260E-14
9180.00  3.040808E-14
9181.25  3.046116E-14
9182.50  3.054524E-14
9183.75  3.058652E-14
9185.00  3.063065E-14
9186.25  3.070955E-14
9187.50  3.074471E-14
9188.75  3.076251E-14
9190.00  3.081700E-14
9191.25  3.084140E-14
9192.50  3.082925E-14
9193.75  3.085073E-14
9195.00  3.085883E-14
9196.25  3.081961E-14
9197.50  3.080547E-14
9198.75  3.079439E-14
9200.00  3.073158E-14
9201.25  3.068313E-14
9202.50  3.065862E-14
9203.75  3.057957E-14
9205.00  3.050088E-14
9206.25  3.046220E-14
9207.50  3.038430E-14
9208.75  3.028575E-14
9210.00  3.023770E-14
9211.25  3.017249E-14
9212.50  3.006931E-14
9213.75  3.001862E-14
9215.00  2.996302E-14
9216.25  2.988176E-14
9217.50  2.983512E-14
9218.75  2.978979E-14
9220.00  2.972551E-14
9221.25  2.969155E-14
9222.50  2.967662E-14
9223.75  2.963343E-14
9225.00  2.961863E-14
9226.25  2.963124E-14
9227.50  2.962166E-14
9228.75  2.963459E-14
9230.00  2.967759E-14
9231.25  2.970090E-14
9232.50  2.973722E-14
9233.75  2.980382E-14
9235.00  2.986228E-14
9236.25  2.992085E-14
9237.50  2.999965E-14
9238.75  3.007690E-14
9240.00  3.015167E-14
9241.25  3.023036E-14
9242.50  3.031137E-14
9243.75  3.039384E-14
9245.00  3.046967E-14
9246.25  3.054017E-14
9247.50  3.062014E-14
9248.75  3.069461E-14
9250.00  3.074884E-14
9251.25  3.081935E-14
9252.50  3.089891E-14
9253.75  3.093927E-14
9255.00  3.099390E-14
9256.25  3.107715E-14
9257.50  3.111811E-14
9258.75  3.115008E-14
9260.00  3.122483E-14
9261.25  3.126560E-14
9262.50  3.127985E-14
9263.75  3.132759E-14
9265.00  3.135198E-14
9266.25  3.134940E-14
9267.50  3.135944E-14
9268.75  3.135780E-14
9270.00  3.133451E-14
9271.25  3.130603E-14
9272.50  3.127541E-14
9273.75  3.122369E-14
9275.00  3.116926E-14
9276.25  3.111387E-14
9277.50  3.104652E-14
9278.75  3.097678E-14
9280.00  3.089877E-14
9281.25  3.082478E-14
9282.50  3.074436E-14
9283.75  3.066007E-14
9285.00  3.058827E-14
9286.25  3.051066E-14
9287.50  3.042013E-14
9288.75  3.035441E-14
9290.00  3.030455E-14
9291.25  3.021289E-14
9292.50  3.015479E-14
9293.75  3.016461E-14
9295.00  3.009087E-14
9296.25  3.003556E-14
9297.50  3.011853E-14
9298.75  3.009767E-14
9300.00  3.004096E-14
9301.25  3.017950E-14
9302.50  3.023701E-14
9303.75  3.018886E-14
9305.00  3.033888E-14
9306.25  3.046316E-14
9307.50  3.043731E-14
9308.75  3.056552E-14
9310.00  3.071659E-14
9311.25  3.071624E-14
9312.50  3.080652E-14
9313.75  3.094283E-14
9315.00  3.096138E-14
9316.25  3.101437E-14
9317.50  3.111349E-14
9318.75  3.113867E-14
9320.00  3.116504E-14
9321.25  3.122432E-14
9322.50  3.124602E-14
9323.75  3.125707E-14
9325.00  3.128586E-14
9326.25  3.130042E-14
9327.50  3.130433E-14
9328.75  3.131220E-14
9330.00  3.131932E-14
9331.25  3.132117E-14
9332.50  3.131652E-14
9333.75  3.131714E-14
9335.00  3.131926E-14
9336.25  3.130844E-14
9337.50  3.130283E-14
9338.75  3.130532E-14
9340.00  3.129327E-14
9341.25  3.128241E-14
9342.50  3.128469E-14
9343.75  3.127399E-14
9345.00  3.125948E-14
9346.25  3.126050E-14
9347.50  3.125309E-14
9348.75  3.123586E-14
9350.00  3.123457E-14
9351.25  3.123090E-14
9352.50  3.121192E-14
9353.75  3.120735E-14
9355.00  3.120709E-14
9356.25  3.118901E-14
9357.50  3.118050E-14
9358.75  3.118215E-14
9360.00  3.116817E-14
9361.25  3.115771E-14
9362.50  3.115970E-14
9363.75  3.115147E-14
9365.00  3.114336E-14
9366.25  3.114504E-14
9367.50  3.114256E-14
9368.75  3.114040E-14
9370.00  3.114264E-14
9371.25  3.114381E-14
9372.50  3.114940E-14
9373.75  3.115392E-14
9375.00  3.115632E-14
9376.25  3.116635E-14
9377.50  3.117402E-14
9378.75  3.117712E-14
9380.00  3.118660E-14
9381.25  3.119487E-14
9382.50  3.119833E-14
9383.75  3.120393E-14
9385.00  3.120672E-14
9386.25  3.120992E-14
9387.50  3.121072E-14
9388.75  3.120207E-14
9390.00  3.120233E-14
9391.25  3.120139E-14
9392.50  3.117935E-14
9393.75  3.117244E-14
9395.00  3.117246E-14
9396.25  3.114271E-14
9397.50  3.112592E-14
9398.75  3.112742E-14
9400.00  3.109926E-14
9401.25  3.107564E-14
9402.50  3.107725E-14
9403.75  3.105878E-14
9405.00  3.103780E-14
9406.25  3.103809E-14
9407.50  3.103063E-14
9408.75  3.102209E-14
9410.00  3.102281E-14
9411.25  3.102315E-14
9412.50  3.103113E-14
9413.75  3.103698E-14
9415.00  3.104040E-14
9416.25  3.105998E-14
9417.50  3.107392E-14
9418.75  3.107729E-14
9420.00  3.109871E-14
9421.25  3.111772E-14
9422.50  3.112169E-14
9423.75  3.113660E-14
9425.00  3.115178E-14
9426.25  3.115662E-14
9427.50  3.116243E-14
9428.75  3.116406E-14
9430.00  3.116696E-14
9431.25  3.116766E-14
9432.50  3.115160E-14
9433.75  3.114683E-14
9435.00  3.114681E-14
9436.25  3.111863E-14
9437.50  3.110283E-14
9438.75  3.110427E-14
9440.00  3.107521E-14
9441.25  3.105016E-14
9442.50  3.105176E-14
9443.75  3.103191E-14
9445.00  3.100745E-14
9446.25  3.100754E-14
9447.50  3.099987E-14
9448.75  3.098655E-14
9450.00  3.098658E-14
9451.25  3.098718E-14
9452.50  3.099130E-14
9453.75  3.099538E-14
9455.00  3.099918E-14
9456.25  3.101656E-14
9457.50  3.102908E-14
9458.75  3.103278E-14
9460.00  3.105470E-14
9461.25  3.107512E-14
9462.50  3.107874E-14
9463.75  3.109711E-14
9465.00  3.111976E-14
9466.25  3.112468E-14
9467.50  3.113592E-14
9468.75  3.115350E-14
9470.00  3.115941E-14
9471.25  3.116486E-14
9472.50  3.117309E-14
9473.75  3.117784E-14
9475.00  3.118066E-14
9476.25  3.117966E-14
9477.50  3.117996E-14
9478.75  3.118278E-14
9480.00  3.117584E-14
9481.25  3.116973E-14
9482.50  3.117240E-14
9483.75  3.116318E-14
9485.00  3.114984E-14
9486.25  3.115146E-14
9487.50  3.114254E-14
9488.75  3.112134E-14
9490.00  3.112006E-14
9491.25  3.111378E-14
9492.50  3.108567E-14
9493.75  3.107792E-14
9495.00  3.107565E-14
9496.25  3.104415E-14
9497.50  3.102773E-14
9498.75  3.102887E-14
9500.00  3.099976E-14
9501.25  3.097546E-14
9502.50  3.097740E-14
9503.75  3.095581E-14
9505.00  3.092740E-14
9506.25  3.092769E-14
9507.50  3.091497E-14
9508.75  3.088716E-14
9510.00  3.088459E-14
9511.25  3.087892E-14
9512.50  3.085436E-14
9513.75  3.084805E-14
9515.00  3.084666E-14
9516.25  3.082445E-14
9517.50  3.081341E-14
9518.75  3.081399E-14
9520.00  3.079057E-14
9521.25  3.077157E-14
9522.50  3.077306E-14
9523.75  3.074584E-14
9525.00  3.071163E-14
9526.25  3.071134E-14
9527.50  3.068271E-14
9528.75  3.062535E-14
9530.00  3.061717E-14
9531.25  3.059301E-14
9532.50  3.051125E-14
9533.75  3.048535E-14
9535.00  3.047285E-14
9536.25  3.037924E-14
9537.50  3.032792E-14
9538.75  3.032715E-14
9540.00  3.024615E-14
9541.25  3.017547E-14
9542.50  3.017845E-14
9543.75  3.013179E-14
9545.00  3.006531E-14
9546.25  3.006384E-14
9547.50  3.005475E-14
9548.75  3.002346E-14
9550.00  3.001940E-14
9551.25  3.003277E-14
9552.50  3.005367E-14
9553.75  3.006111E-14
9555.00  3.007728E-14
9556.25  3.014104E-14
9557.50  3.017623E-14
9558.75  3.018490E-14
9560.00  3.026364E-14
9561.25  3.033101E-14
9562.50  3.033543E-14
9563.75  3.040228E-14
9565.00  3.048894E-14
9566.25  3.049772E-14
9567.50  3.054026E-14
9568.75  3.062633E-14
9570.00  3.064504E-14
9571.25  3.066604E-14
9572.50  3.073719E-14
9573.75  3.076417E-14
9575.00  3.077256E-14
9576.25  3.082415E-14
9577.50  3.085554E-14
9578.75  3.085861E-14
9580.00  3.089219E-14
9581.25  3.092323E-14
9582.50  3.092582E-14
9583.75  3.094430E-14
9585.00  3.097051E-14
9586.25  3.097460E-14
9587.50  3.098211E-14
9588.75  3.099842E-14
9590.00  3.100416E-14
9591.25  3.100572E-14
9592.50  3.101053E-14
9593.75  3.101465E-14
9595.00  3.101514E-14
9596.25  3.101133E-14
9597.50  3.101079E-14
9598.75  3.101273E-14
9600.00  3.100521E-14
9601.25  3.099943E-14
9602.50  3.100238E-14
9603.75  3.099726E-14
9605.00  3.098881E-14
9606.25  3.099096E-14
9607.50  3.099005E-14
9608.75  3.098318E-14
9610.00  3.098439E-14
9611.25  3.098629E-14
9612.50  3.098392E-14
9613.75  3.098471E-14
9615.00  3.098746E-14
9616.25  3.098862E-14
9617.50  3.099039E-14
9618.75  3.099252E-14
9620.00  3.099376E-14
9621.25  3.099603E-14
9622.50  3.099779E-14
9623.75  3.099572E-14
9625.00  3.099518E-14
9626.25  3.099710E-14
9627.50  3.099184E-14
9628.75  3.098413E-14
9630.00  3.098514E-14
9631.25  3.097917E-14
9632.50  3.096131E-14
9633.75  3.095784E-14
9635.00  3.095483E-14
9636.25  3.093032E-14
9637.50  3.091859E-14
9638.75  3.091954E-14
9640.00  3.089527E-14
9641.25  3.087467E-14
9642.50  3.087791E-14
9643.75  3.086080E-14
9645.00  3.083588E-14
9646.25  3.083721E-14
9647.50  3.083027E-14
9648.75  3.080823E-14
9650.00  3.080624E-14
9651.25  3.080615E-14
9652.50  3.079256E-14
9653.75  3.078879E-14
9655.00  3.079147E-14
9656.25  3.078650E-14
9657.50  3.078337E-14
9658.75  3.078651E-14
9660.00  3.078709E-14
9661.25  3.078668E-14
9662.50  3.078955E-14
9663.75  3.079308E-14
9665.00  3.079583E-14
9666.25  3.079847E-14
9667.50  3.080352E-14
9668.75  3.080892E-14
9670.00  3.081176E-14
9671.25  3.081676E-14
9672.50  3.082444E-14
9673.75  3.082862E-14
9675.00  3.083246E-14
9676.25  3.084102E-14
9677.50  3.084742E-14
9678.75  3.084959E-14
9680.00  3.085656E-14
9681.25  3.086373E-14
9682.50  3.086570E-14
9683.75  3.086872E-14
9685.00  3.087466E-14
9686.25  3.087693E-14
9687.50  3.087547E-14
9688.75  3.087613E-14
9690.00  3.087865E-14
9691.25  3.087558E-14
9692.50  3.086797E-14
9693.75  3.086845E-14
9695.00  3.086690E-14
9696.25  3.085272E-14
9697.50  3.084752E-14
9698.75  3.084866E-14
9700.00  3.083289E-14
9701.25  3.082089E-14
9702.50  3.082305E-14
9703.75  3.081013E-14
9705.00  3.079259E-14
9706.25  3.079366E-14
9707.50  3.078530E-14
9708.75  3.076607E-14
9710.00  3.076414E-14
9711.25  3.075933E-14
9712.50  3.074065E-14
9713.75  3.073532E-14
9715.00  3.073348E-14
9716.25  3.071532E-14
9717.50  3.070611E-14
9718.75  3.070674E-14
9720.00  3.069047E-14
9721.25  3.067714E-14
9722.50  3.067876E-14
9723.75  3.066529E-14
9725.00  3.064803E-14
9726.25  3.064881E-14
9727.50  3.063876E-14
9728.75  3.061889E-14
9730.00  3.061695E-14
9731.25  3.061062E-14
9732.50  3.058925E-14
9733.75  3.058333E-14
9735.00  3.058129E-14
9736.25  3.056002E-14
9737.50  3.054877E-14
9738.75  3.055050E-14
9740.00  3.053318E-14
9741.25  3.051721E-14
9742.50  3.052077E-14
9743.75  3.051238E-14
9745.00  3.049524E-14
9746.25  3.049686E-14
9747.50  3.049759E-14
9748.75  3.048708E-14
9750.00  3.048598E-14
9751.25  3.049097E-14
9752.50  3.049142E-14
9753.75  3.049046E-14
9755.00  3.049457E-14
9756.25  3.050281E-14
9757.50  3.050654E-14
9758.75  3.050781E-14
9760.00  3.051644E-14
9761.25  3.052522E-14
9762.50  3.052504E-14
9763.75  3.052770E-14
9765.00  3.053724E-14
9766.25  3.053862E-14
9767.50  3.053407E-14
9768.75  3.053547E-14
9770.00  3.053875E-14
9771.25  3.053206E-14
9772.50  3.052066E-14
9773.75  3.052121E-14
9775.00  3.051846E-14
9776.25  3.049796E-14
9777.50  3.048989E-14
9778.75  3.049342E-14
9780.00  3.047508E-14
9781.25  3.045749E-14
9782.50  3.046361E-14
9783.75  3.045674E-14
9785.00  3.043666E-14
9786.25  3.043983E-14
9787.50  3.044644E-14
9788.75  3.043864E-14
9790.00  3.043711E-14
9791.25  3.044965E-14
9792.50  3.046065E-14
9793.75  3.046111E-14
9795.00  3.047066E-14
9796.25  3.049665E-14
9797.50  3.050748E-14
9798.75  3.051068E-14
9800.00  3.053637E-14
