4300.00  4.090355E-14
4301.25  4.077276E-14
4302.50  4.067438E-14
4303.75  4.062616E-14
4305.00  4.062779E-14
4306.25  4.065192E-14
4307.50  4.072487E-14
4308.75  4.083415E-14
4310.00  4.096577E-14
4311.25  4.110432E-14
4312.50  4.125990E-14
4313.75  4.139928E-14
4315.00  4.150914E-14
4316.25  4.157340E-14
4317.50  4.161205E-14
4318.75  4.157836E-14
4320.00  4.149734E-14
4321.25  4.132845E-14
4322.50  4.112215E-14
4323.75  4.082373E-14
4325.00  4.049654E-14
4326.25  4.006027E-14
4327.50  3.957126E-14
4328.75  3.898026E-14
4330.00  3.836795E-14
4331.25  3.766178E-14
4332.50  3.691717E-14
4333.75  3.614063E-14
4335.00  3.541395E-14
4336.25  3.475438E-14
4337.50  3.418692E-14
4338.75  3.378595E-14
4340.00  3.355367E-14
4341.25  3.355507E-14
4342.50  3.371502E-14
4343.75  3.411162E-14
4345.00  3.463607E-14
4346.25  3.531587E-14
4347.50  3.603043E-14
4348.75  3.682706E-14
4350.00  3.761583E-14
4351.25  3.840271E-14
4352.50  3.911782E-14
4353.75  3.978094E-14
4355.00  4.037925E-14
4356.25  4.091855E-14
4357.50  4.137935E-14
4358.75  4.176128E-14
4360.00  4.207815E-14
4361.25  4.232683E-14
4362.50  4.251135E-14
4363.75  4.262263E-14
4365.00  4.267878E-14
4366.25  4.268533E-14
4367.50  4.265308E-14
4368.75  4.257386E-14
4370.00  4.246891E-14
4371.25  4.235349E-14
4372.50  4.221739E-14
4373.75  4.207395E-14
4375.00  4.193177E-14
4376.25  4.177663E-14
4377.50  4.160823E-14
4378.75  4.145137E-14
4380.00  4.132141E-14
4381.25  4.116598E-14
4382.50  4.104016E-14
4383.75  4.092984E-14
4385.00  4.086983E-14
4386.25  4.080805E-14
4387.50  4.082225E-14
4388.75  4.084344E-14
4390.00  4.090447E-14
4391.25  4.097275E-14
4392.50  4.108237E-14
4393.75  4.117254E-14
4395.00  4.127781E-14
4396.25  4.136648E-14
4397.50  4.143811E-14
4398.75  4.149534E-14
4400.00  4.156624E-14
4401.25  4.160694E-14
4402.50  4.162294E-14
4403.75  4.165027E-14
4405.00  4.168954E-14
4406.25  4.171117E-14
4407.50  4.171807E-14
4408.75  4.174772E-14
4410.00  4.176671E-14
4411.25  4.178381E-14
4412.50  4.179884E-14
4413.75  4.184073E-14
4415.00  4.187023E-14
4416.25  4.189697E-14
4417.50  4.192925E-14
4418.75  4.197647E-14
4420.00  4.203345E-14
4421.25  4.207955E-14
4422.50  4.213601E-14
4423.75  4.216962E-14
4425.00  4.220422E-14
4426.25  4.223500E-14
4427.50  4.226621E-14
4428.75  4.227566E-14
4430.00  4.227621E-14
4431.25  4.229065E-14
4432.50  4.229493E-14
4433.75  4.231061E-14
4435.00  4.232008E-14
4436.25  4.233677E-14
4437.50  4.233822E-14
4438.75  4.236822E-14
4440.00  4.240469E-14
4441.25  4.243547E-14
4442.50  4.245466E-14
4443.75  4.247692E-14
4445.00  4.248362E-14
4446.25  4.248883E-14
4447.50  4.249971E-14
4448.75  4.247968E-14
4450.00  4.243970E-14
4451.25  4.239111E-14
4452.50  4.234711E-14
4453.75  4.227061E-14
4455.00  4.221012E-14
4456.25  4.212602E-14
4457.50  4.204385E-14
4458.75  4.196743E-14
4460.00  4.190061E-14
4461.25  4.183046E-14
4462.50  4.175531E-14
4463.75  4.170406E-14
4465.00  4.163523E-14
4466.25  4.161105E-14
4467.50  4.159065E-14
4468.75  4.160311E-14
4470.00  4.160765E-14
4471.25  4.165442E-14
4472.50  4.171046E-14
4473.75  4.177755E-14
4475.00  4.184857E-14
4476.25  4.194155E-14
4477.50  4.203927E-14
4478.75  4.212108E-14
4480.00  4.221675E-14
4481.25  4.229841E-14
4482.50  4.236373E-14
4483.75  4.241584E-14
4485.00  4.250321E-14
4486.25  4.258290E-14
4487.50  4.265383E-14
4488.75  4.270602E-14
4490.00  4.276319E-14
4491.25  4.280404E-14
4492.50  4.285122E-14
4493.75  4.290633E-14
4495.00  4.294546E-14
4496.25  4.298817E-14
4497.50  4.302282E-14
4498.75  4.307498E-14
4500.00  4.310589E-14
4501.25  4.314702E-14
4502.50  4.315861E-14
4503.75  4.317631E-14
4505.00  4.318346E-14
4506.25  4.319112E-14
4507.50  4.316449E-14
4508.75  4.313065E-14
4510.00  4.305903E-14
4511.25  4.299447E-14
4512.50  4.290448E-14
4513.75  4.281793E-14
4515.00  4.270309E-14
4516.25  4.258334E-14
4517.50  4.245407E-14
4518.75  4.231526E-14
4520.00  4.219007E-14
4521.25  4.203945E-14
4522.50  4.191634E-14
4523.75  4.176843E-14
4525.00  4.165976E-14
4526.25  4.153919E-14
4527.50  4.145802E-14
4528.75  4.136783E-14
4530.00  4.132244E-14
4531.25  4.130270E-14
4532.50  4.129387E-14
4533.75  4.132634E-14
4535.00  4.135554E-14
4536.25  4.140028E-14
4537.50  4.142654E-14
4538.75  4.149555E-14
4540.00  4.152145E-14
4541.25  4.154715E-14
4542.50  4.155041E-14
4543.75  4.152769E-14
4545.00  4.149510E-14
4546.25  4.147071E-14
4547.50  4.144235E-14
4548.75  4.139352E-14
4550.00  4.137606E-14
4551.25  4.135569E-14
4552.50  4.136229E-14
4553.75  4.138272E-14
4555.00  4.144712E-14
4556.25  4.147745E-14
4557.50  4.155228E-14
4558.75  4.160269E-14
4560.00  4.168871E-14
4561.25  4.174531E-14
4562.50  4.181386E-14
4563.75  4.185548E-14
4565.00  4.188896E-14
4566.25  4.190757E-14
4567.50  4.190512E-14
4568.75  4.191694E-14
4570.00  4.189680E-14
4571.25  4.187844E-14
4572.50  4.183436E-14
4573.75  4.178440E-14
4575.00  4.170821E-14
4576.25  4.164619E-14
4577.50  4.157277E-14
4578.75  4.149245E-14
4580.00  4.141617E-14
4581.25  4.134970E-14
4582.50  4.127934E-14
4583.75  4.122993E-14
4585.00  4.119375E-14
4586.25  4.117288E-14
4587.50  4.116459E-14
4588.75  4.117688E-14
4590.00  4.119998E-14
4591.25  4.122189E-14
4592.50  4.126627E-14
4593.75  4.129769E-14
4595.00  4.134422E-14
4596.25  4.137864E-14
4597.50  4.143087E-14
4598.75  4.146800E-14
4600.00  4.151722E-14
4601.25  4.156356E-14
4602.50  4.160510E-14
4603.75  4.165037E-14
4605.00  4.169121E-14
4606.25  4.173002E-14
4607.50  4.177026E-14
4608.75  4.179806E-14
4610.00  4.183401E-14
4611.25  4.185090E-14
4612.50  4.187554E-14
4613.75  4.188127E-14
4615.00  4.189042E-14
4616.25  4.189553E-14
4617.50  4.189418E-14
4618.75  4.189937E-14
4620.00  4.189042E-14
4621.25  4.188911E-14
4622.50  4.187597E-14
4623.75  4.186899E-14
4625.00  4.185019E-14
4626.25  4.183094E-14
4627.50  4.180413E-14
4628.75  4.176884E-14
4630.00  4.172903E-14
4631.25  4.168284E-14
4632.50  4.163846E-14
4633.75  4.158451E-14
4635.00  4.154676E-14
4636.25  4.148636E-14
4637.50  4.144534E-14
4638.75  4.138431E-14
4640.00  4.134790E-14
4641.25  4.129138E-14
4642.50  4.125805E-14
4643.75  4.121961E-14
4645.00  4.119766E-14
4646.25  4.117690E-14
4647.50  4.116451E-14
4648.75  4.116665E-14
4650.00  4.116062E-14
4651.25  4.119033E-14
4652.50  4.120473E-14
4653.75  4.123592E-14
4655.00  4.125652E-14
4656.25  4.127455E-14
4657.50  4.127519E-14
4658.75  4.126638E-14
4660.00  4.124111E-14
4661.25  4.120894E-14
4662.50  4.116556E-14
4663.75  4.111336E-14
4665.00  4.105613E-14
4666.25  4.100099E-14
4667.50  4.095361E-14
4668.75  4.090645E-14
4670.00  4.087806E-14
4671.25  4.084934E-14
4672.50  4.084450E-14
4673.75  4.083337E-14
4675.00  4.083491E-14
4676.25  4.083405E-14
4677.50  4.082248E-14
4678.75  4.082540E-14
4680.00  4.080201E-14
4681.25  4.079452E-14
4682.50  4.077172E-14
4683.75  4.075502E-14
4685.00  4.073631E-14
4686.25  4.071601E-14
4687.50  4.070209E-14
4688.75  4.067345E-14
4690.00  4.065547E-14
4691.25  4.061997E-14
4692.50  4.058685E-14
4693.75  4.054417E-14
4695.00  4.048787E-14
4696.25  4.044015E-14
4697.50  4.037202E-14
4698.75  4.031042E-14
4700.00  4.024107E-14
4701.25  4.017511E-14
4702.50  4.011293E-14
4703.75  4.006387E-14
4705.00  4.001453E-14
4706.25  3.998509E-14
4707.50  3.997580E-14
4708.75  3.997474E-14
4710.00  3.999768E-14
4711.25  4.002664E-14
4712.50  4.007850E-14
4713.75  4.013022E-14
4715.00  4.020526E-14
4716.25  4.026375E-14
4717.50  4.034299E-14
4718.75  4.039691E-14
4720.00  4.045137E-14
4721.25  4.049054E-14
4722.50  4.051217E-14
4723.75  4.052270E-14
4725.00  4.051210E-14
4726.25  4.049724E-14
4727.50  4.046745E-14
4728.75  4.044202E-14
4730.00  4.040868E-14
4731.25  4.038983E-14
4732.50  4.037245E-14
4733.75  4.036670E-14
4735.00  4.037703E-14
4736.25  4.039314E-14
4737.50  4.042909E-14
4738.75  4.046059E-14
4740.00  4.051577E-14
4741.25  4.055748E-14
4742.50  4.061743E-14
4743.75  4.066624E-14
4745.00  4.071787E-14
4746.25  4.076705E-14
4747.50  4.080013E-14
4748.75  4.083951E-14
4750.00  4.085167E-14
4751.25  4.087190E-14
4752.50  4.086315E-14
4753.75  4.085428E-14
4755.00  4.083015E-14
4756.25  4.079605E-14
4757.50  4.076347E-14
4758.75  4.071981E-14
4760.00  4.068717E-14
4761.25  4.064826E-14
4762.50  4.063218E-14
4763.75  4.061363E-14
4765.00  4.061703E-14
4766.25  4.063633E-14
4767.50  4.065761E-14
4768.75  4.070844E-14
4770.00  4.075166E-14
4771.25  4.081891E-14
4772.50  4.087771E-14
4773.75  4.094012E-14
4775.00  4.099463E-14
4776.25  4.103638E-14
4777.50  4.107609E-14
4778.75  4.109046E-14
4780.00  4.111199E-14
4781.25  4.111806E-14
4782.50  4.111612E-14
4783.75  4.112363E-14
4785.00  4.111797E-14
4786.25  4.113004E-14
4787.50  4.113979E-14
4788.75  4.115987E-14
4790.00  4.118528E-14
4791.25  4.120936E-14
4792.50  4.124980E-14
4793.75  4.126512E-14
4795.00  4.130786E-14
4796.25  4.131426E-14
4797.50  4.133187E-14
4798.75  4.133708E-14
4800.00  4.132214E-14
4801.25  4.132482E-14
4802.50  4.128862E-14
4803.75  4.127872E-14
4805.00  4.124464E-14
4806.25  4.122904E-14
4807.50  4.120773E-14
4808.75  4.119099E-14
4810.00  4.118365E-14
4811.25  4.115924E-14
4812.50  4.115564E-14
4813.75  4.113448E-14
4815.00  4.112066E-14
4816.25  4.109237E-14
4817.50  4.106043E-14
4818.75  4.101045E-14
4820.00  4.096107E-14
4821.25  4.089315E-14
4822.50  4.082027E-14
4823.75  4.074358E-14
4825.00  4.064947E-14
4826.25  4.057004E-14
4827.50  4.046739E-14
4828.75  4.037807E-14
4830.00  4.027247E-14
4831.25  4.017341E-14
4832.50  4.006813E-14
4833.75  3.995183E-14
4835.00  3.982660E-14
4836.25  3.968840E-14
4837.50  3.953377E-14
4838.75  3.935444E-14
4840.00  3.915851E-14
4841.25  3.892481E-14
4842.50  3.865855E-14
4843.75  3.835656E-14
4845.00  3.799551E-14
4846.25  3.759839E-14
4847.50  3.713179E-14
4848.75  3.662442E-14
4850.00  3.605815E-14
4851.25  3.544720E-14
4852.50  3.481680E-14
4853.75  3.415296E-14
4855.00  3.352261E-14
4856.25  3.289964E-14
4857.50  3.236721E-14
4858.75  3.189530E-14
4860.00  3.156108E-14
4861.25  3.134132E-14
4862.50  3.126484E-14
4863.75  3.134321E-14
4865.00  3.153588E-14
4866.25  3.188148E-14
4867.50  3.229577E-14
4868.75  3.282179E-14
4870.00  3.337521E-14
4871.25  3.396809E-14
4872.50  3.456328E-14
4873.75  3.513432E-14
4875.00  3.567658E-14
4876.25  3.616721E-14
4877.50  3.661470E-14
4878.75  3.700442E-14
4880.00  3.734910E-14
4881.25  3.764512E-14
4882.50  3.789847E-14
4883.75  3.812492E-14
4885.00  3.831295E-14
4886.25  3.849259E-14
4887.50  3.864809E-14
4888.75  3.880415E-14
4890.00  3.894897E-14
4891.25  3.909113E-14
4892.50  3.923170E-14
4893.75  3.936417E-14
4895.00  3.949408E-14
4896.25  3.960313E-14
4897.50  3.971051E-14
4898.75  3.978455E-14
4900.00  3.984969E-14
4901.25  3.988206E-14
4902.50  3.989674E-14
4903.75  3.988577E-14
4905.00  3.984505E-14
4906.25  3.978999E-14
4907.50  3.970146E-14
4908.75  3.960408E-14
4910.00  3.948051E-14
4911.25  3.934673E-14
4912.50  3.920423E-14
4913.75  3.904603E-14
4915.00  3.890162E-14
4916.25  3.874896E-14
4917.50  3.861903E-14
4918.75  3.850409E-14
4920.00  3.841499E-14
4921.25  3.836484E-14
4922.50  3.833742E-14
4923.75  3.835668E-14
4925.00  3.839377E-14
4926.25  3.846777E-14
4927.50  3.855568E-14
4928.75  3.865546E-14
4930.00  3.876662E-14
4931.25  3.887082E-14
4932.50  3.897502E-14
4933.75  3.907431E-14
4935.00  3.915623E-14
4936.25  3.924539E-14
4937.50  3.931452E-14
4938.75  3.938635E-14
4940.00  3.945963E-14
4941.25  3.951201E-14
4942.50  3.958694E-14
4943.75  3.962747E-14
4945.00  3.968425E-14
4946.25  3.971560E-14
4947.50  3.973591E-14
4948.75  3.975192E-14
4950.00  3.973188E-14
4951.25  3.972216E-14
4952.50  3.967677E-14
4953.75  3.964094E-14
4955.00  3.958635E-14
4956.25  3.953250E-14
4957.50  3.948584E-14
4958.75  3.943115E-14
4960.00  3.939838E-14
4961.25  3.935687E-14
4962.50  3.933521E-14
4963.75  3.931094E-14
4965.00  3.929559E-14
4966.25  3.928160E-14
4967.50  3.926522E-14
4968.75  3.924889E-14
4970.00  3.922325E-14
4971.25  3.919528E-14
4972.50  3.915146E-14
4973.75  3.910570E-14
4975.00  3.904052E-14
4976.25  3.897510E-14
4977.50  3.889765E-14
4978.75  3.881741E-14
4980.00  3.874150E-14
4981.25  3.866208E-14
4982.50  3.859939E-14
4983.75  3.853827E-14
4985.00  3.849654E-14
4986.25  3.845995E-14
4987.50  3.843603E-14
4988.75  3.841951E-14
4990.00  3.840143E-14
4991.25  3.838897E-14
4992.50  3.836111E-14
4993.75  3.833311E-14
4995.00  3.828550E-14
4996.25  3.822662E-14
4997.50  3.815632E-14
4998.75  3.806510E-14
5000.00  3.797409E-14
5001.25  3.786333E-14
5002.50  3.775578E-14
5003.75  3.764289E-14
5005.00  3.752736E-14
5006.25  3.742463E-14
5007.50  3.731564E-14
5008.75  3.722556E-14
5010.00  3.714001E-14
5011.25  3.706510E-14
5012.50  3.701490E-14
5013.75  3.696606E-14
5015.00  3.695224E-14
5016.25  3.694735E-14
5017.50  3.696520E-14
5018.75  3.701028E-14
5020.00  3.705959E-14
5021.25  3.714052E-14
5022.50  3.721996E-14
5023.75  3.731219E-14
5025.00  3.740643E-14
5026.25  3.748989E-14
5027.50  3.757379E-14
5028.75  3.763568E-14
5030.00  3.768879E-14
5031.25  3.772079E-14
5032.50  3.773638E-14
5033.75  3.773972E-14
5035.00  3.772376E-14
5036.25  3.771002E-14
5037.50  3.768051E-14
5038.75  3.766216E-14
5040.00  3.764339E-14
5041.25  3.763103E-14
5042.50  3.763961E-14
5043.75  3.764677E-14
5045.00  3.768198E-14
5046.25  3.771906E-14
5047.50  3.777038E-14
5048.75  3.783624E-14
5050.00  3.789782E-14
5051.25  3.797851E-14
5052.50  3.804794E-14
5053.75  3.812495E-14
5055.00  3.819480E-14
5056.25  3.825429E-14
5057.50  3.831073E-14
5058.75  3.834626E-14
5060.00  3.837364E-14
5061.25  3.838016E-14
5062.50  3.837324E-14
5063.75  3.834837E-14
5065.00  3.831029E-14
5066.25  3.825894E-14
5067.50  3.819754E-14
5068.75  3.813163E-14
5070.00  3.805795E-14
5071.25  3.798807E-14
5072.50  3.791739E-14
5073.75  3.785162E-14
5075.00  3.779655E-14
5076.25  3.774655E-14
5077.50  3.771166E-14
5078.75  3.768906E-14
5080.00  3.767590E-14
5081.25  3.768297E-14
5082.50  3.769529E-14
5083.75  3.772248E-14
5085.00  3.775504E-14
5086.25  3.779153E-14
5087.50  3.783045E-14
5088.75  3.786297E-14
5090.00  3.789336E-14
5091.25  3.790914E-14
5092.50  3.792122E-14
5093.75  3.791699E-14
5095.00  3.790561E-14
5096.25  3.788937E-14
5097.50  3.785998E-14
5098.75  3.783896E-14
5100.00  3.780909E-14
5101.25  3.778712E-14
5102.50  3.777315E-14
5103.75  3.775934E-14
5105.00  3.776168E-14
5106.25  3.776622E-14
5107.50  3.777780E-14
5108.75  3.779865E-14
5110.00  3.781753E-14
5111.25  3.783901E-14
5112.50  3.785967E-14
5113.75  3.786859E-14
5115.00  3.787542E-14
5116.25  3.786812E-14
5117.50  3.784733E-14
5118.75  3.782107E-14
5120.00  3.777442E-14
5121.25  3.772620E-14
5122.50  3.766576E-14
5123.75  3.760145E-14
5125.00  3.753992E-14
5126.25  3.747236E-14
5127.50  3.741725E-14
5128.75  3.735950E-14
5130.00  3.731217E-14
5131.25  3.726996E-14
5132.50  3.722905E-14
5133.75  3.719851E-14
5135.00  3.716249E-14
5136.25  3.713474E-14
5137.50  3.710374E-14
5138.75  3.707201E-14
5140.00  3.704587E-14
5141.25  3.701280E-14
5142.50  3.698870E-14
5143.75  3.696380E-14
5145.00  3.694046E-14
5146.25  3.692823E-14
5147.50  3.691103E-14
5148.75  3.690386E-14
5150.00  3.689727E-14
5151.25  3.688416E-14
5152.50  3.687664E-14
5153.75  3.685094E-14
5155.00  3.681877E-14
5156.25  3.677049E-14
5157.50  3.669559E-14
5158.75  3.660866E-14
5160.00  3.648961E-14
5161.25  3.635724E-14
5162.50  3.620648E-14
5163.75  3.604334E-14
5165.00  3.588113E-14
5166.25  3.572111E-14
5167.50  3.557439E-14
5168.75  3.545025E-14
5170.00  3.534842E-14
5171.25  3.527412E-14
5172.50  3.523345E-14
5173.75  3.520831E-14
5175.00  3.521796E-14
5176.25  3.523750E-14
5177.50  3.526834E-14
5178.75  3.531630E-14
5180.00  3.535340E-14
5181.25  3.540475E-14
5182.50  3.544841E-14
5183.75  3.548956E-14
5185.00  3.553882E-14
5186.25  3.557542E-14
5187.50  3.562462E-14
5188.75  3.566803E-14
5190.00  3.571172E-14
5191.25  3.576327E-14
5192.50  3.580320E-14
5193.75  3.585078E-14
5195.00  3.589065E-14
5196.25  3.592342E-14
5197.50  3.595784E-14
5198.75  3.597799E-14
5200.00  3.599732E-14
5201.25  3.601203E-14
5202.50  3.602059E-14
5203.75  3.603243E-14
5205.00  3.604445E-14
5206.25  3.605879E-14
5207.50  3.608082E-14
5208.75  3.610807E-14
5210.00  3.613867E-14
5211.25  3.617879E-14
5212.50  3.621667E-14
5213.75  3.625637E-14
5215.00  3.629506E-14
5216.25  3.632238E-14
5217.50  3.634884E-14
5218.75  3.635788E-14
5220.00  3.636194E-14
5221.25  3.635383E-14
5222.50  3.633703E-14
5223.75  3.632283E-14
5225.00  3.629669E-14
5226.25  3.628682E-14
5227.50  3.627330E-14
5228.75  3.627287E-14
5230.00  3.628937E-14
5231.25  3.630612E-14
5232.50  3.634789E-14
5233.75  3.639087E-14
5235.00  3.644001E-14
5236.25  3.650067E-14
5237.50  3.655145E-14
5238.75  3.660521E-14
5240.00  3.665023E-14
5241.25  3.668328E-14
5242.50  3.670853E-14
5243.75  3.671858E-14
5245.00  3.671798E-14
5246.25  3.670485E-14
5247.50  3.668052E-14
5248.75  3.664353E-14
5250.00  3.659807E-14
5251.25  3.654078E-14
5252.50  3.647124E-14
5253.75  3.639372E-14
5255.00  3.630285E-14
5256.25  3.620069E-14
5257.50  3.609002E-14
5258.75  3.596839E-14
5260.00  3.584361E-14
5261.25  3.571404E-14
5262.50  3.558912E-14
5263.75  3.547688E-14
5265.00  3.537084E-14
5266.25  3.529676E-14
5267.50  3.523492E-14
5268.75  3.521168E-14
5270.00  3.521720E-14
5271.25  3.523961E-14
5272.50  3.531236E-14
5273.75  3.538730E-14
5275.00  3.549591E-14
5276.25  3.562688E-14
5277.50  3.575015E-14
5278.75  3.590430E-14
5280.00  3.604061E-14
5281.25  3.618054E-14
5282.50  3.632311E-14
5283.75  3.643776E-14
5285.00  3.655922E-14
5286.25  3.665340E-14
5287.50  3.673380E-14
5288.75  3.680028E-14
5290.00  3.684731E-14
5291.25  3.688284E-14
5292.50  3.690377E-14
5293.75  3.691129E-14
5295.00  3.691705E-14
5296.25  3.691401E-14
5297.50  3.691054E-14
5298.75  3.690888E-14
5300.00  3.691026E-14
5301.25  3.691828E-14
5302.50  3.692670E-14
5303.75  3.694156E-14
5305.00  3.695238E-14
5306.25  3.696495E-14
5307.50  3.697035E-14
5308.75  3.696692E-14
5310.00  3.696265E-14
5311.25  3.693519E-14
5312.50  3.690566E-14
5313.75  3.686021E-14
5315.00  3.679481E-14
5316.25  3.673460E-14
5317.50  3.664962E-14
5318.75  3.656301E-14
5320.00  3.647589E-14
5321.25  3.638375E-14
5322.50  3.629921E-14
5323.75  3.621774E-14
5325.00  3.614965E-14
5326.25  3.608959E-14
5327.50  3.604304E-14
5328.75  3.601235E-14
5330.00  3.598950E-14
5331.25  3.598777E-14
5332.50  3.598920E-14
5333.75  3.600768E-14
5335.00  3.603081E-14
5336.25  3.605754E-14
5337.50  3.609675E-14
5338.75  3.612866E-14
5340.00  3.617111E-14
5341.25  3.621186E-14
5342.50  3.625513E-14
5343.75  3.630876E-14
5345.00  3.635428E-14
5346.25  3.641630E-14
5347.50  3.646796E-14
5348.75  3.652612E-14
5350.00  3.658926E-14
5351.25  3.662991E-14
5352.50  3.668796E-14
5353.75  3.671706E-14
5355.00  3.674089E-14
5356.25  3.675916E-14
5357.50  3.674416E-14
5358.75  3.673141E-14
5360.00  3.669499E-14
5361.25  3.664393E-14
5362.50  3.659664E-14
5363.75  3.652674E-14
5365.00  3.646719E-14
5366.25  3.640944E-14
5367.50  3.635242E-14
5368.75  3.631648E-14
5370.00  3.627803E-14
5371.25  3.625595E-14
5372.50  3.624704E-14
5373.75  3.624184E-14
5375.00  3.624746E-14
5376.25  3.625679E-14
5377.50  3.626717E-14
5378.75  3.627652E-14
5380.00  3.628310E-14
5381.25  3.627794E-14
5382.50  3.626739E-14
5383.75  3.624484E-14
5385.00  3.621159E-14
5386.25  3.617161E-14
5387.50  3.611709E-14
5388.75  3.605813E-14
5390.00  3.599320E-14
5391.25  3.591256E-14
5392.50  3.584405E-14
5393.75  3.577225E-14
5395.00  3.569148E-14
5396.25  3.563001E-14
5397.50  3.555369E-14
5398.75  3.549130E-14
5400.00  3.543585E-14
5401.25  3.538627E-14
5402.50  3.536037E-14
5403.75  3.532588E-14
5405.00  3.531773E-14
5406.25  3.532283E-14
5407.50  3.533059E-14
5408.75  3.536150E-14
5410.00  3.539730E-14
5411.25  3.544423E-14
5412.50  3.549864E-14
5413.75  3.554973E-14
5415.00  3.560797E-14
5416.25  3.566130E-14
5417.50  3.571605E-14
5418.75  3.575540E-14
5420.00  3.579394E-14
5421.25  3.583101E-14
5422.50  3.584231E-14
5423.75  3.585883E-14
5425.00  3.586024E-14
5426.25  3.586824E-14
5427.50  3.586836E-14
5428.75  3.586410E-14
5430.00  3.586951E-14
5431.25  3.587959E-14
5432.50  3.588963E-14
5433.75  3.591038E-14
5435.00  3.592280E-14
5436.25  3.594632E-14
5437.50  3.596627E-14
5438.75  3.597763E-14
5440.00  3.598043E-14
5441.25  3.598481E-14
5442.50  3.598269E-14
5443.75  3.597566E-14
5445.00  3.595350E-14
5446.25  3.593346E-14
5447.50  3.590647E-14
5448.75  3.587125E-14
5450.00  3.583256E-14
5451.25  3.580535E-14
5452.50  3.577238E-14
5453.75  3.574476E-14
5455.00  3.572430E-14
5456.25  3.569633E-14
5457.50  3.568284E-14
5458.75  3.567285E-14
5460.00  3.566003E-14
5461.25  3.565165E-14
5462.50  3.564009E-14
5463.75  3.562676E-14
5465.00  3.561330E-14
5466.25  3.559595E-14
5467.50  3.557561E-14
5468.75  3.555293E-14
5470.00  3.552860E-14
5471.25  3.548970E-14
5472.50  3.547583E-14
5473.75  3.545208E-14
5475.00  3.542436E-14
5476.25  3.542751E-14
5477.50  3.541054E-14
5478.75  3.541218E-14
5480.00  3.542991E-14
5481.25  3.542703E-14
5482.50  3.545478E-14
5483.75  3.547592E-14
5485.00  3.548874E-14
5486.25  3.552642E-14
5487.50  3.553832E-14
5488.75  3.555504E-14
5490.00  3.557541E-14
5491.25  3.556821E-14
5492.50  3.556842E-14
5493.75  3.556060E-14
5495.00  3.553270E-14
5496.25  3.550717E-14
5497.50  3.547825E-14
5498.75  3.543430E-14
5500.00  3.539731E-14
5501.25  3.535393E-14
5502.50  3.531356E-14
5503.75  3.527570E-14
5505.00  3.523832E-14
5506.25  3.521050E-14
5507.50  3.518851E-14
5508.75  3.516778E-14
5510.00  3.516231E-14
5511.25  3.515919E-14
5512.50  3.516709E-14
5513.75  3.517668E-14
5515.00  3.518936E-14
5516.25  3.521111E-14
5517.50  3.522177E-14
5518.75  3.523503E-14
5520.00  3.524623E-14
5521.25  3.524840E-14
5522.50  3.525113E-14
5523.75  3.524999E-14
5525.00  3.524810E-14
5526.25  3.524261E-14
5527.50  3.524204E-14
5528.75  3.523568E-14
5530.00  3.523175E-14
5531.25  3.523944E-14
5532.50  3.523927E-14
5533.75  3.525345E-14
5535.00  3.527808E-14
5536.25  3.529023E-14
5537.50  3.532911E-14
5538.75  3.535748E-14
5540.00  3.538489E-14
5541.25  3.542365E-14
5542.50  3.545147E-14
5543.75  3.548726E-14
5545.00  3.552312E-14
5546.25  3.554591E-14
5547.50  3.557439E-14
5548.75  3.559327E-14
5550.00  3.560477E-14
5551.25  3.561433E-14
5552.50  3.561617E-14
5553.75  3.561707E-14
5555.00  3.561015E-14
5556.25  3.559502E-14
5557.50  3.557889E-14
5558.75  3.555710E-14
5560.00  3.552689E-14
5561.25  3.550096E-14
5562.50  3.547334E-14
5563.75  3.543994E-14
5565.00  3.541869E-14
5566.25  3.538884E-14
5567.50  3.535939E-14
5568.75  3.534944E-14
5570.00  3.531719E-14
5571.25  3.529687E-14
5572.50  3.529656E-14
5573.75  3.525867E-14
5575.00  3.525139E-14
5576.25  3.523528E-14
5577.50  3.519569E-14
5578.75  3.518771E-14
5580.00  3.514316E-14
5581.25  3.510382E-14
5582.50  3.508115E-14
5583.75  3.502131E-14
5585.00  3.498336E-14
5586.25  3.495028E-14
5587.50  3.490630E-14
5588.75  3.488205E-14
5590.00  3.485624E-14
5591.25  3.483904E-14
5592.50  3.483203E-14
5593.75  3.483454E-14
5595.00  3.483842E-14
5596.25  3.485707E-14
5597.50  3.489486E-14
5598.75  3.492738E-14
5600.00  3.497011E-14
5601.25  3.501997E-14
5602.50  3.506846E-14
5603.75  3.512061E-14
5605.00  3.516671E-14
5606.25  3.520203E-14
5607.50  3.524108E-14
5608.75  3.527344E-14
5610.00  3.528693E-14
5611.25  3.530538E-14
5612.50  3.530962E-14
5613.75  3.530424E-14
5615.00  3.531101E-14
5616.25  3.529470E-14
5617.50  3.528150E-14
5618.75  3.527698E-14
5620.00  3.525512E-14
5621.25  3.524626E-14
5622.50  3.522892E-14
5623.75  3.522617E-14
5625.00  3.523608E-14
5626.25  3.522990E-14
5627.50  3.522929E-14
5628.75  3.523017E-14
5630.00  3.522250E-14
5631.25  3.521349E-14
5632.50  3.520198E-14
5633.75  3.519371E-14
5635.00  3.517815E-14
5636.25  3.516442E-14
5637.50  3.514337E-14
5638.75  3.511624E-14
5640.00  3.510030E-14
5641.25  3.506959E-14
5642.50  3.504331E-14
5643.75  3.502430E-14
5645.00  3.498735E-14
5646.25  3.496291E-14
5647.50  3.493888E-14
5648.75  3.489934E-14
5650.00  3.487633E-14
5651.25  3.484232E-14
5652.50  3.480024E-14
5653.75  3.477630E-14
5655.00  3.473591E-14
5656.25  3.469816E-14
5657.50  3.469232E-14
5658.75  3.466825E-14
5660.00  3.465271E-14
5661.25  3.465826E-14
5662.50  3.465456E-14
5663.75  3.466264E-14
5665.00  3.468366E-14
5666.25  3.469666E-14
5667.50  3.472882E-14
5668.75  3.476601E-14
5670.00  3.478524E-14
5671.25  3.481191E-14
5672.50  3.484338E-14
5673.75  3.484937E-14
5675.00  3.486811E-14
5676.25  3.487625E-14
5677.50  3.487317E-14
5678.75  3.488040E-14
5680.00  3.486677E-14
5681.25  3.485496E-14
5682.50  3.485463E-14
5683.75  3.483376E-14
5685.00  3.482322E-14
5686.25  3.481580E-14
5687.50  3.480280E-14
5688.75  3.479811E-14
5690.00  3.479278E-14
5691.25  3.478002E-14
5692.50  3.477284E-14
5693.75  3.476575E-14
5695.00  3.474402E-14
5696.25  3.472317E-14
5697.50  3.471067E-14
5698.75  3.467545E-14
5700.00  3.465551E-14
5701.25  3.463821E-14
5702.50  3.459677E-14
5703.75  3.457994E-14
5705.00  3.456651E-14
5706.25  3.453455E-14
5707.50  3.455182E-14
5708.75  3.455322E-14
5710.00  3.456398E-14
5711.25  3.461632E-14
5712.50  3.463499E-14
5713.75  3.467884E-14
5715.00  3.474746E-14
5716.25  3.478169E-14
5717.50  3.486135E-14
5718.75  3.492221E-14
5720.00  3.496810E-14
5721.25  3.504521E-14
5722.50  3.508341E-14
5723.75  3.512147E-14
5725.00  3.517643E-14
5726.25  3.519596E-14
5727.50  3.523585E-14
5728.75  3.525825E-14
5730.00  3.526394E-14
5731.25  3.529224E-14
5732.50  3.529776E-14
5733.75  3.529653E-14
5735.00  3.531008E-14
5736.25  3.530228E-14
5737.50  3.530365E-14
5738.75  3.530620E-14
5740.00  3.528583E-14
5741.25  3.528380E-14
5742.50  3.527596E-14
5743.75  3.525299E-14
5745.00  3.524262E-14
5746.25  3.522579E-14
5747.50  3.521154E-14
5748.75  3.520169E-14
5750.00  3.516982E-14
5751.25  3.515702E-14
5752.50  3.514954E-14
5753.75  3.513974E-14
5755.00  3.514301E-14
5756.25  3.512831E-14
5757.50  3.511756E-14
5758.75  3.512154E-14
5760.00  3.510459E-14
5761.25  3.511722E-14
5762.50  3.512641E-14
5763.75  3.510929E-14
5765.00  3.511470E-14
5766.25  3.509732E-14
5767.50  3.507044E-14
5768.75  3.506894E-14
5770.00  3.503645E-14
5771.25  3.500621E-14
5772.50  3.498167E-14
5773.75  3.493516E-14
5775.00  3.489833E-14
5776.25  3.485735E-14
5777.50  3.480584E-14
5778.75  3.477015E-14
5780.00  3.474486E-14
5781.25  3.471216E-14
5782.50  3.469191E-14
5783.75  3.468802E-14
5785.00  3.468228E-14
5786.25  3.469585E-14
5787.50  3.471147E-14
5788.75  3.472683E-14
5790.00  3.477696E-14
5791.25  3.481532E-14
5792.50  3.486115E-14
5793.75  3.491137E-14
5795.00  3.493791E-14
5796.25  3.499581E-14
5797.50  3.504669E-14
5798.75  3.507853E-14
5800.00  3.513059E-14
5801.25  3.514847E-14
5802.50  3.516886E-14
5803.75  3.520670E-14
5805.00  3.521247E-14
5806.25  3.523103E-14
5807.50  3.525295E-14
5808.75  3.524854E-14
5810.00  3.526023E-14
5811.25  3.527082E-14
5812.50  3.526514E-14
5813.75  3.527711E-14
5815.00  3.529415E-14
5816.25  3.529836E-14
5817.50  3.531148E-14
5818.75  3.532317E-14
5820.00  3.532756E-14
5821.25  3.534460E-14
5822.50  3.536410E-14
5823.75  3.537241E-14
5825.00  3.538339E-14
5826.25  3.539787E-14
5827.50  3.540150E-14
5828.75  3.540561E-14
5830.00  3.541597E-14
5831.25  3.540681E-14
5832.50  3.540228E-14
5833.75  3.540402E-14
5835.00  3.538011E-14
5836.25  3.536395E-14
5837.50  3.534784E-14
5838.75  3.530870E-14
5840.00  3.528247E-14
5841.25  3.524539E-14
5842.50  3.518462E-14
5843.75  3.514024E-14
5845.00  3.508446E-14
5846.25  3.501761E-14
5847.50  3.495931E-14
5848.75  3.488520E-14
5850.00  3.481085E-14
5851.25  3.475098E-14
5852.50  3.468676E-14
5853.75  3.461890E-14
5855.00  3.456098E-14
5856.25  3.450547E-14
5857.50  3.445881E-14
5858.75  3.442355E-14
5860.00  3.438564E-14
5861.25  3.435291E-14
5862.50  3.432209E-14
5863.75  3.428978E-14
5865.00  3.426304E-14
5866.25  3.423067E-14
5867.50  3.420217E-14
5868.75  3.416733E-14
5870.00  3.410973E-14
5871.25  3.405878E-14
5872.50  3.398234E-14
5873.75  3.390211E-14
5875.00  3.384605E-14
5876.25  3.373743E-14
5877.50  3.363228E-14
5878.75  3.351139E-14
5880.00  3.334409E-14
5881.25  3.324033E-14
5882.50  3.312288E-14
5883.75  3.296810E-14
5885.00  3.283926E-14
5886.25  3.265599E-14
5887.50  3.252199E-14
5888.75  3.247015E-14
5890.00  3.236608E-14
5891.25  3.231545E-14
5892.50  3.225563E-14
5893.75  3.218691E-14
5895.00  3.226095E-14
5896.25  3.230317E-14
5897.50  3.236199E-14
5898.75  3.247499E-14
5900.00  3.252626E-14
5901.25  3.265075E-14
5902.50  3.281301E-14
5903.75  3.289720E-14
5905.00  3.304678E-14
5906.25  3.315957E-14
5907.50  3.323539E-14
5908.75  3.336653E-14
5910.00  3.344177E-14
5911.25  3.349187E-14
5912.50  3.357444E-14
5913.75  3.361201E-14
5915.00  3.364937E-14
5916.25  3.369921E-14
5917.50  3.371151E-14
5918.75  3.372581E-14
5920.00  3.374852E-14
5921.25  3.376370E-14
5922.50  3.378043E-14
5923.75  3.379399E-14
5925.00  3.379961E-14
5926.25  3.380481E-14
5927.50  3.381072E-14
5928.75  3.383282E-14
5930.00  3.384002E-14
5931.25  3.383501E-14
5932.50  3.384678E-14
5933.75  3.384657E-14
5935.00  3.384360E-14
5936.25  3.386616E-14
5937.50  3.385406E-14
5938.75  3.383230E-14
5940.00  3.384967E-14
5941.25  3.383746E-14
5942.50  3.382247E-14
5943.75  3.383836E-14
5945.00  3.380802E-14
5946.25  3.378669E-14
5947.50  3.380585E-14
5948.75  3.378764E-14
5950.00  3.377513E-14
5951.25  3.379388E-14
5952.50  3.377267E-14
5953.75  3.376907E-14
5955.00  3.379407E-14
5956.25  3.378966E-14
5957.50  3.379907E-14
5958.75  3.382401E-14
5960.00  3.382219E-14
5961.25  3.383494E-14
5962.50  3.385415E-14
5963.75  3.386250E-14
5965.00  3.387657E-14
5966.25  3.388158E-14
5967.50  3.388337E-14
5968.75  3.388203E-14
5970.00  3.387783E-14
5971.25  3.387835E-14
5972.50  3.386318E-14
5973.75  3.384413E-14
5975.00  3.383415E-14
5976.25  3.381571E-14
5977.50  3.380062E-14
5978.75  3.379211E-14
5980.00  3.376770E-14
5981.25  3.374485E-14
5982.50  3.374429E-14
5983.75  3.374137E-14
5985.00  3.373084E-14
5986.25  3.373609E-14
5987.50  3.372417E-14
5988.75  3.370851E-14
5990.00  3.373218E-14
5991.25  3.373518E-14
5992.50  3.372154E-14
5993.75  3.373013E-14
5995.00  3.371505E-14
5996.25  3.370220E-14
5997.50  3.371479E-14
5998.75  3.369782E-14
6000.00  3.367372E-14
6001.25  3.366798E-14
6002.50  3.364674E-14
6003.75  3.363021E-14
6005.00  3.361835E-14
6006.25  3.359400E-14
6007.50  3.358449E-14
6008.75  3.357640E-14
6010.00  3.355760E-14
6011.25  3.355377E-14
6012.50  3.354858E-14
6013.75  3.354178E-14
6015.00  3.356837E-14
6016.25  3.356826E-14
6017.50  3.356433E-14
6018.75  3.360511E-14
6020.00  3.362078E-14
6021.25  3.363669E-14
6022.50  3.369564E-14
6023.75  3.371040E-14
6025.00  3.373719E-14
6026.25  3.380567E-14
6027.50  3.382567E-14
6028.75  3.386303E-14
6030.00  3.392335E-14
6031.25  3.394029E-14
6032.50  3.397851E-14
6033.75  3.402550E-14
6035.00  3.403433E-14
6036.25  3.406577E-14
6037.50  3.409479E-14
6038.75  3.409569E-14
6040.00  3.411588E-14
6041.25  3.413035E-14
6042.50  3.412255E-14
6043.75  3.413262E-14
6045.00  3.413319E-14
6046.25  3.411485E-14
6047.50  3.411903E-14
6048.75  3.411352E-14
6050.00  3.408718E-14
6051.25  3.408306E-14
6052.50  3.406879E-14
6053.75  3.404331E-14
6055.00  3.403717E-14
6056.25  3.402275E-14
6057.50  3.399989E-14
6058.75  3.399109E-14
6060.00  3.398194E-14
6061.25  3.396718E-14
6062.50  3.395961E-14
6063.75  3.396277E-14
6065.00  3.395805E-14
6066.25  3.395310E-14
6067.50  3.395316E-14
6068.75  3.394415E-14
6070.00  3.393868E-14
6071.25  3.394229E-14
6072.50  3.393583E-14
6073.75  3.392338E-14
6075.00  3.390479E-14
6076.25  3.389090E-14
6077.50  3.387856E-14
6078.75  3.385251E-14
6080.00  3.383718E-14
6081.25  3.381847E-14
6082.50  3.378442E-14
6083.75  3.377597E-14
6085.00  3.376433E-14
6086.25  3.373412E-14
6087.50  3.372540E-14
6088.75  3.371047E-14
6090.00  3.369500E-14
6091.25  3.369674E-14
6092.50  3.368814E-14
6093.75  3.367452E-14
6095.00  3.366626E-14
6096.25  3.366480E-14
6097.50  3.366754E-14
6098.75  3.365941E-14
6100.00  3.365074E-14
6101.25  3.366070E-14
6102.50  3.365854E-14
6103.75  3.366755E-14
6105.00  3.367075E-14
6106.25  3.365687E-14
6107.50  3.366136E-14
6108.75  3.367655E-14
6110.00  3.367423E-14
6111.25  3.367289E-14
6112.50  3.366815E-14
6113.75  3.365805E-14
6115.00  3.364656E-14
6116.25  3.363717E-14
6117.50  3.362109E-14
6118.75  3.359356E-14
6120.00  3.358241E-14
6121.25  3.355814E-14
6122.50  3.352419E-14
6123.75  3.351383E-14
6125.00  3.348187E-14
6126.25  3.344017E-14
6127.50  3.343514E-14
6128.75  3.340651E-14
6130.00  3.336431E-14
6131.25  3.336280E-14
6132.50  3.332793E-14
6133.75  3.328211E-14
6135.00  3.327730E-14
6136.25  3.326340E-14
6137.50  3.322796E-14
6138.75  3.321189E-14
6140.00  3.319198E-14
6141.25  3.314880E-14
6142.50  3.314860E-14
6143.75  3.313699E-14
6145.00  3.308614E-14
6146.25  3.306200E-14
6147.50  3.303507E-14
6148.75  3.298798E-14
6150.00  3.295355E-14
6151.25  3.289346E-14
6152.50  3.283161E-14
6153.75  3.278396E-14
6155.00  3.269935E-14
6156.25  3.264760E-14
6157.50  3.259470E-14
6158.75  3.249435E-14
6160.00  3.245844E-14
6161.25  3.241768E-14
6162.50  3.233286E-14
6163.75  3.233182E-14
6165.00  3.230727E-14
6166.25  3.223734E-14
6167.50  3.227865E-14
6168.75  3.228852E-14
6170.00  3.225915E-14
6171.25  3.232077E-14
6172.50  3.233350E-14
6173.75  3.232541E-14
6175.00  3.240376E-14
6176.25  3.242170E-14
6177.50  3.241833E-14
6178.75  3.248589E-14
6180.00  3.248962E-14
6181.25  3.249685E-14
6182.50  3.254652E-14
6183.75  3.252249E-14
6185.00  3.252618E-14
6186.25  3.257153E-14
6187.50  3.254606E-14
6188.75  3.254746E-14
6190.00  3.258557E-14
6191.25  3.256115E-14
6192.50  3.257372E-14
6193.75  3.261376E-14
6195.00  3.259273E-14
6196.25  3.261057E-14
6197.50  3.265530E-14
6198.75  3.264793E-14
6200.00  3.266042E-14
6201.25  3.269071E-14
6202.50  3.268111E-14
6203.75  3.268039E-14
6205.00  3.269003E-14
6206.25  3.266725E-14
6207.50  3.264776E-14
6208.75  3.263133E-14
6210.00  3.260124E-14
6211.25  3.256148E-14
6212.50  3.251762E-14
6213.75  3.248102E-14
6215.00  3.243475E-14
6216.25  3.238021E-14
6217.50  3.233741E-14
6218.75  3.228874E-14
6220.00  3.223962E-14
6221.25  3.220698E-14
6222.50  3.215403E-14
6223.75  3.210388E-14
6225.00  3.208141E-14
6226.25  3.204088E-14
6227.50  3.199814E-14
6228.75  3.197306E-14
6230.00  3.193535E-14
6231.25  3.190558E-14
6232.50  3.187965E-14
6233.75  3.184141E-14
6235.00  3.181321E-14
6236.25  3.178843E-14
6237.50  3.176250E-14
6238.75  3.173802E-14
6240.00  3.171269E-14
6241.25  3.169492E-14
6242.50  3.167834E-14
6243.75  3.165705E-14
6245.00  3.164663E-14
6246.25  3.163479E-14
6247.50  3.162554E-14
6248.75  3.162852E-14
6250.00  3.162414E-14
6251.25  3.162753E-14
6252.50  3.164604E-14
6253.75  3.165467E-14
6255.00  3.167031E-14
6256.25  3.169659E-14
6257.50  3.170912E-14
6258.75  3.173029E-14
6260.00  3.176327E-14
6261.25  3.177508E-14
6262.50  3.178806E-14
6263.75  3.181661E-14
6265.00  3.182432E-14
6266.25  3.182980E-14
6267.50  3.183853E-14
6268.75  3.182896E-14
6270.00  3.182013E-14
6271.25  3.181524E-14
6272.50  3.179685E-14
6273.75  3.177600E-14
6275.00  3.176511E-14
6276.25  3.175563E-14
6277.50  3.174158E-14
6278.75  3.172564E-14
6280.00  3.172319E-14
6281.25  3.172641E-14
6282.50  3.171537E-14
6283.75  3.171835E-14
6285.00  3.172859E-14
6286.25  3.172736E-14
6287.50  3.174145E-14
6288.75  3.175053E-14
6290.00  3.174030E-14
6291.25  3.175600E-14
6292.50  3.177000E-14
6293.75  3.174762E-14
6295.00  3.174941E-14
6296.25  3.176496E-14
6297.50  3.175269E-14
6298.75  3.174878E-14
6300.00  3.175900E-14
6301.25  3.175716E-14
6302.50  3.175813E-14
6303.75  3.177166E-14
6305.00  3.177460E-14
6306.25  3.178003E-14
6307.50  3.179718E-14
6308.75  3.181903E-14
6310.00  3.182342E-14
6311.25  3.183278E-14
6312.50  3.187740E-14
6313.75  3.189134E-14
6315.00  3.189261E-14
6316.25  3.194193E-14
6317.50  3.196817E-14
6318.75  3.196908E-14
6320.00  3.201426E-14
6321.25  3.204708E-14
6322.50  3.205036E-14
6323.75  3.208728E-14
6325.00  3.212045E-14
6326.25  3.212647E-14
6327.50  3.214672E-14
6328.75  3.216739E-14
6330.00  3.217891E-14
6331.25  3.218497E-14
6332.50  3.219427E-14
6333.75  3.220872E-14
6335.00  3.220219E-14
6336.25  3.219812E-14
6337.50  3.222049E-14
6338.75  3.220961E-14
6340.00  3.219166E-14
6341.25  3.222681E-14
6342.50  3.222334E-14
6343.75  3.219386E-14
6345.00  3.222850E-14
6346.25  3.223140E-14
6347.50  3.219581E-14
6348.75  3.222430E-14
6350.00  3.222909E-14
6351.25  3.218355E-14
6352.50  3.220516E-14
6353.75  3.221271E-14
6355.00  3.216059E-14
6356.25  3.217637E-14
6357.50  3.219178E-14
6358.75  3.214279E-14
6360.00  3.215316E-14
6361.25  3.217682E-14
6362.50  3.213574E-14
6363.75  3.214734E-14
6365.00  3.218249E-14
6366.25  3.215884E-14
6367.50  3.217231E-14
6368.75  3.221392E-14
6370.00  3.220462E-14
6371.25  3.221823E-14
6372.50  3.226124E-14
6373.75  3.225795E-14
6375.00  3.227112E-14
6376.25  3.230802E-14
6377.50  3.230284E-14
6378.75  3.231147E-14
6380.00  3.233851E-14
6381.25  3.233013E-14
6382.50  3.233402E-14
6383.75  3.235318E-14
6385.00  3.233646E-14
6386.25  3.233555E-14
6387.50  3.234872E-14
6388.75  3.232821E-14
6390.00  3.233223E-14
6391.25  3.234386E-14
6392.50  3.231225E-14
6393.75  3.231895E-14
6395.00  3.234092E-14
6396.25  3.230397E-14
6397.50  3.231024E-14
6398.75  3.234003E-14
6400.00  3.229999E-14
6401.25  3.230339E-14
6402.50  3.233897E-14
6403.75  3.230718E-14
6405.00  3.231236E-14
6406.25  3.234835E-14
6407.50  3.231429E-14
6408.75  3.231745E-14
6410.00  3.235769E-14
6411.25  3.233616E-14
6412.50  3.233829E-14
6413.75  3.237042E-14
6415.00  3.235738E-14
6416.25  3.236453E-14
6417.50  3.239503E-14
6418.75  3.238684E-14
6420.00  3.239432E-14
6421.25  3.242164E-14
6422.50  3.241867E-14
6423.75  3.242368E-14
6425.00  3.244316E-14
6426.25  3.244534E-14
6427.50  3.244408E-14
6428.75  3.245189E-14
6430.00  3.245670E-14
6431.25  3.245386E-14
6432.50  3.245649E-14
6433.75  3.245336E-14
6435.00  3.244644E-14
6436.25  3.244999E-14
6437.50  3.243922E-14
6438.75  3.241760E-14
6440.00  3.241819E-14
6441.25  3.241584E-14
6442.50  3.238626E-14
6443.75  3.237119E-14
6445.00  3.237149E-14
6446.25  3.234086E-14
6447.50  3.231455E-14
6448.75  3.231608E-14
6450.00  3.228932E-14
6451.25  3.225780E-14
6452.50  3.225941E-14
6453.75  3.224180E-14
6455.00  3.221278E-14
6456.25  3.221802E-14
6457.50  3.221023E-14
6458.75  3.218281E-14
6460.00  3.219674E-14
6461.25  3.220667E-14
6462.50  3.217898E-14
6463.75  3.218917E-14
6465.00  3.220898E-14
6466.25  3.218796E-14
6467.50  3.219090E-14
6468.75  3.220806E-14
6470.00  3.218078E-14
6471.25  3.216903E-14
6472.50  3.218295E-14
6473.75  3.215002E-14
6475.00  3.211716E-14
6476.25  3.211659E-14
6477.50  3.207623E-14
6478.75  3.202338E-14
6480.00  3.200266E-14
6481.25  3.195483E-14
6482.50  3.188637E-14
6483.75  3.184545E-14
6485.00  3.179597E-14
6486.25  3.172945E-14
6487.50  3.168087E-14
6488.75  3.163579E-14
6490.00  3.158367E-14
6491.25  3.154628E-14
6492.50  3.151764E-14
6493.75  3.149451E-14
6495.00  3.148092E-14
6496.25  3.148015E-14
6497.50  3.149386E-14
6498.75  3.150800E-14
6500.00  3.153321E-14
6501.25  3.157908E-14
6502.50  3.161411E-14
6503.75  3.165331E-14
6505.00  3.171770E-14
6506.25  3.176235E-14
6507.50  3.179822E-14
6508.75  3.186234E-14
6510.00  3.190755E-14
6511.25  3.192958E-14
6512.50  3.197757E-14
6513.75  3.201342E-14
6515.00  3.202077E-14
6516.25  3.204859E-14
6517.50  3.207391E-14
6518.75  3.207112E-14
6520.00  3.208400E-14
6521.25  3.209919E-14
6522.50  3.208834E-14
6523.75  3.209278E-14
6525.00  3.209803E-14
6526.25  3.207722E-14
6527.50  3.207186E-14
6528.75  3.206556E-14
6530.00  3.203013E-14
6531.25  3.200670E-14
6532.50  3.198501E-14
6533.75  3.192707E-14
6535.00  3.187031E-14
6536.25  3.181987E-14
6537.50  3.172839E-14
6538.75  3.162509E-14
6540.00  3.153134E-14
6541.25  3.139525E-14
6542.50  3.123190E-14
6543.75  3.108245E-14
6545.00  3.090034E-14
6546.25  3.066807E-14
6547.50  3.045261E-14
6548.75  3.024305E-14
6550.00  2.996731E-14
6551.25  2.969878E-14
6552.50  2.948919E-14
6553.75  2.921015E-14
6555.00  2.892933E-14
6556.25  2.876224E-14
6557.50  2.854365E-14
6558.75  2.831113E-14
6560.00  2.822833E-14
6561.25  2.813202E-14
6562.50  2.800160E-14
6563.75  2.802836E-14
6565.00  2.808021E-14
6566.25  2.807329E-14
6567.50  2.820753E-14
6568.75  2.838443E-14
6570.00  2.848541E-14
6571.25  2.869105E-14
6572.50  2.893428E-14
6573.75  2.910129E-14
6575.00  2.932447E-14
6576.25  2.957171E-14
6577.50  2.975707E-14
6578.75  2.995517E-14
6580.00  3.016206E-14
6581.25  3.031987E-14
6582.50  3.047617E-14
6583.75  3.062934E-14
6585.00  3.073532E-14
6586.25  3.084503E-14
6587.50  3.095285E-14
6588.75  3.101587E-14
6590.00  3.108479E-14
6591.25  3.115933E-14
6592.50  3.119549E-14
6593.75  3.123439E-14
6595.00  3.128945E-14
6596.25  3.131253E-14
6597.50  3.133171E-14
6598.75  3.137699E-14
6600.00  3.139761E-14
6601.25  3.140525E-14
6602.50  3.144497E-14
6603.75  3.146702E-14
6605.00  3.146884E-14
6606.25  3.150204E-14
6607.50  3.152779E-14
6608.75  3.152466E-14
6610.00  3.154903E-14
6611.25  3.157603E-14
6612.50  3.156939E-14
6613.75  3.158234E-14
6615.00  3.160386E-14
6616.25  3.159266E-14
6617.50  3.159343E-14
6618.75  3.160514E-14
6620.00  3.158792E-14
6621.25  3.157647E-14
6622.50  3.157837E-14
6623.75  3.155575E-14
6625.00  3.153677E-14
6626.25  3.153096E-14
6627.50  3.150544E-14
6628.75  3.148429E-14
6630.00  3.147679E-14
6631.25  3.145113E-14
6632.50  3.143253E-14
6633.75  3.142913E-14
6635.00  3.140637E-14
6636.25  3.138963E-14
6637.50  3.139374E-14
6638.75  3.137577E-14
6640.00  3.135858E-14
6641.25  3.136828E-14
6642.50  3.135522E-14
6643.75  3.133494E-14
6645.00  3.134424E-14
6646.25  3.133444E-14
6647.50  3.130893E-14
6648.75  3.131132E-14
6650.00  3.130180E-14
6651.25  3.127024E-14
6652.50  3.126318E-14
6653.75  3.125075E-14
6655.00  3.121438E-14
6656.25  3.119786E-14
6657.50  3.118039E-14
6658.75  3.114129E-14
6660.00  3.111792E-14
6661.25  3.109471E-14
6662.50  3.105547E-14
6663.75  3.102893E-14
6665.00  3.100152E-14
6666.25  3.096341E-14
6667.50  3.093876E-14
6668.75  3.091085E-14
6670.00  3.087358E-14
6671.25  3.085576E-14
6672.50  3.083555E-14
6673.75  3.080044E-14
6675.00  3.079223E-14
6676.25  3.078593E-14
6677.50  3.075904E-14
6678.75  3.075910E-14
6680.00  3.076897E-14
6681.25  3.075717E-14
6682.50  3.076111E-14
6683.75  3.078232E-14
6685.00  3.078616E-14
6686.25  3.079144E-14
6687.50  3.081484E-14
6688.75  3.082772E-14
6690.00  3.083310E-14
6691.25  3.084955E-14
6692.50  3.086211E-14
6693.75  3.086607E-14
6695.00  3.087201E-14
6696.25  3.087731E-14
6697.50  3.087789E-14
6698.75  3.087353E-14
6700.00  3.086949E-14
6701.25  3.086359E-14
6702.50  3.085322E-14
6703.75  3.084146E-14
6705.00  3.082746E-14
6706.25  3.081369E-14
6707.50  3.079932E-14
6708.75  3.077880E-14
6710.00  3.076259E-14
6711.25  3.075202E-14
6712.50  3.072985E-14
6713.75  3.071158E-14
6715.00  3.070919E-14
6716.25  3.069460E-14
6717.50  3.067581E-14
6718.75  3.068079E-14
6720.00  3.068072E-14
6721.25  3.066531E-14
6722.50  3.067165E-14
6723.75  3.068588E-14
6725.00  3.067811E-14
6726.25  3.067992E-14
6727.50  3.069993E-14
6728.75  3.070082E-14
6730.00  3.069462E-14
6731.25  3.070856E-14
6732.50  3.071498E-14
6733.75  3.070197E-14
6735.00  3.070266E-14
6736.25  3.070876E-14
6737.50  3.069270E-14
6738.75  3.068068E-14
6740.00  3.068322E-14
6741.25  3.066863E-14
6742.50  3.065048E-14
6743.75  3.064967E-14
6745.00  3.064039E-14
6746.25  3.062372E-14
6747.50  3.062449E-14
6748.75  3.062340E-14
6750.00  3.061332E-14
6751.25  3.061820E-14
6752.50  3.062716E-14
6753.75  3.062559E-14
6755.00  3.063309E-14
6756.25  3.065012E-14
6757.50  3.065719E-14
6758.75  3.066424E-14
6760.00  3.068340E-14
6761.25  3.069825E-14
6762.50  3.070306E-14
6763.75  3.071654E-14
6765.00  3.073494E-14
6766.25  3.073926E-14
6767.50  3.074242E-14
6768.75  3.075789E-14
6770.00  3.076252E-14
6771.25  3.075604E-14
6772.50  3.076109E-14
6773.75  3.076439E-14
6775.00  3.075201E-14
6776.25  3.074430E-14
6777.50  3.074301E-14
6778.75  3.072841E-14
6780.00  3.071096E-14
6781.25  3.070357E-14
6782.50  3.069088E-14
6783.75  3.066952E-14
6785.00  3.065870E-14
6786.25  3.065092E-14
6787.50  3.063282E-14
6788.75  3.062154E-14
6790.00  3.062124E-14
6791.25  3.061087E-14
6792.50  3.060251E-14
6793.75  3.060926E-14
6795.00  3.060865E-14
6796.25  3.060343E-14
6797.50  3.061396E-14
6798.75  3.062157E-14
6800.00  3.061993E-14
6801.25  3.063064E-14
6802.50  3.064196E-14
6803.75  3.064317E-14
6805.00  3.065237E-14
6806.25  3.066293E-14
6807.50  3.066445E-14
6808.75  3.067321E-14
6810.00  3.068192E-14
6811.25  3.068047E-14
6812.50  3.068857E-14
6813.75  3.069780E-14
6815.00  3.069166E-14
6816.25  3.069520E-14
6817.50  3.070648E-14
6818.75  3.069794E-14
6820.00  3.069373E-14
6821.25  3.070395E-14
6822.50  3.069704E-14
6823.75  3.068369E-14
6825.00  3.068716E-14
6826.25  3.068167E-14
6827.50  3.066308E-14
6828.75  3.065646E-14
6830.00  3.064907E-14
6831.25  3.062971E-14
6832.50  3.061504E-14
6833.75  3.060256E-14
6835.00  3.058325E-14
6836.25  3.056582E-14
6837.50  3.054948E-14
6838.75  3.052952E-14
6840.00  3.051213E-14
6841.25  3.049596E-14
6842.50  3.047570E-14
6843.75  3.045759E-14
6845.00  3.044418E-14
6846.25  3.042627E-14
6847.50  3.040648E-14
6848.75  3.039352E-14
6850.00  3.038148E-14
6851.25  3.036169E-14
6852.50  3.034627E-14
6853.75  3.034130E-14
6855.00  3.032694E-14
6856.25  3.030920E-14
6857.50  3.030943E-14
6858.75  3.030601E-14
6860.00  3.028942E-14
6861.25  3.029230E-14
6862.50  3.030111E-14
6863.75  3.028890E-14
6865.00  3.029242E-14
6866.25  3.031087E-14
6867.50  3.030464E-14
6868.75  3.030525E-14
6870.00  3.032777E-14
6871.25  3.032697E-14
6872.50  3.032232E-14
6873.75  3.034371E-14
6875.00  3.034703E-14
6876.25  3.033668E-14
6877.50  3.035265E-14
6878.75  3.035922E-14
6880.00  3.034734E-14
6881.25  3.035704E-14
6882.50  3.036490E-14
6883.75  3.035650E-14
6885.00  3.036295E-14
6886.25  3.037064E-14
6887.50  3.036732E-14
6888.75  3.037558E-14
6890.00  3.038353E-14
6891.25  3.038217E-14
6892.50  3.039407E-14
6893.75  3.040416E-14
6895.00  3.040039E-14
6896.25  3.041254E-14
6897.50  3.042695E-14
6898.75  3.042007E-14
6900.00  3.042479E-14
6901.25  3.044130E-14
6902.50  3.043627E-14
6903.75  3.043022E-14
6905.00  3.044175E-14
6906.25  3.044158E-14
6907.50  3.043070E-14
6908.75  3.043175E-14
6910.00  3.043463E-14
6911.25  3.042818E-14
6912.50  3.042218E-14
6913.75  3.042371E-14
6915.00  3.042662E-14
6916.25  3.042451E-14
6917.50  3.042432E-14
6918.75  3.043414E-14
6920.00  3.044451E-14
6921.25  3.044903E-14
6922.50  3.046092E-14
6923.75  3.048320E-14
6925.00  3.049856E-14
6926.25  3.051213E-14
6927.50  3.053851E-14
6928.75  3.056524E-14
6930.00  3.058254E-14
6931.25  3.060419E-14
6932.50  3.063802E-14
6933.75  3.065888E-14
6935.00  3.067231E-14
6936.25  3.070598E-14
6937.50  3.072937E-14
6938.75  3.073366E-14
6940.00  3.075891E-14
6941.25  3.078613E-14
6942.50  3.078489E-14
6943.75  3.079200E-14
6945.00  3.082234E-14
6946.25  3.082410E-14
6947.50  3.081076E-14
6948.75  3.083677E-14
6950.00  3.084933E-14
6951.25  3.082496E-14
6952.50  3.083518E-14
6953.75  3.085953E-14
6955.00  3.084077E-14
6956.25  3.083013E-14
6957.50  3.085646E-14
6958.75  3.085247E-14
6960.00  3.082944E-14
6961.25  3.084503E-14
6962.50  3.085256E-14
6963.75  3.083125E-14
6965.00  3.083103E-14
6966.25  3.083983E-14
6967.50  3.082750E-14
6968.75  3.081595E-14
6970.00  3.081951E-14
6971.25  3.081476E-14
6972.50  3.080232E-14
6973.75  3.080033E-14
6975.00  3.080037E-14
6976.25  3.079353E-14
6977.50  3.078972E-14
6978.75  3.079236E-14
6980.00  3.079295E-14
6981.25  3.079032E-14
6982.50  3.079112E-14
6983.75  3.079698E-14
6985.00  3.079682E-14
6986.25  3.079234E-14
6987.50  3.079712E-14
6988.75  3.079870E-14
6990.00  3.078676E-14
6991.25  3.078422E-14
6992.50  3.078800E-14
6993.75  3.077305E-14
6995.00  3.075766E-14
6996.25  3.076179E-14
6997.50  3.075497E-14
6998.75  3.072975E-14
7000.00  3.072906E-14
7001.25  3.073692E-14
7002.50  3.071453E-14
7003.75  3.070577E-14
7005.00  3.072635E-14
7006.25  3.072062E-14
7007.50  3.070507E-14
7008.75  3.073063E-14
7010.00  3.074726E-14
7011.25  3.073293E-14
7012.50  3.075275E-14
7013.75  3.079055E-14
7015.00  3.078972E-14
7016.25  3.079901E-14
7017.50  3.084608E-14
7018.75  3.086889E-14
7020.00  3.087430E-14
7021.25  3.091717E-14
7022.50  3.096302E-14
7023.75  3.097853E-14
7025.00  3.101151E-14
7026.25  3.106838E-14
7027.50  3.110397E-14
7028.75  3.113126E-14
7030.00  3.118330E-14
7031.25  3.123631E-14
7032.50  3.126606E-14
7033.75  3.130054E-14
7035.00  3.135344E-14
7036.25  3.138850E-14
7037.50  3.140238E-14
7038.75  3.143155E-14
7040.00  3.146211E-14
7041.25  3.145904E-14
7042.50  3.144889E-14
7043.75  3.145777E-14
7045.00  3.143941E-14
7046.25  3.138901E-14
7047.50  3.136062E-14
7048.75  3.132741E-14
7050.00  3.125149E-14
7051.25  3.118287E-14
7052.50  3.113308E-14
7053.75  3.105345E-14
7055.00  3.095924E-14
7056.25  3.089596E-14
7057.50  3.083155E-14
7058.75  3.073677E-14
7060.00  3.066644E-14
7061.25  3.062436E-14
7062.50  3.055283E-14
7063.75  3.048399E-14
7065.00  3.046001E-14
7066.25  3.042520E-14
7067.50  3.036593E-14
7068.75  3.034805E-14
7070.00  3.034364E-14
7071.25  3.029628E-14
7072.50  3.027032E-14
7073.75  3.028152E-14
7075.00  3.024863E-14
7076.25  3.020298E-14
7077.50  3.020308E-14
7078.75  3.018558E-14
7080.00  3.012423E-14
7081.25  3.009916E-14
7082.50  3.009171E-14
7083.75  3.002839E-14
7085.00  2.997524E-14
7086.25  2.996717E-14
7087.50  2.992101E-14
7088.75  2.985318E-14
7090.00  2.983602E-14
7091.25  2.981702E-14
7092.50  2.975754E-14
7093.75  2.972866E-14
7095.00  2.972962E-14
7096.25  2.969839E-14
7097.50  2.966530E-14
7098.75  2.966998E-14
7100.00  2.966943E-14
7101.25  2.964563E-14
7102.50  2.964362E-14
7103.75  2.965776E-14
7105.00  2.964857E-14
7106.25  2.964089E-14
7107.50  2.965388E-14
7108.75  2.965208E-14
7110.00  2.963816E-14
7111.25  2.964273E-14
7112.50  2.964096E-14
7113.75  2.961721E-14
7115.00  2.960960E-14
7116.25  2.960588E-14
7117.50  2.956930E-14
7118.75  2.954611E-14
7120.00  2.954088E-14
7121.25  2.949975E-14
7122.50  2.945674E-14
7123.75  2.944921E-14
7125.00  2.941785E-14
7126.25  2.935728E-14
7127.50  2.934025E-14
7128.75  2.932790E-14
7130.00  2.926674E-14
7131.25  2.923411E-14
7132.50  2.923528E-14
7133.75  2.919633E-14
7135.00  2.915096E-14
7136.25  2.915119E-14
7137.50  2.914091E-14
7138.75  2.909921E-14
7140.00  2.909118E-14
7141.25  2.909838E-14
7142.50  2.907568E-14
7143.75  2.906305E-14
7145.00  2.907351E-14
7146.25  2.906600E-14
7147.50  2.905077E-14
7148.75  2.905863E-14
7150.00  2.906072E-14
7151.25  2.904226E-14
7152.50  2.904089E-14
7153.75  2.904824E-14
7155.00  2.902855E-14
7156.25  2.900949E-14
7157.50  2.901343E-14
7158.75  2.899973E-14
7160.00  2.897052E-14
7161.25  2.896002E-14
7162.50  2.894655E-14
7163.75  2.891293E-14
7165.00  2.888920E-14
7166.25  2.887280E-14
7167.50  2.883700E-14
7168.75  2.880595E-14
7170.00  2.878839E-14
7171.25  2.875320E-14
7172.50  2.871951E-14
7173.75  2.869884E-14
7175.00  2.866998E-14
7176.25  2.864088E-14
7177.50  2.862441E-14
7178.75  2.859886E-14
7180.00  2.856901E-14
7181.25  2.856587E-14
7182.50  2.855985E-14
7183.75  2.852383E-14
7185.00  2.851966E-14
7186.25  2.853943E-14
7187.50  2.852541E-14
7188.75  2.850950E-14
7190.00  2.853614E-14
7191.25  2.855230E-14
7192.50  2.853936E-14
7193.75  2.856092E-14
7195.00  2.860285E-14
7196.25  2.861040E-14
7197.50  2.862160E-14
7198.75  2.867311E-14
7200.00  2.871416E-14
7201.25  2.872649E-14
7202.50  2.877267E-14
7203.75  2.883969E-14
7205.00  2.887396E-14
7206.25  2.890756E-14
7207.50  2.897658E-14
7208.75  2.904187E-14
7210.00  2.907743E-14
7211.25  2.913424E-14
7212.50  2.921231E-14
7213.75  2.925978E-14
7215.00  2.929990E-14
7216.25  2.936696E-14
7217.50  2.942856E-14
7218.75  2.945852E-14
7220.00  2.950341E-14
7221.25  2.956113E-14
7222.50  2.958211E-14
7223.75  2.959813E-14
7225.00  2.964377E-14
7226.25  2.966521E-14
7227.50  2.966010E-14
7228.75  2.968648E-14
7230.00  2.970991E-14
7231.25  2.969435E-14
7232.50  2.969389E-14
7233.75  2.972380E-14
7235.00  2.971579E-14
7236.25  2.968901E-14
7237.50  2.971319E-14
7238.75  2.972804E-14
7240.00  2.969786E-14
7241.25  2.969490E-14
7242.50  2.972433E-14
7243.75  2.970972E-14
7245.00  2.969074E-14
7246.25  2.972083E-14
7247.50  2.972913E-14
7248.75  2.970491E-14
7250.00  2.971838E-14
7251.25  2.974322E-14
7252.50  2.972436E-14
7253.75  2.972000E-14
7255.00  2.974984E-14
7256.25  2.974592E-14
7257.50  2.973575E-14
7258.75  2.975523E-14
7260.00  2.976126E-14
7261.25  2.974899E-14
7262.50  2.975953E-14
7263.75  2.977296E-14
7265.00  2.975788E-14
7266.25  2.975720E-14
7267.50  2.977249E-14
7268.75  2.976070E-14
7270.00  2.974925E-14
7271.25  2.976469E-14
7272.50  2.976345E-14
7273.75  2.974527E-14
7275.00  2.975363E-14
7276.25  2.976466E-14
7277.50  2.975394E-14
7278.75  2.974646E-14
7280.00  2.976331E-14
7281.25  2.977020E-14
7282.50  2.976003E-14
7283.75  2.977569E-14
7285.00  2.980123E-14
7286.25  2.980676E-14
7287.50  2.981717E-14
7288.75  2.984842E-14
7290.00  2.987476E-14
7291.25  2.988579E-14
7292.50  2.991164E-14
7293.75  2.994715E-14
7295.00  2.997076E-14
7296.25  2.999785E-14
7297.50  3.002891E-14
7298.75  3.005736E-14
7300.00  3.009423E-14
7301.25  3.012858E-14
7302.50  3.015177E-14
7303.75  3.018322E-14
7305.00  3.022962E-14
7306.25  3.025627E-14
7307.50  3.027133E-14
7308.75  3.031701E-14
7310.00  3.035896E-14
7311.25  3.036974E-14
7312.50  3.039745E-14
7313.75  3.045152E-14
7315.00  3.048093E-14
7316.25  3.048284E-14
7317.50  3.052842E-14
7318.75  3.058269E-14
7320.00  3.058944E-14
7321.25  3.060766E-14
7322.50  3.066141E-14
7323.75  3.069740E-14
7325.00  3.070538E-14
7326.25  3.073980E-14
7327.50  3.078957E-14
7328.75  3.081126E-14
7330.00  3.082532E-14
7331.25  3.086278E-14
7332.50  3.090136E-14
7333.75  3.091419E-14
7335.00  3.092438E-14
7336.25  3.094711E-14
7337.50  3.097377E-14
7338.75  3.097784E-14
7340.00  3.097039E-14
7341.25  3.098897E-14
7342.50  3.099984E-14
7343.75  3.098410E-14
7345.00  3.097706E-14
7346.25  3.098903E-14
7347.50  3.098301E-14
7348.75  3.096078E-14
7350.00  3.096906E-14
7351.25  3.098204E-14
7352.50  3.096976E-14
7353.75  3.097296E-14
7355.00  3.099704E-14
7356.25  3.100582E-14
7357.50  3.101449E-14
7358.75  3.104327E-14
7360.00  3.106650E-14
7361.25  3.108556E-14
7362.50  3.111856E-14
7363.75  3.115295E-14
7365.00  3.117461E-14
7366.25  3.120254E-14
7367.50  3.123263E-14
7368.75  3.125265E-14
7370.00  3.127521E-14
7371.25  3.129332E-14
7372.50  3.129712E-14
7373.75  3.130896E-14
7375.00  3.132119E-14
7376.25  3.130599E-14
7377.50  3.129592E-14
7378.75  3.129971E-14
7380.00  3.127939E-14
7381.25  3.124829E-14
7382.50  3.124418E-14
7383.75  3.123648E-14
7385.00  3.119722E-14
7386.25  3.118027E-14
7387.50  3.118069E-14
7388.75  3.115829E-14
7390.00  3.113636E-14
7391.25  3.113245E-14
7392.50  3.112836E-14
7393.75  3.112318E-14
7395.00  3.112178E-14
7396.25  3.111812E-14
7397.50  3.112520E-14
7398.75  3.113956E-14
7400.00  3.113142E-14
7401.25  3.112807E-14
7402.50  3.116094E-14
7403.75  3.116834E-14
7405.00  3.113817E-14
7406.25  3.115968E-14
7407.50  3.120606E-14
7408.75  3.118327E-14
7410.00  3.116557E-14
7411.25  3.121614E-14
7412.50  3.123468E-14
7413.75  3.119654E-14
7415.00  3.121898E-14
7416.25  3.128078E-14
7417.50  3.126312E-14
7418.75  3.124582E-14
7420.00  3.130589E-14
7421.25  3.133575E-14
7422.50  3.131252E-14
7423.75  3.133700E-14
7425.00  3.139021E-14
7426.25  3.137951E-14
7427.50  3.136820E-14
7428.75  3.141530E-14
7430.00  3.143654E-14
7431.25  3.141368E-14
7432.50  3.142349E-14
7433.75  3.144989E-14
7435.00  3.143408E-14
7436.25  3.141772E-14
7437.50  3.143559E-14
7438.75  3.143437E-14
7440.00  3.141005E-14
7441.25  3.140991E-14
7442.50  3.141608E-14
7443.75  3.139801E-14
7445.00  3.139060E-14
7446.25  3.140102E-14
7447.50  3.138888E-14
7448.75  3.137989E-14
7450.00  3.139566E-14
7451.25  3.139444E-14
7452.50  3.137855E-14
7453.75  3.139367E-14
7455.00  3.141452E-14
7456.25  3.139626E-14
7457.50  3.139556E-14
7458.75  3.142767E-14
7460.00  3.143488E-14
7461.25  3.142000E-14
7462.50  3.143958E-14
7463.75  3.146885E-14
7465.00  3.146149E-14
7466.25  3.145758E-14
7467.50  3.148214E-14
7468.75  3.150513E-14
7470.00  3.150165E-14
7471.25  3.150813E-14
7472.50  3.152686E-14
7473.75  3.153946E-14
7475.00  3.153833E-14
7476.25  3.153605E-14
7477.50  3.154865E-14
7478.75  3.155557E-14
7480.00  3.154750E-14
7481.25  3.154120E-14
7482.50  3.155083E-14
7483.75  3.155514E-14
7485.00  3.153185E-14
7486.25  3.152255E-14
7487.50  3.153676E-14
7488.75  3.153081E-14
7490.00  3.150962E-14
7491.25  3.151293E-14
7492.50  3.153186E-14
7493.75  3.152123E-14
7495.00  3.151185E-14
7496.25  3.153262E-14
7497.50  3.154768E-14
7498.75  3.154040E-14
7500.00  3.155025E-14
7501.25  3.158104E-14
7502.50  3.159604E-14
7503.75  3.160132E-14
7505.00  3.162329E-14
7506.25  3.164995E-14
7507.50  3.166062E-14
7508.75  3.167415E-14
7510.00  3.170290E-14
7511.25  3.172250E-14
7512.50  3.172827E-14
7513.75  3.175060E-14
7515.00  3.177705E-14
7516.25  3.178286E-14
7517.50  3.178644E-14
7518.75  3.182134E-14
7520.00  3.184221E-14
7521.25  3.183602E-14
7522.50  3.185378E-14
7523.75  3.189175E-14
7525.00  3.189977E-14
7526.25  3.188869E-14
7527.50  3.191970E-14
7528.75  3.195614E-14
7530.00  3.195688E-14
7531.25  3.195809E-14
7532.50  3.199067E-14
7533.75  3.201460E-14
7535.00  3.200702E-14
7536.25  3.201150E-14
7537.50  3.203746E-14
7538.75  3.205731E-14
7540.00  3.204474E-14
7541.25  3.203891E-14
7542.50  3.205395E-14
7543.75  3.205801E-14
7545.00  3.203806E-14
7546.25  3.201907E-14
7547.50  3.203842E-14
7548.75  3.202086E-14
7550.00  3.198459E-14
7551.25  3.197402E-14
7552.50  3.197419E-14
7553.75  3.194724E-14
7555.00  3.190733E-14
7556.25  3.191509E-14
7557.50  3.189049E-14
7558.75  3.185454E-14
7560.00  3.184421E-14
7561.25  3.183797E-14
7562.50  3.180334E-14
7563.75  3.177775E-14
7565.00  3.178691E-14
7566.25  3.175824E-14
7567.50  3.172120E-14
7568.75  3.172283E-14
7570.00  3.172497E-14
7571.25  3.168075E-14
7572.50  3.165240E-14
7573.75  3.166158E-14
7575.00  3.163352E-14
7576.25  3.157922E-14
7577.50  3.156878E-14
7578.75  3.157236E-14
7580.00  3.151667E-14
7581.25  3.146482E-14
7582.50  3.145960E-14
7583.75  3.143028E-14
7585.00  3.135560E-14
7586.25  3.132128E-14
7587.50  3.132388E-14
7588.75  3.126567E-14
7590.00  3.119532E-14
7591.25  3.118747E-14
7592.50  3.117395E-14
7593.75  3.109483E-14
7595.00  3.104944E-14
7596.25  3.107525E-14
7597.50  3.104024E-14
7598.75  3.096220E-14
7600.00  3.096544E-14
7601.25  3.099073E-14
7602.50  3.092907E-14
7603.75  3.087881E-14
7605.00  3.091695E-14
7606.25  3.092319E-14
7607.50  3.085299E-14
7608.75  3.084702E-14
7610.00  3.088893E-14
7611.25  3.085636E-14
7612.50  3.081467E-14
7613.75  3.082353E-14
7615.00  3.084087E-14
7616.25  3.079437E-14
7617.50  3.077799E-14
7618.75  3.079186E-14
7620.00  3.076267E-14
7621.25  3.073962E-14
7622.50  3.073055E-14
7623.75  3.071244E-14
7625.00  3.066398E-14
7626.25  3.065547E-14
7627.50  3.065387E-14
7628.75  3.058696E-14
7630.00  3.054916E-14
7631.25  3.056780E-14
7632.50  3.052861E-14
7633.75  3.042887E-14
7635.00  3.040901E-14
7636.25  3.044216E-14
7637.50  3.035092E-14
7638.75  3.023977E-14
7640.00  3.026734E-14
7641.25  3.027202E-14
7642.50  3.012504E-14
7643.75  3.002839E-14
7645.00  3.007744E-14
7646.25  3.003429E-14
7647.50  2.985794E-14
7648.75  2.979461E-14
7650.00  2.984025E-14
7651.25  2.973946E-14
7652.50  2.956076E-14
7653.75  2.952125E-14
7655.00  2.954463E-14
7656.25  2.942672E-14
7657.50  2.927441E-14
7658.75  2.926484E-14
7660.00  2.926546E-14
7661.25  2.914779E-14
7662.50  2.903320E-14
7663.75  2.904942E-14
7665.00  2.906386E-14
7666.25  2.898694E-14
7667.50  2.893041E-14
7668.75  2.896738E-14
7670.00  2.898322E-14
7671.25  2.894049E-14
7672.50  2.893160E-14
7673.75  2.899188E-14
7675.00  2.902624E-14
7676.25  2.901265E-14
7677.50  2.902609E-14
7678.75  2.906902E-14
7680.00  2.909406E-14
7681.25  2.908830E-14
7682.50  2.910196E-14
7683.75  2.913080E-14
7685.00  2.913358E-14
7686.25  2.911436E-14
7687.50  2.910022E-14
7688.75  2.909938E-14
7690.00  2.908291E-14
7691.25  2.905469E-14
7692.50  2.903139E-14
7693.75  2.900929E-14
7695.00  2.897883E-14
7696.25  2.893375E-14
7697.50  2.890582E-14
7698.75  2.889007E-14
7700.00  2.888055E-14
7701.25  2.885195E-14
7702.50  2.883178E-14
7703.75  2.882882E-14
7705.00  2.882672E-14
7706.25  2.881475E-14
7707.50  2.882138E-14
7708.75  2.885048E-14
7710.00  2.886632E-14
7711.25  2.887302E-14
7712.50  2.889352E-14
7713.75  2.893541E-14
7715.00  2.895778E-14
7716.25  2.898768E-14
7717.50  2.902335E-14
7718.75  2.905894E-14
7720.00  2.908765E-14
7721.25  2.911845E-14
7722.50  2.915153E-14
7723.75  2.917992E-14
7725.00  2.921729E-14
7726.25  2.924476E-14
7727.50  2.925936E-14
7728.75  2.927408E-14
7730.00  2.930099E-14
7731.25  2.931470E-14
7732.50  2.931445E-14
7733.75  2.932256E-14
7735.00  2.933510E-14
7736.25  2.932928E-14
7737.50  2.930897E-14
7738.75  2.930773E-14
7740.00  2.930709E-14
7741.25  2.928925E-14
7742.50  2.926162E-14
7743.75  2.925201E-14
7745.00  2.924259E-14
7746.25  2.921528E-14
7747.50  2.919535E-14
7748.75  2.918516E-14
7750.00  2.917527E-14
7751.25  2.914786E-14
7752.50  2.913061E-14
7753.75  2.912271E-14
7755.00  2.910807E-14
7756.25  2.909064E-14
7757.50  2.908052E-14
7758.75  2.907759E-14
7760.00  2.905918E-14
7761.25  2.904208E-14
7762.50  2.904046E-14
7763.75  2.903845E-14
7765.00  2.902101E-14
7766.25  2.900837E-14
7767.50  2.901765E-14
7768.75  2.901033E-14
7770.00  2.898722E-14
7771.25  2.899861E-14
7772.50  2.902509E-14
7773.75  2.901484E-14
7775.00  2.899487E-14
7776.25  2.902696E-14
7777.50  2.905536E-14
7778.75  2.903545E-14
7780.00  2.904079E-14
7781.25  2.909583E-14
7782.50  2.911262E-14
7783.75  2.908690E-14
7785.00  2.911683E-14
7786.25  2.917794E-14
7787.50  2.917992E-14
7788.75  2.916537E-14
7790.00  2.921641E-14
7791.25  2.926444E-14
7792.50  2.925155E-14
7793.75  2.925632E-14
7795.00  2.931665E-14
7796.25  2.935227E-14
7797.50  2.934205E-14
7798.75  2.936531E-14
7800.00  2.942486E-14
7801.25  2.944826E-14
7802.50  2.944558E-14
7803.75  2.947853E-14
7805.00  2.953098E-14
7806.25  2.954689E-14
7807.50  2.955201E-14
7808.75  2.959026E-14
7810.00  2.963237E-14
7811.25  2.963749E-14
7812.50  2.964133E-14
7813.75  2.967650E-14
7815.00  2.970516E-14
7816.25  2.969508E-14
7817.50  2.969343E-14
7818.75  2.972351E-14
7820.00  2.973380E-14
7821.25  2.970846E-14
7822.50  2.970775E-14
7823.75  2.973518E-14
7825.00  2.972348E-14
7826.25  2.968465E-14
7827.50  2.969200E-14
7828.75  2.971880E-14
7830.00  2.969409E-14
7831.25  2.966237E-14
7832.50  2.968676E-14
7833.75  2.970898E-14
7835.00  2.967866E-14
7836.25  2.966535E-14
7837.50  2.970490E-14
7838.75  2.972027E-14
7840.00  2.969396E-14
7841.25  2.970451E-14
7842.50  2.974862E-14
7843.75  2.975596E-14
7845.00  2.973633E-14
7846.25  2.976056E-14
7847.50  2.979778E-14
7848.75  2.979436E-14
7850.00  2.978113E-14
7851.25  2.980620E-14
7852.50  2.982702E-14
7853.75  2.981156E-14
7855.00  2.980210E-14
7856.25  2.981989E-14
7857.50  2.982286E-14
7858.75  2.979676E-14
7860.00  2.978487E-14
7861.25  2.979594E-14
7862.50  2.978529E-14
7863.75  2.975562E-14
7865.00  2.974508E-14
7866.25  2.974766E-14
7867.50  2.972684E-14
7868.75  2.969743E-14
7870.00  2.969361E-14
7871.25  2.968747E-14
7872.50  2.966258E-14
7873.75  2.963848E-14
7875.00  2.963581E-14
7876.25  2.961927E-14
7877.50  2.959025E-14
7878.75  2.957426E-14
7880.00  2.956312E-14
7881.25  2.953840E-14
7882.50  2.950820E-14
7883.75  2.949067E-14
7885.00  2.946548E-14
7886.25  2.943360E-14
7887.50  2.941068E-14
7888.75  2.938173E-14
7890.00  2.934154E-14
7891.25  2.930904E-14
7892.50  2.929084E-14
7893.75  2.924960E-14
7895.00  2.920434E-14
7896.25  2.918695E-14
7897.50  2.916504E-14
7898.75  2.910852E-14
7900.00  2.906637E-14
7901.25  2.907256E-14
7902.50  2.904664E-14
7903.75  2.898033E-14
7905.00  2.895762E-14
7906.25  2.897606E-14
7907.50  2.894248E-14
7908.75  2.888109E-14
7910.00  2.889096E-14
7911.25  2.891614E-14
7912.50  2.887511E-14
7913.75  2.882864E-14
7915.00  2.886216E-14
7916.25  2.888962E-14
7917.50  2.884933E-14
7918.75  2.882920E-14
7920.00  2.887222E-14
7921.25  2.889041E-14
7922.50  2.885421E-14
7923.75  2.885361E-14
7925.00  2.890066E-14
7926.25  2.890682E-14
7927.50  2.887138E-14
7928.75  2.887514E-14
7930.00  2.891728E-14
7931.25  2.891192E-14
7932.50  2.887833E-14
7933.75  2.887934E-14
7935.00  2.890244E-14
7936.25  2.888798E-14
7937.50  2.886047E-14
7938.75  2.886437E-14
7940.00  2.887003E-14
7941.25  2.884754E-14
7942.50  2.883385E-14
7943.75  2.884465E-14
7945.00  2.884195E-14
7946.25  2.882203E-14
7947.50  2.882381E-14
7948.75  2.883486E-14
7950.00  2.882979E-14
7951.25  2.882672E-14
7952.50  2.884385E-14
7953.75  2.885406E-14
7955.00  2.884415E-14
7956.25  2.886232E-14
7957.50  2.889330E-14
7958.75  2.890223E-14
7960.00  2.889254E-14
7961.25  2.892403E-14
7962.50  2.895956E-14
7963.75  2.896485E-14
7965.00  2.896361E-14
7966.25  2.899909E-14
7967.50  2.903392E-14
7968.75  2.903170E-14
7970.00  2.904241E-14
7971.25  2.908098E-14
7972.50  2.910991E-14
7973.75  2.910621E-14
7975.00  2.912438E-14
7976.25  2.916140E-14
7977.50  2.918513E-14
7978.75  2.918699E-14
7980.00  2.920864E-14
7981.25  2.924527E-14
7982.50  2.926560E-14
7983.75  2.927265E-14
7985.00  2.929690E-14
7986.25  2.933670E-14
7987.50  2.935982E-14
7988.75  2.937250E-14
7990.00  2.939380E-14
7991.25  2.943941E-14
7992.50  2.947139E-14
7993.75  2.948641E-14
7995.00  2.950973E-14
7996.25  2.956124E-14
7997.50  2.959244E-14
7998.75  2.960488E-14
8000.00  2.964022E-14
8001.25  2.969470E-14
8002.50  2.971919E-14
8003.75  2.972174E-14
8005.00  2.976517E-14
8006.25  2.981683E-14
8007.50  2.982704E-14
8008.75  2.982581E-14
8010.00  2.987586E-14
8011.25  2.991411E-14
8012.50  2.990440E-14
8013.75  2.990987E-14
8015.00  2.995938E-14
8016.25  2.997897E-14
8017.50  2.995616E-14
8018.75  2.997043E-14
8020.00  3.001552E-14
8021.25  3.001824E-14
8022.50  2.999808E-14
8023.75  3.002254E-14
8025.00  3.005955E-14
8026.25  3.005223E-14
8027.50  3.004611E-14
8028.75  3.007673E-14
8030.00  3.010029E-14
8031.25  3.008970E-14
8032.50  3.009833E-14
8033.75  3.012821E-14
8035.00  3.013871E-14
8036.25  3.013069E-14
8037.50  3.014845E-14
8038.75  3.017304E-14
8040.00  3.017375E-14
8041.25  3.017511E-14
8042.50  3.019914E-14
8043.75  3.021275E-14
8045.00  3.020314E-14
8046.25  3.021143E-14
8047.50  3.024048E-14
8048.75  3.024477E-14
8050.00  3.022504E-14
8051.25  3.023493E-14
8052.50  3.026192E-14
8053.75  3.025737E-14
8055.00  3.023114E-14
8056.25  3.023495E-14
8057.50  3.025524E-14
8058.75  3.024293E-14
8060.00  3.021004E-14
8061.25  3.020115E-14
8062.50  3.021436E-14
8063.75  3.019503E-14
8065.00  3.015442E-14
8066.25  3.013023E-14
8067.50  3.014052E-14
8068.75  3.012153E-14
8070.00  3.007324E-14
8071.25  3.003632E-14
8072.50  3.005063E-14
8073.75  3.003992E-14
8075.00  2.998399E-14
8076.25  2.994665E-14
8077.50  2.997011E-14
8078.75  2.996918E-14
8080.00  2.991031E-14
8081.25  2.988407E-14
8082.50  2.991472E-14
8083.75  2.991797E-14
8085.00  2.986833E-14
8086.25  2.985968E-14
8087.50  2.989413E-14
8088.75  2.989934E-14
8090.00  2.986718E-14
8091.25  2.987200E-14
8092.50  2.990626E-14
8093.75  2.991668E-14
8095.00  2.990461E-14
8096.25  2.991546E-14
8097.50  2.994386E-14
8098.75  2.996140E-14
8100.00  2.996759E-14
8101.25  2.997726E-14
8102.50  2.999413E-14
8103.75  3.001993E-14
8105.00  3.003619E-14
8106.25  3.004142E-14
8107.50  3.004641E-14
8108.75  3.008044E-14
8110.00  3.010155E-14
8111.25  3.009812E-14
8112.50  3.009999E-14
8113.75  3.014313E-14
8115.00  3.016385E-14
8116.25  3.014969E-14
8117.50  3.015351E-14
8118.75  3.020760E-14
8120.00  3.022709E-14
8121.25  3.020394E-14
8122.50  3.021209E-14
8123.75  3.027303E-14
8125.00  3.029030E-14
8126.25  3.025928E-14
8127.50  3.027604E-14
8128.75  3.033883E-14
8130.00  3.034582E-14
8131.25  3.030749E-14
8132.50  3.032912E-14
8133.75  3.038242E-14
8135.00  3.037279E-14
8136.25  3.033081E-14
8137.50  3.035504E-14
8138.75  3.038619E-14
8140.00  3.035597E-14
8141.25  3.031231E-14
8142.50  3.033292E-14
8143.75  3.033926E-14
8145.00  3.029306E-14
8146.25  3.024717E-14
8147.50  3.025643E-14
8148.75  3.024350E-14
8150.00  3.019067E-14
8151.25  3.014546E-14
8152.50  3.013927E-14
8153.75  3.011190E-14
8155.00  3.005869E-14
8156.25  3.002072E-14
8157.50  3.000872E-14
8158.75  2.997372E-14
8160.00  2.991884E-14
8161.25  2.988901E-14
8162.50  2.987398E-14
8163.75  2.983232E-14
8165.00  2.977657E-14
8166.25  2.975699E-14
8167.50  2.973425E-14
8168.75  2.967764E-14
8170.00  2.961645E-14
8171.25  2.960630E-14
8172.50  2.957286E-14
8173.75  2.949981E-14
8175.00  2.943445E-14
8176.25  2.942467E-14
8177.50  2.938001E-14
8178.75  2.929608E-14
8180.00  2.923571E-14
8181.25  2.922950E-14
8182.50  2.918603E-14
8183.75  2.910438E-14
8185.00  2.905633E-14
8186.25  2.905819E-14
8187.50  2.903105E-14
8188.75  2.897463E-14
8190.00  2.895635E-14
8191.25  2.897969E-14
8192.50  2.897725E-14
8193.75  2.895271E-14
8195.00  2.896973E-14
8196.25  2.902523E-14
8197.50  2.905026E-14
8198.75  2.904928E-14
8200.00  2.909218E-14
8201.25  2.917392E-14
8202.50  2.921492E-14
8203.75  2.922144E-14
8205.00  2.927393E-14
8206.25  2.936187E-14
8207.50  2.939678E-14
8208.75  2.939121E-14
8210.00  2.943660E-14
8211.25  2.951169E-14
8212.50  2.952280E-14
8213.75  2.949485E-14
8215.00  2.952629E-14
8216.25  2.958529E-14
8217.50  2.957334E-14
8218.75  2.952802E-14
8220.00  2.955204E-14
8221.25  2.960537E-14
8222.50  2.958634E-14
8223.75  2.954029E-14
8225.00  2.957284E-14
8226.25  2.963839E-14
8227.50  2.962964E-14
8228.75  2.960062E-14
8230.00  2.965660E-14
8231.25  2.974493E-14
8232.50  2.975400E-14
8233.75  2.975035E-14
8235.00  2.983238E-14
8236.25  2.993553E-14
8237.50  2.995372E-14
8238.75  2.997005E-14
8240.00  3.006689E-14
8241.25  3.016493E-14
8242.50  3.017458E-14
8243.75  3.019754E-14
8245.00  3.029309E-14
8246.25  3.036869E-14
8247.50  3.035898E-14
8248.75  3.037453E-14
8250.00  3.045239E-14
8251.25  3.049561E-14
8252.50  3.046632E-14
8253.75  3.046952E-14
8255.00  3.052362E-14
8256.25  3.053326E-14
8257.50  3.048810E-14
8258.75  3.047686E-14
8260.00  3.050722E-14
8261.25  3.049071E-14
8262.50  3.043473E-14
8263.75  3.041086E-14
8265.00  3.042206E-14
8266.25  3.038806E-14
8267.50  3.032365E-14
8268.75  3.028843E-14
8270.00  3.028594E-14
8271.25  3.024241E-14
8272.50  3.017365E-14
8273.75  3.013117E-14
8275.00  3.011913E-14
8276.25  3.007451E-14
8277.50  3.000645E-14
8278.75  2.996357E-14
8280.00  2.994745E-14
8281.25  2.990718E-14
8282.50  2.984460E-14
8283.75  2.980714E-14
8285.00  2.979127E-14
8286.25  2.975640E-14
8287.50  2.970494E-14
8288.75  2.967968E-14
8290.00  2.966544E-14
8291.25  2.963419E-14
8292.50  2.959672E-14
8293.75  2.958758E-14
8295.00  2.957639E-14
8296.25  2.954556E-14
8297.50  2.952204E-14
8298.75  2.953259E-14
8300.00  2.952620E-14
8301.25  2.949245E-14
8302.50  2.947838E-14
8303.75  2.950913E-14
8305.00  2.951074E-14
8306.25  2.947223E-14
8307.50  2.946020E-14
8308.75  2.950697E-14
8310.00  2.951847E-14
8311.25  2.947528E-14
8312.50  2.945804E-14
8313.75  2.951248E-14
8315.00  2.953610E-14
8316.25  2.949142E-14
8317.50  2.946204E-14
8318.75  2.951544E-14
8320.00  2.955288E-14
8321.25  2.951207E-14
8322.50  2.947026E-14
8323.75  2.951408E-14
8325.00  2.956537E-14
8326.25  2.953753E-14
8327.50  2.948988E-14
8328.75  2.951783E-14
8330.00  2.958004E-14
8331.25  2.957394E-14
8332.50  2.953153E-14
8333.75  2.954036E-14
8335.00  2.960749E-14
8336.25  2.962851E-14
8337.50  2.959941E-14
8338.75  2.958826E-14
8340.00  2.965275E-14
8341.25  2.969939E-14
8342.50  2.968555E-14
8343.75  2.965491E-14
8345.00  2.970849E-14
8346.25  2.977239E-14
8347.50  2.977124E-14
8348.75  2.972288E-14
8350.00  2.975909E-14
8351.25  2.982815E-14
8352.50  2.983333E-14
8353.75  2.977054E-14
8355.00  2.978736E-14
8356.25  2.985087E-14
8357.50  2.985464E-14
8358.75  2.978181E-14
8360.00  2.978337E-14
8361.25  2.983301E-14
8362.50  2.982672E-14
8363.75  2.974957E-14
8365.00  2.974535E-14
8366.25  2.977992E-14
8367.50  2.975497E-14
8368.75  2.967952E-14
8370.00  2.968254E-14
8371.25  2.970418E-14
8372.50  2.965688E-14
8373.75  2.958987E-14
8375.00  2.961157E-14
8376.25  2.962628E-14
8377.50  2.955896E-14
8378.75  2.950809E-14
8380.00  2.955509E-14
8381.25  2.956905E-14
8382.50  2.949030E-14
8383.75  2.946279E-14
8385.00  2.953412E-14
8386.25  2.954977E-14
8387.50  2.947157E-14
8388.75  2.946937E-14
8390.00  2.955845E-14
8391.25  2.957466E-14
8392.50  2.950461E-14
8393.75  2.952427E-14
8395.00  2.962017E-14
8396.25  2.963246E-14
8397.50  2.957370E-14
8398.75  2.960724E-14
8400.00  2.969799E-14
8401.25  2.970301E-14
8402.50  2.965334E-14
8403.75  2.968956E-14
8405.00  2.976466E-14
8406.25  2.975948E-14
8407.50  2.971644E-14
8408.75  2.974605E-14
8410.00  2.979533E-14
8411.25  2.977704E-14
8412.50  2.973980E-14
8413.75  2.975591E-14
8415.00  2.976930E-14
8416.25  2.973399E-14
8417.50  2.970358E-14
8418.75  2.970287E-14
8420.00  2.967197E-14
8421.25  2.961777E-14
8422.50  2.959689E-14
8423.75  2.957989E-14
8425.00  2.950289E-14
8426.25  2.943093E-14
8427.50  2.942458E-14
8428.75  2.939690E-14
8430.00  2.928302E-14
8431.25  2.920128E-14
8432.50  2.921307E-14
8433.75  2.918511E-14
8435.00  2.905367E-14
8436.25  2.897340E-14
8437.50  2.900450E-14
8438.75  2.898709E-14
8440.00  2.886060E-14
8441.25  2.879290E-14
8442.50  2.883842E-14
8443.75  2.883601E-14
8445.00  2.873330E-14
8446.25  2.868409E-14
8447.50  2.873233E-14
8448.75  2.874264E-14
8450.00  2.867316E-14
8451.25  2.864248E-14
8452.50  2.868178E-14
8453.75  2.869716E-14
8455.00  2.866170E-14
8456.25  2.864725E-14
8457.50  2.866977E-14
8458.75  2.868488E-14
8460.00  2.868161E-14
8461.25  2.867999E-14
8462.50  2.868437E-14
8463.75  2.870041E-14
8465.00  2.872437E-14
8466.25  2.873045E-14
8467.50  2.871852E-14
8468.75  2.873734E-14
8470.00  2.878135E-14
8471.25  2.878497E-14
8472.50  2.875422E-14
8473.75  2.877368E-14
8475.00  2.882716E-14
8476.25  2.881663E-14
8477.50  2.875715E-14
8478.75  2.876659E-14
8480.00  2.882064E-14
8481.25  2.878980E-14
8482.50  2.869117E-14
8483.75  2.867867E-14
8485.00  2.873259E-14
8486.25  2.868869E-14
8487.50  2.855270E-14
8488.75  2.851385E-14
8490.00  2.857612E-14
8491.25  2.854228E-14
8492.50  2.838964E-14
8493.75  2.833260E-14
8495.00  2.841287E-14
8496.25  2.841574E-14
8497.50  2.827999E-14
8498.75  2.821977E-14
8500.00  2.831781E-14
8501.25  2.837021E-14
8502.50  2.828030E-14
8503.75  2.822944E-14
8505.00  2.832962E-14
8506.25  2.841844E-14
8507.50  2.838099E-14
8508.75  2.834227E-14
8510.00  2.841848E-14
8511.25  2.850950E-14
8512.50  2.850665E-14
8513.75  2.847151E-14
8515.00  2.849975E-14
8516.25  2.855159E-14
8517.50  2.854948E-14
8518.75  2.850656E-14
8520.00  2.847600E-14
8521.25  2.845804E-14
8522.50  2.842455E-14
8523.75  2.836886E-14
8525.00  2.828899E-14
8526.25  2.819442E-14
8527.50  2.811467E-14
8528.75  2.805592E-14
8530.00  2.795855E-14
8531.25  2.781235E-14
8532.50  2.769723E-14
8533.75  2.765914E-14
8535.00  2.759099E-14
8536.25  2.744375E-14
8537.50  2.732756E-14
8538.75  2.733693E-14
8540.00  2.734046E-14
8541.25  2.724658E-14
8542.50  2.716934E-14
8543.75  2.724227E-14
8545.00  2.733135E-14
8546.25  2.732055E-14
8547.50  2.730727E-14
8548.75  2.743529E-14
8550.00  2.758909E-14
8551.25  2.765244E-14
8552.50  2.769723E-14
8553.75  2.785271E-14
8555.00  2.802815E-14
8556.25  2.812677E-14
8557.50  2.820120E-14
8558.75  2.834998E-14
8560.00  2.850546E-14
8561.25  2.859812E-14
8562.50  2.866797E-14
8563.75  2.878429E-14
8565.00  2.889826E-14
8566.25  2.895906E-14
8567.50  2.899994E-14
8568.75  2.907332E-14
8570.00  2.914397E-14
8571.25  2.916734E-14
8572.50  2.916980E-14
8573.75  2.920184E-14
8575.00  2.923843E-14
8576.25  2.923129E-14
8577.50  2.919857E-14
8578.75  2.919610E-14
8580.00  2.921011E-14
8581.25  2.918379E-14
8582.50  2.912662E-14
8583.75  2.910074E-14
8585.00  2.910225E-14
8586.25  2.906854E-14
8587.50  2.900309E-14
8588.75  2.896779E-14
8590.00  2.896517E-14
8591.25  2.893357E-14
8592.50  2.887898E-14
8593.75  2.885098E-14
8595.00  2.885178E-14
8596.25  2.882860E-14
8597.50  2.879977E-14
8598.75  2.879502E-14
8600.00  2.880529E-14
8601.25  2.879209E-14
8602.50  2.879361E-14
8603.75  2.882136E-14
8605.00  2.884505E-14
8606.25  2.883904E-14
8607.50  2.886405E-14
8608.75  2.892282E-14
8610.00  2.895981E-14
8611.25  2.895643E-14
8612.50  2.899125E-14
8613.75  2.906949E-14
8615.00  2.911605E-14
8616.25  2.911188E-14
8617.50  2.914124E-14
8618.75  2.922157E-14
8620.00  2.926990E-14
8621.25  2.926153E-14
8622.50  2.927327E-14
8623.75  2.933813E-14
8625.00  2.937800E-14
8626.25  2.936028E-14
8627.50  2.934508E-14
8628.75  2.937981E-14
8630.00  2.939913E-14
8631.25  2.936297E-14
8632.50  2.931204E-14
8633.75  2.930537E-14
8635.00  2.929280E-14
8636.25  2.922703E-14
8637.50  2.913400E-14
8638.75  2.908060E-14
8640.00  2.902888E-14
8641.25  2.892372E-14
8642.50  2.878662E-14
8643.75  2.869203E-14
8645.00  2.860649E-14
8646.25  2.846163E-14
8647.50  2.828887E-14
8648.75  2.817218E-14
8650.00  2.807665E-14
8651.25  2.791090E-14
8652.50  2.772215E-14
8653.75  2.761330E-14
8655.00  2.754745E-14
8656.25  2.739857E-14
8657.50  2.722270E-14
8658.75  2.714910E-14
8660.00  2.714912E-14
8661.25  2.706154E-14
8662.50  2.692721E-14
8663.75  2.690362E-14
8665.00  2.698053E-14
8666.25  2.698252E-14
8667.50  2.690664E-14
8668.75  2.692757E-14
8670.00  2.706356E-14
8671.25  2.715098E-14
8672.50  2.713117E-14
8673.75  2.717637E-14
8675.00  2.733569E-14
8676.25  2.748157E-14
8677.50  2.749941E-14
8678.75  2.754366E-14
8680.00  2.769254E-14
8681.25  2.786536E-14
8682.50  2.790538E-14
8683.75  2.793103E-14
8685.00  2.805104E-14
8686.25  2.822212E-14
8687.50  2.827356E-14
8688.75  2.827736E-14
8690.00  2.836719E-14
8691.25  2.852210E-14
8692.50  2.857912E-14
8693.75  2.856883E-14
8695.00  2.863649E-14
8696.25  2.876820E-14
8697.50  2.882576E-14
8698.75  2.881137E-14
8700.00  2.886297E-14
8701.25  2.896626E-14
8702.50  2.901615E-14
8703.75  2.900416E-14
8705.00  2.904281E-14
8706.25  2.911291E-14
8707.50  2.914566E-14
8708.75  2.913482E-14
8710.00  2.916160E-14
8711.25  2.920078E-14
8712.50  2.920732E-14
8713.75  2.918781E-14
8715.00  2.919911E-14
8716.25  2.921239E-14
8717.50  2.919447E-14
8718.75  2.916019E-14
8720.00  2.914941E-14
8721.25  2.914010E-14
8722.50  2.910439E-14
8723.75  2.905521E-14
8725.00  2.901721E-14
8726.25  2.898570E-14
8727.50  2.894156E-14
8728.75  2.888541E-14
8730.00  2.882105E-14
8731.25  2.876485E-14
8732.50  2.872010E-14
8733.75  2.867407E-14
8735.00  2.859390E-14
8736.25  2.851422E-14
8737.50  2.847117E-14
8738.75  2.844932E-14
8740.00  2.837606E-14
8741.25  2.828327E-14
8742.50  2.824437E-14
8743.75  2.825672E-14
8745.00  2.821261E-14
8746.25  2.812334E-14
8747.50  2.809349E-14
8748.75  2.814202E-14
8750.00  2.814531E-14
8751.25  2.807846E-14
8752.50  2.806010E-14
8753.75  2.813834E-14
8755.00  2.819275E-14
8756.25  2.816231E-14
8757.50  2.815905E-14
8758.75  2.825171E-14
8760.00  2.834487E-14
8761.25  2.835370E-14
8762.50  2.836563E-14
8763.75  2.845814E-14
8765.00  2.856868E-14
8766.25  2.861073E-14
8767.50  2.863684E-14
8768.75  2.871497E-14
8770.00  2.881736E-14
8771.25  2.887972E-14
8772.50  2.891760E-14
8773.75  2.897676E-14
8775.00  2.905302E-14
8776.25  2.911388E-14
8777.50  2.915834E-14
8778.75  2.920371E-14
8780.00  2.924828E-14
8781.25  2.928826E-14
8782.50  2.933064E-14
8783.75  2.936576E-14
8785.00  2.937744E-14
8786.25  2.938113E-14
8787.50  2.941454E-14
8788.75  2.944464E-14
8790.00  2.942818E-14
8791.25  2.939026E-14
8792.50  2.940174E-14
8793.75  2.943056E-14
8795.00  2.940952E-14
8796.25  2.934416E-14
8797.50  2.932190E-14
8798.75  2.934765E-14
8800.00  2.934048E-14
8801.25  2.927236E-14
8802.50  2.921550E-14
8803.75  2.923733E-14
8805.00  2.926173E-14
8806.25  2.921691E-14
8807.50  2.913831E-14
8808.75  2.915336E-14
8810.00  2.920458E-14
8811.25  2.920126E-14
8812.50  2.912288E-14
8813.75  2.912496E-14
8815.00  2.918776E-14
8816.25  2.922075E-14
8817.50  2.916842E-14
8818.75  2.914646E-14
8820.00  2.920112E-14
8821.25  2.926090E-14
8822.50  2.924209E-14
8823.75  2.919322E-14
8825.00  2.921659E-14
8826.25  2.927890E-14
8827.50  2.928802E-14
8828.75  2.922313E-14
8830.00  2.921024E-14
8831.25  2.924860E-14
8832.50  2.926872E-14
8833.75  2.920486E-14
8835.00  2.915866E-14
8836.25  2.915980E-14
8837.50  2.917216E-14
8838.75  2.911771E-14
8840.00  2.905037E-14
8841.25  2.901121E-14
8842.50  2.899799E-14
8843.75  2.895450E-14
8845.00  2.887293E-14
8846.25  2.879632E-14
8847.50  2.875479E-14
8848.75  2.872126E-14
8850.00  2.864161E-14
8851.25  2.853706E-14
8852.50  2.847019E-14
8853.75  2.844705E-14
8855.00  2.838706E-14
8856.25  2.826993E-14
8857.50  2.818330E-14
8858.75  2.816824E-14
8860.00  2.814149E-14
8861.25  2.803962E-14
8862.50  2.794736E-14
8863.75  2.793630E-14
8865.00  2.794860E-14
8866.25  2.788515E-14
8867.50  2.780227E-14
8868.75  2.779379E-14
8870.00  2.783943E-14
8871.25  2.782269E-14
8872.50  2.776611E-14
8873.75  2.776718E-14
8875.00  2.782607E-14
8876.25  2.784970E-14
8877.50  2.782463E-14
8878.75  2.783864E-14
8880.00  2.789844E-14
8881.25  2.794170E-14
8882.50  2.794028E-14
8883.75  2.796539E-14
8885.00  2.802774E-14
8886.25  2.807467E-14
8887.50  2.808378E-14
8888.75  2.811332E-14
8890.00  2.818002E-14
8891.25  2.822381E-14
8892.50  2.823294E-14
8893.75  2.826004E-14
8895.00  2.832571E-14
8896.25  2.836660E-14
8897.50  2.837164E-14
8898.75  2.838967E-14
8900.00  2.844895E-14
8901.25  2.848990E-14
8902.50  2.849309E-14
8903.75  2.849780E-14
8905.00  2.854431E-14
8906.25  2.858609E-14
8907.50  2.858933E-14
8908.75  2.858767E-14
8910.00  2.862130E-14
8911.25  2.865407E-14
8912.50  2.865566E-14
8913.75  2.866094E-14
8915.00  2.868879E-14
8916.25  2.870410E-14
8917.50  2.869933E-14
8918.75  2.871217E-14
8920.00  2.874595E-14
8921.25  2.875068E-14
8922.50  2.873781E-14
8923.75  2.874792E-14
8925.00  2.878915E-14
8926.25  2.879036E-14
8927.50  2.876498E-14
8928.75  2.876400E-14
8930.00  2.881261E-14
8931.25  2.881545E-14
8932.50  2.876898E-14
8933.75  2.875226E-14
8935.00  2.880115E-14
8936.25  2.881223E-14
8937.50  2.875029E-14
8938.75  2.871204E-14
8940.00  2.874805E-14
8941.25  2.876944E-14
8942.50  2.870481E-14
8943.75  2.864420E-14
8945.00  2.865174E-14
8946.25  2.867611E-14
8947.50  2.862367E-14
8948.75  2.855052E-14
8950.00  2.852896E-14
8951.25  2.854702E-14
8952.50  2.851092E-14
8953.75  2.843331E-14
8955.00  2.838743E-14
8956.25  2.839435E-14
8957.50  2.837951E-14
8958.75  2.830849E-14
8960.00  2.824649E-14
8961.25  2.823141E-14
8962.50  2.823117E-14
8963.75  2.817220E-14
8965.00  2.810725E-14
8966.25  2.807501E-14
8967.50  2.807672E-14
8968.75  2.803012E-14
8970.00  2.795889E-14
8971.25  2.791332E-14
8972.50  2.790535E-14
8973.75  2.788161E-14
8975.00  2.780335E-14
8976.25  2.774757E-14
8977.50  2.772033E-14
8978.75  2.770882E-14
8980.00  2.762896E-14
8981.25  2.756615E-14
8982.50  2.753288E-14
8983.75  2.752604E-14
8985.00  2.746225E-14
8986.25  2.739290E-14
8987.50  2.735003E-14
8988.75  2.732605E-14
8990.00  2.728529E-14
8991.25  2.722119E-14
8992.50  2.718164E-14
8993.75  2.713770E-14
8995.00  2.711561E-14
8996.25  2.707055E-14
8997.50  2.704634E-14
8998.75  2.699849E-14
9000.00  2.697575E-14
9001.25  2.695599E-14
9002.50  2.695996E-14
9003.75  2.692462E-14
9005.00  2.688680E-14
9006.25  2.687834E-14
9007.50  2.691618E-14
9008.75  2.692635E-14
9010.00  2.689987E-14
9011.25  2.691205E-14
9012.50  2.697498E-14
9013.75  2.703378E-14
9015.00  2.703609E-14
9016.25  2.707332E-14
9017.50  2.716642E-14
9018.75  2.728041E-14
9020.00  2.733117E-14
9021.25  2.739195E-14
9022.50  2.750830E-14
9023.75  2.766133E-14
9025.00  2.776394E-14
9026.25  2.784475E-14
9027.50  2.797545E-14
9028.75  2.814196E-14
9030.00  2.826726E-14
9031.25  2.835132E-14
9032.50  2.848046E-14
9033.75  2.864195E-14
9035.00  2.877021E-14
9036.25  2.884163E-14
9037.50  2.894164E-14
9038.75  2.907405E-14
9040.00  2.918111E-14
9041.25  2.922895E-14
9042.50  2.927862E-14
9043.75  2.936683E-14
9045.00  2.943578E-14
9046.25  2.945466E-14
9047.50  2.946136E-14
9048.75  2.950451E-14
9050.00  2.952523E-14
9051.25  2.950594E-14
9052.50  2.948311E-14
9053.75  2.949449E-14
9055.00  2.948830E-14
9056.25  2.943845E-14
9057.50  2.938683E-14
9058.75  2.937303E-14
9060.00  2.935647E-14
9061.25  2.927990E-14
9062.50  2.921276E-14
9063.75  2.919803E-14
9065.00  2.919366E-14
9066.25  2.910842E-14
9067.50  2.901619E-14
9068.75  2.899411E-14
9070.00  2.901025E-14
9071.25  2.896261E-14
9072.50  2.886492E-14
9073.75  2.882584E-14
9075.00  2.885339E-14
9076.25  2.884277E-14
9077.50  2.873604E-14
9078.75  2.867919E-14
9080.00  2.872813E-14
9081.25  2.877590E-14
9082.50  2.869961E-14
9083.75  2.859627E-14
9085.00  2.861947E-14
9086.25  2.871936E-14
9087.50  2.871082E-14
9088.75  2.858372E-14
9090.00  2.855486E-14
9091.25  2.867162E-14
9092.50  2.873907E-14
9093.75  2.862513E-14
9095.00  2.852745E-14
9096.25  2.860094E-14
9097.50  2.872794E-14
9098.75  2.870626E-14
9100.00  2.856948E-14
9101.25  2.855409E-14
9102.50  2.867122E-14
9103.75  2.873031E-14
9105.00  2.862535E-14
9106.25  2.853220E-14
9107.50  2.856371E-14
9108.75  2.865028E-14
9110.00  2.864291E-14
9111.25  2.855863E-14
9112.50  2.849066E-14
9113.75  2.850924E-14
9115.00  2.856515E-14
9116.25  2.855891E-14
9117.50  2.847457E-14
9118.75  2.839439E-14
9120.00  2.840575E-14
9121.25  2.847238E-14
9122.50  2.845963E-14
9123.75  2.832819E-14
9125.00  2.823728E-14
9126.25  2.831019E-14
9127.50  2.841755E-14
9128.75  2.834628E-14
9130.00  2.816800E-14
9131.25  2.815013E-14
9132.50  2.829456E-14
9133.75  2.833469E-14
9135.00  2.815620E-14
9136.25  2.803981E-14
9137.50  2.816209E-14
9138.75  2.830234E-14
9140.00  2.820022E-14
9141.25  2.801505E-14
9142.50  2.805461E-14
9143.75  2.822011E-14
9145.00  2.821373E-14
9146.25  2.803567E-14
9147.50  2.801478E-14
9148.75  2.815176E-14
9150.00  2.819987E-14
9151.25  2.805546E-14
9152.50  2.798735E-14
9153.75  2.808937E-14
9155.00  2.816489E-14
9156.25  2.806397E-14
9157.50  2.795603E-14
9158.75  2.802078E-14
9160.00  2.810757E-14
9161.25  2.804706E-14
9162.50  2.791717E-14
9163.75  2.794346E-14
9165.00  2.804086E-14
9166.25  2.803400E-14
9167.50  2.791204E-14
9168.75  2.787389E-14
9170.00  2.795827E-14
9171.25  2.800318E-14
9172.50  2.792724E-14
9173.75  2.785525E-14
9175.00  2.790881E-14
9176.25  2.798590E-14
9177.50  2.796836E-14
9178.75  2.790005E-14
9180.00  2.790945E-14
9181.25  2.797935E-14
9182.50  2.800448E-14
9183.75  2.797462E-14
9185.00  2.796395E-14
9186.25  2.799602E-14
9187.50  2.801872E-14
9188.75  2.800939E-14
9190.00  2.798897E-14
9191.25  2.797910E-14
9192.50  2.797767E-14
9193.75  2.797309E-14
9195.00  2.795816E-14
9196.25  2.791484E-14
9197.50  2.786146E-14
9198.75  2.783023E-14
9200.00  2.781969E-14
9201.25  2.776157E-14
9202.50  2.766109E-14
9203.75  2.759560E-14
9205.00  2.759288E-14
9206.25  2.754568E-14
9207.50  2.741480E-14
9208.75  2.730786E-14
9210.00  2.730200E-14
9211.25  2.729267E-14
9212.50  2.716721E-14
9213.75  2.702334E-14
9215.00  2.699922E-14
9216.25  2.704660E-14
9217.50  2.697131E-14
9218.75  2.681091E-14
9220.00  2.675846E-14
9221.25  2.684330E-14
9222.50  2.685402E-14
9223.75  2.672067E-14
9225.00  2.663808E-14
9226.25  2.672131E-14
9227.50  2.682354E-14
9228.75  2.676608E-14
9230.00  2.666957E-14
9231.25  2.672053E-14
9232.50  2.686793E-14
9233.75  2.690676E-14
9235.00  2.683928E-14
9236.25  2.685707E-14
9237.50  2.699944E-14
9238.75  2.711119E-14
9240.00  2.710416E-14
9241.25  2.709599E-14
9242.50  2.720230E-14
9243.75  2.734029E-14
9245.00  2.739181E-14
9246.25  2.738979E-14
9247.50  2.745541E-14
9248.75  2.758533E-14
9250.00  2.767248E-14
9251.25  2.769143E-14
9252.50  2.771317E-14
9253.75  2.781288E-14
9255.00  2.791749E-14
9256.25  2.795234E-14
9257.50  2.794935E-14
9258.75  2.800657E-14
9260.00  2.810984E-14
9261.25  2.815523E-14
9262.50  2.812902E-14
9263.75  2.812790E-14
9265.00  2.820899E-14
9266.25  2.827395E-14
9267.50  2.822909E-14
9268.75  2.817168E-14
9270.00  2.820867E-14
9271.25  2.828210E-14
9272.50  2.824179E-14
9273.75  2.812747E-14
9275.00  2.809672E-14
9276.25  2.815520E-14
9277.50  2.814926E-14
9278.75  2.801109E-14
9280.00  2.791077E-14
9281.25  2.792559E-14
9282.50  2.794406E-14
9283.75  2.783059E-14
9285.00  2.769144E-14
9286.25  2.764574E-14
9287.50  2.766491E-14
9288.75  2.760238E-14
9290.00  2.747959E-14
9291.25  2.738918E-14
9292.50  2.738214E-14
9293.75  2.735037E-14
9295.00  2.727981E-14
9296.25  2.721417E-14
9297.50  2.717389E-14
9298.75  2.715613E-14
9300.00  2.713230E-14
9301.25  2.712332E-14
9302.50  2.707654E-14
9303.75  2.706574E-14
9305.00  2.705498E-14
9306.25  2.709780E-14
9307.50  2.710290E-14
9308.75  2.708236E-14
9310.00  2.707962E-14
9311.25  2.714268E-14
9312.50  2.719297E-14
9313.75  2.717546E-14
9315.00  2.718562E-14
9316.25  2.722864E-14
9317.50  2.730209E-14
9318.75  2.731112E-14
9320.00  2.730798E-14
9321.25  2.733965E-14
9322.50  2.740979E-14
9323.75  2.743158E-14
9325.00  2.741795E-14
9326.25  2.744249E-14
9327.50  2.748628E-14
9328.75  2.751580E-14
9330.00  2.750251E-14
9331.25  2.750163E-14
9332.50  2.753158E-14
9333.75  2.756050E-14
9335.00  2.754817E-14
9336.25  2.752871E-14
9337.50  2.754527E-14
9338.75  2.756428E-14
9340.00  2.756367E-14
9341.25  2.753822E-14
9342.50  2.753414E-14
9343.75  2.754906E-14
9345.00  2.755697E-14
9346.25  2.753639E-14
9347.50  2.752132E-14
9348.75  2.752950E-14
9350.00  2.753884E-14
9351.25  2.753435E-14
9352.50  2.751767E-14
9353.75  2.751924E-14
9355.00  2.752956E-14
9356.25  2.753479E-14
9357.50  2.752498E-14
9358.75  2.752592E-14
9360.00  2.753577E-14
9361.25  2.754488E-14
9362.50  2.754381E-14
9363.75  2.754595E-14
9365.00  2.756060E-14
9366.25  2.757048E-14
9367.50  2.757467E-14
9368.75  2.757669E-14
9370.00  2.759451E-14
9371.25  2.761008E-14
9372.50  2.761515E-14
9373.75  2.761265E-14
9375.00  2.763030E-14
9376.25  2.765490E-14
9377.50  2.766106E-14
9378.75  2.765649E-14
9380.00  2.766135E-14
9381.25  2.768835E-14
9382.50  2.770450E-14
9383.75  2.769810E-14
9385.00  2.768498E-14
9386.25  2.770588E-14
9387.50  2.772836E-14
9388.75  2.772762E-14
9390.00  2.770739E-14
9391.25  2.770428E-14
9392.50  2.772736E-14
9393.75  2.774013E-14
9395.00  2.771901E-14
9396.25  2.769486E-14
9397.50  2.770741E-14
9398.75  2.772529E-14
9400.00  2.772149E-14
9401.25  2.769034E-14
9402.50  2.767931E-14
9403.75  2.769797E-14
9405.00  2.771436E-14
9406.25  2.769028E-14
9407.50  2.766481E-14
9408.75  2.767113E-14
9410.00  2.769475E-14
9411.25  2.769779E-14
9412.50  2.766886E-14
9413.75  2.765164E-14
9415.00  2.767432E-14
9416.25  2.769913E-14
9417.50  2.768286E-14
9418.75  2.765087E-14
9420.00  2.764836E-14
9421.25  2.767938E-14
9422.50  2.769203E-14
9423.75  2.765494E-14
9425.00  2.761199E-14
9426.25  2.763415E-14
9427.50  2.766066E-14
9428.75  2.764328E-14
9430.00  2.758086E-14
9431.25  2.755754E-14
9432.50  2.758708E-14
9433.75  2.760465E-14
9435.00  2.754037E-14
9436.25  2.746917E-14
9437.50  2.748287E-14
9438.75  2.751365E-14
9440.00  2.749573E-14
9441.25  2.740856E-14
9442.50  2.737362E-14
9443.75  2.741021E-14
9445.00  2.744295E-14
9446.25  2.737728E-14
9447.50  2.731369E-14
9448.75  2.732836E-14
9450.00  2.738205E-14
9451.25  2.738439E-14
9452.50  2.731682E-14
9453.75  2.729530E-14
9455.00  2.735271E-14
9456.25  2.740695E-14
9457.50  2.737432E-14
9458.75  2.734143E-14
9460.00  2.736264E-14
9461.25  2.743494E-14
9462.50  2.745645E-14
9463.75  2.742394E-14
9465.00  2.741719E-14
9466.25  2.747321E-14
9467.50  2.752249E-14
9468.75  2.751495E-14
9470.00  2.749776E-14
9471.25  2.751252E-14
9472.50  2.756631E-14
9473.75  2.758039E-14
9475.00  2.756290E-14
9476.25  2.755596E-14
9477.50  2.758353E-14
9478.75  2.760212E-14
9480.00  2.759629E-14
9481.25  2.758089E-14
9482.50  2.758431E-14
9483.75  2.759883E-14
9485.00  2.759094E-14
9486.25  2.757871E-14
9487.50  2.757203E-14
9488.75  2.757428E-14
9490.00  2.756230E-14
9491.25  2.755077E-14
9492.50  2.754159E-14
9493.75  2.754287E-14
9495.00  2.752760E-14
9496.25  2.750484E-14
9497.50  2.749995E-14
9498.75  2.750004E-14
9500.00  2.749422E-14
9501.25  2.746698E-14
9502.50  2.745269E-14
9503.75  2.745483E-14
9505.00  2.746006E-14
9506.25  2.743957E-14
9507.50  2.741382E-14
9508.75  2.741238E-14
9510.00  2.742227E-14
9511.25  2.742036E-14
9512.50  2.739003E-14
9513.75  2.737291E-14
9515.00  2.738290E-14
9516.25  2.739448E-14
9517.50  2.737696E-14
9518.75  2.734012E-14
9520.00  2.733445E-14
9521.25  2.735070E-14
9522.50  2.735454E-14
9523.75  2.731261E-14
9525.00  2.727152E-14
9526.25  2.728136E-14
9527.50  2.730007E-14
9528.75  2.727668E-14
9530.00  2.720803E-14
9531.25  2.718452E-14
9532.50  2.720758E-14
9533.75  2.722410E-14
9535.00  2.715288E-14
9536.25  2.707606E-14
9537.50  2.709049E-14
9538.75  2.712986E-14
9540.00  2.711067E-14
9541.25  2.701755E-14
9542.50  2.698146E-14
9543.75  2.703046E-14
9545.00  2.707405E-14
9546.25  2.701038E-14
9547.50  2.694011E-14
9548.75  2.696409E-14
9550.00  2.704618E-14
9551.25  2.706132E-14
9552.50  2.698796E-14
9553.75  2.696303E-14
9555.00  2.705197E-14
9556.25  2.713897E-14
9557.50  2.711108E-14
9558.75  2.707726E-14
9560.00  2.711075E-14
9561.25  2.722204E-14
9562.50  2.726482E-14
9563.75  2.724003E-14
9565.00  2.724101E-14
9566.25  2.732167E-14
9567.50  2.740523E-14
9568.75  2.741230E-14
9570.00  2.740720E-14
9571.25  2.743198E-14
9572.50  2.752320E-14
9573.75  2.755740E-14
9575.00  2.755835E-14
9576.25  2.756937E-14
9577.50  2.761048E-14
9578.75  2.766019E-14
9580.00  2.767115E-14
9581.25  2.767936E-14
9582.50  2.769581E-14
9583.75  2.773192E-14
9585.00  2.775051E-14
9586.25  2.775933E-14
9587.50  2.776910E-14
9588.75  2.778567E-14
9590.00  2.780704E-14
9591.25  2.781439E-14
9592.50  2.782599E-14
9593.75  2.783474E-14
9595.00  2.784874E-14
9596.25  2.786040E-14
9597.50  2.786826E-14
9598.75  2.788047E-14
9600.00  2.788870E-14
9601.25  2.790000E-14
9602.50  2.790736E-14
9603.75  2.791974E-14
9605.00  2.793149E-14
9606.25  2.793938E-14
9607.50  2.794570E-14
9608.75  2.795558E-14
9610.00  2.797345E-14
9611.25  2.798167E-14
9612.50  2.798533E-14
9613.75  2.798678E-14
9615.00  2.800531E-14
9616.25  2.802487E-14
9617.50  2.802479E-14
9618.75  2.801793E-14
9620.00  2.802522E-14
9621.25  2.804829E-14
9622.50  2.805833E-14
9623.75  2.804550E-14
9625.00  2.803465E-14
9626.25  2.805086E-14
9627.50  2.807066E-14
9628.75  2.806298E-14
9630.00  2.803629E-14
9631.25  2.803224E-14
9632.50  2.805346E-14
9633.75  2.806440E-14
9635.00  2.803362E-14
9636.25  2.800301E-14
9637.50  2.801437E-14
9638.75  2.803246E-14
9640.00  2.802403E-14
9641.25  2.798496E-14
9642.50  2.797095E-14
9643.75  2.798876E-14
9645.00  2.799995E-14
9646.25  2.797443E-14
9647.50  2.794372E-14
9648.75  2.794946E-14
9650.00  2.797110E-14
9651.25  2.797187E-14
9652.50  2.794047E-14
9653.75  2.792763E-14
9655.00  2.794886E-14
9656.25  2.796870E-14
9657.50  2.795720E-14
9658.75  2.793751E-14
9660.00  2.794330E-14
9661.25  2.796761E-14
9662.50  2.797670E-14
9663.75  2.796401E-14
9665.00  2.795726E-14
9666.25  2.797317E-14
9667.50  2.799262E-14
9668.75  2.799135E-14
9670.00  2.798075E-14
9671.25  2.798316E-14
9672.50  2.800154E-14
9673.75  2.801098E-14
9675.00  2.800321E-14
9676.25  2.799663E-14
9677.50  2.800436E-14
9678.75  2.801529E-14
9680.00  2.801571E-14
9681.25  2.800763E-14
9682.50  2.800574E-14
9683.75  2.801135E-14
9685.00  2.801520E-14
9686.25  2.801031E-14
9687.50  2.800419E-14
9688.75  2.800451E-14
9690.00  2.800605E-14
9691.25  2.800577E-14
9692.50  2.799791E-14
9693.75  2.799546E-14
9695.00  2.799418E-14
9696.25  2.799261E-14
9697.50  2.798919E-14
9698.75  2.798184E-14
9700.00  2.798018E-14
9701.25  2.797669E-14
9702.50  2.797375E-14
9703.75  2.796544E-14
9705.00  2.795963E-14
9706.25  2.795587E-14
9707.50  2.795198E-14
9708.75  2.794560E-14
9710.00  2.793283E-14
9711.25  2.792863E-14
9712.50  2.791963E-14
9713.75  2.791644E-14
9715.00  2.790297E-14
9716.25  2.788951E-14
9717.50  2.788212E-14
9718.75  2.786894E-14
9720.00  2.786291E-14
9721.25  2.784738E-14
9722.50  2.783567E-14
9723.75  2.781607E-14
9725.00  2.780240E-14
9726.25  2.779352E-14
9727.50  2.778319E-14
9728.75  2.776432E-14
9730.00  2.773142E-14
9731.25  2.772410E-14
9732.50  2.771861E-14
9733.75  2.771435E-14
9735.00  2.767729E-14
9736.25  2.764289E-14
9737.50  2.764869E-14
9738.75  2.765226E-14
9740.00  2.763898E-14
9741.25  2.759309E-14
9742.50  2.757747E-14
9743.75  2.759689E-14
9745.00  2.760589E-14
9746.25  2.757679E-14
9747.50  2.753880E-14
9748.75  2.754974E-14
9750.00  2.758358E-14
9751.25  2.758466E-14
9752.50  2.754763E-14
9753.75  2.752980E-14
9755.00  2.756776E-14
9756.25  2.760366E-14
9757.50  2.758825E-14
9758.75  2.755713E-14
9760.00  2.756783E-14
9761.25  2.761623E-14
9762.50  2.763374E-14
9763.75  2.760839E-14
9765.00  2.759280E-14
9766.25  2.762457E-14
9767.50  2.766616E-14
9768.75  2.765983E-14
9770.00  2.762976E-14
9771.25  2.763226E-14
9772.50  2.767380E-14
9773.75  2.769645E-14
9775.00  2.766928E-14
9776.25  2.764336E-14
9777.50  2.766548E-14
9778.75  2.770403E-14
9780.00  2.770226E-14
9781.25  2.766873E-14
9782.50  2.766200E-14
9783.75  2.769885E-14
9785.00  2.772319E-14
9786.25  2.770661E-14
9787.50  2.767965E-14
9788.75  2.769880E-14
9790.00  2.774534E-14
9791.25  2.775426E-14
9792.50  2.773375E-14
9793.75  2.772349E-14
9795.00  2.776817E-14
9796.25  2.781208E-14
9797.50  2.780985E-14
9798.75  2.779613E-14
9800.00  2.780536E-14
