3600.00  2.874734E-14
3602.00  2.866757E-14
3604.00  2.857550E-14
3606.00  2.855166E-14
3608.00  2.857078E-14
3610.00  2.858483E-14
3612.00  2.862234E-14
3614.00  2.874038E-14
3616.00  2.892900E-14
3618.00  2.910994E-14
3620.00  2.928246E-14
3622.00  2.953223E-14
3624.00  2.985532E-14
3626.00  3.015699E-14
3628.00  3.031087E-14
3630.00  3.018774E-14
3632.00  2.983739E-14
3634.00  2.951868E-14
3636.00  2.942231E-14
3638.00  2.954358E-14
3640.00  2.974267E-14
3642.00  2.981831E-14
3644.00  2.970906E-14
3646.00  2.955481E-14
3648.00  2.950190E-14
3650.00  2.958775E-14
3652.00  2.976435E-14
3654.00  2.994970E-14
3656.00  3.008813E-14
3658.00  3.014926E-14
3660.00  3.010525E-14
3662.00  2.996947E-14
3664.00  2.980941E-14
3666.00  2.967908E-14
3668.00  2.959493E-14
3670.00  2.957306E-14
3672.00  2.959944E-14
3674.00  2.957474E-14
3676.00  2.941052E-14
3678.00  2.917452E-14
3680.00  2.901654E-14
3682.00  2.896160E-14
3684.00  2.889676E-14
3686.00  2.878172E-14
3688.00  2.873546E-14
3690.00  2.882877E-14
3692.00  2.894510E-14
3694.00  2.896724E-14
3696.00  2.894519E-14
3698.00  2.901031E-14
3700.00  2.906660E-14
3702.00  2.872419E-14
3704.00  2.797290E-14
3706.00  2.747444E-14
3708.00  2.752616E-14
3710.00  2.763260E-14
3712.00  2.765970E-14
3714.00  2.815204E-14
3716.00  2.907960E-14
3718.00  2.945778E-14
3720.00  2.871166E-14
3722.00  2.772587E-14
3724.00  2.786852E-14
3726.00  2.924995E-14
3728.00  3.063251E-14
3730.00  3.075786E-14
3732.00  2.937490E-14
3734.00  2.756838E-14
3736.00  2.706570E-14
3738.00  2.858793E-14
3740.00  3.111603E-14
3742.00  3.299852E-14
3744.00  3.323562E-14
3746.00  3.172805E-14
3748.00  2.918961E-14
3750.00  2.713234E-14
3752.00  2.706730E-14
3754.00  2.909344E-14
3756.00  3.182492E-14
3758.00  3.386783E-14
3760.00  3.480270E-14
3762.00  3.482343E-14
3764.00  3.400761E-14
3766.00  3.219883E-14
3768.00  2.957063E-14
3770.00  2.715720E-14
3772.00  2.643309E-14
3774.00  2.798286E-14
3776.00  3.095441E-14
3778.00  3.406603E-14
3780.00  3.655354E-14
3782.00  3.815083E-14
3784.00  3.883456E-14
3786.00  3.871796E-14
3788.00  3.796151E-14
3790.00  3.663285E-14
3792.00  3.460608E-14
3794.00  3.176227E-14
3796.00  2.853227E-14
3798.00  2.622666E-14
3800.00  2.624770E-14
3802.00  2.863576E-14
3804.00  3.198521E-14
3806.00  3.495173E-14
3808.00  3.716197E-14
3810.00  3.871674E-14
3812.00  3.959058E-14
3814.00  3.974411E-14
3816.00  3.931753E-14
3818.00  3.855143E-14
3820.00  3.781147E-14
3822.00  3.741699E-14
3824.00  3.716928E-14
3826.00  3.650942E-14
3828.00  3.510134E-14
3830.00  3.285114E-14
3832.00  2.983378E-14
3834.00  2.671956E-14
3836.00  2.490575E-14
3838.00  2.550192E-14
3840.00  2.822453E-14
3842.00  3.176510E-14
3844.00  3.497550E-14
3846.00  3.739320E-14
3848.00  3.903916E-14
3850.00  4.010344E-14
3852.00  4.075231E-14
3854.00  4.107064E-14
3856.00  4.116942E-14
3858.00  4.122345E-14
3860.00  4.128421E-14
3862.00  4.124108E-14
3864.00  4.105976E-14
3866.00  4.084914E-14
3868.00  4.065574E-14
3870.00  4.040216E-14
3872.00  4.006050E-14
3874.00  3.970317E-14
3876.00  3.928840E-14
3878.00  3.860854E-14
3880.00  3.748580E-14
3882.00  3.576027E-14
3884.00  3.324472E-14
3886.00  3.003643E-14
3888.00  2.701095E-14
3890.00  2.567186E-14
3892.00  2.687279E-14
3894.00  2.988730E-14
3896.00  3.324394E-14
3898.00  3.602441E-14
3900.00  3.807002E-14
3902.00  3.950404E-14
3904.00  4.047180E-14
3906.00  4.118886E-14
3908.00  4.187673E-14
3910.00  4.252520E-14
3912.00  4.293038E-14
3914.00  4.301266E-14
3916.00  4.289059E-14
3918.00  4.269378E-14
3920.00  4.251286E-14
3922.00  4.239994E-14
3924.00  4.225588E-14
3926.00  4.188636E-14
3928.00  4.117963E-14
3930.00  4.009652E-14
3932.00  3.878839E-14
3934.00  3.789289E-14
3936.00  3.812995E-14
3938.00  3.941306E-14
3940.00  4.090498E-14
3942.00  4.189008E-14
3944.00  4.222995E-14
3946.00  4.217694E-14
3948.00  4.201272E-14
3950.00  4.185372E-14
3952.00  4.167159E-14
3954.00  4.137762E-14
3956.00  4.088113E-14
3958.00  4.008313E-14
3960.00  3.880710E-14
3962.00  3.681498E-14
3964.00  3.394972E-14
3966.00  3.032527E-14
3968.00  2.665594E-14
3970.00  2.433384E-14
3972.00  2.456230E-14
3974.00  2.721576E-14
3976.00  3.097405E-14
3978.00  3.451259E-14
3980.00  3.721491E-14
3982.00  3.906577E-14
3984.00  4.034117E-14
3986.00  4.133245E-14
3988.00  4.216012E-14
3990.00  4.281531E-14
3992.00  4.327058E-14
3994.00  4.351532E-14
3996.00  4.360503E-14
3998.00  4.365633E-14
4000.00  4.371718E-14
4002.00  4.371430E-14
4004.00  4.359444E-14
4006.00  4.343405E-14
4008.00  4.337043E-14
4010.00  4.349384E-14
4012.00  4.380055E-14
4014.00  4.420140E-14
4016.00  4.458078E-14
4018.00  4.485297E-14
4020.00  4.490406E-14
4022.00  4.455219E-14
4024.00  4.380375E-14
4026.00  4.311285E-14
4028.00  4.299093E-14
4030.00  4.342039E-14
4032.00  4.399959E-14
4034.00  4.449537E-14
4036.00  4.492105E-14
4038.00  4.525435E-14
4040.00  4.537642E-14
4042.00  4.521649E-14
4044.00  4.489509E-14
4046.00  4.470345E-14
4048.00  4.481981E-14
4050.00  4.508524E-14
4052.00  4.519847E-14
4054.00  4.508685E-14
4056.00  4.491477E-14
4058.00  4.482214E-14
4060.00  4.474216E-14
4062.00  4.451640E-14
4064.00  4.409431E-14
4066.00  4.358663E-14
4068.00  4.311010E-14
4070.00  4.270193E-14
4072.00  4.237441E-14
4074.00  4.209743E-14
4076.00  4.183968E-14
4078.00  4.168966E-14
4080.00  4.172996E-14
4082.00  4.181711E-14
4084.00  4.171666E-14
4086.00  4.137420E-14
4088.00  4.086139E-14
4090.00  4.016677E-14
4092.00  3.913485E-14
4094.00  3.753595E-14
4096.00  3.517987E-14
4098.00  3.209963E-14
4100.00  2.889759E-14
4102.00  2.686277E-14
4104.00  2.707632E-14
4106.00  2.936211E-14
4108.00  3.248880E-14
4110.00  3.532390E-14
4112.00  3.747173E-14
4114.00  3.899426E-14
4116.00  3.999345E-14
4118.00  4.055093E-14
4120.00  4.086030E-14
4122.00  4.117374E-14
4124.00  4.154607E-14
4126.00  4.178886E-14
4128.00  4.179333E-14
4130.00  4.170802E-14
4132.00  4.179018E-14
4134.00  4.215660E-14
4136.00  4.268936E-14
4138.00  4.312946E-14
4140.00  4.320834E-14
4142.00  4.288514E-14
4144.00  4.251657E-14
4146.00  4.249184E-14
4148.00  4.280605E-14
4150.00  4.315996E-14
4152.00  4.333407E-14
4154.00  4.337403E-14
4156.00  4.343781E-14
4158.00  4.359166E-14
4160.00  4.377984E-14
4162.00  4.393878E-14
4164.00  4.404018E-14
4166.00  4.403171E-14
4168.00  4.385699E-14
4170.00  4.349960E-14
4172.00  4.308525E-14
4174.00  4.283337E-14
4176.00  4.281793E-14
4178.00  4.297069E-14
4180.00  4.319954E-14
4182.00  4.343897E-14
4184.00  4.362626E-14
4186.00  4.368817E-14
4188.00  4.362217E-14
4190.00  4.350222E-14
4192.00  4.339235E-14
4194.00  4.323403E-14
4196.00  4.294160E-14
4198.00  4.256087E-14
4200.00  4.227425E-14
4202.00  4.223292E-14
4204.00  4.244935E-14
4206.00  4.281175E-14
4208.00  4.316190E-14
4210.00  4.339794E-14
4212.00  4.347830E-14
4214.00  4.342165E-14
4216.00  4.336154E-14
4218.00  4.340742E-14
4220.00  4.347626E-14
4222.00  4.335360E-14
4224.00  4.294788E-14
4226.00  4.251103E-14
4228.00  4.238938E-14
4230.00  4.257475E-14
4232.00  4.276868E-14
4234.00  4.280759E-14
4236.00  4.278540E-14
4238.00  4.284723E-14
4240.00  4.300893E-14
4242.00  4.319728E-14
4244.00  4.330718E-14
4246.00  4.325458E-14
4248.00  4.307885E-14
4250.00  4.289904E-14
4252.00  4.278971E-14
4254.00  4.275138E-14
4256.00  4.273924E-14
4258.00  4.269359E-14
4260.00  4.267870E-14
4262.00  4.279441E-14
4264.00  4.296295E-14
4266.00  4.298040E-14
4268.00  4.275015E-14
4270.00  4.236191E-14
4272.00  4.204032E-14
4274.00  4.197157E-14
4276.00  4.217454E-14
4278.00  4.247535E-14
4280.00  4.266427E-14
4282.00  4.266495E-14
4284.00  4.251445E-14
4286.00  4.225398E-14
4288.00  4.189088E-14
4290.00  4.152805E-14
4292.00  4.129400E-14
4294.00  4.114321E-14
4296.00  4.094449E-14
4298.00  4.059698E-14
4300.00  4.017206E-14
4302.00  3.984771E-14
4304.00  3.972101E-14
4306.00  3.972060E-14
4308.00  3.978154E-14
4310.00  3.991465E-14
4312.00  4.012421E-14
4314.00  4.045505E-14
4316.00  4.087803E-14
4318.00  4.119137E-14
4320.00  4.119916E-14
4322.00  4.080540E-14
4324.00  4.012425E-14
4326.00  3.947617E-14
4328.00  3.897328E-14
4330.00  3.840619E-14
4332.00  3.744466E-14
4334.00  3.574577E-14
4336.00  3.317099E-14
4338.00  3.010509E-14
4340.00  2.766326E-14
4342.00  2.705271E-14
4344.00  2.849039E-14
4346.00  3.115661E-14
4348.00  3.386995E-14
4350.00  3.591494E-14
4352.00  3.735612E-14
4354.00  3.850717E-14
4356.00  3.950040E-14
4358.00  4.032245E-14
4360.00  4.095568E-14
4362.00  4.143172E-14
4364.00  4.174936E-14
4366.00  4.181484E-14
4368.00  4.163605E-14
4370.00  4.132827E-14
4372.00  4.100818E-14
4374.00  4.077252E-14
4376.00  4.070802E-14
4378.00  4.074186E-14
4380.00  4.064587E-14
4382.00  4.023401E-14
4384.00  3.964039E-14
4386.00  3.918034E-14
4388.00  3.908548E-14
4390.00  3.938149E-14
4392.00  3.983377E-14
4394.00  4.021941E-14
4396.00  4.049160E-14
4398.00  4.061232E-14
4400.00  4.063186E-14
4402.00  4.059410E-14
4404.00  4.051594E-14
4406.00  4.050377E-14
4408.00  4.058494E-14
4410.00  4.072997E-14
4412.00  4.078856E-14
4414.00  4.065020E-14
4416.00  4.046760E-14
4418.00  4.044608E-14
4420.00  4.062058E-14
4422.00  4.086552E-14
4424.00  4.104930E-14
4426.00  4.111865E-14
4428.00  4.111901E-14
4430.00  4.107860E-14
4432.00  4.100546E-14
4434.00  4.093487E-14
4436.00  4.096061E-14
4438.00  4.108174E-14
4440.00  4.116507E-14
4442.00  4.116034E-14
4444.00  4.117402E-14
4446.00  4.126995E-14
4448.00  4.142382E-14
4450.00  4.151341E-14
4452.00  4.143130E-14
4454.00  4.121216E-14
4456.00  4.100880E-14
4458.00  4.091762E-14
4460.00  4.093877E-14
4462.00  4.099273E-14
4464.00  4.094574E-14
4466.00  4.069706E-14
4468.00  4.026614E-14
4470.00  3.986633E-14
4472.00  3.983203E-14
4474.00  4.022053E-14
4476.00  4.073842E-14
4478.00  4.097714E-14
4480.00  4.081582E-14
4482.00  4.068146E-14
4484.00  4.085430E-14
4486.00  4.122422E-14
4488.00  4.150785E-14
4490.00  4.158102E-14
4492.00  4.156403E-14
4494.00  4.159360E-14
4496.00  4.167006E-14
4498.00  4.168559E-14
4500.00  4.164169E-14
4502.00  4.166620E-14
4504.00  4.177859E-14
4506.00  4.189065E-14
4508.00  4.192595E-14
4510.00  4.186996E-14
4512.00  4.174401E-14
4514.00  4.158381E-14
4516.00  4.140726E-14
4518.00  4.123592E-14
4520.00  4.110757E-14
4522.00  4.099596E-14
4524.00  4.084706E-14
4526.00  4.063802E-14
4528.00  4.037460E-14
4530.00  4.016124E-14
4532.00  4.004621E-14
4534.00  4.004680E-14
4536.00  4.023386E-14
4538.00  4.050379E-14
4540.00  4.074324E-14
4542.00  4.088565E-14
4544.00  4.087097E-14
4546.00  4.071684E-14
4548.00  4.046846E-14
4550.00  4.021169E-14
4552.00  4.005594E-14
4554.00  4.002928E-14
4556.00  4.018527E-14
4558.00  4.045798E-14
4560.00  4.075086E-14
4562.00  4.094556E-14
4564.00  4.097210E-14
4566.00  4.094156E-14
4568.00  4.093992E-14
4570.00  4.094335E-14
4572.00  4.092991E-14
4574.00  4.090156E-14
4576.00  4.085559E-14
4578.00  4.075776E-14
4580.00  4.053596E-14
4582.00  4.025162E-14
4584.00  4.002955E-14
4586.00  3.998121E-14
4588.00  4.007702E-14
4590.00  4.021334E-14
4592.00  4.031700E-14
4594.00  4.038030E-14
4596.00  4.045096E-14
4598.00  4.054469E-14
4600.00  4.060898E-14
4602.00  4.062798E-14
4604.00  4.061396E-14
4606.00  4.063354E-14
4608.00  4.073583E-14
4610.00  4.086706E-14
4612.00  4.094670E-14
4614.00  4.093746E-14
4616.00  4.084969E-14
4618.00  4.075999E-14
4620.00  4.074098E-14
4622.00  4.080438E-14
4624.00  4.089854E-14
4626.00  4.093450E-14
4628.00  4.087094E-14
4630.00  4.075991E-14
4632.00  4.066490E-14
4634.00  4.058488E-14
4636.00  4.051940E-14
4638.00  4.045642E-14
4640.00  4.043320E-14
4642.00  4.044555E-14
4644.00  4.042814E-14
4646.00  4.031633E-14
4648.00  4.017859E-14
4650.00  4.012493E-14
4652.00  4.019541E-14
4654.00  4.034563E-14
4656.00  4.049049E-14
4658.00  4.065031E-14
4660.00  4.077901E-14
4662.00  4.079238E-14
4664.00  4.062380E-14
4666.00  4.028793E-14
4668.00  3.996845E-14
4670.00  3.983892E-14
4672.00  3.991517E-14
4674.00  4.011733E-14
4676.00  4.027654E-14
4678.00  4.028064E-14
4680.00  4.016561E-14
4682.00  4.000537E-14
4684.00  3.989152E-14
4686.00  3.984974E-14
4688.00  3.988022E-14
4690.00  3.992480E-14
4692.00  3.996728E-14
4694.00  3.998874E-14
4696.00  3.995522E-14
4698.00  3.985468E-14
4700.00  3.969749E-14
4702.00  3.952509E-14
4704.00  3.941785E-14
4706.00  3.936698E-14
4708.00  3.932826E-14
4710.00  3.928019E-14
4712.00  3.921491E-14
4714.00  3.921985E-14
4716.00  3.936740E-14
4718.00  3.962210E-14
4720.00  3.990767E-14
4722.00  4.009773E-14
4724.00  4.014668E-14
4726.00  4.004774E-14
4728.00  3.983986E-14
4730.00  3.962259E-14
4732.00  3.949419E-14
4734.00  3.949993E-14
4736.00  3.957725E-14
4738.00  3.966335E-14
4740.00  3.972352E-14
4742.00  3.977538E-14
4744.00  3.984525E-14
4746.00  3.994566E-14
4748.00  4.009125E-14
4750.00  4.023887E-14
4752.00  4.032733E-14
4754.00  4.032338E-14
4756.00  4.026972E-14
4758.00  4.020389E-14
4760.00  4.011906E-14
4762.00  3.996302E-14
4764.00  3.975779E-14
4766.00  3.961488E-14
4768.00  3.963734E-14
4770.00  3.981593E-14
4772.00  4.003395E-14
4774.00  4.023532E-14
4776.00  4.035921E-14
4778.00  4.042347E-14
4780.00  4.041276E-14
4782.00  4.034238E-14
4784.00  4.023034E-14
4786.00  4.012509E-14
4788.00  4.007583E-14
4790.00  4.013488E-14
4792.00  4.030146E-14
4794.00  4.052204E-14
4796.00  4.068620E-14
4798.00  4.073954E-14
4800.00  4.069089E-14
4802.00  4.060431E-14
4804.00  4.050710E-14
4806.00  4.041406E-14
4808.00  4.032793E-14
4810.00  4.028487E-14
4812.00  4.029467E-14
4814.00  4.034721E-14
4816.00  4.041973E-14
4818.00  4.047470E-14
4820.00  4.045772E-14
4822.00  4.030225E-14
4824.00  4.005228E-14
4826.00  3.982440E-14
4828.00  3.966847E-14
4830.00  3.960307E-14
4832.00  3.952884E-14
4834.00  3.943445E-14
4836.00  3.930282E-14
4838.00  3.913389E-14
4840.00  3.890968E-14
4842.00  3.862794E-14
4844.00  3.828130E-14
4846.00  3.786876E-14
4848.00  3.732182E-14
4850.00  3.661451E-14
4852.00  3.563247E-14
4854.00  3.427383E-14
4856.00  3.245078E-14
4858.00  3.025143E-14
4860.00  2.800283E-14
4862.00  2.647062E-14
4864.00  2.624985E-14
4866.00  2.745376E-14
4868.00  2.952087E-14
4870.00  3.163051E-14
4872.00  3.337354E-14
4874.00  3.471484E-14
4876.00  3.576881E-14
4878.00  3.664611E-14
4880.00  3.732974E-14
4882.00  3.779771E-14
4884.00  3.806163E-14
4886.00  3.816315E-14
4888.00  3.822328E-14
4890.00  3.830848E-14
4892.00  3.851403E-14
4894.00  3.886119E-14
4896.00  3.927543E-14
4898.00  3.962113E-14
4900.00  3.977813E-14
4902.00  3.980270E-14
4904.00  3.977677E-14
4906.00  3.976070E-14
4908.00  3.968797E-14
4910.00  3.953640E-14
4912.00  3.936964E-14
4914.00  3.923227E-14
4916.00  3.906796E-14
4918.00  3.869110E-14
4920.00  3.809531E-14
4922.00  3.753867E-14
4924.00  3.734784E-14
4926.00  3.767196E-14
4928.00  3.830392E-14
4930.00  3.892141E-14
4932.00  3.925297E-14
4934.00  3.927116E-14
4936.00  3.912480E-14
4938.00  3.896975E-14
4940.00  3.896457E-14
4942.00  3.909099E-14
4944.00  3.931974E-14
4946.00  3.954260E-14
4948.00  3.970567E-14
4950.00  3.978219E-14
4952.00  3.974436E-14
4954.00  3.955473E-14
4956.00  3.923198E-14
4958.00  3.890997E-14
4960.00  3.876149E-14
4962.00  3.879608E-14
4964.00  3.890931E-14
4966.00  3.893231E-14
4968.00  3.888552E-14
4970.00  3.886516E-14
4972.00  3.893850E-14
4974.00  3.905587E-14
4976.00  3.910663E-14
4978.00  3.899719E-14
4980.00  3.872246E-14
4982.00  3.835461E-14
4984.00  3.805983E-14
4986.00  3.796199E-14
4988.00  3.807218E-14
4990.00  3.826746E-14
4992.00  3.842976E-14
4994.00  3.851991E-14
4996.00  3.853773E-14
4998.00  3.844164E-14
5000.00  3.819570E-14
5002.00  3.786331E-14
5004.00  3.754523E-14
5006.00  3.734367E-14
5008.00  3.727653E-14
5010.00  3.725238E-14
5012.00  3.715987E-14
5014.00  3.693292E-14
5016.00  3.667054E-14
5018.00  3.652978E-14
5020.00  3.661719E-14
5022.00  3.687133E-14
5024.00  3.721071E-14
5026.00  3.751074E-14
5028.00  3.774587E-14
5030.00  3.790966E-14
5032.00  3.801571E-14
5034.00  3.804423E-14
5036.00  3.792938E-14
5038.00  3.768555E-14
5040.00  3.737460E-14
5042.00  3.721403E-14
5044.00  3.728437E-14
5046.00  3.753917E-14
5048.00  3.776468E-14
5050.00  3.783717E-14
5052.00  3.782099E-14
5054.00  3.785900E-14
5056.00  3.799877E-14
5058.00  3.823459E-14
5060.00  3.845495E-14
5062.00  3.858748E-14
5064.00  3.853621E-14
5066.00  3.835516E-14
5068.00  3.813103E-14
5070.00  3.797617E-14
5072.00  3.788353E-14
5074.00  3.782892E-14
5076.00  3.775402E-14
5078.00  3.764610E-14
5080.00  3.750768E-14
5082.00  3.741513E-14
5084.00  3.742934E-14
5086.00  3.757996E-14
5088.00  3.779936E-14
5090.00  3.802983E-14
5092.00  3.819104E-14
5094.00  3.822559E-14
5096.00  3.809427E-14
5098.00  3.785902E-14
5100.00  3.764051E-14
5102.00  3.755633E-14
5104.00  3.758843E-14
5106.00  3.764945E-14
5108.00  3.767055E-14
5110.00  3.768632E-14
5112.00  3.776484E-14
5114.00  3.791597E-14
5116.00  3.809665E-14
5118.00  3.821235E-14
5120.00  3.819691E-14
5122.00  3.802960E-14
5124.00  3.776000E-14
5126.00  3.749395E-14
5128.00  3.731544E-14
5130.00  3.726981E-14
5132.00  3.732803E-14
5134.00  3.743796E-14
5136.00  3.752143E-14
5138.00  3.752270E-14
5140.00  3.745514E-14
5142.00  3.734045E-14
5144.00  3.723800E-14
5146.00  3.713955E-14
5148.00  3.706087E-14
5150.00  3.698657E-14
5152.00  3.695201E-14
5154.00  3.698514E-14
5156.00  3.713024E-14
5158.00  3.734729E-14
5160.00  3.752332E-14
5162.00  3.747659E-14
5164.00  3.710980E-14
5166.00  3.643596E-14
5168.00  3.565092E-14
5170.00  3.502847E-14
5172.00  3.477900E-14
5174.00  3.496422E-14
5176.00  3.539039E-14
5178.00  3.585764E-14
5180.00  3.607567E-14
5182.00  3.598883E-14
5184.00  3.576601E-14
5186.00  3.566470E-14
5188.00  3.578613E-14
5190.00  3.602047E-14
5192.00  3.615026E-14
5194.00  3.619438E-14
5196.00  3.621855E-14
5198.00  3.633112E-14
5200.00  3.646475E-14
5202.00  3.651699E-14
5204.00  3.639815E-14
5206.00  3.615359E-14
5208.00  3.594114E-14
5210.00  3.592161E-14
5212.00  3.611334E-14
5214.00  3.640587E-14
5216.00  3.668017E-14
5218.00  3.687869E-14
5220.00  3.700450E-14
5222.00  3.701860E-14
5224.00  3.684354E-14
5226.00  3.652845E-14
5228.00  3.625844E-14
5230.00  3.618338E-14
5232.00  3.631340E-14
5234.00  3.650465E-14
5236.00  3.669880E-14
5238.00  3.691010E-14
5240.00  3.713390E-14
5242.00  3.729060E-14
5244.00  3.733767E-14
5246.00  3.725381E-14
5248.00  3.708397E-14
5250.00  3.689029E-14
5252.00  3.677588E-14
5254.00  3.677453E-14
5256.00  3.686346E-14
5258.00  3.693237E-14
5260.00  3.685499E-14
5262.00  3.654151E-14
5264.00  3.604656E-14
5266.00  3.553759E-14
5268.00  3.520080E-14
5270.00  3.510270E-14
5272.00  3.523583E-14
5274.00  3.552765E-14
5276.00  3.591662E-14
5278.00  3.628182E-14
5280.00  3.656029E-14
5282.00  3.673754E-14
5284.00  3.686689E-14
5286.00  3.705825E-14
5288.00  3.732279E-14
5290.00  3.757238E-14
5292.00  3.768044E-14
5294.00  3.760429E-14
5296.00  3.737531E-14
5298.00  3.710411E-14
5300.00  3.692625E-14
5302.00  3.693609E-14
5304.00  3.711305E-14
5306.00  3.734203E-14
5308.00  3.752903E-14
5310.00  3.761202E-14
5312.00  3.758822E-14
5314.00  3.746522E-14
5316.00  3.728766E-14
5318.00  3.713184E-14
5320.00  3.702851E-14
5322.00  3.694542E-14
5324.00  3.676980E-14
5326.00  3.649963E-14
5328.00  3.621361E-14
5330.00  3.608709E-14
5332.00  3.617991E-14
5334.00  3.644827E-14
5336.00  3.668856E-14
5338.00  3.679786E-14
5340.00  3.676104E-14
5342.00  3.668164E-14
5344.00  3.663350E-14
5346.00  3.664932E-14
5348.00  3.670220E-14
5350.00  3.681304E-14
5352.00  3.700355E-14
5354.00  3.725987E-14
5356.00  3.750871E-14
5358.00  3.765324E-14
5360.00  3.763608E-14
5362.00  3.746651E-14
5364.00  3.720496E-14
5366.00  3.692574E-14
5368.00  3.668117E-14
5370.00  3.650033E-14
5372.00  3.643862E-14
5374.00  3.653325E-14
5376.00  3.675442E-14
5378.00  3.698709E-14
5380.00  3.712079E-14
5382.00  3.713833E-14
5384.00  3.708711E-14
5386.00  3.701963E-14
5388.00  3.693550E-14
5390.00  3.681277E-14
5392.00  3.664182E-14
5394.00  3.644979E-14
5396.00  3.627577E-14
5398.00  3.616095E-14
5400.00  3.610496E-14
5402.00  3.607167E-14
5404.00  3.598929E-14
5406.00  3.586264E-14
5408.00  3.575788E-14
5410.00  3.576043E-14
5412.00  3.590304E-14
5414.00  3.615371E-14
5416.00  3.643992E-14
5418.00  3.668425E-14
5420.00  3.683671E-14
5422.00  3.688240E-14
5424.00  3.685180E-14
5426.00  3.678084E-14
5428.00  3.667233E-14
5430.00  3.653514E-14
5432.00  3.639407E-14
5434.00  3.632247E-14
5436.00  3.638244E-14
5438.00  3.658344E-14
5440.00  3.684119E-14
5442.00  3.701924E-14
5444.00  3.701407E-14
5446.00  3.682894E-14
5448.00  3.657367E-14
5450.00  3.636315E-14
5452.00  3.622841E-14
5454.00  3.613584E-14
5456.00  3.607726E-14
5458.00  3.607454E-14
5460.00  3.613049E-14
5462.00  3.619664E-14
5464.00  3.624287E-14
5466.00  3.627677E-14
5468.00  3.631822E-14
5470.00  3.633593E-14
5472.00  3.628466E-14
5474.00  3.614428E-14
5476.00  3.596993E-14
5478.00  3.584584E-14
5480.00  3.583085E-14
5482.00  3.593191E-14
5484.00  3.608774E-14
5486.00  3.624219E-14
5488.00  3.634843E-14
5490.00  3.640114E-14
5492.00  3.641678E-14
5494.00  3.640948E-14
5496.00  3.637910E-14
5498.00  3.631625E-14
5500.00  3.621855E-14
5502.00  3.609052E-14
5504.00  3.595163E-14
5506.00  3.582555E-14
5508.00  3.573612E-14
5510.00  3.568883E-14
5512.00  3.568235E-14
5514.00  3.571844E-14
5516.00  3.581791E-14
5518.00  3.598470E-14
5520.00  3.617506E-14
5522.00  3.631099E-14
5524.00  3.633132E-14
5526.00  3.623453E-14
5528.00  3.608696E-14
5530.00  3.597731E-14
5532.00  3.594890E-14
5534.00  3.598722E-14
5536.00  3.605601E-14
5538.00  3.614198E-14
5540.00  3.623372E-14
5542.00  3.630875E-14
5544.00  3.635454E-14
5546.00  3.638572E-14
5548.00  3.643385E-14
5550.00  3.650302E-14
5552.00  3.656495E-14
5554.00  3.658578E-14
5556.00  3.656562E-14
5558.00  3.651771E-14
5560.00  3.645715E-14
5562.00  3.638464E-14
5564.00  3.630836E-14
5566.00  3.623584E-14
5568.00  3.617927E-14
5570.00  3.614523E-14
5572.00  3.613756E-14
5574.00  3.616067E-14
5576.00  3.621235E-14
5578.00  3.627944E-14
5580.00  3.632456E-14
5582.00  3.631310E-14
5584.00  3.620891E-14
5586.00  3.601416E-14
5588.00  3.578563E-14
5590.00  3.561214E-14
5592.00  3.556274E-14
5594.00  3.562525E-14
5596.00  3.572573E-14
5598.00  3.578376E-14
5600.00  3.578593E-14
5602.00  3.578387E-14
5604.00  3.586015E-14
5606.00  3.604180E-14
5608.00  3.627492E-14
5610.00  3.645694E-14
5612.00  3.650999E-14
5614.00  3.642096E-14
5616.00  3.624953E-14
5618.00  3.609363E-14
5620.00  3.601451E-14
5622.00  3.600047E-14
5624.00  3.600854E-14
5626.00  3.602179E-14
5628.00  3.605909E-14
5630.00  3.612711E-14
5632.00  3.618895E-14
5634.00  3.619683E-14
5636.00  3.613103E-14
5638.00  3.601589E-14
5640.00  3.589830E-14
5642.00  3.581929E-14
5644.00  3.579522E-14
5646.00  3.581949E-14
5648.00  3.586325E-14
5650.00  3.590072E-14
5652.00  3.590563E-14
5654.00  3.585155E-14
5656.00  3.572831E-14
5658.00  3.556256E-14
5660.00  3.541890E-14
5662.00  3.535471E-14
5664.00  3.538423E-14
5666.00  3.546815E-14
5668.00  3.556695E-14
5670.00  3.566594E-14
5672.00  3.577282E-14
5674.00  3.588326E-14
5676.00  3.597009E-14
5678.00  3.600177E-14
5680.00  3.596190E-14
5682.00  3.586989E-14
5684.00  3.576480E-14
5686.00  3.568668E-14
5688.00  3.566516E-14
5690.00  3.570609E-14
5692.00  3.579440E-14
5694.00  3.589021E-14
5696.00  3.594391E-14
5698.00  3.592714E-14
5700.00  3.584523E-14
5702.00  3.572591E-14
5704.00  3.559822E-14
5706.00  3.547362E-14
5708.00  3.536173E-14
5710.00  3.529367E-14
5712.00  3.531313E-14
5714.00  3.544310E-14
5716.00  3.564953E-14
5718.00  3.587421E-14
5720.00  3.606782E-14
5722.00  3.619851E-14
5724.00  3.625835E-14
5726.00  3.625484E-14
5728.00  3.621922E-14
5730.00  3.619467E-14
5732.00  3.620650E-14
5734.00  3.624995E-14
5736.00  3.629777E-14
5738.00  3.632540E-14
5740.00  3.633001E-14
5742.00  3.632457E-14
5744.00  3.632159E-14
5746.00  3.631575E-14
5748.00  3.629642E-14
5750.00  3.625899E-14
5752.00  3.621072E-14
5754.00  3.617458E-14
5756.00  3.617123E-14
5758.00  3.619248E-14
5760.00  3.620681E-14
5762.00  3.620135E-14
5764.00  3.620060E-14
5766.00  3.623377E-14
5768.00  3.629204E-14
5770.00  3.633177E-14
5772.00  3.631901E-14
5774.00  3.625217E-14
5776.00  3.613590E-14
5778.00  3.597966E-14
5780.00  3.579657E-14
5782.00  3.561643E-14
5784.00  3.549329E-14
5786.00  3.546901E-14
5788.00  3.554580E-14
5790.00  3.569189E-14
5792.00  3.586366E-14
5794.00  3.603105E-14
5796.00  3.618125E-14
5798.00  3.630582E-14
5800.00  3.640654E-14
5802.00  3.648449E-14
5804.00  3.653116E-14
5806.00  3.654323E-14
5808.00  3.652954E-14
5810.00  3.649827E-14
5812.00  3.645513E-14
5814.00  3.640421E-14
5816.00  3.636418E-14
5818.00  3.635894E-14
5820.00  3.639647E-14
5822.00  3.645521E-14
5824.00  3.651246E-14
5826.00  3.655614E-14
5828.00  3.658984E-14
5830.00  3.661595E-14
5832.00  3.662671E-14
5834.00  3.661893E-14
5836.00  3.659716E-14
5838.00  3.657727E-14
5840.00  3.656826E-14
5842.00  3.656047E-14
5844.00  3.652666E-14
5846.00  3.644784E-14
5848.00  3.631951E-14
5850.00  3.615091E-14
5852.00  3.595719E-14
5854.00  3.575774E-14
5856.00  3.558160E-14
5858.00  3.545767E-14
5860.00  3.540933E-14
5862.00  3.543156E-14
5864.00  3.548877E-14
5866.00  3.554071E-14
5868.00  3.555641E-14
5870.00  3.552256E-14
5872.00  3.542653E-14
5874.00  3.527055E-14
5876.00  3.508705E-14
5878.00  3.493635E-14
5880.00  3.484769E-14
5882.00  3.477466E-14
5884.00  3.462608E-14
5886.00  3.430434E-14
5888.00  3.379496E-14
5890.00  3.319571E-14
5892.00  3.268964E-14
5894.00  3.242086E-14
5896.00  3.243575E-14
5898.00  3.270895E-14
5900.00  3.314134E-14
5902.00  3.364376E-14
5904.00  3.412988E-14
5906.00  3.449824E-14
5908.00  3.473351E-14
5910.00  3.485172E-14
5912.00  3.487524E-14
5914.00  3.484187E-14
5916.00  3.478655E-14
5918.00  3.475431E-14
5920.00  3.476172E-14
5922.00  3.480689E-14
5924.00  3.486396E-14
5926.00  3.491482E-14
5928.00  3.495023E-14
5930.00  3.497252E-14
5932.00  3.498921E-14
5934.00  3.501058E-14
5936.00  3.503669E-14
5938.00  3.505897E-14
5940.00  3.505806E-14
5942.00  3.503534E-14
5944.00  3.499717E-14
5946.00  3.496089E-14
5948.00  3.493368E-14
5950.00  3.491032E-14
5952.00  3.488635E-14
5954.00  3.486025E-14
5956.00  3.484660E-14
5958.00  3.485215E-14
5960.00  3.489430E-14
5962.00  3.496472E-14
5964.00  3.504557E-14
5966.00  3.511285E-14
5968.00  3.516118E-14
5970.00  3.519444E-14
5972.00  3.520462E-14
5974.00  3.517597E-14
5976.00  3.510368E-14
5978.00  3.500905E-14
5980.00  3.492731E-14
5982.00  3.488100E-14
5984.00  3.487268E-14
5986.00  3.489676E-14
5988.00  3.495023E-14
5990.00  3.502645E-14
5992.00  3.511542E-14
5994.00  3.518711E-14
5996.00  3.522908E-14
5998.00  3.522715E-14
6000.00  3.518675E-14
6002.00  3.512411E-14
6004.00  3.505529E-14
6006.00  3.499401E-14
6008.00  3.495116E-14
6010.00  3.492883E-14
6012.00  3.492894E-14
6014.00  3.493429E-14
6016.00  3.494337E-14
6018.00  3.494266E-14
6020.00  3.494952E-14
6022.00  3.497871E-14
6024.00  3.504877E-14
6026.00  3.515498E-14
6028.00  3.528659E-14
6030.00  3.542110E-14
6032.00  3.554005E-14
6034.00  3.562507E-14
6036.00  3.567104E-14
6038.00  3.568002E-14
6040.00  3.566704E-14
6042.00  3.565629E-14
6044.00  3.566980E-14
6046.00  3.571180E-14
6048.00  3.576311E-14
6050.00  3.579177E-14
6052.00  3.577462E-14
6054.00  3.571179E-14
6056.00  3.562634E-14
6058.00  3.554436E-14
6060.00  3.548253E-14
6062.00  3.543551E-14
6064.00  3.540966E-14
6066.00  3.541545E-14
6068.00  3.547155E-14
6070.00  3.557256E-14
6072.00  3.567636E-14
6074.00  3.573569E-14
6076.00  3.572243E-14
6078.00  3.564563E-14
6080.00  3.553076E-14
6082.00  3.541937E-14
6084.00  3.533887E-14
6086.00  3.530334E-14
6088.00  3.529664E-14
6090.00  3.531307E-14
6092.00  3.534065E-14
6094.00  3.537755E-14
6096.00  3.541302E-14
6098.00  3.541927E-14
6100.00  3.537288E-14
6102.00  3.529764E-14
6104.00  3.522411E-14
6106.00  3.522016E-14
6108.00  3.528703E-14
6110.00  3.539946E-14
6112.00  3.550463E-14
6114.00  3.555526E-14
6116.00  3.554160E-14
6118.00  3.545342E-14
6120.00  3.532751E-14
6122.00  3.519690E-14
6124.00  3.511708E-14
6126.00  3.512175E-14
6128.00  3.518742E-14
6130.00  3.526050E-14
6132.00  3.527668E-14
6134.00  3.519854E-14
6136.00  3.505693E-14
6138.00  3.489931E-14
6140.00  3.482528E-14
6142.00  3.484841E-14
6144.00  3.493263E-14
6146.00  3.501961E-14
6148.00  3.505108E-14
6150.00  3.502239E-14
6152.00  3.494378E-14
6154.00  3.482778E-14
6156.00  3.465178E-14
6158.00  3.440132E-14
6160.00  3.409801E-14
6162.00  3.380008E-14
6164.00  3.357758E-14
6166.00  3.347935E-14
6168.00  3.349462E-14
6170.00  3.357804E-14
6172.00  3.369337E-14
6174.00  3.383071E-14
6176.00  3.396684E-14
6178.00  3.409486E-14
6180.00  3.419733E-14
6182.00  3.425147E-14
6184.00  3.423953E-14
6186.00  3.415438E-14
6188.00  3.400812E-14
6190.00  3.386035E-14
6192.00  3.375878E-14
6194.00  3.374472E-14
6196.00  3.381527E-14
6198.00  3.392896E-14
6200.00  3.405218E-14
6202.00  3.416454E-14
6204.00  3.426994E-14
6206.00  3.434608E-14
6208.00  3.436802E-14
6210.00  3.430622E-14
6212.00  3.415836E-14
6214.00  3.395662E-14
6216.00  3.374703E-14
6218.00  3.358474E-14
6220.00  3.348396E-14
6222.00  3.342959E-14
6224.00  3.340138E-14
6226.00  3.335939E-14
6228.00  3.329466E-14
6230.00  3.322141E-14
6232.00  3.315930E-14
6234.00  3.313824E-14
6236.00  3.314189E-14
6238.00  3.313207E-14
6240.00  3.308451E-14
6242.00  3.301476E-14
6244.00  3.295607E-14
6246.00  3.293614E-14
6248.00  3.296395E-14
6250.00  3.301536E-14
6252.00  3.305476E-14
6254.00  3.305466E-14
6256.00  3.304415E-14
6258.00  3.305489E-14
6260.00  3.311591E-14
6262.00  3.323861E-14
6264.00  3.338737E-14
6266.00  3.351574E-14
6268.00  3.359930E-14
6270.00  3.362352E-14
6272.00  3.356593E-14
6274.00  3.343306E-14
6276.00  3.322983E-14
6278.00  3.301009E-14
6280.00  3.286350E-14
6282.00  3.285731E-14
6284.00  3.299934E-14
6286.00  3.322647E-14
6288.00  3.344188E-14
6290.00  3.357695E-14
6292.00  3.359930E-14
6294.00  3.353378E-14
6296.00  3.342860E-14
6298.00  3.331284E-14
6300.00  3.323425E-14
6302.00  3.320849E-14
6304.00  3.323519E-14
6306.00  3.332703E-14
6308.00  3.343249E-14
6310.00  3.352571E-14
6312.00  3.356803E-14
6314.00  3.356528E-14
6316.00  3.354488E-14
6318.00  3.354398E-14
6320.00  3.359322E-14
6322.00  3.370194E-14
6324.00  3.383955E-14
6326.00  3.397812E-14
6328.00  3.408434E-14
6330.00  3.414333E-14
6332.00  3.415048E-14
6334.00  3.412316E-14
6336.00  3.407671E-14
6338.00  3.403619E-14
6340.00  3.402769E-14
6342.00  3.402233E-14
6344.00  3.401584E-14
6346.00  3.401120E-14
6348.00  3.403046E-14
6350.00  3.408283E-14
6352.00  3.414187E-14
6354.00  3.416076E-14
6356.00  3.411796E-14
6358.00  3.402213E-14
6360.00  3.390378E-14
6362.00  3.381229E-14
6364.00  3.377959E-14
6366.00  3.381357E-14
6368.00  3.389636E-14
6370.00  3.400702E-14
6372.00  3.411339E-14
6374.00  3.421041E-14
6376.00  3.428447E-14
6378.00  3.431923E-14
6380.00  3.432177E-14
6382.00  3.431197E-14
6384.00  3.430843E-14
6386.00  3.431426E-14
6388.00  3.432318E-14
6390.00  3.431947E-14
6392.00  3.430224E-14
6394.00  3.427591E-14
6396.00  3.426126E-14
6398.00  3.428101E-14
6400.00  3.431251E-14
6402.00  3.435494E-14
6404.00  3.441823E-14
6406.00  3.446661E-14
6408.00  3.448588E-14
6410.00  3.448087E-14
6412.00  3.446162E-14
6414.00  3.443071E-14
6416.00  3.440735E-14
6418.00  3.439244E-14
6420.00  3.439558E-14
6422.00  3.442542E-14
6424.00  3.449357E-14
6426.00  3.456585E-14
6428.00  3.460557E-14
6430.00  3.460607E-14
6432.00  3.456025E-14
6434.00  3.451956E-14
6436.00  3.450514E-14
6438.00  3.451651E-14
6440.00  3.454958E-14
6442.00  3.460727E-14
6444.00  3.466300E-14
6446.00  3.466334E-14
6448.00  3.459631E-14
6450.00  3.446840E-14
6452.00  3.433087E-14
6454.00  3.426055E-14
6456.00  3.424772E-14
6458.00  3.426935E-14
6460.00  3.432091E-14
6462.00  3.436275E-14
6464.00  3.438503E-14
6466.00  3.442963E-14
6468.00  3.448321E-14
6470.00  3.451893E-14
6472.00  3.452944E-14
6474.00  3.451395E-14
6476.00  3.446985E-14
6478.00  3.441064E-14
6480.00  3.434097E-14
6482.00  3.425567E-14
6484.00  3.416784E-14
6486.00  3.409372E-14
6488.00  3.400008E-14
6490.00  3.384541E-14
6492.00  3.361907E-14
6494.00  3.335656E-14
6496.00  3.313557E-14
6498.00  3.306178E-14
6500.00  3.317462E-14
6502.00  3.342394E-14
6504.00  3.372655E-14
6506.00  3.400036E-14
6508.00  3.419583E-14
6510.00  3.430033E-14
6512.00  3.433208E-14
6514.00  3.431228E-14
6516.00  3.426605E-14
6518.00  3.422813E-14
6520.00  3.422766E-14
6522.00  3.426683E-14
6524.00  3.431843E-14
6526.00  3.435196E-14
6528.00  3.435471E-14
6530.00  3.433703E-14
6532.00  3.431303E-14
6534.00  3.429396E-14
6536.00  3.428869E-14
6538.00  3.427671E-14
6540.00  3.421911E-14
6542.00  3.408855E-14
6544.00  3.386982E-14
6546.00  3.357213E-14
6548.00  3.321642E-14
6550.00  3.280975E-14
6552.00  3.231500E-14
6554.00  3.168334E-14
6556.00  3.086554E-14
6558.00  2.986941E-14
6560.00  2.882392E-14
6562.00  2.793023E-14
6564.00  2.741995E-14
6566.00  2.753496E-14
6568.00  2.820042E-14
6570.00  2.913896E-14
6572.00  3.011043E-14
6574.00  3.095621E-14
6576.00  3.161221E-14
6578.00  3.211985E-14
6580.00  3.252344E-14
6582.00  3.284778E-14
6584.00  3.311679E-14
6586.00  3.333539E-14
6588.00  3.348888E-14
6590.00  3.357764E-14
6592.00  3.360729E-14
6594.00  3.359733E-14
6596.00  3.359793E-14
6598.00  3.363317E-14
6600.00  3.368717E-14
6602.00  3.374036E-14
6604.00  3.376939E-14
6606.00  3.376732E-14
6608.00  3.375402E-14
6610.00  3.375756E-14
6612.00  3.379823E-14
6614.00  3.386714E-14
6616.00  3.393849E-14
6618.00  3.399010E-14
6620.00  3.400518E-14
6622.00  3.398141E-14
6624.00  3.392585E-14
6626.00  3.385118E-14
6628.00  3.377647E-14
6630.00  3.371221E-14
6632.00  3.366329E-14
6634.00  3.363309E-14
6636.00  3.362648E-14
6638.00  3.363881E-14
6640.00  3.365516E-14
6642.00  3.366644E-14
6644.00  3.367149E-14
6646.00  3.367286E-14
6648.00  3.367435E-14
6650.00  3.366619E-14
6652.00  3.364036E-14
6654.00  3.359768E-14
6656.00  3.354473E-14
6658.00  3.348572E-14
6660.00  3.342254E-14
6662.00  3.335966E-14
6664.00  3.330681E-14
6666.00  3.327904E-14
6668.00  3.327701E-14
6670.00  3.327623E-14
6672.00  3.323614E-14
6674.00  3.313307E-14
6676.00  3.297589E-14
6678.00  3.280488E-14
6680.00  3.269097E-14
6682.00  3.269129E-14
6684.00  3.278679E-14
6686.00  3.292158E-14
6688.00  3.304681E-14
6690.00  3.313703E-14
6692.00  3.318502E-14
6694.00  3.319978E-14
6696.00  3.319615E-14
6698.00  3.318769E-14
6700.00  3.318706E-14
6702.00  3.319768E-14
6704.00  3.321206E-14
6706.00  3.322277E-14
6708.00  3.322112E-14
6710.00  3.319157E-14
6712.00  3.312206E-14
6714.00  3.301561E-14
6716.00  3.289154E-14
6718.00  3.278169E-14
6720.00  3.271923E-14
6722.00  3.271575E-14
6724.00  3.275697E-14
6726.00  3.282105E-14
6728.00  3.289035E-14
6730.00  3.295811E-14
6732.00  3.301424E-14
6734.00  3.304846E-14
6736.00  3.305607E-14
6738.00  3.303822E-14
6740.00  3.299859E-14
6742.00  3.294184E-14
6744.00  3.287226E-14
6746.00  3.279515E-14
6748.00  3.272224E-14
6750.00  3.266770E-14
6752.00  3.265062E-14
6754.00  3.268239E-14
6756.00  3.275618E-14
6758.00  3.284905E-14
6760.00  3.293342E-14
6762.00  3.298939E-14
6764.00  3.301162E-14
6766.00  3.301051E-14
6768.00  3.300586E-14
6770.00  3.302029E-14
6772.00  3.306568E-14
6774.00  3.313140E-14
6776.00  3.319260E-14
6778.00  3.321895E-14
6780.00  3.318899E-14
6782.00  3.310419E-14
6784.00  3.298787E-14
6786.00  3.287543E-14
6788.00  3.279882E-14
6790.00  3.276871E-14
6792.00  3.277369E-14
6794.00  3.279885E-14
6796.00  3.283616E-14
6798.00  3.288130E-14
6800.00  3.293126E-14
6802.00  3.297974E-14
6804.00  3.302127E-14
6806.00  3.305132E-14
6808.00  3.306761E-14
6810.00  3.307380E-14
6812.00  3.307220E-14
6814.00  3.306676E-14
6816.00  3.306293E-14
6818.00  3.306648E-14
6820.00  3.308067E-14
6822.00  3.310163E-14
6824.00  3.312390E-14
6826.00  3.314167E-14
6828.00  3.315003E-14
6830.00  3.315103E-14
6832.00  3.314851E-14
6834.00  3.313935E-14
6836.00  3.311227E-14
6838.00  3.306330E-14
6840.00  3.300174E-14
6842.00  3.294819E-14
6844.00  3.292281E-14
6846.00  3.293012E-14
6848.00  3.294969E-14
6850.00  3.295145E-14
6852.00  3.292089E-14
6854.00  3.285745E-14
6856.00  3.277336E-14
6858.00  3.268917E-14
6860.00  3.262273E-14
6862.00  3.258892E-14
6864.00  3.259088E-14
6866.00  3.262047E-14
6868.00  3.266240E-14
6870.00  3.270341E-14
6872.00  3.273374E-14
6874.00  3.275735E-14
6876.00  3.278149E-14
6878.00  3.280374E-14
6880.00  3.281361E-14
6882.00  3.280566E-14
6884.00  3.278299E-14
6886.00  3.276237E-14
6888.00  3.276362E-14
6890.00  3.279605E-14
6892.00  3.284618E-14
6894.00  3.289705E-14
6896.00  3.293334E-14
6898.00  3.295151E-14
6900.00  3.295677E-14
6902.00  3.295757E-14
6904.00  3.296622E-14
6906.00  3.298813E-14
6908.00  3.302259E-14
6910.00  3.305642E-14
6912.00  3.307244E-14
6914.00  3.306243E-14
6916.00  3.302640E-14
6918.00  3.298012E-14
6920.00  3.294480E-14
6922.00  3.294206E-14
6924.00  3.298399E-14
6926.00  3.306704E-14
6928.00  3.317549E-14
6930.00  3.328507E-14
6932.00  3.338342E-14
6934.00  3.345833E-14
6936.00  3.350741E-14
6938.00  3.354358E-14
6940.00  3.358030E-14
6942.00  3.362388E-14
6944.00  3.366790E-14
6946.00  3.370222E-14
6948.00  3.371628E-14
6950.00  3.370216E-14
6952.00  3.366853E-14
6954.00  3.362779E-14
6956.00  3.359682E-14
6958.00  3.359553E-14
6960.00  3.362561E-14
6962.00  3.367758E-14
6964.00  3.373940E-14
6966.00  3.379941E-14
6968.00  3.384189E-14
6970.00  3.385261E-14
6972.00  3.381821E-14
6974.00  3.373678E-14
6976.00  3.362933E-14
6978.00  3.353403E-14
6980.00  3.348785E-14
6982.00  3.351081E-14
6984.00  3.359195E-14
6986.00  3.368826E-14
6988.00  3.375876E-14
6990.00  3.378882E-14
6992.00  3.378284E-14
6994.00  3.375409E-14
6996.00  3.371059E-14
6998.00  3.365597E-14
7000.00  3.359842E-14
7002.00  3.354923E-14
7004.00  3.352343E-14
7006.00  3.353060E-14
7008.00  3.356313E-14
7010.00  3.360680E-14
7012.00  3.364247E-14
7014.00  3.365907E-14
7016.00  3.366325E-14
7018.00  3.367058E-14
7020.00  3.369147E-14
7022.00  3.372668E-14
7024.00  3.376520E-14
7026.00  3.380374E-14
7028.00  3.385246E-14
7030.00  3.392141E-14
7032.00  3.400736E-14
7034.00  3.410177E-14
7036.00  3.420076E-14
7038.00  3.430877E-14
7040.00  3.443300E-14
7042.00  3.456791E-14
7044.00  3.469335E-14
7046.00  3.477463E-14
7048.00  3.477338E-14
7050.00  3.466760E-14
7052.00  3.445573E-14
7054.00  3.415777E-14
7056.00  3.381394E-14
7058.00  3.347070E-14
7060.00  3.316439E-14
7062.00  3.291804E-14
7064.00  3.274677E-14
7066.00  3.266448E-14
7068.00  3.267819E-14
7070.00  3.278017E-14
7072.00  3.293904E-14
7074.00  3.310647E-14
7076.00  3.323657E-14
7078.00  3.329935E-14
7080.00  3.328671E-14
7082.00  3.320237E-14
7084.00  3.305742E-14
7086.00  3.286984E-14
7088.00  3.266306E-14
7090.00  3.246583E-14
7092.00  3.230536E-14
7094.00  3.219572E-14
7096.00  3.214325E-14
7098.00  3.213911E-14
7100.00  3.216577E-14
7102.00  3.220845E-14
7104.00  3.225637E-14
7106.00  3.230178E-14
7108.00  3.234118E-14
7110.00  3.237560E-14
7112.00  3.240628E-14
7114.00  3.243621E-14
7116.00  3.246365E-14
7118.00  3.248145E-14
7120.00  3.247327E-14
7122.00  3.242091E-14
7124.00  3.231207E-14
7126.00  3.215153E-14
7128.00  3.196288E-14
7130.00  3.178353E-14
7132.00  3.164859E-14
7134.00  3.158037E-14
7136.00  3.157201E-14
7138.00  3.159985E-14
7140.00  3.163608E-14
7142.00  3.166021E-14
7144.00  3.166636E-14
7146.00  3.166331E-14
7148.00  3.166850E-14
7150.00  3.169879E-14
7152.00  3.176027E-14
7154.00  3.184083E-14
7156.00  3.191389E-14
7158.00  3.195010E-14
7160.00  3.193053E-14
7162.00  3.186030E-14
7164.00  3.176124E-14
7166.00  3.166229E-14
7168.00  3.158641E-14
7170.00  3.153928E-14
7172.00  3.151170E-14
7174.00  3.148518E-14
7176.00  3.144305E-14
7178.00  3.137971E-14
7180.00  3.129660E-14
7182.00  3.120148E-14
7184.00  3.111041E-14
7186.00  3.104262E-14
7188.00  3.101759E-14
7190.00  3.104507E-14
7192.00  3.111500E-14
7194.00  3.120431E-14
7196.00  3.128318E-14
7198.00  3.132801E-14
7200.00  3.133602E-14
7202.00  3.132580E-14
7204.00  3.132758E-14
7206.00  3.137278E-14
7208.00  3.148254E-14
7210.00  3.165651E-14
7212.00  3.187085E-14
7214.00  3.209010E-14
7216.00  3.228470E-14
7218.00  3.243625E-14
7220.00  3.254273E-14
7222.00  3.261535E-14
7224.00  3.266602E-14
7226.00  3.269893E-14
7228.00  3.270914E-14
7230.00  3.268884E-14
7232.00  3.263726E-14
7234.00  3.256637E-14
7236.00  3.249734E-14
7238.00  3.245099E-14
7240.00  3.243765E-14
7242.00  3.245779E-14
7244.00  3.250504E-14
7246.00  3.256750E-14
7248.00  3.262934E-14
7250.00  3.267752E-14
7252.00  3.270897E-14
7254.00  3.273181E-14
7256.00  3.275445E-14
7258.00  3.277877E-14
7260.00  3.280097E-14
7262.00  3.282201E-14
7264.00  3.284898E-14
7266.00  3.288634E-14
7268.00  3.292656E-14
7270.00  3.295016E-14
7272.00  3.294097E-14
7274.00  3.289879E-14
7276.00  3.284180E-14
7278.00  3.279466E-14
7280.00  3.277417E-14
7282.00  3.278219E-14
7284.00  3.280722E-14
7286.00  3.283349E-14
7288.00  3.285425E-14
7290.00  3.288014E-14
7292.00  3.293103E-14
7294.00  3.302043E-14
7296.00  3.313898E-14
7298.00  3.325666E-14
7300.00  3.334277E-14
7302.00  3.338612E-14
7304.00  3.339736E-14
7306.00  3.340065E-14
7308.00  3.341733E-14
7310.00  3.345749E-14
7312.00  3.351895E-14
7314.00  3.359014E-14
7316.00  3.365744E-14
7318.00  3.371172E-14
7320.00  3.375041E-14
7322.00  3.377658E-14
7324.00  3.379652E-14
7326.00  3.381794E-14
7328.00  3.385171E-14
7330.00  3.390914E-14
7332.00  3.399642E-14
7334.00  3.411062E-14
7336.00  3.423682E-14
7338.00  3.435022E-14
7340.00  3.442535E-14
7342.00  3.444520E-14
7344.00  3.441076E-14
7346.00  3.433789E-14
7348.00  3.424673E-14
7350.00  3.415102E-14
7352.00  3.405877E-14
7354.00  3.397737E-14
7356.00  3.392000E-14
7358.00  3.390038E-14
7360.00  3.392646E-14
7362.00  3.399530E-14
7364.00  3.409796E-14
7366.00  3.422337E-14
7368.00  3.436094E-14
7370.00  3.449851E-14
7372.00  3.462356E-14
7374.00  3.472315E-14
7376.00  3.478521E-14
7378.00  3.480078E-14
7380.00  3.476401E-14
7382.00  3.467530E-14
7384.00  3.454767E-14
7386.00  3.440633E-14
7388.00  3.428364E-14
7390.00  3.420703E-14
7392.00  3.418985E-14
7394.00  3.422569E-14
7396.00  3.429556E-14
7398.00  3.437537E-14
7400.00  3.444722E-14
7402.00  3.450152E-14
7404.00  3.453411E-14
7406.00  3.454289E-14
7408.00  3.452739E-14
7410.00  3.449035E-14
7412.00  3.443912E-14
7414.00  3.438454E-14
7416.00  3.433789E-14
7418.00  3.430959E-14
7420.00  3.430845E-14
7422.00  3.434174E-14
7424.00  3.441230E-14
7426.00  3.451392E-14
7428.00  3.462816E-14
7430.00  3.473184E-14
7432.00  3.480391E-14
7434.00  3.483349E-14
7436.00  3.481913E-14
7438.00  3.476742E-14
7440.00  3.469101E-14
7442.00  3.460913E-14
7444.00  3.454371E-14
7446.00  3.451472E-14
7448.00  3.453216E-14
7450.00  3.459092E-14
7452.00  3.467109E-14
7454.00  3.474379E-14
7456.00  3.478151E-14
7458.00  3.477100E-14
7460.00  3.472042E-14
7462.00  3.465574E-14
7464.00  3.460823E-14
7466.00  3.459757E-14
7468.00  3.462422E-14
7470.00  3.467395E-14
7472.00  3.472872E-14
7474.00  3.477776E-14
7476.00  3.481805E-14
7478.00  3.485093E-14
7480.00  3.487640E-14
7482.00  3.489305E-14
7484.00  3.489656E-14
7486.00  3.487948E-14
7488.00  3.483580E-14
7490.00  3.476610E-14
7492.00  3.468345E-14
7494.00  3.461309E-14
7496.00  3.458188E-14
7498.00  3.460446E-14
7500.00  3.467401E-14
7502.00  3.476561E-14
7504.00  3.485060E-14
7506.00  3.490884E-14
7508.00  3.493867E-14
7510.00  3.495292E-14
7512.00  3.497053E-14
7514.00  3.500377E-14
7516.00  3.505183E-14
7518.00  3.510195E-14
7520.00  3.513826E-14
7522.00  3.515184E-14
7524.00  3.514679E-14
7526.00  3.513515E-14
7528.00  3.513043E-14
7530.00  3.514103E-14
7532.00  3.516980E-14
7534.00  3.521219E-14
7536.00  3.525995E-14
7538.00  3.530326E-14
7540.00  3.533313E-14
7542.00  3.534544E-14
7544.00  3.534029E-14
7546.00  3.531934E-14
7548.00  3.528550E-14
7550.00  3.524157E-14
7552.00  3.518982E-14
7554.00  3.513418E-14
7556.00  3.507964E-14
7558.00  3.503153E-14
7560.00  3.499434E-14
7562.00  3.496743E-14
7564.00  3.494689E-14
7566.00  3.492703E-14
7568.00  3.490584E-14
7570.00  3.488714E-14
7572.00  3.487750E-14
7574.00  3.488081E-14
7576.00  3.489337E-14
7578.00  3.490468E-14
7580.00  3.490088E-14
7582.00  3.487104E-14
7584.00  3.480858E-14
7586.00  3.471420E-14
7588.00  3.459610E-14
7590.00  3.447024E-14
7592.00  3.435649E-14
7594.00  3.427001E-14
7596.00  3.421706E-14
7598.00  3.419158E-14
7600.00  3.418010E-14
7602.00  3.416862E-14
7604.00  3.414883E-14
7606.00  3.412030E-14
7608.00  3.409082E-14
7610.00  3.406830E-14
7612.00  3.405693E-14
7614.00  3.405400E-14
7616.00  3.405252E-14
7618.00  3.404813E-14
7620.00  3.404254E-14
7622.00  3.404098E-14
7624.00  3.404412E-14
7626.00  3.404574E-14
7628.00  3.403414E-14
7630.00  3.400110E-14
7632.00  3.394777E-14
7634.00  3.388353E-14
7636.00  3.381964E-14
7638.00  3.376280E-14
7640.00  3.371575E-14
7642.00  3.367671E-14
7644.00  3.364268E-14
7646.00  3.360927E-14
7648.00  3.357022E-14
7650.00  3.351822E-14
7652.00  3.344685E-14
7654.00  3.334853E-14
7656.00  3.321661E-14
7658.00  3.304309E-14
7660.00  3.282299E-14
7662.00  3.256282E-14
7664.00  3.228853E-14
7666.00  3.204687E-14
7668.00  3.189141E-14
7670.00  3.185909E-14
7672.00  3.194910E-14
7674.00  3.212379E-14
7676.00  3.232875E-14
7678.00  3.251673E-14
7680.00  3.266234E-14
7682.00  3.276226E-14
7684.00  3.282453E-14
7686.00  3.285720E-14
7688.00  3.286387E-14
7690.00  3.284037E-14
7692.00  3.277901E-14
7694.00  3.267122E-14
7696.00  3.251713E-14
7698.00  3.233222E-14
7700.00  3.215054E-14
7702.00  3.201509E-14
7704.00  3.195827E-14
7706.00  3.198422E-14
7708.00  3.206874E-14
7710.00  3.217223E-14
7712.00  3.226424E-14
7714.00  3.233328E-14
7716.00  3.238669E-14
7718.00  3.243603E-14
7720.00  3.248673E-14
7722.00  3.253725E-14
7724.00  3.258401E-14
7726.00  3.262717E-14
7728.00  3.267275E-14
7730.00  3.272500E-14
7732.00  3.278289E-14
7734.00  3.283653E-14
7736.00  3.287163E-14
7738.00  3.287338E-14
7740.00  3.283176E-14
7742.00  3.274523E-14
7744.00  3.262364E-14
7746.00  3.248839E-14
7748.00  3.236743E-14
7750.00  3.228610E-14
7752.00  3.225882E-14
7754.00  3.228055E-14
7756.00  3.233257E-14
7758.00  3.238839E-14
7760.00  3.242491E-14
7762.00  3.242724E-14
7764.00  3.238936E-14
7766.00  3.231133E-14
7768.00  3.220107E-14
7770.00  3.207671E-14
7772.00  3.196572E-14
7774.00  3.189818E-14
7776.00  3.189406E-14
7778.00  3.195383E-14
7780.00  3.205712E-14
7782.00  3.217179E-14
7784.00  3.227064E-14
7786.00  3.233946E-14
7788.00  3.238029E-14
7790.00  3.240547E-14
7792.00  3.242771E-14
7794.00  3.245500E-14
7796.00  3.248943E-14
7798.00  3.253121E-14
7800.00  3.258074E-14
7802.00  3.263953E-14
7804.00  3.270670E-14
7806.00  3.277930E-14
7808.00  3.285421E-14
7810.00  3.293031E-14
7812.00  3.300776E-14
7814.00  3.308573E-14
7816.00  3.316032E-14
7818.00  3.322405E-14
7820.00  3.326786E-14
7822.00  3.328419E-14
7824.00  3.326790E-14
7826.00  3.321738E-14
7828.00  3.313693E-14
7830.00  3.303918E-14
7832.00  3.294422E-14
7834.00  3.287605E-14
7836.00  3.285330E-14
7838.00  3.288057E-14
7840.00  3.294900E-14
7842.00  3.303863E-14
7844.00  3.312947E-14
7846.00  3.320775E-14
7848.00  3.326989E-14
7850.00  3.331982E-14
7852.00  3.336505E-14
7854.00  3.340999E-14
7856.00  3.345282E-14
7858.00  3.348623E-14
7860.00  3.350101E-14
7862.00  3.349186E-14
7864.00  3.346065E-14
7866.00  3.341578E-14
7868.00  3.336749E-14
7870.00  3.332471E-14
7872.00  3.329335E-14
7874.00  3.327538E-14
7876.00  3.326999E-14
7878.00  3.327400E-14
7880.00  3.328200E-14
7882.00  3.328833E-14
7884.00  3.328736E-14
7886.00  3.327249E-14
7888.00  3.323818E-14
7890.00  3.318295E-14
7892.00  3.310863E-14
7894.00  3.302467E-14
7896.00  3.294550E-14
7898.00  3.288426E-14
7900.00  3.284643E-14
7902.00  3.282510E-14
7904.00  3.280510E-14
7906.00  3.277076E-14
7908.00  3.271291E-14
7910.00  3.263458E-14
7912.00  3.254795E-14
7914.00  3.247211E-14
7916.00  3.242461E-14
7918.00  3.241367E-14
7920.00  3.243987E-14
7922.00  3.249439E-14
7924.00  3.256426E-14
7926.00  3.263581E-14
7928.00  3.269875E-14
7930.00  3.274524E-14
7932.00  3.277104E-14
7934.00  3.277357E-14
7936.00  3.274892E-14
7938.00  3.269596E-14
7940.00  3.261963E-14
7942.00  3.253248E-14
7944.00  3.245354E-14
7946.00  3.240481E-14
7948.00  3.239951E-14
7950.00  3.244006E-14
7952.00  3.251523E-14
7954.00  3.260245E-14
7956.00  3.268119E-14
7958.00  3.273853E-14
7960.00  3.277394E-14
7962.00  3.279816E-14
7964.00  3.282548E-14
7966.00  3.286608E-14
7968.00  3.292312E-14
7970.00  3.299005E-14
7972.00  3.305415E-14
7974.00  3.310472E-14
7976.00  3.313629E-14
7978.00  3.314883E-14
7980.00  3.314831E-14
7982.00  3.314467E-14
7984.00  3.314694E-14
7986.00  3.315828E-14
7988.00  3.317643E-14
7990.00  3.319732E-14
7992.00  3.321441E-14
7994.00  3.322289E-14
7996.00  3.322448E-14
7998.00  3.322904E-14
8000.00  3.324778E-14
8002.00  3.328828E-14
8004.00  3.335215E-14
8006.00  3.343334E-14
8008.00  3.352159E-14
8010.00  3.360569E-14
8012.00  3.367949E-14
8014.00  3.373713E-14
8016.00  3.377319E-14
8018.00  3.378020E-14
8020.00  3.375230E-14
8022.00  3.369068E-14
8024.00  3.361275E-14
8026.00  3.354572E-14
8028.00  3.351809E-14
8030.00  3.354990E-14
8032.00  3.364037E-14
8034.00  3.376527E-14
8036.00  3.388775E-14
8038.00  3.397265E-14
8040.00  3.399696E-14
8042.00  3.395986E-14
8044.00  3.388525E-14
8046.00  3.380735E-14
8048.00  3.375874E-14
8050.00  3.375992E-14
8052.00  3.381330E-14
8054.00  3.390091E-14
8056.00  3.399383E-14
8058.00  3.406372E-14
8060.00  3.408962E-14
8062.00  3.406439E-14
8064.00  3.399339E-14
8066.00  3.389157E-14
8068.00  3.377807E-14
8070.00  3.367282E-14
8072.00  3.359050E-14
8074.00  3.353950E-14
8076.00  3.351494E-14
8078.00  3.350908E-14
8080.00  3.351020E-14
8082.00  3.350868E-14
8084.00  3.349855E-14
8086.00  3.347741E-14
8088.00  3.344612E-14
8090.00  3.340999E-14
8092.00  3.337850E-14
8094.00  3.335903E-14
8096.00  3.336757E-14
8098.00  3.340873E-14
8100.00  3.348218E-14
8102.00  3.357631E-14
8104.00  3.367214E-14
8106.00  3.374663E-14
8108.00  3.378729E-14
8110.00  3.379020E-14
8112.00  3.376170E-14
8114.00  3.371953E-14
8116.00  3.368656E-14
8118.00  3.367910E-14
8120.00  3.370567E-14
8122.00  3.376193E-14
8124.00  3.383479E-14
8126.00  3.390416E-14
8128.00  3.395256E-14
8130.00  3.397548E-14
8132.00  3.398047E-14
8134.00  3.397845E-14
8136.00  3.397855E-14
8138.00  3.398167E-14
8140.00  3.398319E-14
8142.00  3.397285E-14
8144.00  3.394086E-14
8146.00  3.388781E-14
8148.00  3.382027E-14
8150.00  3.374603E-14
8152.00  3.367588E-14
8154.00  3.360416E-14
8156.00  3.351416E-14
8158.00  3.339924E-14
8160.00  3.327136E-14
8162.00  3.314836E-14
8164.00  3.305863E-14
8166.00  3.302563E-14
8168.00  3.306332E-14
8170.00  3.315548E-14
8172.00  3.325898E-14
8174.00  3.331899E-14
8176.00  3.330384E-14
8178.00  3.320414E-14
8180.00  3.303738E-14
8182.00  3.283747E-14
8184.00  3.264225E-14
8186.00  3.249145E-14
8188.00  3.238909E-14
8190.00  3.230665E-14
8192.00  3.223202E-14
8194.00  3.216551E-14
8196.00  3.211983E-14
8198.00  3.212603E-14
8200.00  3.221137E-14
8202.00  3.239427E-14
8204.00  3.266397E-14
8206.00  3.297148E-14
8208.00  3.325569E-14
8210.00  3.347498E-14
8212.00  3.360956E-14
8214.00  3.365837E-14
8216.00  3.363007E-14
8218.00  3.353913E-14
8220.00  3.339026E-14
8222.00  3.318793E-14
8224.00  3.293366E-14
8226.00  3.266171E-14
8228.00  3.243030E-14
8230.00  3.229247E-14
8232.00  3.228991E-14
8234.00  3.243395E-14
8236.00  3.270908E-14
8238.00  3.306463E-14
8240.00  3.342740E-14
8242.00  3.374546E-14
8244.00  3.399333E-14
8246.00  3.416702E-14
8248.00  3.426738E-14
8250.00  3.429943E-14
8252.00  3.427462E-14
8254.00  3.420881E-14
8256.00  3.413289E-14
8258.00  3.407567E-14
8260.00  3.405825E-14
8262.00  3.409322E-14
8264.00  3.416122E-14
8266.00  3.422899E-14
8268.00  3.424688E-14
8270.00  3.418415E-14
8272.00  3.404981E-14
8274.00  3.387204E-14
8276.00  3.368379E-14
8278.00  3.351652E-14
8280.00  3.339737E-14
8282.00  3.333264E-14
8284.00  3.330027E-14
8286.00  3.327369E-14
8288.00  3.323818E-14
8290.00  3.319596E-14
8292.00  3.315647E-14
8294.00  3.312447E-14
8296.00  3.311328E-14
8298.00  3.311709E-14
8300.00  3.311278E-14
8302.00  3.309254E-14
8304.00  3.306836E-14
8306.00  3.304236E-14
8308.00  3.302365E-14
8310.00  3.302526E-14
8312.00  3.305259E-14
8314.00  3.309624E-14
8316.00  3.313145E-14
8318.00  3.314165E-14
8320.00  3.313726E-14
8322.00  3.311575E-14
8324.00  3.308396E-14
8326.00  3.305213E-14
8328.00  3.302392E-14
8330.00  3.300465E-14
8332.00  3.298861E-14
8334.00  3.297537E-14
8336.00  3.298698E-14
8338.00  3.302056E-14
8340.00  3.307882E-14
8342.00  3.315462E-14
8344.00  3.323408E-14
8346.00  3.331364E-14
8348.00  3.339247E-14
8350.00  3.345684E-14
8352.00  3.350643E-14
8354.00  3.354216E-14
8356.00  3.356676E-14
8358.00  3.357657E-14
8360.00  3.356021E-14
8362.00  3.353144E-14
8364.00  3.350131E-14
8366.00  3.346947E-14
8368.00  3.343314E-14
8370.00  3.338931E-14
8372.00  3.333693E-14
8374.00  3.326557E-14
8376.00  3.317091E-14
8378.00  3.306238E-14
8380.00  3.294961E-14
8382.00  3.284299E-14
8384.00  3.274758E-14
8386.00  3.268175E-14
8388.00  3.265620E-14
8390.00  3.268220E-14
8392.00  3.275754E-14
8394.00  3.286433E-14
8396.00  3.299648E-14
8398.00  3.312741E-14
8400.00  3.323399E-14
8402.00  3.331064E-14
8404.00  3.336491E-14
8406.00  3.339685E-14
8408.00  3.339780E-14
8410.00  3.337686E-14
8412.00  3.335006E-14
8414.00  3.332883E-14
8416.00  3.332087E-14
8418.00  3.332826E-14
8420.00  3.334738E-14
8422.00  3.335664E-14
8424.00  3.334185E-14
8426.00  3.330173E-14
8428.00  3.322936E-14
8430.00  3.311453E-14
8432.00  3.295574E-14
8434.00  3.277279E-14
8436.00  3.257923E-14
8438.00  3.239625E-14
8440.00  3.224781E-14
8442.00  3.216198E-14
8444.00  3.214600E-14
8446.00  3.218652E-14
8448.00  3.226212E-14
8450.00  3.235624E-14
8452.00  3.246207E-14
8454.00  3.256959E-14
8456.00  3.265147E-14
8458.00  3.268659E-14
8460.00  3.266555E-14
8462.00  3.259234E-14
8464.00  3.248433E-14
8466.00  3.237329E-14
8468.00  3.229487E-14
8470.00  3.227720E-14
8472.00  3.233977E-14
8474.00  3.248035E-14
8476.00  3.267207E-14
8478.00  3.287166E-14
8480.00  3.304416E-14
8482.00  3.316942E-14
8484.00  3.323557E-14
8486.00  3.322777E-14
8488.00  3.313618E-14
8490.00  3.294373E-14
8492.00  3.263106E-14
8494.00  3.220686E-14
8496.00  3.174115E-14
8498.00  3.134078E-14
8500.00  3.106923E-14
8502.00  3.097830E-14
8504.00  3.111530E-14
8506.00  3.142713E-14
8508.00  3.179463E-14
8510.00  3.213462E-14
8512.00  3.240519E-14
8514.00  3.259990E-14
8516.00  3.272696E-14
8518.00  3.281601E-14
8520.00  3.289609E-14
8522.00  3.297513E-14
8524.00  3.303699E-14
8526.00  3.305968E-14
8528.00  3.300658E-14
8530.00  3.284182E-14
8532.00  3.253261E-14
8534.00  3.205400E-14
8536.00  3.139648E-14
8538.00  3.059777E-14
8540.00  2.977472E-14
8542.00  2.910226E-14
8544.00  2.869318E-14
8546.00  2.862451E-14
8548.00  2.895044E-14
8550.00  2.958974E-14
8552.00  3.036186E-14
8554.00  3.113131E-14
8556.00  3.181746E-14
8558.00  3.236656E-14
8560.00  3.276313E-14
8562.00  3.304104E-14
8564.00  3.322951E-14
8566.00  3.334536E-14
8568.00  3.341200E-14
8570.00  3.344421E-14
8572.00  3.345265E-14
8574.00  3.344868E-14
8576.00  3.343412E-14
8578.00  3.340568E-14
8580.00  3.336117E-14
8582.00  3.330138E-14
8584.00  3.321410E-14
8586.00  3.308972E-14
8588.00  3.293606E-14
8590.00  3.275911E-14
8592.00  3.255583E-14
8594.00  3.234208E-14
8596.00  3.214399E-14
8598.00  3.199598E-14
8600.00  3.191447E-14
8602.00  3.190578E-14
8604.00  3.197549E-14
8606.00  3.210169E-14
8608.00  3.224908E-14
8610.00  3.240472E-14
8612.00  3.256482E-14
8614.00  3.271584E-14
8616.00  3.285489E-14
8618.00  3.299499E-14
8620.00  3.312448E-14
8622.00  3.323604E-14
8624.00  3.332634E-14
8626.00  3.339830E-14
8628.00  3.345595E-14
8630.00  3.349950E-14
8632.00  3.352771E-14
8634.00  3.354719E-14
8636.00  3.355428E-14
8638.00  3.354065E-14
8640.00  3.350085E-14
8642.00  3.342603E-14
8644.00  3.330484E-14
8646.00  3.312455E-14
8648.00  3.288499E-14
8650.00  3.256768E-14
8652.00  3.214258E-14
8654.00  3.160784E-14
8656.00  3.095733E-14
8658.00  3.019629E-14
8660.00  2.942036E-14
8662.00  2.878057E-14
8664.00  2.836744E-14
8666.00  2.822400E-14
8668.00  2.843492E-14
8670.00  2.891660E-14
8672.00  2.949203E-14
8674.00  3.007351E-14
8676.00  3.059127E-14
8678.00  3.099495E-14
8680.00  3.129080E-14
8682.00  3.151140E-14
8684.00  3.165901E-14
8686.00  3.175380E-14
8688.00  3.183630E-14
8690.00  3.192204E-14
8692.00  3.200943E-14
8694.00  3.212700E-14
8696.00  3.227571E-14
8698.00  3.243088E-14
8700.00  3.258161E-14
8702.00  3.272509E-14
8704.00  3.285635E-14
8706.00  3.297556E-14
8708.00  3.307251E-14
8710.00  3.315464E-14
8712.00  3.322812E-14
8714.00  3.327924E-14
8716.00  3.330704E-14
8718.00  3.332918E-14
8720.00  3.333951E-14
8722.00  3.332061E-14
8724.00  3.327953E-14
8726.00  3.321923E-14
8728.00  3.313224E-14
8730.00  3.301971E-14
8732.00  3.287775E-14
8734.00  3.271868E-14
8736.00  3.254930E-14
8738.00  3.235324E-14
8740.00  3.213761E-14
8742.00  3.192014E-14
8744.00  3.168758E-14
8746.00  3.144165E-14
8748.00  3.121443E-14
8750.00  3.103540E-14
8752.00  3.093136E-14
8754.00  3.091557E-14
8756.00  3.100713E-14
8758.00  3.119808E-14
8760.00  3.143953E-14
8762.00  3.170037E-14
8764.00  3.195925E-14
8766.00  3.218731E-14
8768.00  3.236911E-14
8770.00  3.251355E-14
8772.00  3.264250E-14
8774.00  3.276471E-14
8776.00  3.287334E-14
8778.00  3.298948E-14
8780.00  3.311750E-14
8782.00  3.323864E-14
8784.00  3.335043E-14
8786.00  3.345047E-14
8788.00  3.352636E-14
8790.00  3.357974E-14
8792.00  3.361225E-14
8794.00  3.361470E-14
8796.00  3.358314E-14
8798.00  3.350884E-14
8800.00  3.338042E-14
8802.00  3.319382E-14
8804.00  3.297282E-14
8806.00  3.277293E-14
8808.00  3.262608E-14
8810.00  3.255708E-14
8812.00  3.260284E-14
8814.00  3.273053E-14
8816.00  3.287734E-14
8818.00  3.301689E-14
8820.00  3.311175E-14
8822.00  3.314484E-14
8824.00  3.315275E-14
8826.00  3.314546E-14
8828.00  3.313357E-14
8830.00  3.314127E-14
8832.00  3.315530E-14
8834.00  3.314390E-14
8836.00  3.310940E-14
8838.00  3.305129E-14
8840.00  3.296909E-14
8842.00  3.287076E-14
8844.00  3.277251E-14
8846.00  3.267200E-14
8848.00  3.256127E-14
8850.00  3.243358E-14
8852.00  3.227292E-14
8854.00  3.206839E-14
8856.00  3.180918E-14
8858.00  3.150086E-14
8860.00  3.116392E-14
8862.00  3.084689E-14
8864.00  3.058312E-14
8866.00  3.041509E-14
8868.00  3.037458E-14
8870.00  3.043730E-14
8872.00  3.057763E-14
8874.00  3.077272E-14
8876.00  3.097883E-14
8878.00  3.118021E-14
8880.00  3.137056E-14
8882.00  3.154372E-14
8884.00  3.170281E-14
8886.00  3.185039E-14
8888.00  3.197463E-14
8890.00  3.208587E-14
8892.00  3.219080E-14
8894.00  3.227905E-14
8896.00  3.235788E-14
8898.00  3.244444E-14
8900.00  3.252475E-14
8902.00  3.259600E-14
8904.00  3.266482E-14
8906.00  3.271699E-14
8908.00  3.274568E-14
8910.00  3.275683E-14
8912.00  3.275410E-14
8914.00  3.273976E-14
8916.00  3.271770E-14
8918.00  3.270207E-14
8920.00  3.269730E-14
8922.00  3.268487E-14
8924.00  3.267543E-14
8926.00  3.267663E-14
8928.00  3.268287E-14
8930.00  3.269593E-14
8932.00  3.273461E-14
8934.00  3.278014E-14
8936.00  3.281862E-14
8938.00  3.284228E-14
8940.00  3.283616E-14
8942.00  3.279413E-14
8944.00  3.272463E-14
8946.00  3.264219E-14
8948.00  3.256838E-14
8950.00  3.250001E-14
8952.00  3.243905E-14
8954.00  3.239725E-14
8956.00  3.234679E-14
8958.00  3.227662E-14
8960.00  3.219141E-14
8962.00  3.208014E-14
8964.00  3.195129E-14
8966.00  3.183140E-14
8968.00  3.172829E-14
8970.00  3.165665E-14
8972.00  3.162963E-14
8974.00  3.163191E-14
8976.00  3.165069E-14
8978.00  3.165646E-14
8980.00  3.163194E-14
8982.00  3.154343E-14
8984.00  3.136884E-14
8986.00  3.113257E-14
8988.00  3.087537E-14
8990.00  3.062756E-14
8992.00  3.046294E-14
8994.00  3.038939E-14
8996.00  3.037627E-14
8998.00  3.040239E-14
9000.00  3.042557E-14
9002.00  3.038121E-14
9004.00  3.027772E-14
9006.00  3.011150E-14
9008.00  2.989664E-14
9010.00  2.966927E-14
9012.00  2.945630E-14
9014.00  2.927991E-14
9016.00  2.918965E-14
9018.00  2.919379E-14
9020.00  2.929401E-14
9022.00  2.951407E-14
9024.00  2.983151E-14
9026.00  3.023389E-14
9028.00  3.070763E-14
9030.00  3.123010E-14
9032.00  3.177194E-14
9034.00  3.229712E-14
9036.00  3.278024E-14
9038.00  3.319265E-14
9040.00  3.351055E-14
9042.00  3.375321E-14
9044.00  3.392201E-14
9046.00  3.402586E-14
9048.00  3.409302E-14
9050.00  3.411802E-14
9052.00  3.410848E-14
9054.00  3.406250E-14
9056.00  3.397524E-14
9058.00  3.384310E-14
9060.00  3.367691E-14
9062.00  3.349564E-14
9064.00  3.330395E-14
9066.00  3.311496E-14
9068.00  3.294983E-14
9070.00  3.280495E-14
9072.00  3.268535E-14
9074.00  3.260189E-14
9076.00  3.253245E-14
9078.00  3.247269E-14
9080.00  3.242328E-14
9082.00  3.236222E-14
9084.00  3.228886E-14
9086.00  3.221918E-14
9088.00  3.217087E-14
9090.00  3.214463E-14
9092.00  3.214823E-14
9094.00  3.220961E-14
9096.00  3.227918E-14
9098.00  3.233045E-14
9100.00  3.241083E-14
9102.00  3.244596E-14
9104.00  3.245449E-14
9106.00  3.249009E-14
9108.00  3.249281E-14
9110.00  3.247215E-14
9112.00  3.246858E-14
9114.00  3.242023E-14
9116.00  3.234625E-14
9118.00  3.229983E-14
9120.00  3.225547E-14
9122.00  3.221825E-14
9124.00  3.221550E-14
9126.00  3.217748E-14
9128.00  3.208439E-14
9130.00  3.197088E-14
9132.00  3.181237E-14
9134.00  3.163654E-14
9136.00  3.154423E-14
9138.00  3.148644E-14
9140.00  3.149485E-14
9142.00  3.157646E-14
9144.00  3.162779E-14
9146.00  3.165098E-14
9148.00  3.162344E-14
9150.00  3.152411E-14
9152.00  3.140941E-14
9154.00  3.130374E-14
9156.00  3.126555E-14
9158.00  3.130587E-14
9160.00  3.140761E-14
9162.00  3.153794E-14
9164.00  3.162063E-14
9166.00  3.160132E-14
9168.00  3.149213E-14
9170.00  3.127861E-14
9172.00  3.102885E-14
9174.00  3.083195E-14
9176.00  3.071004E-14
9178.00  3.071066E-14
9180.00  3.083529E-14
9182.00  3.103467E-14
9184.00  3.127031E-14
9186.00  3.148900E-14
9188.00  3.166019E-14
9190.00  3.177363E-14
9192.00  3.182726E-14
9194.00  3.184004E-14
9196.00  3.182477E-14
9198.00  3.179860E-14
9200.00  3.175778E-14
9202.00  3.169721E-14
9204.00  3.160363E-14
9206.00  3.145356E-14
9208.00  3.126088E-14
9210.00  3.103290E-14
9212.00  3.078285E-14
9214.00  3.054867E-14
9216.00  3.032879E-14
9218.00  3.014814E-14
9220.00  2.998816E-14
9222.00  2.982701E-14
9224.00  2.968828E-14
9226.00  2.954320E-14
9228.00  2.942009E-14
9230.00  2.937317E-14
9232.00  2.938350E-14
9234.00  2.947935E-14
9236.00  2.966463E-14
9238.00  2.988844E-14
9240.00  3.014854E-14
9242.00  3.041483E-14
9244.00  3.065506E-14
9246.00  3.088204E-14
9248.00  3.107340E-14
9250.00  3.124335E-14
9252.00  3.138887E-14
9254.00  3.150463E-14
9256.00  3.159964E-14
9258.00  3.169063E-14
9260.00  3.178736E-14
9262.00  3.190689E-14
9264.00  3.206105E-14
9266.00  3.221689E-14
9268.00  3.237429E-14
9270.00  3.248880E-14
9272.00  3.253774E-14
9274.00  3.251969E-14
9276.00  3.242085E-14
9278.00  3.228267E-14
9280.00  3.213415E-14
9282.00  3.197750E-14
9284.00  3.184904E-14
9286.00  3.174257E-14
9288.00  3.161527E-14
9290.00  3.148997E-14
9292.00  3.132233E-14
9294.00  3.112301E-14
9296.00  3.091993E-14
9298.00  3.070942E-14
9300.00  3.055686E-14
9302.00  3.046581E-14
9304.00  3.049251E-14
9306.00  3.059119E-14
9308.00  3.075457E-14
9310.00  3.095701E-14
9312.00  3.114783E-14
9314.00  3.133362E-14
9316.00  3.146653E-14
9318.00  3.156609E-14
9320.00  3.164033E-14
9322.00  3.169080E-14
9324.00  3.173174E-14
9326.00  3.176109E-14
9328.00  3.178387E-14
9330.00  3.180122E-14
9332.00  3.181197E-14
9334.00  3.181565E-14
9336.00  3.181255E-14
9338.00  3.180219E-14
9340.00  3.178601E-14
9342.00  3.176729E-14
9344.00  3.174281E-14
9346.00  3.172334E-14
9348.00  3.170651E-14
9350.00  3.169355E-14
9352.00  3.168549E-14
9354.00  3.167884E-14
9356.00  3.167434E-14
9358.00  3.166863E-14
9360.00  3.166085E-14
9362.00  3.165272E-14
9364.00  3.164224E-14
9366.00  3.163494E-14
9368.00  3.162997E-14
9370.00  3.162898E-14
9372.00  3.163297E-14
9374.00  3.164343E-14
9376.00  3.165997E-14
9378.00  3.168284E-14
9380.00  3.171128E-14
9382.00  3.174164E-14
9384.00  3.177717E-14
9386.00  3.180672E-14
9388.00  3.183237E-14
9390.00  3.184979E-14
9392.00  3.185753E-14
9394.00  3.185094E-14
9396.00  3.183049E-14
9398.00  3.179463E-14
9400.00  3.174527E-14
9402.00  3.169046E-14
9404.00  3.162256E-14
9406.00  3.156800E-14
9408.00  3.152162E-14
9410.00  3.148953E-14
9412.00  3.147606E-14
9414.00  3.148015E-14
9416.00  3.150387E-14
9418.00  3.154377E-14
9420.00  3.159726E-14
9422.00  3.165654E-14
9424.00  3.172758E-14
9426.00  3.178602E-14
9428.00  3.183690E-14
9430.00  3.187267E-14
9432.00  3.188851E-14
9434.00  3.188185E-14
9436.00  3.185001E-14
9438.00  3.179427E-14
9440.00  3.171715E-14
9442.00  3.163201E-14
9444.00  3.152542E-14
9446.00  3.144031E-14
9448.00  3.136567E-14
9450.00  3.131201E-14
9452.00  3.128651E-14
9454.00  3.128396E-14
9456.00  3.131054E-14
9458.00  3.135797E-14
9460.00  3.142389E-14
9462.00  3.149722E-14
9464.00  3.158741E-14
9466.00  3.166216E-14
9468.00  3.173077E-14
9470.00  3.178562E-14
9472.00  3.182263E-14
9474.00  3.184762E-14
9476.00  3.185699E-14
9478.00  3.185819E-14
9480.00  3.185268E-14
9482.00  3.184335E-14
9484.00  3.182908E-14
9486.00  3.181786E-14
9488.00  3.180600E-14
9490.00  3.179439E-14
9492.00  3.178245E-14
9494.00  3.176408E-14
9496.00  3.173899E-14
9498.00  3.170312E-14
9500.00  3.165757E-14
9502.00  3.160839E-14
9504.00  3.154563E-14
9506.00  3.149648E-14
9508.00  3.145095E-14
9510.00  3.141476E-14
9512.00  3.139018E-14
9514.00  3.137051E-14
9516.00  3.135703E-14
9518.00  3.134342E-14
9520.00  3.132856E-14
9522.00  3.131342E-14
9524.00  3.129336E-14
9526.00  3.127564E-14
9528.00  3.125440E-14
9530.00  3.122614E-14
9532.00  3.118810E-14
9534.00  3.112442E-14
9536.00  3.103053E-14
9538.00  3.090035E-14
9540.00  3.073487E-14
9542.00  3.055807E-14
9544.00  3.033596E-14
9546.00  3.016362E-14
9548.00  3.000944E-14
9550.00  2.990157E-14
9552.00  2.984880E-14
9554.00  2.985414E-14
9556.00  2.992452E-14
9558.00  3.004527E-14
9560.00  3.021290E-14
9562.00  3.039779E-14
9564.00  3.063287E-14
9566.00  3.082230E-14
9568.00  3.100068E-14
9570.00  3.114659E-14
9572.00  3.125675E-14
9574.00  3.134285E-14
9576.00  3.140763E-14
9578.00  3.146822E-14
9580.00  3.152733E-14
9582.00  3.158440E-14
9584.00  3.165055E-14
9586.00  3.170332E-14
9588.00  3.175268E-14
9590.00  3.179230E-14
9592.00  3.182142E-14
9594.00  3.184072E-14
9596.00  3.185118E-14
9598.00  3.185629E-14
9600.00  3.185674E-14
9602.00  3.185515E-14
9604.00  3.185066E-14
9606.00  3.184864E-14
9608.00  3.184733E-14
9610.00  3.184854E-14
9612.00  3.185256E-14
9614.00  3.186002E-14
9616.00  3.187099E-14
9618.00  3.188498E-14
9620.00  3.190163E-14
9622.00  3.191919E-14
9624.00  3.193974E-14
9626.00  3.195662E-14
9628.00  3.197161E-14
9630.00  3.198172E-14
9632.00  3.198603E-14
9634.00  3.198188E-14
9636.00  3.196734E-14
9638.00  3.194399E-14
9640.00  3.191128E-14
9642.00  3.187551E-14
9644.00  3.182772E-14
9646.00  3.179222E-14
9648.00  3.175915E-14
9650.00  3.173509E-14
9652.00  3.171983E-14
9654.00  3.171435E-14
9656.00  3.171664E-14
9658.00  3.172399E-14
9660.00  3.173529E-14
9662.00  3.174835E-14
9664.00  3.176413E-14
9666.00  3.177814E-14
9668.00  3.179203E-14
9670.00  3.180478E-14
9672.00  3.181683E-14
9674.00  3.182799E-14
9676.00  3.183970E-14
9678.00  3.185155E-14
9680.00  3.186445E-14
9682.00  3.187714E-14
9684.00  3.189144E-14
9686.00  3.190360E-14
9688.00  3.191493E-14
9690.00  3.192346E-14
9692.00  3.192903E-14
9694.00  3.193006E-14
9696.00  3.192591E-14
9698.00  3.191694E-14
9700.00  3.190297E-14
9702.00  3.188767E-14
9704.00  3.186604E-14
9706.00  3.184985E-14
9708.00  3.183433E-14
9710.00  3.182136E-14
9712.00  3.181017E-14
9714.00  3.180045E-14
9716.00  3.178824E-14
9718.00  3.177292E-14
9720.00  3.175422E-14
9722.00  3.173415E-14
9724.00  3.170734E-14
9726.00  3.168678E-14
9728.00  3.166635E-14
9730.00  3.164830E-14
9732.00  3.163068E-14
9734.00  3.161295E-14
9736.00  3.158845E-14
9738.00  3.155822E-14
9740.00  3.152041E-14
9742.00  3.148069E-14
9744.00  3.142926E-14
9746.00  3.139054E-14
9748.00  3.135610E-14
9750.00  3.133315E-14
9752.00  3.132045E-14
9754.00  3.132332E-14
9756.00  3.133980E-14
9758.00  3.136642E-14
9760.00  3.140300E-14
9762.00  3.144333E-14
9764.00  3.149324E-14
9766.00  3.153375E-14
9768.00  3.157081E-14
9770.00  3.159772E-14
9772.00  3.161573E-14
9774.00  3.161949E-14
9776.00  3.160918E-14
9778.00  3.158835E-14
9780.00  3.155693E-14
9782.00  3.152118E-14
9784.00  3.147442E-14
9786.00  3.143921E-14
9788.00  3.140840E-14
9790.00  3.139014E-14
9792.00  3.138337E-14
9794.00  3.139458E-14
9796.00  3.142427E-14
9798.00  3.146710E-14
9800.00  3.151341E-14
