  4300.00   -7.1634E-17
  4301.25   -3.1305E-17
  4302.50   -2.7867E-17
  4303.75    4.5427E-16
  4305.00    1.8256E-17
  4306.25   -3.2522E-17
  4307.50   -3.9793E-16
  4308.75    2.4932E-16
  4310.00   -3.3218E-16
  4311.25    3.9915E-17
  4312.50    5.7717E-17
  4313.75   -1.4103E-17
  4315.00    2.8366E-16
  4316.25    1.3027E-16
  4317.50   -5.9999E-16
  4318.75    2.1323E-16
  4320.00   -2.5052E-16
  4321.25    5.7053E-17
  4322.50   -8.2325E-17
  4323.75   -9.9844E-17
  4325.00    4.2920E-16
  4326.25    1.1249E-16
  4327.50    3.3088E-16
  4328.75    2.4023E-16
  4330.00   -6.0954E-17
  4331.25   -2.4435E-16
  4332.50   -3.4022E-16
  4333.75   -2.7381E-16
  4335.00    7.1258E-17
  4336.25   -7.0301E-18
  4337.50   -2.6168E-16
  4338.75    1.6586E-16
  4340.00   -2.8048E-16
  4341.25   -1.2480E-16
  4342.50    6.3763E-18
  4343.75    2.7847E-16
  4345.00   -7.7864E-17
  4346.25   -2.3858E-16
  4347.50    1.1512E-16
  4348.75    1.5007E-16
  4350.00   -3.3958E-16
  4351.25    7.9215E-17
  4352.50    4.2206E-16
  4353.75    2.6472E-16
  4355.00    1.3246E-16
  4356.25    8.0542E-17
  4357.50    7.6309E-17
  4358.75   -1.4919E-16
  4360.00   -3.3003E-16
  4361.25    2.6602E-16
  4362.50    2.3539E-16
  4363.75    2.4300E-16
  4365.00   -2.0640E-16
  4366.25    1.6391E-16
  4367.50    3.3804E-16
  4368.75   -2.0431E-16
  4370.00    1.5499E-16
  4371.25   -3.7294E-16
  4372.50   -3.7426E-16
  4373.75    4.0386E-16
  4375.00   -4.4191E-17
  4376.25   -6.0345E-17
  4377.50   -2.4343E-16
  4378.75   -3.0779E-16
  4380.00   -9.7207E-17
  4381.25   -8.8248E-17
  4382.50    1.4645E-16
  4383.75   -1.5515E-16
  4385.00   -3.9678E-16
  4386.25    2.1984E-17
  4387.50    1.0748E-16
  4388.75   -2.4686E-16
  4390.00    3.3873E-16
  4391.25   -2.4982E-16
  4392.50   -2.0557E-16
  4393.75    4.1516E-16
  4395.00   -4.6682E-16
  4396.25   -1.2659E-17
  4397.50   -1.2180E-16
  4398.75   -4.1754E-16
  4400.00   -1.3696E-16
  4401.25    2.1804E-16
  4402.50    3.5273E-16
  4403.75    3.9547E-17
  4405.00   -1.8995E-16
  4406.25    3.7629E-17
  4407.50   -5.3406E-16
  4408.75    1.2743E-16
  4410.00    1.9743E-16
  4411.25    3.0441E-18
  4412.50   -7.4752E-17
  4413.75    1.1079E-16
  4415.00    3.0233E-17
  4416.25   -2.7679E-16
  4417.50    2.9391E-17
  4418.75   -2.9575E-16
  4420.00    3.3795E-16
  4421.25   -2.0787E-16
  4422.50   -3.2569E-17
  4423.75    1.1114E-16
  4425.00    5.0026E-17
  4426.25    7.8407E-17
  4427.50   -1.0050E-17
  4428.75   -5.3119E-16
  4430.00    4.8820E-16
  4431.25    9.3910E-17
  4432.50   -2.0479E-16
  4433.75    4.4448E-16
  4435.00    4.3201E-16
  4436.25    4.1914E-16
  4437.50    1.9473E-16
  4438.75    3.5219E-18
  4440.00    1.9688E-16
  4441.25    1.8207E-16
  4442.50    3.7570E-16
  4443.75    3.4579E-16
  4445.00   -2.8560E-16
  4446.25   -4.4992E-16
  4447.50   -2.7458E-16
  4448.75   -1.0005E-16
  4450.00    3.3496E-17
  4451.25   -7.2916E-17
  4452.50    2.4966E-16
  4453.75    2.0609E-16
  4455.00    3.4309E-17
  4456.25    7.7272E-17
  4457.50    2.5824E-16
  4458.75    1.3457E-16
  4460.00    8.0555E-17
  4461.25   -4.7953E-16
  4462.50    2.6760E-16
  4463.75   -1.1054E-16
  4465.00   -7.0040E-17
  4466.25   -2.6149E-16
  4467.50   -2.0299E-16
  4468.75   -1.7086E-16
  4470.00    3.2781E-16
  4471.25   -1.0847E-16
  4472.50    8.4726E-17
  4473.75   -2.1387E-16
  4475.00    3.5962E-16
  4476.25    2.6141E-16
  4477.50    3.8893E-16
  4478.75   -2.0761E-16
  4480.00   -1.6693E-17
  4481.25   -1.6035E-16
  4482.50   -2.9428E-16
  4483.75    3.9735E-16
  4485.00   -1.0866E-16
  4486.25    9.8323E-17
  4487.50   -1.2830E-16
  4488.75   -4.2267E-16
  4490.00   -1.2207E-16
  4491.25    3.8254E-17
  4492.50   -9.3010E-17
  4493.75    7.9799E-17
  4495.00   -3.1713E-16
  4496.25    3.4052E-16
  4497.50    3.9264E-16
  4498.75    3.4942E-16
  4500.00    6.0593E-16
  4501.25   -7.4277E-17
  4502.50    2.8471E-16
  4503.75   -2.9585E-16
  4505.00    2.9215E-16
  4506.25    1.0979E-16
  4507.50   -2.1704E-16
  4508.75   -3.5300E-16
  4510.00   -6.9317E-18
  4511.25   -2.5565E-16
  4512.50    3.6039E-17
  4513.75    1.5588E-16
  4515.00   -8.0330E-17
  4516.25    8.3426E-17
  4517.50    8.3694E-17
  4518.75    2.2353E-16
  4520.00    7.3118E-17
  4521.25   -3.4929E-16
  4522.50    5.2159E-17
  4523.75   -1.1529E-16
  4525.00    7.6362E-17
  4526.25   -4.4540E-16
  4527.50   -4.0294E-16
  4528.75    1.7880E-16
  4530.00   -3.8571E-16
  4531.25    1.7052E-16
  4532.50    1.7957E-16
  4533.75    1.3928E-16
  4535.00    1.3670E-16
  4536.25    3.3885E-16
  4537.50   -1.3226E-16
  4538.75    3.1714E-16
  4540.00   -2.5502E-16
  4541.25   -1.5158E-17
  4542.50    4.3510E-17
  4543.75    6.2892E-17
  4545.00    1.8575E-16
  4546.25   -2.0028E-16
  4547.50    5.0663E-16
  4548.75    4.6189E-16
  4550.00    7.7167E-17
  4551.25    1.7064E-16
  4552.50   -4.4026E-16
  4553.75    1.0436E-17
  4555.00   -5.4422E-17
  4556.25    3.0496E-17
  4557.50   -9.7048E-17
  4558.75   -3.1220E-16
  4560.00    8.3941E-17
  4561.25    3.0671E-18
  4562.50   -5.4176E-16
  4563.75   -5.9362E-17
  4565.00   -1.9232E-16
  4566.25   -1.4567E-16
  4567.50    4.5607E-17
  4568.75    1.7599E-16
  4570.00    1.5268E-16
  4571.25   -1.9499E-16
  4572.50    4.1548E-17
  4573.75   -1.3628E-16
  4575.00   -8.9710E-17
  4576.25   -9.9310E-17
  4577.50    1.0199E-16
  4578.75    1.1261E-16
  4580.00    4.9802E-16
  4581.25   -1.1207E-16
  4582.50   -1.9702E-17
  4583.75   -3.5845E-16
  4585.00    3.7639E-16
  4586.25   -3.1894E-16
  4587.50   -3.2939E-16
  4588.75   -8.8790E-18
  4590.00   -1.1522E-16
  4591.25    1.2420E-17
  4592.50    3.8287E-16
  4593.75   -2.1471E-16
  4595.00   -6.4624E-17
  4596.25   -1.2196E-16
  4597.50    2.4880E-16
  4598.75   -2.5669E-16
  4600.00    6.6496E-17
  4601.25    1.9814E-16
  4602.50    3.9126E-16
  4603.75    2.4432E-16
  4605.00    3.9305E-16
  4606.25   -1.6204E-16
  4607.50   -5.6655E-17
  4608.75    4.0993E-16
  4610.00   -4.7166E-16
  4611.25   -1.3425E-16
  4612.50    3.0969E-16
  4613.75   -2.9956E-16
  4615.00   -6.2144E-16
  4616.25    1.4795E-16
  4617.50   -1.3458E-19
  4618.75    1.2194E-16
  4620.00   -8.0986E-18
  4621.25   -2.0563E-17
  4622.50   -1.1214E-16
  4623.75    3.4524E-16
  4625.00    1.0476E-16
  4626.25   -2.1024E-16
  4627.50    2.1936E-16
  4628.75   -6.0413E-16
  4630.00   -3.6985E-17
  4631.25   -7.7750E-17
  4632.50   -2.3107E-16
  4633.75    1.5390E-16
  4635.00   -2.0714E-16
  4636.25   -1.8090E-16
  4637.50    1.7214E-17
  4638.75    2.2799E-16
  4640.00   -3.5765E-17
  4641.25    4.7113E-17
  4642.50    1.9852E-16
  4643.75   -9.7289E-17
  4645.00   -2.6555E-16
  4646.25   -1.6604E-16
  4647.50    4.8215E-16
  4648.75    5.5115E-17
  4650.00   -2.4941E-16
  4651.25    2.3331E-16
  4652.50    4.5149E-16
  4653.75   -2.9741E-16
  4655.00   -3.1062E-16
  4656.25    2.5105E-16
  4657.50   -2.8787E-16
  4658.75   -5.6263E-17
  4660.00    4.0499E-16
  4661.25   -4.3671E-16
  4662.50   -1.4566E-16
  4663.75    6.0805E-16
  4665.00   -9.0953E-17
  4666.25   -4.3848E-16
  4667.50   -2.3045E-16
  4668.75   -3.1522E-16
  4670.00    1.4408E-16
  4671.25    4.9778E-17
  4672.50   -8.7173E-17
  4673.75   -3.4039E-16
  4675.00    3.0300E-16
  4676.25    3.3970E-16
  4677.50    6.1671E-16
  4678.75    2.6366E-16
  4680.00   -4.7236E-16
  4681.25    3.1542E-16
  4682.50    7.3488E-16
  4683.75   -4.4445E-16
  4685.00    1.0588E-16
  4686.25    1.3583E-16
  4687.50   -1.6496E-16
  4688.75    2.9185E-16
  4690.00   -1.0723E-16
  4691.25    2.8644E-16
  4692.50    2.5555E-16
  4693.75   -2.7194E-16
  4695.00   -4.5806E-16
  4696.25   -3.7195E-17
  4697.50   -2.1894E-17
  4698.75   -6.3034E-17
  4700.00    6.7500E-17
  4701.25    2.1081E-16
  4702.50    3.0002E-16
  4703.75    3.7462E-17
  4705.00    1.3595E-16
  4706.25    3.2010E-16
  4707.50    3.7083E-17
  4708.75   -2.7619E-16
  4710.00   -6.6110E-17
  4711.25    2.2830E-16
  4712.50   -3.4570E-16
  4713.75    3.6870E-16
  4715.00    5.9143E-17
  4716.25   -3.8344E-16
  4717.50    3.0698E-16
  4718.75    2.6795E-16
  4720.00   -4.2332E-17
  4721.25   -2.1458E-16
  4722.50    1.6177E-16
  4723.75   -5.3203E-17
  4725.00    3.5100E-17
  4726.25   -1.9768E-16
  4727.50   -3.3686E-16
  4728.75    1.0687E-16
  4730.00    5.6243E-16
  4731.25    8.1283E-17
  4732.50   -2.8821E-16
  4733.75   -6.2319E-16
  4735.00   -1.6381E-16
  4736.25   -1.4530E-16
  4737.50   -5.9090E-16
  4738.75   -3.1988E-16
  4740.00   -4.1328E-16
  4741.25   -4.5445E-17
  4742.50    4.5704E-16
  4743.75    3.5808E-16
  4745.00   -2.8134E-16
  4746.25    1.0788E-16
  4747.50   -8.3322E-17
  4748.75   -1.4624E-16
  4750.00    3.2198E-16
  4751.25    1.1935E-16
  4752.50    1.6839E-16
  4753.75   -9.4793E-17
  4755.00    3.0577E-17
  4756.25   -9.1938E-17
  4757.50    3.1101E-18
  4758.75   -6.2597E-17
  4760.00    6.7685E-16
  4761.25   -9.4428E-17
  4762.50    5.3229E-17
  4763.75    8.4443E-17
  4765.00    9.3140E-17
  4766.25    7.1512E-17
  4767.50   -1.0716E-16
  4768.75    6.1595E-16
  4770.00    1.0275E-15
  4771.25   -4.3478E-17
  4772.50    2.2634E-16
  4773.75    1.5411E-16
  4775.00   -2.2280E-17
  4776.25    3.1988E-16
  4777.50    6.0072E-16
  4778.75    2.0184E-17
  4780.00    6.4918E-17
  4781.25    2.1967E-16
  4782.50    3.2058E-16
  4783.75    4.9359E-16
  4785.00    6.4065E-16
  4786.25   -8.5760E-17
  4787.50    4.7775E-16
  4788.75    5.7091E-16
  4790.00    3.4933E-16
  4791.25    6.1915E-16
  4792.50    8.2831E-16
  4793.75    1.0494E-15
  4795.00    7.8391E-16
  4796.25    6.9312E-16
  4797.50    9.7655E-16
  4798.75    9.1333E-16
  4800.00    1.7948E-15
  4801.25    1.2871E-15
  4802.50    1.5026E-15
  4803.75    1.4468E-15
  4805.00    1.3936E-15
  4806.25    1.3727E-15
  4807.50    1.0244E-15
  4808.75    1.8327E-15
  4810.00    1.8419E-15
  4811.25    9.6888E-16
  4812.50    1.6872E-15
  4813.75    2.0387E-15
  4815.00    1.4588E-15
  4816.25    1.7767E-15
  4817.50    1.9120E-15
  4818.75    1.8808E-15
  4820.00    2.5009E-15
  4821.25    2.3574E-15
  4822.50    2.7669E-15
  4823.75    2.5665E-15
  4825.00    2.7976E-15
  4826.25    2.8104E-15
  4827.50    2.9895E-15
  4828.75    2.7911E-15
  4830.00    3.3898E-15
  4831.25    2.7633E-15
  4832.50    3.3455E-15
  4833.75    3.0872E-15
  4835.00    3.0804E-15
  4836.25    3.5205E-15
  4837.50    3.6292E-15
  4838.75    4.1418E-15
  4840.00    4.0561E-15
  4841.25    3.5266E-15
  4842.50    4.0690E-15
  4843.75    4.1408E-15
  4845.00    3.7500E-15
  4846.25    4.4846E-15
  4847.50    5.0086E-15
  4848.75    4.9029E-15
  4850.00    5.3031E-15
  4851.25    5.3949E-15
  4852.50    5.8880E-15
  4853.75    6.2669E-15
  4855.00    7.0755E-15
  4856.25    6.9501E-15
  4857.50    7.6882E-15
  4858.75    7.5856E-15
  4860.00    7.5779E-15
  4861.25    8.2879E-15
  4862.50    7.7125E-15
  4863.75    7.7746E-15
  4865.00    7.4771E-15
  4866.25    7.0833E-15
  4867.50    6.7553E-15
  4868.75    6.2099E-15
  4870.00    5.8417E-15
  4871.25    5.3640E-15
  4872.50    4.7561E-15
  4873.75    4.5396E-15
  4875.00    4.2704E-15
  4876.25    4.2115E-15
  4877.50    4.5012E-15
  4878.75    4.1210E-15
  4880.00    4.3737E-15
  4881.25    3.4255E-15
  4882.50    3.4506E-15
  4883.75    3.3590E-15
  4885.00    3.5704E-15
  4886.25    3.1557E-15
  4887.50    3.4298E-15
  4888.75    3.4936E-15
  4890.00    3.2853E-15
  4891.25    3.5656E-15
  4892.50    3.0386E-15
  4893.75    3.1516E-15
  4895.00    2.4568E-15
  4896.25    3.0844E-15
  4897.50    2.5537E-15
  4898.75    2.4798E-15
  4900.00    2.2873E-15
  4901.25    2.1801E-15
  4902.50    2.1142E-15
  4903.75    2.3518E-15
  4905.00    2.6515E-15
  4906.25    1.8192E-15
  4907.50    2.2026E-15
  4908.75    1.7161E-15
  4910.00    1.3692E-15
  4911.25    2.0210E-15
  4912.50    1.5565E-15
  4913.75    1.5648E-15
  4915.00    1.4767E-15
  4916.25    1.1199E-15
  4917.50    1.0885E-15
  4918.75    1.3315E-15
  4920.00    8.7063E-16
  4921.25    8.5516E-16
  4922.50    3.0387E-16
  4923.75    8.1415E-16
  4925.00    7.6299E-16
  4926.25    9.7391E-16
  4927.50    1.0950E-15
  4928.75    5.0037E-16
  4930.00    7.7322E-16
  4931.25    6.7165E-16
  4932.50    4.3303E-16
  4933.75    7.4285E-16
  4935.00    5.8969E-16
  4936.25    5.4341E-16
  4937.50    5.8722E-16
  4938.75    3.0707E-16
  4940.00    5.7894E-16
  4941.25    4.1278E-16
  4942.50    1.1288E-15
  4943.75    1.4478E-15
  4945.00    1.5296E-15
  4946.25    2.0971E-15
  4947.50    3.0895E-15
  4948.75    3.8345E-15
  4950.00    5.0292E-15
  4951.25    6.3446E-15
  4952.50    7.6153E-15
  4953.75    9.0344E-15
  4955.00    1.0599E-14
  4956.25    1.1563E-14
  4957.50    1.1502E-14
  4958.75    1.1832E-14
  4960.00    1.2294E-14
  4961.25    1.1878E-14
  4962.50    1.0527E-14
  4963.75    9.4648E-15
  4965.00    8.4415E-15
  4966.25    7.2223E-15
  4967.50    5.1361E-15
  4968.75    4.4370E-15
  4970.00    3.6776E-15
  4971.25    2.6254E-15
  4972.50    1.5976E-15
  4973.75    1.0252E-15
  4975.00    9.0250E-16
  4976.25    5.6374E-16
  4977.50    1.8854E-16
  4978.75   -2.6706E-16
  4980.00   -1.9140E-16
  4981.25    2.0251E-16
  4982.50   -2.1455E-16
  4983.75   -7.5656E-17
  4985.00    4.8518E-16
  4986.25   -3.7669E-16
  4987.50    5.9154E-16
  4988.75    9.3453E-16
  4990.00    1.5016E-15
  4991.25    2.6493E-15
  4992.50    3.2928E-15
  4993.75    4.7344E-15
  4995.00    7.5214E-15
  4996.25    1.0103E-14
  4997.50    1.3477E-14
  4998.75    1.7120E-14
  5000.00    2.0853E-14
  5001.25    2.4826E-14
  5002.50    2.8863E-14
  5003.75    3.1688E-14
  5005.00    3.3955E-14
  5006.25    3.5413E-14
  5007.50    3.5333E-14
  5008.75    3.4447E-14
  5010.00    3.2817E-14
  5011.25    2.9175E-14
  5012.50    2.5104E-14
  5013.75    2.1308E-14
  5015.00    1.8074E-14
  5016.25    1.3552E-14
  5017.50    1.0661E-14
  5018.75    7.1753E-15
  5020.00    5.2739E-15
  5021.25    3.3118E-15
  5022.50    2.3150E-15
  5023.75    1.9880E-15
  5025.00    9.6221E-16
  5026.25    1.1010E-16
  5027.50   -2.7651E-16
  5028.75    4.2965E-16
  5030.00    2.1111E-16
  5031.25   -9.3334E-17
  5032.50   -3.7932E-16
  5033.75   -3.8513E-16
  5035.00   -8.9060E-17
  5036.25   -1.9368E-16
  5037.50    6.5657E-17
  5038.75   -7.7775E-17
  5040.00    9.4667E-17
  5041.25   -1.8648E-16
  5042.50    1.6307E-16
  5043.75    1.4331E-16
  5045.00   -1.7427E-16
  5046.25    3.8676E-16
  5047.50    3.7791E-16
  5048.75   -3.9581E-16
  5050.00    2.1314E-18
  5051.25   -1.0545E-16
  5052.50    2.5232E-16
  5053.75   -5.6303E-17
  5055.00    5.8024E-16
  5056.25    2.3760E-16
  5057.50    2.7995E-16
  5058.75    2.4070E-16
  5060.00    2.6336E-16
  5061.25   -2.6744E-16
  5062.50    1.9849E-16
  5063.75    1.6713E-16
  5065.00   -1.1792E-16
  5066.25   -2.6810E-16
  5067.50   -6.7195E-17
  5068.75   -1.9991E-16
  5070.00    1.2957E-16
  5071.25   -4.2649E-16
  5072.50   -1.3944E-16
  5073.75   -5.7259E-17
  5075.00   -8.4695E-17
  5076.25   -2.8039E-16
  5077.50   -3.4563E-16
  5078.75    9.2978E-17
  5080.00   -1.9860E-18
  5081.25    3.7253E-16
  5082.50   -1.3669E-16
  5083.75    2.2188E-16
  5085.00   -2.4215E-17
  5086.25    4.0155E-18
  5087.50   -2.4356E-16
  5088.75    3.9109E-17
  5090.00    3.0604E-16
  5091.25    6.3633E-17
  5092.50    2.1515E-16
  5093.75    1.1672E-16
  5095.00    1.4557E-16
  5096.25   -1.1722E-16
  5097.50   -3.3418E-16
  5098.75    2.1529E-16
  5100.00   -7.0683E-17
  5101.25    1.0340E-16
  5102.50    1.8808E-17
  5103.75    1.6411E-16
  5105.00   -7.1604E-17
  5106.25    1.1928E-16
  5107.50   -1.1212E-16
  5108.75    3.8376E-16
  5110.00    9.2483E-17
  5111.25    5.8496E-17
  5112.50   -2.7098E-17
  5113.75   -3.1362E-16
  5115.00    5.4719E-17
  5116.25    1.3578E-16
  5117.50    8.4288E-17
  5118.75   -1.6387E-16
  5120.00    9.5397E-17
  5121.25   -5.7994E-16
  5122.50    6.1340E-17
  5123.75    1.6017E-16
  5125.00    1.4882E-16
  5126.25   -3.7341E-16
  5127.50   -1.8714E-17
  5128.75   -2.8893E-16
  5130.00   -6.9483E-17
  5131.25    4.7961E-17
  5132.50    1.7549E-16
  5133.75   -1.4522E-16
  5135.00   -4.0869E-16
  5136.25    3.1336E-16
  5137.50    1.2603E-16
  5138.75   -5.0626E-16
  5140.00    6.4365E-17
  5141.25    3.0606E-16
  5142.50   -1.3090E-16
  5143.75   -4.2503E-16
  5145.00    2.5076E-16
  5146.25   -8.1171E-17
  5147.50   -6.7685E-17
  5148.75    1.7454E-16
  5150.00    2.4664E-16
  5151.25   -4.1894E-16
  5152.50    8.5961E-17
  5153.75    3.2628E-16
  5155.00    3.1740E-16
  5156.25    6.3881E-17
  5157.50   -3.3155E-17
  5158.75   -6.3516E-17
  5160.00   -5.4475E-17
  5161.25   -5.5456E-17
  5162.50    3.1530E-16
  5163.75    1.7933E-16
  5165.00   -1.7143E-16
  5166.25   -4.7503E-17
  5167.50   -3.2315E-16
  5168.75   -2.5937E-16
  5170.00   -1.8392E-16
  5171.25    3.8884E-16
  5172.50   -9.8920E-17
  5173.75   -3.0867E-16
  5175.00    2.3323E-16
  5176.25    3.0465E-16
  5177.50   -1.0601E-16
  5178.75    1.2054E-16
  5180.00    8.8462E-17
  5181.25   -2.6029E-16
  5182.50   -6.9808E-17
  5183.75   -2.3214E-16
  5185.00    1.2655E-16
  5186.25    1.1850E-17
  5187.50   -1.2688E-16
  5188.75    1.2172E-16
  5190.00    2.3939E-16
  5191.25    6.1675E-17
  5192.50    1.2330E-17
  5193.75   -3.4356E-16
  5195.00   -6.4992E-17
  5196.25   -4.2080E-16
  5197.50    4.1934E-16
  5198.75    7.8371E-17
  5200.00   -1.3728E-17
  5201.25   -1.9722E-16
  5202.50    1.3151E-16
  5203.75    3.8961E-16
  5205.00   -9.8630E-17
  5206.25    1.4503E-17
  5207.50   -1.2319E-16
  5208.75    8.7854E-17
  5210.00    2.4375E-16
  5211.25    1.1761E-16
  5212.50    1.7981E-18
  5213.75    3.4867E-16
  5215.00    5.6891E-17
  5216.25   -1.9690E-16
  5217.50   -4.5210E-17
  5218.75   -7.1279E-17
  5220.00    4.4710E-16
  5221.25   -1.2910E-16
  5222.50    4.0430E-16
  5223.75    2.3059E-16
  5225.00    9.2520E-17
  5226.25   -3.4861E-16
  5227.50    5.6569E-17
  5228.75   -3.2019E-16
  5230.00   -2.9787E-16
  5231.25   -4.2421E-16
  5232.50    2.8213E-16
  5233.75   -8.7927E-17
  5235.00    3.3003E-18
  5236.25    9.9924E-17
  5237.50    1.4605E-16
  5238.75    5.2311E-16
  5240.00   -2.6358E-17
  5241.25   -2.6959E-16
  5242.50    4.8760E-16
  5243.75   -2.5762E-16
  5245.00   -1.0524E-16
  5246.25   -4.4424E-16
  5247.50    4.5257E-16
  5248.75    3.4055E-16
  5250.00    3.2951E-16
  5251.25   -1.1087E-18
  5252.50    6.4618E-18
  5253.75   -7.2839E-17
  5255.00    2.5569E-16
  5256.25    1.4524E-16
  5257.50    6.9974E-17
  5258.75    1.1418E-16
  5260.00   -6.4780E-17
  5261.25    1.0767E-17
  5262.50    6.1743E-16
  5263.75    3.5397E-18
  5265.00    1.9543E-16
  5266.25    1.8516E-16
  5267.50    4.4179E-17
  5268.75    2.3863E-16
  5270.00   -1.1562E-17
  5271.25    6.4543E-17
  5272.50   -1.0850E-16
  5273.75    1.1031E-16
  5275.00   -2.0672E-17
  5276.25    1.7405E-16
  5277.50   -7.2852E-17
  5278.75   -4.2626E-16
  5280.00   -2.3688E-16
  5281.25    2.0832E-16
  5282.50   -2.6442E-16
  5283.75   -1.4588E-16
  5285.00    6.0248E-18
  5286.25    3.8176E-16
  5287.50   -9.9856E-17
  5288.75    2.1570E-16
  5290.00   -1.4535E-16
  5291.25   -1.1759E-16
  5292.50   -4.4251E-16
  5293.75   -3.7803E-16
  5295.00    2.9525E-16
  5296.25   -3.7652E-16
  5297.50   -4.8915E-17
  5298.75   -8.2401E-17
  5300.00   -9.0462E-17
  5301.25    8.1793E-17
  5302.50   -1.7218E-16
  5303.75    1.7903E-16
  5305.00   -4.3456E-16
  5306.25    1.7619E-16
  5307.50    2.0517E-16
  5308.75    8.2708E-18
  5310.00   -1.9242E-16
  5311.25    6.2921E-17
  5312.50   -1.5284E-16
  5313.75   -3.0105E-16
  5315.00   -3.3566E-16
  5316.25    2.7135E-16
  5317.50    3.6386E-17
  5318.75    2.1354E-16
  5320.00    2.0784E-16
  5321.25   -1.8957E-16
  5322.50    1.6806E-16
  5323.75    1.1715E-16
  5325.00    3.8577E-16
  5326.25    1.3649E-16
  5327.50   -1.7129E-16
  5328.75   -1.9855E-17
  5330.00    9.4516E-17
  5331.25   -7.0523E-17
  5332.50    4.2915E-16
  5333.75   -2.3901E-16
  5335.00    2.3780E-16
  5336.25   -2.5060E-16
  5337.50   -5.7479E-16
  5338.75   -2.5850E-16
  5340.00    1.1930E-16
  5341.25   -7.0367E-17
  5342.50   -1.6900E-16
  5343.75   -8.1315E-17
  5345.00    7.8685E-16
  5346.25   -6.6420E-16
  5347.50    2.4928E-16
  5348.75    5.2814E-16
  5350.00    2.8216E-16
  5351.25    9.4116E-17
  5352.50   -2.1172E-16
  5353.75    1.6889E-16
  5355.00   -2.3382E-16
  5356.25    6.4564E-17
  5357.50    1.6568E-16
  5358.75    2.2016E-16
  5360.00   -6.6800E-17
  5361.25    6.8483E-17
  5362.50    2.8331E-16
  5363.75    4.9458E-17
  5365.00    1.0154E-16
  5366.25   -7.1088E-18
  5367.50   -1.8807E-16
  5368.75   -1.8499E-16
  5370.00   -3.4187E-16
  5371.25    1.5043E-16
  5372.50    2.6938E-16
  5373.75   -3.3429E-16
  5375.00   -3.2649E-16
  5376.25   -2.5727E-16
  5377.50   -9.0050E-17
  5378.75   -1.7342E-16
  5380.00   -5.9151E-18
  5381.25    6.6158E-17
  5382.50    1.7998E-16
  5383.75    9.2046E-17
  5385.00   -4.3359E-17
  5386.25   -1.9270E-16
  5387.50   -6.6548E-17
  5388.75   -1.4331E-16
  5390.00    5.0880E-16
  5391.25   -2.7405E-17
  5392.50    2.3534E-16
  5393.75   -8.3188E-18
  5395.00   -9.6381E-17
  5396.25   -4.1310E-16
  5397.50    3.4475E-16
  5398.75    2.3102E-16
  5400.00    2.1840E-16
  5401.25    4.4305E-17
  5402.50   -3.0606E-16
  5403.75   -3.2410E-16
  5405.00   -3.0547E-16
  5406.25    2.2769E-17
  5407.50   -5.0660E-16
  5408.75    3.4584E-16
  5410.00   -9.2213E-17
  5411.25    1.2158E-16
  5412.50   -3.9301E-16
  5413.75   -1.8667E-16
  5415.00   -7.9841E-17
  5416.25    1.2694E-16
  5417.50    3.0789E-16
  5418.75    4.8179E-17
  5420.00   -3.1406E-16
  5421.25   -4.0105E-17
  5422.50    5.8314E-16
  5423.75   -1.3354E-16
  5425.00   -1.2545E-16
  5426.25    1.5003E-16
  5427.50    1.7419E-17
  5428.75   -2.4774E-16
  5430.00   -9.0356E-17
  5431.25   -3.0239E-16
  5432.50   -5.5433E-16
  5433.75    3.3071E-16
  5435.00   -1.8513E-16
  5436.25    3.0787E-16
  5437.50    1.4849E-16
  5438.75    1.6813E-16
  5440.00    1.8057E-16
  5441.25   -3.4913E-16
  5442.50    3.4583E-17
  5443.75    3.7465E-16
  5445.00   -1.0279E-16
  5446.25   -6.9621E-17
  5447.50   -5.3936E-17
  5448.75    3.1888E-16
  5450.00   -1.1243E-16
  5451.25   -8.1308E-17
  5452.50   -5.6091E-16
  5453.75    2.6041E-16
  5455.00   -2.6699E-16
  5456.25    2.0224E-16
  5457.50   -1.5011E-16
  5458.75   -2.0617E-16
  5460.00   -3.0237E-16
  5461.25    3.6450E-16
  5462.50    2.4334E-16
  5463.75   -4.2403E-17
  5465.00   -3.0990E-16
  5466.25    2.0172E-16
  5467.50    3.5828E-17
  5468.75    1.5682E-16
  5470.00    3.0217E-16
  5471.25   -1.3360E-16
  5472.50   -1.1279E-16
  5473.75    2.4382E-18
  5475.00   -2.1247E-16
  5476.25   -5.6935E-17
  5477.50   -6.3954E-18
  5478.75   -1.1614E-16
  5480.00   -1.2802E-17
  5481.25    2.0291E-16
  5482.50   -2.5903E-16
  5483.75    1.5051E-16
  5485.00    2.3195E-16
  5486.25   -5.8424E-17
  5487.50    3.4003E-16
  5488.75   -1.2706E-16
  5490.00    2.8637E-16
  5491.25    1.3066E-16
  5492.50    1.8092E-16
  5493.75    3.0944E-16
  5495.00    3.2835E-16
  5496.25   -1.9792E-16
  5497.50   -2.5258E-17
  5498.75   -2.3004E-16
  5500.00   -5.5306E-16
  5501.25   -3.0205E-17
  5502.50    2.1212E-16
  5503.75    1.5687E-16
  5505.00   -1.5920E-16
  5506.25    3.5180E-16
  5507.50    1.2286E-16
  5508.75   -1.7529E-16
  5510.00   -3.7617E-16
  5511.25   -2.8414E-17
  5512.50   -2.0435E-16
  5513.75    3.6631E-16
  5515.00    7.1875E-18
  5516.25   -1.8863E-16
  5517.50    7.0071E-17
  5518.75    1.0956E-16
  5520.00   -2.8266E-16
  5521.25   -1.1518E-16
  5522.50    1.1402E-16
  5523.75    1.3086E-16
  5525.00    1.0095E-16
  5526.25   -8.5287E-17
  5527.50    2.8596E-16
  5528.75    3.0499E-16
  5530.00    3.0048E-17
  5531.25   -6.7628E-17
  5532.50    4.5455E-16
  5533.75    2.8067E-16
  5535.00    3.3197E-17
  5536.25   -4.1365E-16
  5537.50    2.7591E-16
  5538.75    4.3202E-16
  5540.00   -3.4233E-16
  5541.25    1.2690E-16
  5542.50   -1.9812E-16
  5543.75    2.9911E-16
  5545.00    1.9976E-17
  5546.25   -1.0538E-16
  5547.50    4.6931E-16
  5548.75    9.5513E-17
  5550.00   -6.0646E-17
  5551.25   -8.6609E-17
  5552.50   -1.5652E-16
  5553.75    1.3605E-16
  5555.00    8.7698E-17
  5556.25    2.1941E-16
  5557.50   -2.1507E-16
  5558.75    9.7270E-17
  5560.00   -6.0160E-17
  5561.25   -3.5111E-16
  5562.50   -4.0388E-16
  5563.75   -1.5616E-16
  5565.00    4.9111E-17
  5566.25    2.1706E-16
  5567.50    2.7322E-16
  5568.75   -4.8101E-18
  5570.00    5.2943E-16
  5571.25   -1.4741E-16
  5572.50   -4.7097E-16
  5573.75    3.1773E-16
  5575.00    4.0844E-16
  5576.25   -3.9814E-17
  5577.50   -3.3535E-16
  5578.75   -2.4328E-16
  5580.00    2.0127E-16
  5581.25   -2.1744E-16
  5582.50    1.5581E-16
  5583.75   -4.4282E-16
  5585.00    3.9387E-16
  5586.25    1.0429E-16
  5587.50   -1.9185E-16
  5588.75    3.1352E-16
  5590.00   -4.5504E-16
  5591.25    1.4075E-16
  5592.50    1.4049E-16
  5593.75    5.2397E-16
  5595.00   -2.8044E-17
  5596.25    3.2617E-16
  5597.50   -5.8662E-17
  5598.75    3.5349E-16
  5600.00    5.2552E-16
  5601.25    2.1945E-17
  5602.50    7.0636E-16
  5603.75    4.9405E-16
  5605.00    1.6634E-18
  5606.25   -4.8361E-17
  5607.50    2.3376E-16
  5608.75    9.3349E-18
  5610.00   -5.3225E-16
  5611.25   -1.9575E-16
  5612.50   -1.0176E-16
  5613.75   -1.3707E-16
  5615.00   -3.6909E-17
  5616.25   -5.4282E-17
  5617.50   -2.0210E-16
  5618.75   -3.1942E-16
  5620.00    2.8000E-16
  5621.25    4.2453E-17
  5622.50    1.2141E-16
  5623.75   -1.7632E-16
  5625.00    6.6462E-16
  5626.25    2.2677E-16
  5627.50    1.8393E-16
  5628.75    1.9608E-16
  5630.00   -2.1717E-16
  5631.25    3.8228E-16
  5632.50   -2.0500E-16
  5633.75   -2.9658E-16
  5635.00   -4.5903E-16
  5636.25    2.1171E-16
  5637.50   -7.6491E-17
  5638.75   -3.8315E-16
  5640.00   -2.3460E-16
  5641.25   -9.3275E-17
  5642.50    3.0349E-16
  5643.75   -4.9167E-16
  5645.00   -1.4191E-16
  5646.25    3.2944E-17
  5647.50    8.9761E-17
  5648.75    2.4866E-16
  5650.00    2.1437E-16
  5651.25    1.0552E-16
  5652.50    2.6880E-16
  5653.75    1.8571E-16
  5655.00   -1.5544E-16
  5656.25    4.9781E-16
  5657.50   -3.5886E-17
  5658.75    4.2767E-16
  5660.00    6.3470E-16
  5661.25   -3.5149E-16
  5662.50   -1.0067E-16
  5663.75   -1.6298E-16
  5665.00   -2.6811E-16
  5666.25    1.8309E-17
  5667.50   -4.3076E-17
  5668.75    3.3737E-16
  5670.00   -1.9115E-16
  5671.25   -5.7263E-16
  5672.50   -5.4894E-17
  5673.75    5.1727E-16
  5675.00    1.5179E-16
  5676.25   -1.3422E-16
  5677.50   -2.2473E-16
  5678.75   -2.7215E-16
  5680.00    4.6189E-16
  5681.25    1.0082E-16
  5682.50   -1.5133E-16
  5683.75   -1.1932E-16
  5685.00    7.2880E-16
  5686.25    3.0507E-16
  5687.50   -1.8960E-16
  5688.75   -4.2656E-17
  5690.00    1.5459E-16
  5691.25   -5.7821E-16
  5692.50    2.4591E-16
  5693.75    1.8820E-16
  5695.00    3.9248E-16
  5696.25    2.0472E-16
  5697.50    1.1860E-16
  5698.75    3.4622E-16
  5700.00   -1.6053E-16
  5701.25   -2.6424E-16
  5702.50   -3.2536E-16
  5703.75   -3.9540E-17
  5705.00    2.2364E-16
  5706.25    1.7093E-16
  5707.50    2.2163E-16
  5708.75   -1.6273E-16
  5710.00    3.3888E-16
  5711.25   -4.5546E-16
  5712.50    4.7891E-16
  5713.75   -1.7041E-16
  5715.00   -2.0108E-16
  5716.25    2.1586E-16
  5717.50    2.7049E-17
  5718.75   -5.7229E-17
  5720.00   -5.0627E-16
  5721.25   -4.0271E-16
  5722.50    1.1200E-16
  5723.75   -1.4136E-17
  5725.00   -6.0106E-16
  5726.25    2.4275E-16
  5727.50    1.0999E-16
  5728.75    1.3843E-16
  5730.00   -3.4086E-16
  5731.25   -4.8915E-16
  5732.50    1.3475E-16
  5733.75    2.5356E-17
  5735.00    2.4630E-16
  5736.25    2.1617E-16
  5737.50    6.2463E-17
  5738.75   -2.4406E-16
  5740.00    3.1861E-16
  5741.25   -1.6421E-16
  5742.50    1.2564E-16
  5743.75   -6.5123E-16
  5745.00   -2.5537E-16
  5746.25   -2.8864E-16
  5747.50    2.4355E-16
  5748.75    3.2327E-16
  5750.00    3.6104E-16
  5751.25   -1.2179E-16
  5752.50    4.0604E-17
  5753.75    3.1555E-16
  5755.00    2.9983E-16
  5756.25    3.5438E-16
  5757.50    1.2323E-16
  5758.75    4.9934E-16
  5760.00   -1.2514E-16
  5761.25   -2.8746E-17
  5762.50    1.0855E-17
  5763.75    1.8432E-16
  5765.00    1.0290E-16
  5766.25    1.3213E-16
  5767.50   -1.8346E-16
  5768.75    2.0748E-16
  5770.00   -2.1716E-16
  5771.25   -3.1931E-17
  5772.50    1.0133E-16
  5773.75   -2.2185E-16
  5775.00    1.7625E-17
  5776.25    1.1787E-16
  5777.50   -3.8714E-16
  5778.75    4.2299E-17
  5780.00    7.8961E-16
  5781.25    1.2903E-16
  5782.50    2.9768E-16
  5783.75    1.6687E-16
  5785.00    3.4612E-16
  5786.25   -2.1644E-16
  5787.50    2.5001E-16
  5788.75   -2.3955E-16
  5790.00    4.0974E-16
  5791.25   -1.3164E-17
  5792.50   -3.3614E-16
  5793.75    1.4742E-16
  5795.00    3.7733E-16
  5796.25    2.5130E-16
  5797.50   -1.8756E-17
  5798.75   -1.6489E-16
  5800.00   -2.7073E-16
