3800.  1.178
3803.  1.22915
3806.  1.347978
3809.  -5.940976
3812.  0.5786785
3815.  -0.6953362
3818.  0.552641
3821.  0.8290042
3824.  0.7429399
3827.  0.8832008
3830.  1.620147
3833.  0.4843379
3836.  0.5849138
3839.  0.374362
3842.  10.59819
3845.  0.3456552
3848.  0.3652223
3851.  -1.024932
3854.  0.5376278
3857.  0.3386547
3860.  0.614837
3863.  0.7454119
3866.  0.7384722
3869.  0.5899798
3872.  0.597245
3875.  0.9274168
3878.  0.6845849
3881.  1.028613
3884.  0.7765042
3887.  0.5064403
3890.  1.090386
3893.  0.1384856
3896.  -0.02505806
3899.  0.8764027
3902.  1.219129
3905.  0.7290577
3908.  0.33245
3911.  0.4308127
3914.  0.6769066
3917.  1.269127
3920.  1.148605
3923.  0.5761101
3926.  0.6141154
3929.  0.7045676
3932.  0.4423052
3935.  0.5921267
3938.  0.4341768
3941.  0.6681828
3944.  0.5402149
3947.  0.2928402
3950.  0.3550844
3953.  0.4207157
3956.  0.335568
3959.  0.3211674
3962.  0.3753593
3965.  1.206099
3968.  4.781305
3971.  0.583396
3974.  0.4460803
3977.  1.686104
3980.  0.5467428
3983.  0.6532958
3986.  0.6431152
3989.  -4.630673
3992.  0.7770789
3995.  0.1102895
3998.  0.4252085
4001.  0.3643887
4004.  0.3620877
4007.  0.6721264
4010.  0.4676546
4013.  0.3285716
4016.  0.5448491
4019.  0.3467836
4022.  0.5672128
4025.  0.3062876
4028.  0.3015556
4031.  0.4279169
4034.  0.5412281
4037.  0.3110368
4040.  0.4335409
4043.  0.4384471
4046.  0.4074733
4049.  0.2899194
4052.  0.6040944
4055.  0.4666163
4058.  0.2841395
4061.  0.3471012
4064.  0.3157289
4067.  0.5068653
4070.  0.5689116
4073.  0.2730295
4076.  0.3530102
4079.  0.4103553
4082.  0.8115906
4085.  0.2225856
4088.  0.276475
4091.  0.3826135
4094.  1.207972
4097.  1.094882
4100.  0.3635049
4103.  0.2581771
4106.  0.2011077
4109.  0.2646886
4112.  0.2634097
4115.  0.2008506
4118.  0.212836
4121.  0.2765602
4124.  0.1801223
4127.  0.2203093
4130.  0.1629134
4133.  0.2235059
4136.  0.2068588
4139.  0.1636596
4142.  0.1948157
4145.  0.1729736
4148.  0.1432242
4151.  0.2213809
4154.  0.1892884
4157.  0.2281845
4160.  0.1751862
4163.  0.1571437
4166.  0.2908047
4169.  0.1632031
4172.  0.2144546
4175.  0.1369272
4178.  0.09345318
4181.  0.09096618
4184.  0.1154844
4187.  0.112187
4190.  0.1664499
4193.  -0.4573
4196.  0.1853817
4199.  0.07933091
4202.  0.05907457
4205.  0.1931098
4208.  0.1007688
4211.  0.06081032
4214.  0.05814571
4217.  0.06738284
4220.  0.07504262
4223.  0.07331137
4226.  0.09888439
4229.  0.09922634
4232.  0.1099998
4235.  0.1157598
4238.  0.1176666
4241.  0.1123501
4244.  0.1282713
4247.  0.1721928
4250.  0.2124375
4253.  0.1262386
4256.  0.126216
4259.  0.1400202
4262.  0.1323406
4265.  0.1509121
4268.  0.15182
4271.  0.3743646
4274.  0.8078168
4277.  0.2390458
4280.  0.1498843
4283.  0.3133065
4286.  1.122692
4289.  0.3157221
4292.  0.1240145
4295.  0.1385363
4298.  0.1892038
4301.  0.1585357
4304.  0.1205309
4307.  0.1286274
4310.  0.1385652
4313.  0.138439
4316.  0.1452639
4319.  0.1729039
4322.  0.1843954
4325.  0.1551584
4328.  0.179564
4331.  0.1811772
4334.  0.1856783
4337.  0.1570107
4340.  0.1618483
4343.  0.1918726
4346.  0.2095788
4349.  0.1992512
4352.  0.2450322
4355.  0.1837352
4358.  0.23989
4361.  0.2797558
4364.  0.2294793
4367.  0.2237931
4370.  0.2824312
4373.  0.1883997
4376.  0.193131
4379.  0.2181622
4382.  0.2080476
4385.  0.1826597
4388.  0.2489942
4391.  0.2016234
4394.  0.1968685
4397.  0.2391974
4400.  0.2496687
4403.  0.2445103
4406.  0.2139899
4409.  0.2038186
4412.  0.3355942
4415.  0.2023332
4418.  0.1950508
4421.  0.2330813
4424.  0.1881811
4427.  0.2536541
4430.  0.2124451
4433.  0.2602814
4436.  0.229899
4439.  0.2316844
4442.  0.3161858
4445.  0.1990589
4448.  0.274859
4451.  0.2889132
4454.  0.2831358
4457.  0.2141421
4460.  0.2693719
4463.  0.2236583
4466.  0.2289569
4469.  0.1710003
4472.  0.2796965
4475.  0.2319471
4478.  0.2346868
4481.  0.2128491
4484.  0.1908438
4487.  0.2454464
4490.  0.2284327
4493.  0.2142787
4496.  0.2031402
4499.  0.1976481
4502.  0.173811
4505.  0.2321334
4508.  0.1885191
4511.  0.2137167
4514.  0.2216489
4517.  0.1833407
4520.  0.2122623
4523.  0.183903
4526.  0.2146583
4529.  0.1851231
4532.  0.2258815
4535.  0.2656714
4538.  0.2706384
4541.  0.2081706
4544.  0.2153818
4547.  0.2004219
4550.  0.2020789
4553.  0.2074347
4556.  0.2135873
4559.  0.2358016
4562.  0.1968397
4565.  0.2054997
4568.  0.2271933
4571.  0.2548952
4574.  0.2364917
4577.  0.1930073
4580.  0.2375365
4583.  0.2319071
4586.  0.2417528
4589.  0.2361481
4592.  0.2131907
4595.  0.2781416
4598.  0.293647
4601.  0.226038
4604.  0.2398146
4607.  0.1721727
4610.  0.2579096
4613.  0.231391
4616.  0.2105326
4619.  0.2020942
4622.  0.1991512
4625.  0.2436939
4628.  0.3489257
4631.  0.1827666
4634.  0.2303358
4637.  0.2405048
4640.  0.2093984
4643.  0.2483036
4646.  0.1936314
4649.  0.2043049
4652.  0.22014
4655.  0.4868615
4658.  0.2370942
4661.  0.2371219
4664.  0.2032044
4667.  0.2384296
4670.  0.2362815
4673.  0.2524841
4676.  0.2479122
4679.  0.2234097
4682.  0.2667834
4685.  0.2193735
4688.  0.2964362
4691.  0.2408706
4694.  0.2191418
4697.  0.1690232
4700.  0.2193908
4703.  0.2472613
4706.  0.2283924
4709.  0.2846857
4712.  0.2552007
4715.  0.2738194
4718.  0.3390411
4721.  0.4146269
4724.  0.4310203
4727.  0.3773861
4730.  0.2578179
4733.  0.2294109
4736.  0.1964713
4739.  0.1828731
4742.  0.1809312
4745.  0.2003688
4748.  0.2043389
4751.  0.1742266
4754.  0.2189034
4757.  0.1812025
4760.  0.1830003
4763.  0.1888396
4766.  0.2672266
4769.  0.2228321
4772.  0.1951843
4775.  0.2134745
4778.  0.2409533
4781.  0.1666734
4784.  0.1851538
4787.  0.2099883
4790.  0.2289652
4793.  0.2009212
4796.  0.2078472
4799.  0.2028218
4802.  0.1862579
4805.  0.2149154
4808.  0.1911928
4811.  0.2421832
4814.  0.1985057
4817.  0.180549
4820.  0.1958964
4823.  0.1575984
4826.  0.1412391
4829.  0.1953278
4832.  0.2058722
4835.  0.1872384
4838.  0.1833156
4841.  0.1714413
4844.  0.1698114
4847.  0.1614671
4850.  0.1449618
4853.  0.1862635
4856.  0.1902306
4859.  0.1636119
4862.  0.2082405
4865.  0.1692093
4868.  0.1866267
4871.  0.1974221
4874.  0.2449701
4877.  0.1951998
4880.  0.166875
4883.  0.1746041
4886.  0.1853837
4889.  0.1975001
4892.  0.2499107
4895.  0.1909813
4898.  0.2650107
4901.  0.2723734
4904.  0.2193831
4907.  0.2328566
4910.  0.2755845
4913.  0.2330066
4916.  0.2104216
4919.  0.2565647
4922.  0.2037765
4925.  0.1794133
4928.  0.2343133
4931.  0.2272981
4934.  0.2868121
4937.  0.2239029
4940.  0.2178594
4943.  0.1963897
4946.  0.243165
4949.  0.1869796
4952.  0.204465
4955.  0.2216883
4958.  0.2216097
4961.  0.2056493
4964.  0.1710459
4967.  0.1914624
4970.  0.2709847
4973.  0.2187587
4976.  0.2247831
4979.  0.3130548
4982.  0.2196421
4985.  0.1795383
4988.  0.2037389
4991.  0.2242833
4994.  0.1965851
4997.  0.236677
5000.  0.1876415
5003.  0.2031321
5006.  0.1791939
5009.  0.170957
5012.  0.2151453
5015.  0.2324089
5018.  0.1975462
5021.  0.1976483
5024.  0.1820204
5027.  0.1696525
5030.  0.1731395
5033.  0.1738219
5036.  0.2011902
5039.  0.2316663
5042.  0.1860082
5045.  0.1904797
5048.  0.2090509
5051.  0.1867188
5054.  0.1974711
5057.  0.1803395
5060.  0.2088196
5063.  0.2046303
5066.  0.2146513
5069.  0.2125897
5072.  0.2216249
5075.  0.2114727
5078.  0.3062701
5081.  0.2232753
5084.  0.2204171
5087.  0.3566667
5090.  0.332334
5093.  0.5081466
5096.  0.25444
5099.  0.2193776
5102.  0.2133529
5105.  0.2202146
5108.  0.1762009
5111.  0.1965813
5114.  0.2069058
5117.  0.160054
5120.  0.1856273
5123.  0.2185372
5126.  0.178201
5129.  0.2050305
5132.  0.1661785
5135.  0.1660293
5138.  0.1814418
5141.  0.1825604
5144.  0.1548421
5147.  0.1800854
5150.  0.1556313
5153.  0.2003804
5156.  0.180411
5159.  0.1833642
5162.  0.2344335
5165.  0.2135379
5168.  0.169183
5171.  0.1530282
5174.  0.1900062
5177.  0.1938496
5180.  0.1629935
5183.  0.210888
5186.  0.1470733
5189.  0.1504718
5192.  0.1883028
5195.  0.1685643
5198.  0.1569327
5201.  0.1501082
5204.  0.1629711
5207.  0.1583433
5210.  0.1717369
5213.  0.1582412
5216.  0.1608683
5219.  0.1822102
5222.  0.1758425
5225.  0.2280957
5228.  0.1815894
5231.  0.1495926
5234.  0.1715809
5237.  0.146623
5240.  0.1460527
5243.  0.1377337
5246.  0.1456173
5249.  0.1461025
5252.  0.1624379
5255.  0.1546093
5258.  0.2192372
5261.  0.1690396
5264.  0.148575
5267.  0.1405587
5270.  0.1247471
5273.  0.1204343
5276.  0.1272183
5279.  0.1353807
5282.  0.1341397
5285.  0.1284052
5288.  0.1523392
5291.  0.1426194
5294.  0.141391
5297.  0.1428849
5300.  0.1237674
5303.  0.1259495
5306.  0.1159038
5309.  0.1154664
5312.  0.1316856
5315.  0.1046783
5318.  0.09938
5321.  0.10422
5324.  0.09982146
5327.  0.107373
5330.  0.09520225
5333.  0.09015646
5336.  0.1105321
5339.  0.2214837
5342.  0.1730439
5345.  0.09515642
5348.  0.1343445
5351.  0.118028
5354.  0.1285932
5357.  0.1217587
5360.  0.06941085
5363.  0.09497406
5366.  0.09751222
5369.  0.06789796
5372.  0.07255629
5375.  0.08406877
5378.  0.08505155
5381.  0.0939892
5384.  0.09544826
5387.  0.1023272
5390.  0.1056426
5393.  0.1344151
5396.  0.1180647
5399.  0.1151734
5402.  0.1210815
5405.  0.117168
5408.  0.1247185
5411.  0.1262433
5414.  0.1734476
5417.  0.1357242
5420.  0.1281885
5423.  0.1385393
5426.  0.1470742
5429.  0.16053
5432.  0.1400127
5435.  0.1415651
5438.  0.1386683
5441.  0.1458664
5444.  0.1737532
5447.  0.1405722
5450.  0.136044
5453.  0.1376502
5456.  0.1477116
5459.  0.1487454
5462.  0.1756115
5465.  0.1642119
5468.  0.1626459
5471.  0.1415385
5474.  0.1527105
5477.  0.1583713
5480.  0.1787569
5483.  0.1635038
5486.  0.1660119
5489.  0.1475808
5492.  0.1436356
5495.  0.1639417
5498.  0.1510424
5501.  0.1932643
5504.  0.146231
5507.  0.175929
5510.  0.1670408
5513.  0.1696992
5516.  0.1429009
5519.  0.1457813
5522.  0.1752123
5525.  0.1905839
5528.  0.1727725
5531.  0.1575098
5534.  0.2013194
5537.  0.1518177
5540.  0.1619468
5543.  0.1580923
5546.  0.1583183
5549.  0.1769745
5552.  0.1598681
5555.  0.1500241
5558.  0.224192
5561.  0.15182
5564.  0.1599796
5567.  0.1749801
5570.  0.1580972
5573.  0.2279919
5576.  0.2372012
5579.  0.5503539
5582.  0.2181831
5585.  0.1683829
5588.  0.1665923
5591.  0.1544628
5594.  0.1656356
5597.  0.1637278
5600.  0.1771798
5603.  0.1665587
5606.  0.2014105
5609.  0.1562317
5612.  0.1712151
5615.  0.153472
5618.  0.163506
5621.  0.1691416
5624.  0.1691377
5627.  0.1929208
5630.  0.1901331
5633.  0.1536687
5636.  0.1661389
5639.  0.1456005
5642.  0.1543853
5645.  0.1859586
5648.  0.1643056
5651.  0.1678611
5654.  0.169541
5657.  0.1851972
5660.  0.1378787
5663.  0.1512309
5666.  0.1466092
5669.  0.1606047
5672.  0.1503969
5675.  0.1812038
5678.  0.1696398
5681.  0.1657646
5684.  0.1667878
5687.  0.1487546
5690.  0.2224659
5693.  0.1785875
5696.  0.1981989
5699.  0.1846967
5702.  0.1760822
5705.  0.1482856
5708.  0.2071716
5711.  0.2188584
5714.  0.1838068
5717.  0.1753881
5720.  0.1712616
5723.  0.1598198
5726.  0.1870138
5729.  0.1820775
5732.  0.1598627
5735.  0.1606882
5738.  0.1604281
5741.  0.1538026
5744.  0.1593259
5747.  0.1414783
5750.  0.1793344
5753.  0.1398896
5756.  0.1646404
5759.  0.1625334
5762.  0.1713187
5765.  0.1566399
5768.  0.1509766
5771.  0.204064
5774.  0.1738175
5777.  0.1635381
5780.  0.1775921
5783.  0.1986479
5786.  0.1996872
5789.  0.1808067
5792.  0.1889644
5795.  0.1797568
5798.  0.2311146
5801.  0.212429
5804.  0.2110325
5807.  0.1838789
5810.  0.1641943
5813.  0.1943635
5816.  0.2076543
5819.  0.2360938
5822.  0.194079
5825.  0.199697
5828.  0.1895448
5831.  0.1890713
5834.  0.1927334
5837.  0.1859066
5840.  0.1790318
5843.  0.2411713
5846.  0.2313967
5849.  0.2373227
5852.  0.195721
5855.  0.2006026
5858.  0.2751831
5861.  0.2550839
5864.  0.1917098
5867.  0.2707402
5870.  0.2816644
5873.  0.1826369
5876.  0.1963881
5879.  0.2210912
5882.  0.2147044
5885.  0.183819
5888.  0.2034253
5891.  0.7111813
5894.  0.5866452
5897.  0.448618
5900.  0.2862582
5903.  0.1676553
5906.  0.1900249
5909.  0.2070142
5912.  0.1696423
5915.  0.1490219
5918.  0.186096
5921.  0.2077094
5924.  0.190908
5927.  0.1925491
5930.  0.1904928
5933.  0.1788501
5936.  0.1810389
5939.  0.198182
5942.  0.267318
5945.  0.207642
5948.  0.2113204
5951.  0.1494802
5954.  0.2039014
5957.  0.1535175
5960.  0.1486891
5963.  0.1559983
5966.  0.1725938
5969.  0.1969285
5972.  0.2090234
5975.  0.1910448
5978.  0.1459252
5981.  0.1882455
5984.  0.1777891
5987.  0.2290609
5990.  0.1656871
5993.  0.1559927
5996.  0.1818973
5999.  0.190742
6002.  0.1851929
6005.  0.1767008
6008.  0.1775983
6011.  0.174748
6014.  0.1729081
6017.  0.1921842
6020.  0.174299
6023.  0.1957542
6026.  0.1504918
6029.  0.1634972
6032.  0.1629801
6035.  0.2064877
6038.  0.1662738
6041.  0.1903062
6044.  0.2042458
6047.  0.1725064
6050.  0.1709468
6053.  0.1638685
6056.  0.1509933
6059.  0.1510817
6062.  0.1454477
6065.  0.1623884
6068.  0.1732213
6071.  0.1540798
6074.  0.1692439
6077.  0.1659008
6080.  0.1614026
6083.  0.184994
6086.  0.1521487
6089.  0.1207395
6092.  0.1456266
6095.  0.1812478
6098.  0.1591239
6101.  0.15732
6104.  0.1355111
6107.  0.1650418
6110.  0.1289491
6113.  0.1662627
6116.  0.1480048
6119.  0.1424407
6122.  0.1499426
6125.  0.1502777
6128.  0.142384
6131.  0.1270927
6134.  0.1387298
6137.  0.1176071
6140.  0.1183674
6143.  0.1240426
6146.  0.1470978
6149.  0.1455263
6152.  0.1347823
6155.  0.1298259
6158.  0.1516361
6161.  0.1405278
6164.  0.1548515
6167.  0.1569281
6170.  0.1436675
6173.  0.1268118
6176.  0.1391878
6179.  0.1572583
6182.  0.1726084
6185.  0.1446345
6188.  0.1348107
6191.  0.1385666
6194.  0.1343993
6197.  0.1469143
6200.  0.1398254
6203.  0.1536299
6206.  0.1450675
6209.  0.1786186
6212.  0.139489
6215.  0.1447235
6218.  0.1506655
6221.  0.1549953
6224.  0.1456378
6227.  0.1328489
6230.  0.1140434
6233.  0.1471125
6236.  0.1613629
6239.  0.1907091
6242.  0.1787577
6245.  0.1384152
6248.  0.1456466
6251.  0.1298623
6254.  0.1343272
6257.  0.1384083
6260.  0.1760415
6263.  0.1573632
6266.  0.1682887
6269.  0.1407579
6272.  0.1159603
6275.  0.1262454
6278.  0.1331175
6281.  0.1260423
6284.  0.1522541
6287.  0.1576011
6290.  0.145717
6293.  0.1486551
6296.  0.1344376
6299.  0.2714855
6302.  0.2274615
6305.  0.2080936
6308.  0.1465099
6311.  0.1324186
6314.  0.1292
6317.  0.1096144
6320.  0.1241102
6323.  0.1604721
6326.  0.1294425
6329.  0.136643
6332.  0.1518128
6335.  0.1245186
6338.  0.1085282
6341.  0.1311181
6344.  0.1311004
6347.  0.1235256
6350.  0.1139853
6353.  0.1172313
6356.  0.1211195
6359.  0.1376648
6362.  0.1320027
6365.  0.1890421
6368.  0.2061622
6371.  0.1330963
6374.  0.1136053
6377.  0.09762599
6380.  0.1334063
6383.  0.09567332
6386.  0.1162802
6389.  0.1302105
6392.  0.1286888
6395.  0.1231452
6398.  0.1317543
6401.  0.1278473
6404.  0.1201002
6407.  0.1114608
6410.  0.106916
6413.  0.1012629
6416.  0.1292604
6419.  0.1075266
6422.  0.1127856
6425.  0.1338996
6428.  0.1164471
6431.  0.1107628
6434.  0.1075865
6437.  0.1081569
6440.  0.09888192
6443.  0.1100324
6446.  0.1285161
6449.  0.1248481
6452.  0.09181995
6455.  0.1109862
6458.  0.1270873
6461.  0.1032061
6464.  0.1339258
6467.  0.119557
6470.  0.1403598
6473.  0.1308452
6476.  0.1153902
6479.  0.1017433
6482.  0.1087715
6485.  0.09838168
6488.  0.1055729
6491.  0.0995629
6494.  0.1122186
6497.  0.1049876
6500.  0.1359194
6503.  0.1251764
6506.  0.1131655
6509.  0.117371
6512.  0.09717951
6515.  0.09420712
6518.  0.1018874
6521.  0.09706093
6524.  0.1108055
6527.  0.102372
6530.  0.1089479
6533.  0.0981284
6536.  0.1291116
6539.  0.1113565
6542.  0.1035652
6545.  0.1074511
6548.  0.09911951
6551.  0.1049958
6554.  0.1287064
6557.  0.1376267
6560.  0.1252499
6563.  0.1145494
6566.  0.122559
6569.  0.1000552
6572.  0.1049739
6575.  0.09808941
6578.  0.1129934
6581.  0.1091715
6584.  0.08652191
6587.  0.08779334
6590.  0.08295947
6593.  0.07872908
6596.  0.07650281
6599.  0.07425885
6602.  0.06895742
6605.  0.07264396
6608.  0.08230392
6611.  0.06964162
6614.  0.07291152
6617.  0.07548933
6620.  0.08570432
6623.  0.08079372
6626.  0.09350722
6629.  0.08727483
6632.  0.09398824
6635.  0.1051543
6638.  0.09693424
6641.  0.09297771
6644.  0.1041839
6647.  0.1021631
6650.  0.1096711
6653.  0.1062051
6656.  0.08806574
6659.  0.09394036
6662.  0.1027807
6665.  0.1028088
6668.  0.1059713
6671.  0.1257758
6674.  0.0970258
6677.  0.1037209
6680.  0.1035548
6683.  0.1085152
6686.  0.09512015
6689.  0.1008713
6692.  0.09763221
6695.  0.11604
6698.  0.1070645
6701.  0.1065196
6704.  0.1239012
6707.  0.1042192
6710.  0.1031319
6713.  0.09020543
6716.  0.1005904
6719.  0.09559146
6722.  0.1018929
6725.  0.1007991
6728.  0.1200032
6731.  0.1107105
6734.  0.1090095
6737.  0.1052491
6740.  0.0987101
6743.  0.1270906
6746.  0.1440114
6749.  0.1096486
6752.  0.1048073
6755.  0.1020244
6758.  0.1075905
6761.  0.1041788
6764.  0.104319
6767.  0.1170258
6770.  0.1146434
6773.  0.09258896
6776.  0.1061107
6779.  0.1174926
6782.  0.1035672
6785.  0.09508026
6788.  0.1032659
6791.  0.1144862
6794.  0.115573
6797.  0.1113576
6800.  0.106112
6803.  0.1304782
6806.  0.1080114
6809.  0.104699
6812.  0.1258896
6815.  0.1143081
6818.  0.1147876
6821.  0.1165902
6824.  0.1033992
6827.  0.1247863
6830.  0.1816346
6833.  0.1722922
6836.  0.2309848
6839.  0.1512402
6842.  0.1396205
6845.  0.1336933
6848.  0.1061696
6851.  0.1119586
6854.  0.105574
6857.  0.127986
6860.  0.1196939
6863.  0.1550401
6866.  0.2120594
6869.  0.2324779
6872.  0.2233007
6875.  0.1571279
6878.  0.1147937
6881.  0.1094934
6884.  0.1262497
6887.  0.1216561
6890.  0.1323121
6893.  0.1542545
6896.  0.1312163
6899.  0.1246252
6902.  0.1272115
6905.  0.1334013
6908.  0.1124972
6911.  0.12939
6914.  0.1512853
6917.  0.1587056
6920.  0.1361596
6923.  0.1438109
6926.  0.1716127
6929.  0.1128111
6932.  0.1077962
6935.  0.1365564
6938.  0.1264901
6941.  0.1664136
6944.  0.131555
6947.  0.1243142
6950.  0.1879053
6953.  0.1624085
6956.  0.1242345
6959.  0.1545042
6962.  0.1248732
6965.  0.1082861
6968.  0.1406836
6971.  0.168594
6974.  0.1303732
6977.  0.1533412
6980.  0.1567398
6983.  0.1724123
6986.  0.1354334
6989.  0.1128384
6992.  0.1243742
6995.  0.1151368
6998.  0.129031
7001.  0.1116066
7004.  0.1286387
7007.  0.1320233
7010.  0.136386
7013.  0.1476341
7016.  0.1656629
7019.  0.1478487
7022.  0.1288898
7025.  0.1264049
7028.  0.1270134
7031.  0.11347
7034.  0.1088332
7037.  0.1220375
7040.  0.1278328
7043.  0.1346909
7046.  0.1373185
7049.  0.1244987
7052.  0.1458872
7055.  0.1209029
7058.  0.1183602
7061.  0.1116011
7064.  0.1173
7067.  0.1464761
7070.  0.1627798
7073.  0.1212722
7076.  0.1124685
7079.  0.1259413
7082.  0.1388596
7085.  0.1151058
7088.  0.1217782
7091.  0.113254
7094.  0.1094837
7097.  0.1076212
7100.  0.1071404
7103.  0.1371455
7106.  0.1378893
7109.  0.1205536
7112.  0.1034789
7115.  0.1023621
7118.  0.1096613
7121.  0.1055615
7124.  0.1101923
7127.  0.1193302
7130.  0.1134509
7133.  0.1070976
7136.  0.1167979
7139.  0.1095846
7142.  0.0959261
7145.  0.1470947
7148.  0.1560384
7151.  0.1232266
7154.  0.1108755
7157.  0.1117334
7160.  0.129987
7163.  0.1179885
7166.  0.1057644
7169.  0.1199266
7172.  0.1339743
7175.  0.1077498
7178.  0.126126
7181.  0.1181321
7184.  0.1136018
7187.  0.1246517
7190.  0.1101808
7193.  0.1082759
7196.  0.1143274
7199.  0.1005102
7202.  0.1151495
7205.  0.1064733
7208.  0.1173698
7211.  0.1108751
7214.  0.1001249
7217.  0.1069351
7220.  0.09673633
7223.  0.1129754
7226.  0.1266285
7229.  0.117478
7232.  0.1199547
7235.  0.1518398
7238.  0.2400224
7241.  0.2720452
7244.  0.2974742
7247.  0.2473399
7250.  0.2487592
7253.  0.1796281
7256.  0.159818
7259.  0.1642675
7262.  0.1500541
7265.  0.2610911
7268.  0.1715804
7271.  0.1271967
7274.  0.1663999
7277.  0.4086339
7280.  0.2783148
7283.  0.2004151
7286.  0.2333582
7289.  0.1707594
7292.  0.1349688
7295.  0.1432128
7298.  0.1808505
7301.  0.1371811
7304.  0.1545757
7307.  0.2804165
7310.  0.1623266
7313.  0.1431076
7316.  0.2017927
7319.  0.2424023
7322.  0.1878602
7325.  0.1234699
7328.  0.1310657
7331.  0.24588
7334.  0.1560152
7337.  0.1318643
7340.  0.1616118
7343.  0.2729374
7346.  0.2955237
7349.  0.1366545
7352.  0.1373402
7355.  0.1521461
7358.  0.133559
7361.  0.1716414
7364.  0.1641933
7367.  0.1503921
7370.  0.2338567
7373.  0.2891449
7376.  0.1593164
7379.  0.1113367
7382.  0.1533325
7385.  0.122055
7388.  0.122066
7391.  0.144608
7394.  0.2180382
7397.  0.1491169
7400.  0.1649269
7403.  0.2047955
7406.  0.1977447
7409.  0.1509055
7412.  0.1701699
7415.  0.1458717
7418.  0.1344774
7421.  0.1261066
7424.  0.1400677
7427.  0.1446749
7430.  0.1564418
7433.  0.1802989
7436.  0.1500624
7439.  0.1740673
7442.  0.1420231
7445.  0.1687463
7448.  0.1145135
7451.  0.1314818
7454.  0.1249465
7457.  0.1652182
7460.  0.1391304
7463.  0.151161
7466.  0.1435983
7469.  0.1246672
7472.  0.1490489
7475.  0.1660791
7478.  0.1756046
7481.  0.2030444
7484.  0.1973703
7487.  0.1832843
7490.  0.1582296
7493.  0.1389219
7496.  0.1392416
7499.  0.1332328
7502.  0.1230523
7505.  0.1399085
7508.  0.1330496
7511.  0.1365762
7514.  0.1313176
7517.  0.1406751
7520.  0.1345305
7523.  0.1591677
7526.  0.2038543
7529.  0.1808909
7532.  0.1510873
7535.  0.1417201
7538.  0.1268748
7541.  0.1345314
7544.  0.1237728
7547.  0.1092857
7550.  0.1411522
7553.  0.1288543
7556.  0.1297849
7559.  0.1361821
7562.  0.1371219
7565.  0.1367492
7568.  0.1468609
7571.  0.1427665
7574.  0.1716368
7577.  0.1650508
7580.  0.1336797
7583.  0.1179124
7586.  0.1245668
7589.  0.1447937
7592.  0.1467485
7595.  0.1726833
7598.  0.2509939
7601.  0.3661246
7604.  0.3211943
7607.  0.3017758
7610.  0.2691326
7613.  0.2705652
7616.  0.1909136
7619.  0.1397248
7622.  0.164943
7625.  0.1848163
7628.  0.2258268
7631.  0.238004
7634.  0.2724611
7637.  0.2073972
7640.  0.1593985
7643.  0.144763
7646.  0.1356747
7649.  0.1571438
7652.  0.1665354
7655.  0.158728
7658.  0.1387652
7661.  0.1329407
7664.  0.1402467
7667.  0.1350716
7670.  0.126044
7673.  0.126827
7676.  0.1488522
7679.  0.1122646
7682.  0.1458239
7685.  0.1266066
7688.  0.1311405
7691.  0.1394758
7694.  0.1523825
7697.  0.1231856
7700.  0.1181357
7703.  0.1323082
7706.  0.1312377
7709.  0.1347564
7712.  0.149054
7715.  0.2009225
7718.  0.2834637
7721.  0.4328808
7724.  0.1760069
7727.  0.1384688
7730.  0.2066455
7733.  0.183489
7736.  0.1419044
7739.  0.1683789
7742.  0.1473118
7745.  0.1238614
7748.  0.1554268
7751.  0.191558
7754.  0.4808616
7757.  0.3089501
7760.  0.1538621
7763.  0.2535348
7766.  0.2309442
7769.  0.1428688
7772.  0.1366286
7775.  0.1535654
7778.  0.1460513
7781.  0.1606734
7784.  0.1591606
7787.  0.1723402
7790.  0.1474357
7793.  0.1963119
7796.  0.2702504
7799.  0.3123913
7802.  0.1633531
7805.  0.142718
7808.  0.1409758
7811.  0.1488892
7814.  0.155362
7817.  0.1715496
7820.  0.2252853
7823.  0.396262
7826.  0.3282862
7829.  0.2112916
7832.  0.1192881
7835.  0.1365873
7838.  0.1306259
7841.  0.1737442
7844.  0.2287126
7847.  0.207242
7850.  0.1595313
7853.  0.1756971
7856.  0.2879756
7859.  0.396307
7862.  0.1911014
7865.  0.2347884
7868.  0.1627767
7871.  0.2838828
7874.  0.3293881
7877.  0.2569016
7880.  0.1994684
7883.  0.2598368
7886.  0.2603735
7889.  0.1695646
7892.  0.2235527
7895.  0.1970629
7898.  0.1663822
7901.  0.1305427
7904.  0.1341029
7907.  0.1628848
7910.  0.1761884
7913.  0.2627026
7916.  0.2749232
7919.  0.526217
7922.  0.2103204
7925.  0.7428578
7928.  0.3502006
7931.  0.2692912
7934.  0.2593369
7937.  0.2111783
7940.  0.1621938
7943.  0.1190093
7946.  0.1376274
7949.  0.1675753
7952.  0.1956908
7955.  0.1775805
7958.  0.1315149
7961.  0.1075161
7964.  0.1733918
7967.  0.2694947
7970.  0.3382959
7973.  0.1972273
7976.  0.1412235
7979.  0.1866858
7982.  0.1763483
7985.  0.2140964
7988.  0.1571814
7991.  0.1473718
7994.  0.3750751
7997.  0.3044406
8000.  0.2544276
8003.  0.1403495
8006.  0.1303647
8009.  0.1459556
8012.  0.1385311
8015.  0.1968287
8018.  0.2212049
8021.  0.1605613
8024.  0.199723
8027.  0.2461695
8030.  0.2452659
8033.  0.2368161
8036.  0.1730385
8039.  0.1153279
8042.  0.1149473
8045.  0.1132096
8048.  0.1187145
8051.  0.149327
8054.  0.1840876
8057.  0.1524283
8060.  0.1383977
8063.  0.2094722
8066.  0.2784335
8069.  0.1452158
8072.  0.1413131
8075.  0.1276255
8078.  0.1419503
8081.  0.1312524
8084.  0.1473449
8087.  0.1436568
8090.  0.1597184
8093.  0.1473176
8096.  0.1544285
8099.  0.1613126
8102.  0.1494713
8105.  0.1704715
8108.  0.1495286
8111.  0.1507247
8114.  0.1211968
8117.  0.1403446
8120.  0.1541119
8123.  0.1264042
8126.  0.1371629
8129.  0.1272064
8132.  0.1358646
8135.  0.1264919
8138.  0.1683819
8141.  0.1695968
8144.  0.1590269
8147.  0.1373269
8150.  0.142779
8153.  0.1591772
8156.  0.1513633
8159.  0.1532842
8162.  0.1328472
8165.  0.120589
8168.  0.1178698
8171.  0.1680539
8174.  0.1407546
8177.  0.1663753
8180.  0.1421333
8183.  0.1412063
8186.  0.146286
8189.  0.1689702
8192.  0.1502369
8195.  0.1335305
8198.  0.1580414
8201.  0.1514456
8204.  0.1344168
8207.  0.1519391
8210.  0.1167779
8213.  0.1643727
8216.  0.1586175
8219.  0.1509566
8222.  0.1298882
8225.  0.1361405
8228.  0.1274812
8231.  0.147131
8234.  0.1525
8237.  0.2038045
8240.  0.1622443
8243.  0.1410206
8246.  0.166103
8249.  0.165312
8252.  0.1343985
8255.  0.1309118
8258.  0.1138526
8261.  0.129277
8264.  0.1472524
8267.  0.1408498
8270.  0.1297899
8273.  0.1197732
8276.  0.1389785
8279.  0.1449664
8282.  0.2124349
8285.  0.3614272
8288.  0.4340928
8291.  0.1990796
8294.  0.2311815
8297.  0.3200151
8300.  0.3982166
8303.  0.2731801
8306.  0.2094619
8309.  0.2008481
8312.  0.1838379
8315.  0.3325512
8318.  0.1799956
8321.  0.1493368
8324.  0.148217
8327.  0.1419919
8330.  0.1598714
8333.  0.1387453
8336.  0.1325687
8339.  0.1636843
8342.  0.2295083
8345.  0.3441781
8348.  -0.2139461
8351.  26.25949
8354.  0.2109632
8357.  0.2148822
8360.  0.2355895
8363.  0.2275385
8366.  0.2048341
8369.  0.1887157
8372.  0.2053132
8375.  0.1628222
8378.  0.1653848
8381.  0.1833734
8384.  0.2831709
8387.  0.1849075
8390.  0.215498
8393.  0.1598887
8396.  0.1517083
8399.  0.6457037
8402.  0.3571136
8405.  0.5752248
8408.  0.2215815
8411.  0.1718166
8414.  0.2109734
8417.  0.2593249
8420.  0.3113719
8423.  0.1593178
8426.  0.1838906
8429.  0.2622769
8432.  0.2826587
8435.  0.6645389
8438.  0.4183633
8441.  0.1683165
8444.  0.1498752
8447.  0.1866073
8450.  0.1940071
8453.  0.320582
8456.  0.2230791
8459.  0.192721
8462.  0.2145682
8465.  0.2940999
8468.  0.3058333
8471.  0.2331041
8474.  0.2311554
8477.  0.1396266
8480.  0.1653888
8483.  0.147086
8486.  0.1695297
8489.  0.1571074
8492.  0.2158758
8495.  0.5079111
8498.  0.2222419
8501.  0.1688295
8504.  0.2026877
8507.  0.2247161
8510.  0.2192436
8513.  0.1681492
8516.  0.1479487
8519.  0.1799998
8522.  0.3049881
8525.  3.043652
8528.  0.2680325
8531.  0.1425281
8534.  0.1681871
8537.  0.1578684
8540.  0.1869816
8543.  0.2144163
8546.  0.2825325
8549.  0.5010151
8552.  0.2359329
8555.  0.2444954
8558.  0.2083348
8561.  0.1719814
8564.  0.1375338
8567.  0.1363411
8570.  0.1449592
8573.  0.1448862
8576.  0.1616647
8579.  0.1347871
8582.  0.1719079
8585.  0.1552077
8588.  0.172104
8591.  0.2029963
8594.  0.1538843
8597.  0.2038641
8600.  0.1792825
8603.  0.1729524
8606.  0.1291374
8609.  0.1489769
8612.  0.1712896
8615.  0.1670072
8618.  0.1875794
8621.  0.2526284
8624.  0.250884
8627.  0.216405
8630.  0.2764458
8633.  0.2065845
8636.  0.2577689
8639.  0.2711784
8642.  0.2773751
8645.  0.2362005
8648.  0.2458759
8651.  0.1906114
8654.  0.2144314
8657.  0.2934089
8660.  0.2655211
8663.  0.3086129
8666.  0.2287596
8669.  0.5137146
8672.  0.3457524
8675.  0.2414744
8678.  0.2760909
8681.  0.2638002
8684.  0.169794
8687.  0.1763732
8690.  0.1984645
8693.  0.1823617
8696.  0.2402587
8699.  0.2463593
8702.  0.18137
8705.  0.2045263
8708.  0.2276753
8711.  0.224427
8714.  0.1777825
8717.  0.1835664
8720.  0.1794954
8723.  0.1906732
8726.  0.2071034
8729.  0.1731893
8732.  0.1809639
8735.  0.1553839
8738.  0.1869485
8741.  0.1874989
8744.  0.1905124
8747.  0.2142808
8750.  0.1605407
8753.  0.1839626
8756.  0.1636047
8759.  0.3243256
8762.  0.4264336
8765.  0.4026586
8768.  0.5015489
8771.  0.3964144
8774.  0.3710852
8777.  -0.9311703
8780.  -6.277472
8783.  0.1386755
8786.  0.2386814
8789.  0.2346387
8792.  0.765393
8795.  0.3455265
8798.  0.2894916
8801.  0.2172763
8804.  0.200453
8807.  0.2973992
8810.  0.3349623
8813.  0.1838032
8816.  0.1912047
8819.  0.2235294
8822.  0.3052342
8825.  0.00675812
8828.  1.812544
8831.  0.4185652
8834.  0.4445812
8837.  0.4984004
8840.  0.3962996
8843.  0.3254388
8846.  0.297725
8849.  0.2887347
8852.  0.3362964
8855.  0.261409
8858.  0.2095561
8861.  0.2294304
8864.  0.2397352
8867.  0.4076629
8870.  -0.2606469
8873.  0.2194835
8876.  0.2621847
8879.  0.3030189
8882.  0.3621132
8885.  -0.01057393
8888.  -0.2073056
8891.  0.3015419
8894.  0.1966456
8897.  0.2284873
8900.  0.2678658
8903.  0.5799146
8906.  0.4306956
8909.  0.2219664
8912.  0.2684638
8915.  0.2216212
8918.  0.4726285
8921.  -0.6660884
8924.  0.2787247
8927.  0.4624157
8930.  0.3182747
8933.  0.2648919
8936.  0.319017
8939.  0.2388051
8942.  0.2910742
8945.  0.512849
8948.  0.2198068
8951.  0.2577669
8954.  0.2274247
8957.  1.006034
8960.  1.576342
8963.  0.2400929
8966.  0.2687881
8969.  0.2131442
8972.  0.2352472
8975.  0.2583769
8978.  0.2602397
8981.  0.2550272
8984.  0.1938665
8987.  0.4495565
8990.  0.936864
8993.  0.3863598
8996.  0.274907
8999.  0.5560149
9002.  -0.3483605
9005.  -0.005946111
9008.  0.340059
9011.  0.2420589
9014.  0.3044447
9017.  0.3603678
9020.  0.1997092
9023.  0.1821203
9026.  0.1988598
9029.  0.2132079
9032.  0.1699369
9035.  0.2016295
9038.  0.2933989
9041.  0.4321338
9044.  0.3293144
9047.  0.2373238
9050.  0.8562525
9053.  0.4497468
9056.  0.322028
9059.  0.2498049
9062.  0.2210248
9065.  0.2650609
9068.  0.3587187
9071.  0.3686324
9074.  0.358146
9077.  0.3045411
9080.  0.2737923
9083.  0.292619
9086.  0.2624152
9089.  0.2702885
9092.  0.2680197
9095.  0.2334401
9098.  0.2225685
9101.  0.3236916
9104.  0.4107871
9107.  0.2492604
9110.  0.2731109
9113.  0.2422636
9116.  0.2534977
9119.  0.2264959
9122.  0.3022401
9125.  0.2724027
9128.  0.2121489
9131.  0.2452315
9134.  0.2524672
9137.  0.2352504
9140.  0.2701518
9143.  0.2580477
9146.  0.3135843
9149.  0.2319736
9152.  0.1907568
9155.  0.3104069
9158.  0.3341471
9161.  0.3644285
9164.  0.4476476
9167.  0.2516732
9170.  0.3782418
9173.  0.2628525
9176.  0.3640398
9179.  0.419724
9182.  0.2641783
9185.  0.4370429
9188.  0.3119875
9191.  0.421812
9194.  0.2782762
9197.  0.2052252
9200.  -0.01252864
9203.  0.001876213
