3800.  3.027215
3801.25  0.8124612
3802.5  0.6809227
3803.75  2.080805
3805.  1.468397
3806.25  1.877086
3807.5  -4.331117
3808.75  -11.04205
3810.  1.351206
3811.25  0.529043
3812.5  0.5556033
3813.75  -0.1944973
3815.  -1.195068
3816.25  0.04442663
3817.5  0.6519845
3818.75  0.4469544
3820.  0.6310519
3821.25  0.8315451
3822.5  1.207479
3823.75  0.7224376
3825.  0.4987985
3826.25  0.8330564
3827.5  0.7695768
3828.75  1.919638
3830.  1.82425
3831.25  0.7534862
3832.5  0.4995698
3833.75  0.4632647
3835.  0.4064226
3836.25  0.6034735
3837.5  0.9500191
3838.75  1.025869
3840.  -0.7455913
3841.25  10.43314
3842.5  15.03705
3843.75  -0.4130121
3845.  0.9225385
3846.25  0.5191813
3847.5  0.2885944
3848.75  0.4972531
3850.  -2.085161
3851.25  -0.7784753
3852.5  0.5768928
3853.75  0.6152138
3855.  0.4979559
3856.25  0.3268123
3857.5  0.3431366
3858.75  0.3707503
3860.  0.5775239
3861.25  0.8449494
3862.5  0.5274854
3863.75  0.9712871
3865.  0.7375803
3866.25  0.8482823
3867.5  0.5068122
3868.75  0.584143
3870.  0.6543537
3871.25  0.5461463
3872.5  0.5609171
3873.75  1.144733
3875.  1.051258
3876.25  0.3961447
3877.5  0.5230423
3878.75  0.9214307
3880.  0.7880988
3881.25  1.032019
3882.5  1.471211
3883.75  0.7149257
3885.  0.4753578
3886.25  0.5326988
3887.5  0.4898986
3888.75  0.3668254
3890.  0.7086656
3891.25  2.054346
3892.5  -0.625132
3893.75  0.5219556
3895.  0.5066584
3896.25  -0.03665764
3897.5  -0.3948871
3898.75  1.23155
3900.  0.9229808
3901.25  0.9674225
3902.5  1.21339
3903.75  1.568046
3905.  0.504512
3906.25  0.3973094
3907.5  0.3448915
3908.75  0.3237715
3910.  0.2994642
3911.25  0.4135219
3912.5  0.7664925
3913.75  0.6149584
3915.  0.6955092
3916.25  1.347667
3917.5  1.069752
3918.75  1.914614
3920.  0.8286124
3921.25  0.7815452
3922.5  0.6259971
3923.75  0.4707657
3925.  0.5441757
3926.25  0.697555
3927.5  0.6952873
3928.75  0.9229181
3930.  0.3819453
3931.25  0.4287505
3932.5  0.4597039
3933.75  0.6362759
3935.  0.6899855
3936.25  0.3068806
3937.5  0.2658908
3938.75  0.6185572
3940.  0.885661
3941.25  0.5814382
3942.5  0.4888873
3943.75  0.6413628
3945.  0.4187804
3946.25  0.2964107
3947.5  0.2913666
3948.75  0.2903305
3950.  0.3656027
3951.25  0.3985881
3952.5  0.4080228
3953.75  0.4447999
3955.  0.3429039
3956.25  0.3316472
3957.5  0.324551
3958.75  0.3093548
3960.  0.3384651
3961.25  0.388793
3962.5  0.3644721
3963.75  0.7214669
3965.  1.741131
3966.25  0.6703462
3967.5  5.716983
3968.75  5.473253
3970.  0.836043
3971.25  0.4821039
3972.5  0.4545175
3973.75  0.3087617
3975.  0.7183751
3976.25  2.730341
3977.5  1.035724
3978.75  0.5405959
3980.  0.5947325
3981.25  0.4876195
3982.5  0.891326
3983.75  0.4402545
3985.  0.404785
3986.25  1.139218
3987.5  -3.333011
3988.75  -8.484803
3990.  0.8336136
3991.25  0.1475979
3992.5  1.140051
3993.75  0.4986525
3995.  -0.3247097
3996.25  0.7579076
3997.5  0.3892959
3998.75  0.4034502
4000.  0.4654746
4001.25  0.3178141
4002.5  0.3039511
4003.75  0.3864747
4005.  0.3509761
4006.25  0.4752241
4007.5  0.8950526
4008.75  0.5213761
4010.  0.4579192
4011.25  0.488018
4012.5  0.3486362
4013.75  0.2748486
4015.  0.3958287
4016.25  0.6366648
4017.5  0.5580642
4018.75  0.3393527
4020.  0.2720539
4021.25  0.475401
4022.5  0.6698689
4023.75  0.4648713
4025.  0.2600394
4026.25  0.2662787
4027.5  0.2579833
4028.75  0.3558998
4030.  0.3113056
4031.25  0.3411296
4032.5  0.9420599
4033.75  0.5535839
4035.  0.2446836
4036.25  0.3566681
4037.5  0.2826881
4038.75  0.2958415
4040.  0.4504222
4041.25  0.5462569
4042.5  0.5523301
4043.75  0.3013044
4045.  0.3154956
4046.25  0.4877223
4047.5  0.3575982
4048.75  0.2492739
4050.  0.3319673
4051.25  0.5985373
4052.5  0.6453443
4053.75  0.5316312
4055.  0.5038381
4056.25  0.3157589
4057.5  0.2318849
4058.75  0.345069
4060.  0.2940283
4061.25  0.3711269
4062.5  0.3747827
4063.75  0.289561
4065.  0.3360841
4066.25  0.4457995
4067.5  0.4826563
4068.75  0.909296
4070.  0.5015454
4071.25  0.2781217
4072.5  0.2483163
4073.75  0.3035683
4075.  0.2621484
4076.25  0.36236
4077.5  0.4681694
4078.75  0.2993554
4080.  0.5512595
4081.25  1.032578
4082.5  0.7385836
4083.75  0.2623384
4085.  0.2208601
4086.25  0.2139962
4087.5  0.2886481
4088.75  0.2778902
4090.  0.327599
4091.25  0.350079
4092.5  0.6359944
4093.75  0.9432829
4095.  1.782116
4096.25  1.526102
4097.5  0.75207
4098.75  0.4766929
4100.  0.3465595
4101.25  0.2878117
4102.5  0.2628384
4103.75  0.24876
4105.  0.2348182
4106.25  0.1852507
4107.5  0.1944049
4108.75  0.2693568
4110.  0.2879129
4111.25  0.2717415
4112.5  0.2560493
4113.75  0.2151271
4115.  0.1775284
4116.25  0.2424013
4117.5  0.223206
4118.75  0.1903573
4120.  0.2097915
4121.25  0.3243285
4122.5  0.2532279
4123.75  0.161309
4125.  0.1904536
4126.25  0.2728831
4127.5  0.187557
4128.75  0.1534428
4130.  0.1638492
4131.25  0.1687133
4132.5  0.1897687
4133.75  0.2679149
4135.  0.2505849
4136.25  0.1755709
4137.5  0.1949675
4138.75  0.1589572
4140.  0.1554482
4141.25  0.1906471
4142.5  0.1984615
4143.75  0.1925682
4145.  0.1685364
4146.25  0.1632593
4147.5  0.1461099
4148.75  0.1341428
4150.  0.180023
4151.25  0.2424958
4152.5  0.2342798
4153.75  0.1724426
4155.  0.1958892
4156.25  0.2840072
4157.5  0.1894756
4158.75  0.1780448
4160.  0.1815995
4161.25  0.1531182
4162.5  0.1421879
4163.75  0.1733036
4165.  0.228757
4166.25  0.3301546
4167.5  0.2723418
4168.75  0.1221903
4170.  0.1809121
4171.25  0.274271
4172.5  0.1772341
4173.75  0.1365288
4175.  0.1489952
4176.25  0.1103473
4177.5  0.0985821
4178.75  0.0878251
4180.  0.08335382
4181.25  0.0935875
4182.5  0.100752
4183.75  0.1140839
4185.  0.1241174
4186.25  0.119492
4187.5  0.1075291
4188.75  0.09252174
4190.  0.1956361
4191.25  -0.1414347
4192.5  -1.574427
4193.75  0.6876392
4195.  0.3344508
4196.25  0.1295715
4197.5  0.103381
4198.75  0.08688548
4200.  0.05783263
4201.25  0.04838557
4202.5  0.0584786
4203.75  0.1538548
4205.  0.2169262
4206.25  0.1693015
4207.5  0.1186436
4208.75  0.07044958
4210.  0.06355802
4211.25  0.06128316
4212.5  0.05338552
4213.75  0.05556461
4215.  0.06426322
4216.25  0.06377552
4217.5  0.06946592
4218.75  0.0742217
4220.  0.07623863
4221.25  0.07331529
4222.5  0.07156384
4223.75  0.07446474
4225.  0.08656103
4226.25  0.100208
4227.5  0.1158341
4228.75  0.09829844
4230.  0.09259317
4231.25  0.1046913
4232.5  0.1139905
4233.75  0.1161058
4235.  0.1158605
4236.25  0.1151001
4237.5  0.115395
4238.75  0.121264
4240.  0.1149824
4241.25  0.111409
4242.5  0.111325
4243.75  0.1262533
4245.  0.1403956
4246.25  0.1573513
4247.5  0.1687105
4248.75  0.2635201
4250.  0.206135
4251.25  0.1545378
4252.5  0.1222949
4253.75  0.125852
4255.  0.1265343
4256.25  0.1242711
4257.5  0.135791
4258.75  0.1447581
4260.  0.1341164
4261.25  0.1341198
4262.5  0.1287188
4263.75  0.1439247
4265.  0.1504434
4266.25  0.1580455
4267.5  0.1544442
4268.75  0.1438694
4270.  0.2054629
4271.25  0.2555684
4272.5  1.137178
4273.75  0.9219382
4275.  0.3633318
4276.25  0.2914639
4277.5  0.2061339
4278.75  0.1514784
4280.  0.1561084
4281.25  0.1410881
4282.5  0.1758278
4283.75  0.4538483
4285.  0.9451882
4286.25  1.148339
4287.5  1.125651
4288.75  0.2137775
4290.  0.1104644
4291.25  0.1186295
4292.5  0.1287274
4293.75  0.1281713
4295.  0.1439638
4296.25  0.1372058
4297.5  0.1592529
4298.75  0.2336941
4300.  0.1908258
4301.25  0.1457802
4302.5  0.1283059
4303.75  0.116612
4305.  0.1244362
4306.25  0.1291494
4307.5  0.1289993
4308.75  0.1281641
4310.  0.1436456
4311.25  0.1401606
4312.5  0.1368961
4313.75  0.1383234
4315.  0.1541167
4316.25  0.1367603
4317.5  0.1543568
4318.75  0.1746023
4320.  0.1775518
4321.25  0.1837165
4322.5  0.1844336
4323.75  0.1758219
4325.  0.1516642
4326.25  0.1451367
4327.5  0.1854122
4328.75  0.1849492
4330.  0.1664658
4331.25  0.1886218
4332.5  0.1875329
4333.75  0.1748764
4335.  0.1997943
4336.25  0.1832177
4337.5  0.1334281
4338.75  0.144055
4340.  0.1681612
4341.25  0.1647359
4342.5  0.1785548
4343.75  0.2126803
4345.  0.1928983
4346.25  0.2098654
4347.5  0.2284203
4348.75  0.1780563
4350.  0.2179037
4351.25  0.2821637
4352.5  0.231892
4353.75  0.1551093
4355.  0.1869805
4356.25  0.2095387
4357.5  0.2312124
4358.75  0.2563882
4360.  0.2692771
4361.25  0.3023163
4362.5  0.2255867
4363.75  0.2208628
4365.  0.2557139
4366.25  0.239536
4367.5  0.2044811
4368.75  0.2537755
4370.  0.3075254
4371.25  0.250462
4372.5  0.189395
4373.75  0.178619
4375.  0.1913319
4376.25  0.2061044
4377.5  0.1753395
4378.75  0.2251876
4380.  0.2284096
4381.25  0.2198833
4382.5  0.2067969
4383.75  0.1634724
4385.  0.1773959
4386.25  0.2175545
4387.5  0.2424539
4388.75  0.260766
4390.  0.2233404
4391.25  0.1872371
4392.5  0.1999879
4393.75  0.1849144
4395.  0.2094567
4396.25  0.2396517
4397.5  0.2255718
4398.75  0.3033859
4400.  0.2344965
4401.25  0.2150235
4402.5  0.248632
4403.75  0.2464652
4405.  0.2318467
4406.25  0.2136147
4407.5  0.1799246
4408.75  0.1784903
4410.  0.2552208
4411.25  0.3614949
4412.5  0.3283885
4413.75  0.2389733
4415.  0.1827298
4416.25  0.2158748
4417.5  0.2098182
4418.75  0.1706015
4420.  0.2263805
4421.25  0.2443059
4422.5  0.2072943
4423.75  0.1889834
4425.  0.1843988
4426.25  0.2734788
4427.5  0.2446608
4428.75  0.2278375
4430.  0.2006397
4431.25  0.2253026
4432.5  0.2777829
4433.75  0.248194
4435.  0.2402848
4436.25  0.2348074
4437.5  0.1954576
4438.75  0.2076115
4440.  0.2864206
4441.25  0.3246909
4442.5  0.3080961
4443.75  0.2627728
4445.  0.1774478
4446.25  0.1899435
4447.5  0.2260928
4448.75  0.337889
4450.  0.3051594
4451.25  0.2821444
4452.5  0.2771085
4453.75  0.2897461
4455.  0.2800431
4456.25  0.2105456
4457.5  0.205721
4458.75  0.2623377
4460.  0.2827359
4461.25  0.2436309
4462.5  0.2213936
4463.75  0.2214392
4465.  0.244028
4466.25  0.2200483
4467.5  0.2102635
4468.75  0.1690443
4470.  0.1578095
4471.25  0.2517997
4472.5  0.323734
4473.75  0.24188
4475.  0.2185655
4476.25  0.2563109
4477.5  0.2294203
4478.75  0.2282289
4480.  0.2175404
4481.25  0.2084981
4482.5  0.2153177
4483.75  0.1967597
4485.  0.1725726
4486.25  0.2084377
4487.5  0.277869
4488.75  0.2711762
4490.  0.2282522
4491.25  0.1944863
4492.5  0.2232532
4493.75  0.2099459
4495.  0.206585
4496.25  0.2031924
4497.5  0.1943764
4498.75  0.1965438
4500.  0.200968
4501.25  0.1770376
4502.5  0.1652586
4503.75  0.2168024
4505.  0.2496883
4506.25  0.2019141
4507.5  0.1677066
4508.75  0.2065545
4510.  0.2087078
4511.25  0.2091526
4512.5  0.2409694
4513.75  0.2398808
4515.  0.1861054
4516.25  0.185633
4517.5  0.1867117
4518.75  0.1626888
4520.  0.2023913
4521.25  0.2704399
4522.5  0.1786911
4523.75  0.1678538
4525.  0.2097144
4526.25  0.2217489
4527.5  0.206733
4528.75  0.1949973
4530.  0.1616663
4531.25  0.1764954
4532.5  0.2535518
4533.75  0.3183526
4535.  0.2503434
4536.25  0.2492505
4537.5  0.3142992
4538.75  0.2327535
4540.  0.1884771
4541.25  0.2091632
4542.5  0.2470191
4543.75  0.2163433
4545.  0.1922695
4546.25  0.1867741
4547.5  0.2115306
4548.75  0.211382
4550.  0.2118372
4551.25  0.180308
4552.5  0.2010193
4553.75  0.2173475
4555.  0.246768
4556.25  0.1963651
4557.5  0.1968613
4558.75  0.2386558
4560.  0.2479188
4561.25  0.202326
4562.5  0.1859197
4563.75  0.2031864
4565.  0.2059961
4566.25  0.2062268
4567.5  0.2170053
4568.75  0.2408298
4570.  0.2793218
4571.25  0.2383583
4572.5  0.2538286
4573.75  0.2393785
4575.  0.2166409
4576.25  0.2189279
4577.5  0.1746477
4578.75  0.1757493
4580.  0.2558701
4581.25  0.2528986
4582.5  0.1825783
4583.75  0.2708404
4585.  0.3437475
4586.25  0.1872151
4587.5  0.1756293
4588.75  0.2294975
4590.  0.2718981
4591.25  0.2198823
4592.5  0.2044064
4593.75  0.2182485
4595.  0.2552573
4596.25  0.3891205
4597.5  0.3467363
4598.75  0.2056121
4600.  0.2170758
4601.25  0.2363803
4602.5  0.2183715
4603.75  0.2702371
4605.  0.212639
4606.25  0.148734
4607.5  0.1791694
4608.75  0.2418531
4610.  0.2458591
4611.25  0.2812957
4612.5  0.2277893
4613.75  0.2232703
4615.  0.2131302
4616.25  0.1943761
4617.5  0.2457126
4618.75  0.2101851
4620.  0.1678287
4621.25  0.1969166
4622.5  0.2036108
4623.75  0.1937464
4625.  0.1960112
4626.25  0.4086358
4627.5  0.4524849
4628.75  0.2163149
4630.  0.1580736
4631.25  0.202742
4632.5  0.1746317
4633.75  0.2064645
4635.  0.2932745
4636.25  0.2484409
4637.5  0.2341347
4638.75  0.2067568
4640.  0.2059242
4641.25  0.2290906
4642.5  0.2672952
4643.75  0.2344284
4645.  0.1921066
4646.25  0.1959028
4647.5  0.1837662
4648.75  0.1914323
4650.  0.2330291
4651.25  0.1795308
4652.5  0.2098156
4653.75  0.6084468
4655.  0.5581253
4656.25  0.1818014
4657.5  0.2525791
4658.75  0.2337038
4660.  0.2167975
4661.25  0.2542654
4662.5  0.2245895
4663.75  0.2138923
4665.  0.1862015
4666.25  0.2043893
4667.5  0.2622562
4668.75  0.2840911
4670.  0.2203632
4671.25  0.2166515
4672.5  0.2369146
4673.75  0.274602
4675.  0.2644855
4676.25  0.2335579
4677.5  0.2568707
4678.75  0.2385843
4680.  0.1848216
4681.25  0.2442654
4682.5  0.2955061
4683.75  0.26509
4685.  0.2023503
4686.25  0.2201144
4687.5  0.3171853
4688.75  0.2896669
4690.  0.2345259
4691.25  0.2368824
4692.5  0.266042
4693.75  0.2272174
4695.  0.1815029
4696.25  0.1666357
4697.5  0.1647214
4698.75  0.2089009
4700.  0.2294296
4701.25  0.2118879
4702.5  0.2554963
4703.75  0.2485885
4705.  0.2241592
4706.25  0.2369728
4707.5  0.200555
4708.75  0.2508763
4710.  0.3740929
4711.25  0.2596332
4712.5  0.2416802
4713.75  0.2522253
4715.  0.2727169
4716.25  0.2973865
4717.5  0.3003255
4718.75  0.3831315
4720.  0.4563363
4721.25  0.4235399
4722.5  0.2869833
4723.75  0.3237519
4725.  0.6454741
4726.25  0.3941876
4727.5  0.3469882
4728.75  0.2965212
4730.  0.2290129
4731.25  0.2744328
4732.5  0.2226656
4733.75  0.2273349
4735.  0.2008829
4736.25  0.1980348
4737.5  0.1857166
4738.75  0.1815326
4740.  0.1843124
4741.25  0.1878979
4742.5  0.1754704
4743.75  0.1794045
4745.  0.1931402
4746.25  0.2369242
4747.5  0.2124823
4748.75  0.1827018
4750.  0.1678102
4751.25  0.165774
4752.5  0.2170866
4753.75  0.215371
4755.  0.2176261
4756.25  0.1958255
4757.5  0.1678218
4758.75  0.1685576
4760.  0.1801269
4761.25  0.202569
4762.5  0.1949428
4763.75  0.1753263
4765.  0.2215525
4766.25  0.2693067
4767.5  0.3163376
4768.75  0.2076105
4770.  0.2016301
4771.25  0.18078
4772.5  0.1955756
4773.75  0.2505246
4775.  0.214004
4776.25  0.1769568
4777.5  0.2657953
4778.75  0.2384239
4780.  0.1594129
4781.25  0.1642593
4782.5  0.192595
4783.75  0.1861769
4785.  0.1796265
4786.25  0.2323018
4787.5  0.1835136
4788.75  0.2588556
4790.  0.2403031
4791.25  0.1623428
4792.5  0.1739679
4793.75  0.240549
4795.  0.2210152
4796.25  0.206421
4797.5  0.1851965
4798.75  0.1957404
4800.  0.222038
4801.25  0.1881838
4802.5  0.175967
4803.75  0.2229734
4805.  0.2226052
4806.25  0.1871505
4807.5  0.2009761
4808.75  0.1855321
4810.  0.1856375
4811.25  0.2685193
4812.5  0.2703843
4813.75  0.1878256
4815.  0.1813464
4816.25  0.1896105
4817.5  0.1753273
4818.75  0.1713222
4820.  0.2115313
4821.25  0.1877264
4822.5  0.1542545
4823.75  0.1576952
4825.  0.1404073
4826.25  0.1343983
4827.5  0.1697099
4828.75  0.1981808
4830.  0.2006708
4831.25  0.2145326
4832.5  0.2055343
4833.75  0.169855
4835.  0.188678
4836.25  0.2013826
4837.5  0.1693951
4838.75  0.1927236
4840.  0.1927302
4841.25  0.1614983
4842.5  0.1567218
4843.75  0.1586634
4845.  0.1894606
4846.25  0.172719
4847.5  0.1537722
4848.75  0.1356386
4850.  0.1462354
4851.25  0.1552126
4852.5  0.1707545
4853.75  0.2062555
4855.  0.220636
4856.25  0.177709
4857.5  0.1641358
4858.75  0.1633624
4860.  0.1646555
4861.25  0.2191281
4862.5  0.2105163
4863.75  0.1769437
4865.  0.1755311
4866.25  0.1495951
4867.5  0.1760514
4868.75  0.2076053
4870.  0.1747625
4871.25  0.1758907
4872.5  0.3128611
4873.75  0.2360232
4875.  0.2034283
4876.25  0.20311
4877.5  0.1887437
4878.75  0.1799164
4880.  0.1643316
4881.25  0.1606247
4882.5  0.1716263
4883.75  0.1793648
4885.  0.1897366
4886.25  0.1826094
4887.5  0.1800234
4888.75  0.1778024
4890.  0.2351753
4891.25  0.2637439
4892.5  0.2345284
4893.75  0.2278987
4895.  0.185694
4896.25  0.1719799
4897.5  0.276819
4898.75  0.2820833
4900.  0.2570776
4901.25  0.2696573
4902.5  0.3071861
4903.75  0.2196485
4905.  0.1692808
4906.25  0.214142
4907.5  0.2313966
4908.75  0.3404238
4910.  0.2630138
4911.25  0.224033
4912.5  0.2543113
4913.75  0.2121981
4915.  0.2151811
4916.25  0.2048977
4917.5  0.2300075
4918.75  0.2733315
4920.  0.241478
4921.25  0.2177972
4922.5  0.1944708
4923.75  0.1754201
4925.  0.1700442
4926.25  0.2083627
4927.5  0.2491414
4928.75  0.2231613
4930.  0.2148438
4931.25  0.2419088
4932.5  0.2152488
4933.75  0.2951156
4935.  0.3145629
4936.25  0.2162196
4937.5  0.2247346
4938.75  0.23024
4940.  0.2335429
4941.25  0.1769829
4942.5  0.1764567
4943.75  0.2233843
4945.  0.2290798
4946.25  0.2489147
4947.5  0.2415025
4948.75  0.1732371
4950.  0.1842202
4951.25  0.2231548
4952.5  0.1907569
4953.75  0.1931488
4955.  0.2301798
4956.25  0.2302824
4957.5  0.2322943
4958.75  0.2137374
4960.  0.1974681
4961.25  0.2184956
4962.5  0.1800338
4963.75  0.1712179
4965.  0.17416
4966.25  0.1900627
4967.5  0.184646
4968.75  0.2523364
4970.  0.2849317
4971.25  0.2559234
4972.5  0.244185
4973.75  0.1874276
4975.  0.1856251
4976.25  0.2342348
4977.5  0.2871139
4978.75  0.3222845
4980.  0.3077288
4981.25  0.2546568
4982.5  0.194762
4983.75  0.1534655
4985.  0.1694597
4986.25  0.2298613
4987.5  0.2031075
4988.75  0.1899575
4990.  0.258339
4991.25  0.2172881
4992.5  0.1724075
4993.75  0.1942793
4995.  0.2131786
4996.25  0.2430069
4997.5  0.2416156
4998.75  0.1866995
5000.  0.1860666
5001.25  0.2012872
5002.5  0.2082536
5003.75  0.1943009
5005.  0.2196471
5006.25  0.1603531
5007.5  0.1455025
5008.75  0.1573916
5010.  0.2031554
5011.25  0.2287022
5012.5  0.2013405
5013.75  0.2110436
5015.  0.2377313
5016.25  0.2386974
5017.5  0.196971
5018.75  0.1896423
5020.  0.2216614
5021.25  0.189482
5022.5  0.1712719
5023.75  0.1780029
5025.  0.1908398
5026.25  0.1851771
5027.5  0.1568944
5028.75  0.1571779
5030.  0.1743179
5031.25  0.1840414
5032.5  0.1681061
5033.75  0.1745645
5035.  0.2075802
5036.25  0.1915694
5037.5  0.2229445
5038.75  0.245776
5040.  0.2123267
5041.25  0.202479
5042.5  0.1739551
5043.75  0.1624922
5045.  0.1806272
5046.25  0.2412581
5047.5  0.2227511
5048.75  0.1822607
5050.  0.1792499
5051.25  0.1938187
5052.5  0.1809705
5053.75  0.195741
5055.  0.2101603
5056.25  0.167269
5057.5  0.1762486
5058.75  0.2448719
5060.  0.1990843
5061.25  0.1849649
5062.5  0.2081064
5063.75  0.2047444
5065.  0.2031468
5066.25  0.2171665
5067.5  0.2224827
5068.75  0.2056037
5070.  0.2184244
5071.25  0.2065222
5072.5  0.2297032
5073.75  0.2347858
5075.  0.2041499
5076.25  0.2078674
5077.5  0.2655853
5078.75  0.3677164
5080.  0.2971794
5081.25  0.1966262
5082.5  0.1491279
5083.75  0.1742838
5085.  0.3243293
5086.25  0.421145
5087.5  0.3157661
5088.75  0.2932503
5090.  0.3922727
5091.25  0.2554143
5092.5  0.391136
5093.75  0.7164957
5095.  0.2891024
5096.25  0.2390831
5097.5  0.2539832
5098.75  0.2166494
5100.  0.2074691
5101.25  0.217475
5102.5  0.2131025
5103.75  0.192961
5105.  0.2180326
5106.25  0.2503708
5107.5  0.1847905
5108.75  0.148836
5110.  0.1834188
5111.25  0.1997809
5112.5  0.2148286
5113.75  0.2138163
5115.  0.1913112
5116.25  0.1695573
5117.5  0.1471387
5118.75  0.1803295
5120.  0.1951635
5121.25  0.1679324
5122.5  0.1913225
5123.75  0.2591695
5125.  0.2175666
5126.25  0.1510971
5127.5  0.197401
5128.75  0.2382249
5130.  0.1553095
5131.25  0.1381287
5132.5  0.1804094
5133.75  0.1888378
5135.  0.1459128
5136.25  0.1895221
5137.5  0.1785486
5138.75  0.1769532
5140.  0.2083472
5141.25  0.1769318
5142.5  0.1425038
5143.75  0.1433808
5145.  0.1771867
5146.25  0.182492
5147.5  0.1809156
5148.75  0.1571428
5150.  0.1482611
5151.25  0.1728386
5152.5  0.1975735
5153.75  0.2093948
5155.  0.1801465
5156.25  0.1773771
5157.5  0.1871503
5158.75  0.1826211
5160.  0.182144
5161.25  0.1630503
5162.5  0.2730269
5163.75  0.3226405
5165.  0.1881883
5166.25  0.1622416
5167.5  0.1740592
5168.75  0.1648886
5170.  0.160319
5171.25  0.147729
5172.5  0.1597483
5173.75  0.2001583
5175.  0.1891079
5176.25  0.1803122
5177.5  0.2079301
5178.75  0.1824868
5180.  0.156714
5181.25  0.1630568
5182.5  0.2070351
5183.75  0.2288838
5185.  0.1525162
5186.25  0.1424717
5187.5  0.1522719
5188.75  0.145886
5190.  0.1563653
5191.25  0.1880202
5192.5  0.1936239
5193.75  0.1725898
5195.  0.1626316
5196.25  0.1792052
5197.5  0.1715612
5198.75  0.135257
5200.  0.1453032
5201.25  0.1536646
5202.5  0.1507194
5203.75  0.1666808
5205.  0.1641589
5206.25  0.1558231
5207.5  0.1582831
5208.75  0.1725608
5210.  0.1775961
5211.25  0.1588778
5212.5  0.1595691
5213.75  0.1579852
5215.  0.1542386
5216.25  0.1617223
5217.5  0.1779829
5218.75  0.1909774
5220.  0.1700487
5221.25  0.1635467
5222.5  0.1826873
5223.75  0.2073581
5225.  0.2346173
5226.25  0.2304979
5227.5  0.1926203
5228.75  0.1625591
5230.  0.1486988
5231.25  0.1524923
5232.5  0.1439915
5233.75  0.1646043
5235.  0.1952372
5236.25  0.162024
5237.5  0.1327192
5238.75  0.1318035
5240.  0.153152
5241.25  0.1445318
5242.5  0.1278873
5243.75  0.1456163
5245.  0.1634202
5246.25  0.1397275
5247.5  0.12705
5248.75  0.1435341
5250.  0.1590189
5251.25  0.1677059
5252.5  0.1617499
5253.75  0.1387023
5255.  0.1406808
5256.25  0.2054694
5257.5  0.2271964
5258.75  0.2090807
5260.  0.1837472
5261.25  0.1594677
5262.5  0.1668424
5263.75  0.1480839
5265.  0.1388483
5266.25  0.1530088
5267.5  0.1340699
5268.75  0.1171735
5270.  0.1245381
5271.25  0.1338705
5272.5  0.1273459
5273.75  0.1100095
5275.  0.1191671
5276.25  0.130896
5277.5  0.1360868
5278.75  0.139645
5280.  0.1285482
5281.25  0.1372067
5282.5  0.1357005
5283.75  0.1159267
5285.  0.124359
5286.25  0.1514538
5287.5  0.1531421
5288.75  0.149769
5290.  0.1497601
5291.25  0.1368923
5292.5  0.145053
5293.75  0.1381387
5295.  0.1420371
5296.25  0.1538416
5297.5  0.1360698
5298.75  0.1264655
5300.  0.1260852
5301.25  0.1180278
5302.5  0.1240997
5303.75  0.1291829
5305.  0.1311359
5306.25  0.1098968
5307.5  0.1043258
5308.75  0.1162799
5310.  0.1194781
5311.25  0.1335209
5312.5  0.1343197
5313.75  0.1128821
5315.  0.102017
5316.25  0.1036823
5317.5  0.1013225
5318.75  0.09588715
5320.  0.1022173
5321.25  0.1056842
5322.5  0.1028046
5323.75  0.09654943
5325.  0.1033036
5326.25  0.1154926
5327.5  0.1020584
5328.75  0.09692954
5330.  0.094768
5331.25  0.09373642
5332.5  0.09063648
5333.75  0.08887174
5335.  0.09063168
5336.25  0.1081097
5337.5  0.1716955
5338.75  0.2317117
5340.  0.2247705
5341.25  0.1995604
5342.5  0.1594961
5343.75  0.1041701
5345.  0.08663531
5346.25  0.1103288
5347.5  0.140341
5348.75  0.1324726
5350.  0.1143951
5351.25  0.1208887
5352.5  0.1172753
5353.75  0.1229316
5355.  0.1437085
5356.25  0.1504956
5357.5  0.1029992
5358.75  0.07379736
5360.  0.06849076
5361.25  0.06935806
5362.5  0.08552534
5363.75  0.1092536
5365.  0.1132601
5366.25  0.09549145
5367.5  0.07007398
5368.75  0.06712383
5370.  0.06931966
5371.25  0.06913561
5372.5  0.07502227
5373.75  0.07818431
5375.  0.08561635
5376.25  0.08589178
5377.5  0.08055946
5378.75  0.08936004
5380.  0.09475563
5381.25  0.09353934
5382.5  0.09399551
5383.75  0.09661043
5385.  0.09462532
5386.25  0.0971326
5387.5  0.1066077
5388.75  0.107529
5390.  0.1059731
5391.25  0.1059056
5392.5  0.1315364
5393.75  0.1445746
5395.  0.1194399
5396.25  0.1159055
5397.5  0.1219748
5398.75  0.1148268
5400.  0.112437
5401.25  0.1231728
5402.5  0.1211979
5403.75  0.1151366
5405.  0.1175826
5406.25  0.1186807
5407.5  0.1218851
5408.75  0.128858
5410.  0.1214838
5411.25  0.1119346
5412.5  0.1859667
5413.75  0.1845835
5415.  0.1417405
5416.25  0.1400351
5417.5  0.1357044
5418.75  0.1170135
5420.  0.1269992
5421.25  0.1424773
5422.5  0.1348116
5423.75  0.140615
5425.  0.1438872
5426.25  0.1420152
5427.5  0.1699414
5428.75  0.170604
5430.  0.1395645
5431.25  0.129714
5432.5  0.145721
5433.75  0.1534848
5435.  0.1376258
5436.25  0.1385055
5437.5  0.138102
5438.75  0.1382761
5440.  0.1393514
5441.25  0.1458058
5442.5  0.162774
5443.75  0.1793527
5445.  0.1698614
5446.25  0.1495032
5447.5  0.1338656
5448.75  0.1266365
5450.  0.1362048
5451.25  0.1475037
5452.5  0.1497896
5453.75  0.1225069
5455.  0.1322168
5456.25  0.1546094
5457.5  0.1563386
5458.75  0.1479661
5460.  0.1467346
5461.25  0.1542124
5462.5  0.1933124
5463.75  0.1835994
5465.  0.1559264
5466.25  0.1652911
5467.5  0.1739251
5468.75  0.1520124
5470.  0.132937
5471.25  0.1485028
5472.5  0.138257
5473.75  0.1460601
5475.  0.1711853
5476.25  0.1605921
5477.5  0.1514154
5478.75  0.1808079
5480.  0.1855029
5481.25  0.1589661
5482.5  0.1543785
5483.75  0.1746627
5485.  0.1760263
5486.25  0.1632916
5487.5  0.151102
5488.75  0.1462172
5490.  0.1485365
5491.25  0.1408712
5492.5  0.1432637
5493.75  0.155832
5495.  0.1658373
5496.25  0.1658336
5497.5  0.1436727
5498.75  0.1519423
5500.  0.2235832
5501.25  0.1912028
5502.5  0.1323107
5503.75  0.1465832
5505.  0.1558293
5506.25  0.1687571
5507.5  0.1805659
5508.75  0.188126
5510.  0.1614245
5511.25  0.1593173
5512.5  0.1825803
5513.75  0.1590093
5515.  0.1440941
5516.25  0.1425138
5517.5  0.1424912
5518.75  0.1453492
5520.  0.1479622
5521.25  0.1527939
5522.5  0.1884542
5523.75  0.2073366
5525.  0.189327
5526.25  0.1759913
5527.5  0.1774034
5528.75  0.1708161
5530.  0.1502311
5531.25  0.1568019
5532.5  0.1817354
5533.75  0.2190194
5535.  0.1845687
5536.25  0.1403525
5537.5  0.1586734
5538.75  0.1627204
5540.  0.1582997
5541.25  0.1699338
5542.5  0.168686
5543.75  0.1433817
5545.  0.1604059
5546.25  0.1626884
5547.5  0.1487457
5548.75  0.1817739
5550.  0.1828852
5551.25  0.1604688
5552.5  0.1591408
5553.75  0.1524526
5555.  0.1403152
5556.25  0.1745145
5557.5  0.249569
5558.75  0.2117111
5560.  0.1634787
5561.25  0.1453503
5562.5  0.148844
5563.75  0.1522442
5565.  0.1735208
5566.25  0.1847323
5567.5  0.169607
5568.75  0.1506573
5570.  0.1446877
5571.25  0.2024073
5572.5  0.2634017
5573.75  0.1959529
5575.  0.1678576
5576.25  0.2416745
5577.5  0.37488
5578.75  0.569003
5580.  0.5907462
5581.25  0.2281119
5582.5  0.2015918
5583.75  0.1721475
5585.  0.161112
5586.25  0.1820586
5587.5  0.1641483
5588.75  0.1639835
5590.  0.16283
5591.25  0.1427704
5592.5  0.17584
5593.75  0.1762466
5595.  0.1412826
5596.25  0.1507194
5597.5  0.1768036
5598.75  0.1710607
5600.  0.1840661
5601.25  0.170536
5602.5  0.1604855
5603.75  0.1738687
5605.  0.1719711
5606.25  0.2136965
5607.5  0.211708
5608.75  0.1449434
5610.  0.1491837
5611.25  0.175309
5612.5  0.1707302
5613.75  0.1618785
5615.  0.1550942
5616.25  0.1426356
5617.5  0.1616573
5618.75  0.1715443
5620.  0.1608571
5621.25  0.1728898
5622.5  0.1744494
5623.75  0.1676373
5625.  0.1694644
5626.25  0.1769013
5627.5  0.2066403
5628.75  0.2014599
5630.  0.1888847
5631.25  0.1829591
5632.5  0.1663414
5633.75  0.1337398
5635.  0.1570886
5636.25  0.1736085
5637.5  0.1575814
5638.75  0.1383635
5640.  0.1521932
5641.25  0.1637255
5642.5  0.145827
5643.75  0.163648
5645.  0.1952909
5646.25  0.1843209
5647.5  0.161634
5648.75  0.1629635
5650.  0.1774275
5651.25  0.1610963
5652.5  0.1708377
5653.75  0.1817455
5655.  0.1502213
5656.25  0.1652511
5657.5  0.2116466
5658.75  0.1480109
5660.  0.1254836
5661.25  0.1599206
5662.5  0.1550163
5663.75  0.1450945
5665.  0.1379639
5666.25  0.1523288
5667.5  0.1490964
5668.75  0.1559403
5670.  0.1729225
5671.25  0.161606
5672.5  0.1399441
5673.75  0.150659
5675.  0.1914019
5676.25  0.1859243
5677.5  0.1599656
5678.75  0.177683
5680.  0.1754939
5681.25  0.1609981
5682.5  0.1614826
5683.75  0.1724961
5685.  0.1610502
5686.25  0.1397903
5687.5  0.1503468
5688.75  0.190809
5690.  0.235121
5691.25  0.2197166
5692.5  0.1712823
5693.75  0.1794726
5695.  0.1889631
5696.25  0.2077697
5697.5  0.1907797
5698.75  0.1866463
5700.  0.180093
5701.25  0.174819
5702.5  0.1801853
5703.75  0.1560828
5705.  0.1349297
5706.25  0.1746757
5707.5  0.2077383
5708.75  0.2084021
5710.  0.2247177
5711.25  0.2196308
5712.5  0.2011487
5713.75  0.185772
5715.  0.1740148
5716.25  0.1744671
5717.5  0.1754216
5718.75  0.1791938
5720.  0.1694652
5721.25  0.1655878
5722.5  0.1584359
5723.75  0.1579745
5725.  0.1909291
5726.25  0.1896038
5727.5  0.1713571
5728.75  0.1783214
5730.  0.1932578
5731.25  0.1801286
5732.5  0.1413388
5733.75  0.1484768
5735.  0.1634429
5736.25  0.1661306
5737.5  0.1678998
5738.75  0.1529758
5740.  0.137245
5741.25  0.1555574
5742.5  0.1830755
5743.75  0.1610898
5745.  0.1427975
5746.25  0.1407675
5747.5  0.1371382
5748.75  0.1723721
5750.  0.1860346
5751.25  0.1661611
5752.5  0.1397089
5753.75  0.1348975
5755.  0.1532159
5756.25  0.1695393
5757.5  0.1688099
5758.75  0.1598755
5760.  0.1640274
5761.25  0.1731487
5762.5  0.1775856
5763.75  0.1432744
5765.  0.1570064
5766.25  0.170003
5767.5  0.15288
5768.75  0.143664
5770.  0.1906073
5771.25  0.216295
5772.5  0.1919108
5773.75  0.185779
5775.  0.1527801
5776.25  0.1578509
5777.5  0.1709219
5778.75  0.1654176
5780.  0.1845131
5781.25  0.1820604
5782.5  0.2062809
5783.75  0.1960695
5785.  0.1798817
5786.25  0.2089316
5787.5  0.2068838
5788.75  0.1741061
5790.  0.179613
5791.25  0.1789601
5792.5  0.1919214
5793.75  0.2114658
5795.  0.1745499
5796.25  0.1628953
5797.5  0.2347679
5798.75  0.2455696
5800.  0.1927379
5801.25  0.2071363
5802.5  0.2708764
5803.75  0.2215988
5805.  0.161501
5806.25  0.1861758
5807.5  0.1879361
5808.75  0.1634613
5810.  0.164955
5811.25  0.169145
5812.5  0.1944697
5813.75  0.2005872
5815.  0.1837086
5816.25  0.2104901
5817.5  0.2544349
5818.75  0.2540488
5820.  0.1986457
5821.25  0.1803061
5822.5  0.2062295
5823.75  0.1967342
5825.  0.1947393
5826.25  0.2137375
5827.5  0.1920359
5828.75  0.1800408
5830.  0.1857089
5831.25  0.1926775
5832.5  0.1830612
5833.75  0.1789744
5835.  0.2166612
5836.25  0.1996197
5837.5  0.1709487
5838.75  0.1798467
5840.  0.1692735
5841.25  0.19295
5842.5  0.2150578
5843.75  0.276989
5845.  0.2522592
5846.25  0.213111
5847.5  0.2471155
5848.75  0.2528742
5850.  0.2074369
5851.25  0.2075376
5852.5  0.190756
5853.75  0.1871419
5855.  0.2123307
5856.25  0.1889052
5857.5  0.2363059
5858.75  0.3344589
5860.  0.2949216
5861.25  0.245414
5862.5  0.1956656
5863.75  0.1748444
5865.  0.2197517
5866.25  0.2603703
5867.5  0.2820279
5868.75  0.2749515
5870.  0.2873223
5871.25  0.2686045
5872.5  0.1784452
5873.75  0.1690254
5875.  0.2002698
5876.25  0.1932977
5877.5  0.2009852
5878.75  0.2269363
5880.  0.2206675
5881.25  0.2091896
5882.5  0.2194851
5883.75  0.2078197
5885.  0.1813787
5886.25  0.1661191
5887.5  0.1695611
5888.75  0.2392877
5890.  0.3970973
5891.25  0.7487876
5892.5  1.215822
5893.75  0.5848151
5895.  0.2271214
5896.25  0.3859631
5897.5  0.5231722
5898.75  0.3982702
5900.  0.2728865
5901.25  0.2137761
5902.5  0.1649381
5903.75  0.1605656
5905.  0.1953989
5906.25  0.1883928
5907.5  0.1876561
5908.75  0.2134061
5910.  0.2057369
5911.25  0.181609
5912.5  0.1623096
5913.75  0.1395831
5915.  0.140176
5916.25  0.1803999
5917.5  0.1823883
5918.75  0.1856848
5920.  0.1981333
5921.25  0.203574
5922.5  0.2364547
5923.75  0.1823685
5925.  0.1751183
5926.25  0.1968414
5927.5  0.1896663
5928.75  0.1915939
5930.  0.1942114
5931.25  0.1825192
5932.5  0.1864041
5933.75  0.1731031
5935.  0.1523686
5936.25  0.1923355
5937.5  0.2030953
5938.75  0.184798
5940.  0.2162692
5941.25  0.2522563
5942.5  0.2808522
5943.75  0.2552038
5945.  0.1900487
5946.25  0.2040326
5947.5  0.2291712
5948.75  0.1952438
5950.  0.1532922
5951.25  0.1437242
5952.5  0.1655401
5953.75  0.2035616
5955.  0.2190677
5956.25  0.1676951
5957.5  0.1399056
5958.75  0.1343485
5960.  0.1450275
5961.25  0.1700262
5962.5  0.1626922
5963.75  0.1446971
5965.  0.1620032
5966.25  0.1805587
5967.5  0.1696642
5968.75  0.1817108
5970.  0.2325993
5971.25  0.2282088
5972.5  0.1913546
5973.75  0.1875506
5975.  0.1954886
5976.25  0.1822475
5977.5  0.1424542
5978.75  0.142552
5980.  0.1738047
5981.25  0.1946093
5982.5  0.1962004
5983.75  0.1759311
5985.  0.1728629
5986.25  0.2269662
5987.5  0.2410672
5988.75  0.1894184
5990.  0.1634842
5991.25  0.151181
5992.5  0.143618
5993.75  0.1676494
5995.  0.2002132
5996.25  0.179112
5997.5  0.1515411
5998.75  0.179724
6000.  0.2258071
6001.25  0.2026429
6002.5  0.16783
6003.75  0.170453
6005.  0.1768956
6006.25  0.1818266
6007.5  0.172614
6008.75  0.1809946
6010.  0.1813816
6011.25  0.1705947
6012.5  0.1738089
6013.75  0.1731265
6015.  0.1720504
6016.25  0.1937403
6017.5  0.1980918
6018.75  0.155893
6020.  0.1578088
6021.25  0.2275722
6022.5  0.2120327
6023.75  0.1694761
6025.  0.1698995
6026.25  0.1471739
6027.5  0.1224093
6028.75  0.1556283
6030.  0.1945399
6031.25  0.1712416
6032.5  0.1502807
6033.75  0.1893367
6035.  0.2197488
6036.25  0.1889142
6037.5  0.1568623
6038.75  0.1722883
6040.  0.1681475
6041.25  0.1861806
6042.5  0.2496847
6043.75  0.2086077
6045.  0.1693674
6046.25  0.1783833
6047.5  0.1697916
6048.75  0.163086
6050.  0.1726965
6051.25  0.1754571
6052.5  0.1701365
6053.75  0.156612
6055.  0.1412414
6056.25  0.1561207
6057.5  0.1562455
6058.75  0.1489988
6060.  0.1520245
6061.25  0.1511503
6062.5  0.1407157
6063.75  0.145479
6065.  0.1653402
6066.25  0.1720707
6067.5  0.1712272
6068.75  0.1755944
6070.  0.169289
6071.25  0.1488853
6072.5  0.1402767
6073.75  0.1660321
6075.  0.1872148
6076.25  0.1639046
6077.5  0.1622702
6078.75  0.1791754
6080.  0.1512304
6081.25  0.1641306
6082.5  0.1939481
6083.75  0.1801413
6085.  0.158621
6086.25  0.1517998
6087.5  0.1367037
6088.75  0.1163801
6090.  0.121197
6091.25  0.1457885
6092.5  0.1485697
6093.75  0.1432326
6095.  0.190041
6096.25  0.1967499
6097.5  0.1536463
6098.75  0.1581617
6100.  0.1718435
6101.25  0.1549876
6102.5  0.1312818
6103.75  0.1263455
6105.  0.1523339
6106.25  0.1803687
6107.5  0.1559225
6108.75  0.1404999
6110.  0.1292247
6111.25  0.1187848
6112.5  0.1502478
6113.75  0.1947147
6115.  0.1586381
6116.25  0.1428931
6117.5  0.1426722
6118.75  0.1412396
6120.  0.1441124
6121.25  0.1481934
6122.5  0.1510092
6123.75  0.1532558
6125.  0.1495572
6126.25  0.1489608
6127.5  0.1498906
6128.75  0.1342866
6130.  0.1232334
6131.25  0.1266791
6132.5  0.1381301
6133.75  0.1425504
6135.  0.1325388
6136.25  0.1223002
6137.5  0.1139413
6138.75  0.1119137
6140.  0.1189621
6141.25  0.1235114
6142.5  0.121925
6143.75  0.1255928
6145.  0.1378403
6146.25  0.1501856
6147.5  0.1557173
6148.75  0.1475388
6150.  0.1377263
6151.25  0.1353335
6152.5  0.1355552
6153.75  0.1231087
6155.  0.121345
6156.25  0.1575225
6157.5  0.1656373
6158.75  0.1346277
6160.  0.126125
6161.25  0.1451379
6162.5  0.1572646
6163.75  0.1547836
6165.  0.1534348
6166.25  0.1580215
6167.5  0.1575421
6168.75  0.1496228
6170.  0.146364
6171.25  0.1329081
6172.5  0.1252778
6173.75  0.1273757
6175.  0.1376252
6176.25  0.1428316
6177.5  0.1340918
6178.75  0.1511919
6180.  0.1772449
6181.25  0.1809123
6182.5  0.167442
6183.75  0.1538385
6185.  0.1430722
6186.25  0.1398374
6187.5  0.1410476
6188.75  0.128588
6190.  0.1188361
6191.25  0.1511814
6192.5  0.138583
6193.75  0.1260799
6195.  0.1479078
6196.25  0.1555456
6197.5  0.141024
6198.75  0.1351356
6200.  0.1402962
6201.25  0.1443461
6202.5  0.1513272
6203.75  0.1579027
6205.  0.1516808
6206.25  0.1416401
6207.5  0.1411872
6208.75  0.173345
6210.  0.2026195
6211.25  0.1440077
6212.5  0.1287156
6213.75  0.1488637
6215.  0.1434426
6216.25  0.1428438
6217.5  0.1491365
6218.75  0.1530735
6220.  0.1594886
6221.25  0.1531637
6222.5  0.1511104
6223.75  0.1502273
6225.  0.1363933
6226.25  0.133809
6227.5  0.135247
6228.75  0.1143976
6230.  0.1110574
6231.25  0.1237837
6232.5  0.1430495
6233.75  0.1558792
6235.  0.1433929
6236.25  0.1569543
6237.5  0.2057707
6238.75  0.1882387
6240.  0.1852941
6241.25  0.1967304
6242.5  0.1696052
6243.75  0.1376917
6245.  0.1349354
6246.25  0.1491845
6247.5  0.1551211
6248.75  0.1358201
6250.  0.1175611
6251.25  0.1306763
6252.5  0.1542685
6253.75  0.1423799
6255.  0.1116597
6256.25  0.1105129
6257.5  0.156016
6258.75  0.1893727
6260.  0.1787881
6261.25  0.1540184
6262.5  0.1489125
6263.75  0.1668568
6265.  0.1754282
6266.25  0.1656342
6267.5  0.1598964
6268.75  0.1476413
6270.  0.1220019
6271.25  0.1122288
6272.5  0.1179479
6273.75  0.1274801
6275.  0.1283654
6276.25  0.1201016
6277.5  0.1310696
6278.75  0.1385967
6280.  0.1342238
6281.25  0.1221766
6282.5  0.1238653
6283.75  0.1514258
6285.  0.1663249
6286.25  0.1585622
6287.5  0.1571284
6288.75  0.1496315
6290.  0.1421963
6291.25  0.1504411
6292.5  0.1530868
6293.75  0.1423032
6295.  0.1470499
6296.25  0.1243879
6297.5  0.1504971
6298.75  0.2646227
6300.  0.3333132
6301.25  0.2512101
6302.5  0.2002964
6303.75  0.2204429
6305.  0.2119823
6306.25  0.1841892
6307.5  0.1567933
6308.75  0.1290394
6310.  0.1241431
6311.25  0.1351317
6312.5  0.1410628
6313.75  0.1318192
6315.  0.1194971
6316.25  0.11089
6317.5  0.1081383
6318.75  0.1098294
6320.  0.1204486
6321.25  0.1476213
6322.5  0.1682441
6323.75  0.155558
6325.  0.1278142
6326.25  0.1264636
6327.5  0.1411014
6328.75  0.1354494
6330.  0.1358347
6331.25  0.1511307
6332.5  0.155091
6333.75  0.1399403
6335.  0.1241489
6336.25  0.1102236
6337.5  0.1007194
6338.75  0.1149734
6340.  0.143165
6341.25  0.1283918
6342.5  0.1140682
6343.75  0.1281563
6345.  0.1430517
6346.25  0.1325142
6347.5  0.1155097
6348.75  0.1149164
6350.  0.1137329
6351.25  0.1133536
6352.5  0.1167719
6353.75  0.1184893
6355.  0.1185952
6356.25  0.1214751
6357.5  0.1269432
6358.75  0.1374878
6360.  0.1422968
6361.25  0.1287694
6362.5  0.1296611
6363.75  0.1568368
6365.  0.1846367
6366.25  0.2302911
6367.5  0.2295248
6368.75  0.1763692
6370.  0.1443487
6371.25  0.1295623
6372.5  0.1204509
6373.75  0.1175425
6375.  0.1054493
6376.25  0.09646811
6377.5  0.09638371
6378.75  0.1158717
6380.  0.1444231
6381.25  0.1248853
6382.5  0.09414677
6383.75  0.09211092
6385.  0.1049538
6386.25  0.118862
6387.5  0.1350308
6388.75  0.1345959
6390.  0.1208575
6391.25  0.1384238
6392.5  0.1256865
6393.75  0.1076033
6395.  0.124957
6396.25  0.1350716
6397.5  0.1301522
6398.75  0.1322148
6400.  0.1365168
6401.25  0.1249004
6402.5  0.1186918
6403.75  0.1219234
6405.  0.1181099
6406.25  0.1112737
6407.5  0.1113476
6408.75  0.1103068
6410.  0.1061578
6411.25  0.1050699
6412.5  0.1027615
6413.75  0.09864099
6415.  0.114231
6416.25  0.1404267
6417.5  0.1240151
6418.75  0.1058442
6420.  0.1037612
6421.25  0.09877345
6422.5  0.1200115
6423.75  0.1450954
6425.  0.1354696
6426.25  0.1177451
6427.5  0.1165067
6428.75  0.1165161
6430.  0.1135915
6431.25  0.1095998
6432.5  0.1085342
6433.75  0.1090259
6435.  0.1052059
6436.25  0.1052019
6437.5  0.1106472
6438.75  0.1085604
6440.  0.09737644
6441.25  0.09434795
6442.5  0.1113878
6443.75  0.1128257
6445.  0.1055228
6446.25  0.13707
6447.5  0.1495697
6448.75  0.1287441
6450.  0.1074251
6451.25  0.09382214
6452.5  0.0889594
6453.75  0.09660094
6455.  0.1119872
6456.25  0.1230029
6457.5  0.1302107
6458.75  0.1255899
6460.  0.1061946
6461.25  0.09867889
6462.5  0.1143973
6463.75  0.1339412
6465.  0.1410304
6466.25  0.1223754
6467.5  0.1145619
6468.75  0.1267692
6470.  0.1403991
6471.25  0.1508081
6472.5  0.1362994
6473.75  0.1213296
6475.  0.1155477
6476.25  0.1149947
6477.5  0.1139787
6478.75  0.1019019
6480.  0.09619804
6481.25  0.1047582
6482.5  0.1133422
6483.75  0.106462
6485.  0.09658792
6486.25  0.09520317
6487.5  0.1021591
6488.75  0.1110844
6490.  0.1067124
6491.25  0.09618579
6492.5  0.09640597
6493.75  0.110171
6495.  0.1218576
6496.25  0.1068641
6497.5  0.09976593
6498.75  0.1220244
6500.  0.1422671
6501.25  0.1360871
6502.5  0.1339001
6503.75  0.1149138
6505.  0.112987
6506.25  0.1172764
6507.5  0.1066963
6508.75  0.1215393
6510.  0.1162813
6511.25  0.09735046
6512.5  0.09574123
6513.75  0.09686938
6515.  0.0922064
6516.25  0.09665697
6517.5  0.1061108
6518.75  0.09918807
6520.  0.08990403
6521.25  0.09896819
6522.5  0.1063558
6523.75  0.1045069
6525.  0.1203966
6526.25  0.1076554
6527.5  0.09595146
6528.75  0.1041414
6530.  0.111808
6531.25  0.105479
6532.5  0.09272932
6533.75  0.1014641
6535.  0.1224512
6536.25  0.1335309
6537.5  0.1262037
6538.75  0.1103757
6540.  0.1066862
6541.25  0.1080489
6542.5  0.1010185
6543.75  0.09676328
6545.  0.1077751
6546.25  0.1170356
6547.5  0.1056063
6548.75  0.08854069
6550.  0.09442253
6551.25  0.1090835
6552.5  0.1166123
6553.75  0.1313985
6555.  0.1308809
6556.25  0.1299075
6557.5  0.1431102
6558.75  0.1439446
6560.  0.1214007
6561.25  0.1129713
6562.5  0.1086969
6563.75  0.1199788
6565.  0.1318705
6566.25  0.1204482
6567.5  0.1065112
6568.75  0.09829517
6570.  0.1005188
6571.25  0.1057489
6572.5  0.1051532
6573.75  0.1009152
6575.  0.09718075
6576.25  0.09830526
6577.5  0.1124286
6578.75  0.1172314
6580.  0.1089832
6581.25  0.108938
6582.5  0.1081689
6583.75  0.08656276
6585.  0.07603517
6586.25  0.08347604
6587.5  0.09184118
6588.75  0.08976895
6590.  0.08229887
6591.25  0.07796008
6592.5  0.07899316
6593.75  0.07894816
6595.  0.07560317
6596.25  0.07650499
6597.5  0.07804912
6598.75  0.07462802
6600.  0.07192639
6601.25  0.07085744
6602.5  0.0674552
6603.75  0.0675203
6605.  0.07262496
6606.25  0.07803728
6607.5  0.08268479
6608.75  0.08304202
6610.  0.07460166
6611.25  0.06665758
6612.5  0.06929613
6613.75  0.0736012
6615.  0.07316887
6616.25  0.072581
6617.5  0.0765018
6618.75  0.08552905
6620.  0.08665536
6621.25  0.08290669
6622.5  0.08024091
6623.75  0.08056833
6625.  0.08996747
6626.25  0.09542027
6627.5  0.09453207
6628.75  0.08801587
6630.  0.08308553
6631.25  0.09096394
6632.5  0.09623275
6633.75  0.1029629
6635.  0.1079098
6636.25  0.100292
6637.5  0.09503409
6638.75  0.09870014
6640.  0.09480899
6641.25  0.09005181
6642.5  0.09994872
6643.75  0.10809
6645.  0.09997328
6646.25  0.1014567
6647.5  0.1032126
6648.75  0.1030386
6650.  0.1093659
6651.25  0.1167234
6652.5  0.1122312
6653.75  0.09838068
6655.  0.08735759
6656.25  0.08745121
6657.5  0.09027363
6658.75  0.08924254
6660.  0.102542
6661.25  0.1082904
6662.5  0.09870319
6663.75  0.09492531
6665.  0.1007091
6666.25  0.1154862
6667.5  0.1091249
6668.75  0.09899229
6670.  0.1177806
6671.25  0.1341867
6672.5  0.1125575
6673.75  0.09336312
6675.  0.09755354
6676.25  0.104101
6677.5  0.1034097
6678.75  0.103989
6680.  0.101314
6681.25  0.1079939
6682.5  0.1135935
6683.75  0.103622
6685.  0.09412215
6686.25  0.09438429
6687.5  0.1003482
6688.75  0.1020446
6690.  0.09900948
6691.25  0.0973319
6692.5  0.09713554
6693.75  0.1038619
6695.  0.1172614
6696.25  0.1244442
6697.5  0.1124804
6698.75  0.09774446
6700.  0.1009431
6701.25  0.1058933
6702.5  0.1226179
6703.75  0.1321315
6705.  0.1113667
6706.25  0.1020387
6707.5  0.1057711
6708.75  0.1061875
6710.  0.1034019
6711.25  0.09838761
6712.5  0.08829908
6713.75  0.0902145
6715.  0.0997668
6716.25  0.1020463
6717.5  0.09733823
6718.75  0.09507304
6720.  0.09589769
6721.25  0.09977821
6722.5  0.1039064
6723.75  0.1019547
6725.  0.09854468
6726.25  0.1057937
6727.5  0.120939
6728.75  0.1222213
6730.  0.1116633
6731.25  0.1091117
6732.5  0.1137625
6733.75  0.1094252
6735.  0.1056269
6736.25  0.1080007
6737.5  0.1045786
6738.75  0.09576172
6740.  0.09794094
6741.25  0.1046601
6742.5  0.1163364
6743.75  0.1413023
6745.  0.1548656
6746.25  0.1430259
6747.5  0.1208343
6748.75  0.1081463
6750.  0.1079895
6751.25  0.1064466
6752.5  0.103659
6753.75  0.1012614
6755.  0.1014097
6756.25  0.1044487
6757.5  0.1066149
6758.75  0.1090914
6760.  0.1065544
6761.25  0.1029296
6762.5  0.1031014
6763.75  0.1032909
6765.  0.1065419
6766.25  0.1180279
6767.5  0.1182013
6768.75  0.111914
6770.  0.120262
6771.25  0.105925
6772.5  0.08926046
6773.75  0.09324645
6775.  0.1059523
6776.25  0.1047012
6777.5  0.1116979
6778.75  0.1203111
6780.  0.1153486
6781.25  0.1066713
6782.5  0.1012601
6783.75  0.09695468
6785.  0.09414322
6786.25  0.09585331
6787.5  0.1010595
6788.75  0.1065758
6790.  0.1123405
6791.25  0.115835
6792.5  0.1145014
6793.75  0.1141948
6795.  0.1181131
6796.25  0.1156423
6797.5  0.107963
6798.75  0.1067906
6800.  0.1077336
6801.25  0.1038469
6802.5  0.1234622
6803.75  0.144036
6805.  0.123092
6806.25  0.100169
6807.5  0.09988937
6808.75  0.1014866
6810.  0.11169
6811.25  0.1286479
6812.5  0.1263286
6813.75  0.1137734
6815.  0.1138374
6816.25  0.1165441
6817.5  0.1158381
6818.75  0.1138
6820.  0.1104391
6821.25  0.1200355
6822.5  0.1171035
6823.75  0.1021927
6825.  0.0996664
6826.25  0.1125505
6827.5  0.1323461
6828.75  0.1571925
6830.  0.1852834
6831.25  0.1948027
6832.5  0.173874
6833.75  0.1648854
6835.  0.2068043
6836.25  0.25532
6837.5  0.2017513
6838.75  0.1468808
6840.  0.1385258
6841.25  0.1407184
6842.5  0.136904
6843.75  0.1459245
6845.  0.1367473
6846.25  0.1132996
6847.5  0.1026204
6848.75  0.1088143
6850.  0.1154589
6851.25  0.110519
6852.5  0.1086591
6853.75  0.1067096
6855.  0.1024543
6856.25  0.113222
6857.5  0.1415318
6858.75  0.1310215
6860.  0.1131512
6861.25  0.1237041
6862.5  0.1408175
6863.75  0.1737753
6865.  0.1956232
6866.25  0.2133626
6867.5  0.2349926
6868.75  0.216482
6870.  0.2543351
6871.25  0.2626652
6872.5  0.1889529
6873.75  0.1819609
6875.  0.157829
6876.25  0.1303137
6877.5  0.1184529
6878.75  0.108964
6880.  0.10392
6881.25  0.1090564
6882.5  0.1244778
6883.75  0.1303381
6885.  0.1200081
6886.25  0.1156056
6887.5  0.1256255
6888.75  0.1306921
6890.  0.1296337
6891.25  0.1411218
6892.5  0.1599076
6893.75  0.1518129
6895.  0.1295201
6896.25  0.1294431
6897.5  0.1377328
6898.75  0.1230138
6900.  0.120809
6901.25  0.1256388
6902.5  0.1255583
6903.75  0.1446846
6905.  0.1371667
6906.25  0.1121546
6907.5  0.1088396
6908.75  0.1166868
6910.  0.12203
6911.25  0.1301689
6912.5  0.144067
6913.75  0.1518727
6915.  0.1530787
6916.25  0.1602081
6917.5  0.1591508
6918.75  0.1495519
6920.  0.1370684
6921.25  0.1231488
6922.5  0.1355403
6923.75  0.1562166
6925.  0.1714254
6926.25  0.1781195
6927.5  0.1465656
6928.75  0.1104702
6930.  0.103062
6931.25  0.1076857
6932.5  0.1068499
6933.75  0.1196522
6935.  0.1427203
6936.25  0.1374054
6937.5  0.1188548
6938.75  0.1312373
6940.  0.1650412
6941.25  0.1718059
6942.5  0.1482759
6943.75  0.1295708
6945.  0.1278435
6946.25  0.1153074
6947.5  0.1233591
6948.75  0.1790408
6950.  0.2031051
6951.25  0.1606186
6952.5  0.1551013
6953.75  0.1741996
6955.  0.1388077
6956.25  0.1133614
6957.5  0.1345515
6958.75  0.1624988
6960.  0.1498838
6961.25  0.1327464
6962.5  0.1189811
6963.75  0.111089
6965.  0.1074681
6966.25  0.1084997
6967.5  0.1245765
6968.75  0.1619618
6970.  0.1741863
6971.25  0.1658595
6972.5  0.1614546
6973.75  0.1301211
6975.  0.1160288
6976.25  0.1449142
6977.5  0.1669171
6978.75  0.1361926
6980.  0.1548853
6981.25  0.1820446
6982.5  0.1651279
6983.75  0.1784189
6985.  0.1552776
6986.25  0.1274963
6987.5  0.1163201
6988.75  0.1099568
6990.  0.1161574
6991.25  0.130139
6992.5  0.123463
6993.75  0.1073616
6995.  0.1148665
6996.25  0.1245818
6997.5  0.129332
6998.75  0.1298777
7000.  0.1199447
7001.25  0.1073092
7002.5  0.1094753
7003.75  0.1268677
7005.  0.1395933
7006.25  0.1347988
7007.5  0.1284063
7008.75  0.1360643
7010.  0.1393839
7011.25  0.1316226
7012.5  0.1452324
7013.75  0.1536377
7015.  0.1589189
7016.25  0.1716157
7017.5  0.161217
7018.75  0.1499508
7020.  0.1392601
7021.25  0.1259152
7022.5  0.1290735
7023.75  0.1391445
7025.  0.1275196
7026.25  0.1109484
7027.5  0.1194888
7028.75  0.1384018
7030.  0.1264547
7031.25  0.1073807
7032.5  0.10544
7033.75  0.1085505
7035.  0.1108118
7036.25  0.1161829
7037.5  0.1259795
7038.75  0.1320254
7040.  0.1270794
7041.25  0.1251623
7042.5  0.1328196
7043.75  0.1388724
7045.  0.1357488
7046.25  0.1401801
7047.5  0.1278532
7048.75  0.1143129
7050.  0.1392044
7051.25  0.1582206
7052.5  0.1401747
7053.75  0.1167238
7055.  0.1181794
7056.25  0.1323226
7057.5  0.1257693
7058.75  0.1073307
7060.  0.1048149
7061.25  0.1146759
7062.5  0.116101
7063.75  0.113692
7065.  0.1236883
7066.25  0.1443695
7067.5  0.1490656
7068.75  0.1525523
7070.  0.1665222
7071.25  0.1607844
7072.5  0.1209147
7073.75  0.1137923
7075.  0.1181982
7076.25  0.1080025
7077.5  0.1142141
7078.75  0.1244299
7080.  0.1330998
7081.25  0.1414972
7082.5  0.1386377
7083.75  0.1259184
7085.  0.111643
7086.25  0.1137662
7087.5  0.1277996
7088.75  0.1178535
7090.  0.1096776
7091.25  0.115251
7092.5  0.113878
7093.75  0.1070686
7095.  0.11094
7096.25  0.1127603
7097.5  0.1039091
7098.75  0.1012235
7100.  0.1053174
7101.25  0.1183537
7102.5  0.1356457
7103.75  0.1416587
7105.  0.1430824
7106.25  0.1372604
7107.5  0.1287329
7108.75  0.1235202
7110.  0.1127779
7111.25  0.1050556
7112.5  0.1024075
7113.75  0.09989788
7115.  0.1014273
7116.25  0.1072611
7117.5  0.1097723
7118.75  0.1095378
7120.  0.1110694
7121.25  0.104136
7122.5  0.09866034
7123.75  0.1064445
7125.  0.1209719
7126.25  0.1217732
7127.5  0.1174631
7128.75  0.1143398
7130.  0.1109825
7131.25  0.117328
7132.5  0.1135196
7133.75  0.09847458
7135.  0.09943993
7136.25  0.123058
7137.5  0.130594
7138.75  0.1104342
7140.  0.09866409
7141.25  0.09216616
7142.5  0.09664057
7143.75  0.1145364
7145.  0.1463807
7146.25  0.17985
7147.5  0.1669087
7148.75  0.1385621
7150.  0.1289517
7151.25  0.1209498
7152.5  0.1176691
7153.75  0.1114804
7155.  0.1068873
7156.25  0.1124545
7157.5  0.1115511
7158.75  0.1139
7160.  0.1302749
7161.25  0.1434769
7162.5  0.1255859
7163.75  0.1051989
7165.  0.100175
7166.25  0.1065317
7167.5  0.1158332
7168.75  0.117382
7170.  0.1252931
7171.25  0.1423913
7172.5  0.1312808
7173.75  0.1093566
7175.  0.105469
7176.25  0.1129883
7177.5  0.1216355
7178.75  0.1326444
7180.  0.1295286
7181.25  0.1135507
7182.5  0.1078787
7183.75  0.1083527
7185.  0.1237442
7186.25  0.1368763
7187.5  0.1163004
7188.75  0.110396
7190.  0.1127144
7191.25  0.1050649
7192.5  0.1061459
7193.75  0.1111818
7195.  0.1164379
7196.25  0.1158761
7197.5  0.1035249
7198.75  0.09486887
7200.  0.1084443
7201.25  0.1244437
7202.5  0.1097985
7203.75  0.0999398
7205.  0.1058614
7206.25  0.1151448
7207.5  0.1195823
7208.75  0.1153755
7210.  0.1135367
7211.25  0.1114948
7212.5  0.1023938
7213.75  0.09882448
7215.  0.1018429
7216.25  0.1062269
7217.5  0.1082874
7218.75  0.1027657
7220.  0.09437371
7221.25  0.09811735
7222.5  0.1151483
7223.75  0.1134555
7225.  0.1193187
7226.25  0.1339963
7227.5  0.1203237
7228.75  0.1158295
7230.  0.1195217
7231.25  0.1177199
7232.5  0.1196037
7233.75  0.1376156
7235.  0.1564425
7236.25  0.1549811
7237.5  0.1719295
7238.75  0.320619
7240.  0.3198968
7241.25  0.2416323
7242.5  0.2708794
7243.75  0.3039691
7245.  0.2960936
7246.25  0.2542296
7247.5  0.2299962
7248.75  0.2923135
7250.  0.2647568
7251.25  0.1689699
7252.5  0.1813162
7253.75  0.1847803
7255.  0.1637512
7256.25  0.1564961
7257.5  0.1657148
7258.75  0.1750277
7260.  0.1466764
7261.25  0.1206566
7262.5  0.1637222
7263.75  0.2292877
7265.  0.2735161
7266.25  0.2571567
7267.5  0.1874983
7268.75  0.1411443
7270.  0.1268083
7271.25  0.1265681
7272.5  0.1327363
7273.75  0.1559416
7275.  0.1985759
7276.25  0.3171163
7277.5  0.5077978
7278.75  0.3617219
7280.  0.2572083
7281.25  0.2566473
7282.5  0.2129593
7283.75  0.1752448
7285.  0.2058725
7286.25  0.2542456
7287.5  0.2228042
7288.75  0.1744169
7290.  0.1440071
7291.25  0.1328233
7292.5  0.1362942
7293.75  0.1362468
7295.  0.1393413
7296.25  0.1604683
7297.5  0.1843326
7298.75  0.1818535
7300.  0.1527541
7301.25  0.1283957
7302.5  0.133882
7303.75  0.1479103
7305.  0.1735359
7306.25  0.2419744
7307.5  0.326081
7308.75  0.2349009
7310.  0.1439798
7311.25  0.1379068
7312.5  0.1372318
7313.75  0.1481019
7315.  0.1763717
7316.25  0.2057894
7317.5  0.2446033
7318.75  0.24675
7320.  0.2329133
7321.25  0.2293272
7322.5  0.1629123
7323.75  0.1101048
7325.  0.122257
7326.25  0.1413391
7327.5  0.1249524
7328.75  0.1303989
7330.  0.2078338
7331.25  0.2720743
7332.5  0.232989
7333.75  0.1595144
7335.  0.120156
7336.25  0.1220443
7337.5  0.1394327
7338.75  0.1448588
7340.  0.1537526
7341.25  0.1974358
7342.5  0.246247
7343.75  0.3079524
7345.  0.3727356
7346.25  0.2856515
7347.5  0.1578906
7348.75  0.134365
7350.  0.1367791
7351.25  0.1437054
7352.5  0.1342383
7353.75  0.1310319
7355.  0.1594528
7356.25  0.155127
7357.5  0.1323662
7358.75  0.1318639
7360.  0.1411704
7361.25  0.1795941
7362.5  0.2092363
7363.75  0.1721204
7365.  0.1296941
7366.25  0.1326471
7367.5  0.1623372
7368.75  0.1884523
7370.  0.2308749
7371.25  0.2875712
7372.5  0.3148378
7373.75  0.2645343
7375.  0.1953532
7376.25  0.1457102
7377.5  0.1236071
7378.75  0.110662
7380.  0.1080315
7381.25  0.1353323
7382.5  0.1712862
7383.75  0.1515423
7385.  0.1158435
7386.25  0.1085976
7387.5  0.1171828
7388.75  0.1295286
7390.  0.1335771
7391.25  0.143512
7392.5  0.1807099
7393.75  0.2403502
7395.  0.2022497
7396.25  0.1456628
7397.5  0.1492823
7398.75  0.1534544
7400.  0.1607025
7401.25  0.1856505
7402.5  0.2002522
7403.75  0.2119238
7405.  0.2102142
7406.25  0.1929591
7407.5  0.1804326
7408.75  0.1478753
7410.  0.1432264
7411.25  0.1848001
7412.5  0.1673721
7413.75  0.1295767
7415.  0.1459552
7416.25  0.1625064
7417.5  0.1354738
7418.75  0.1255519
7420.  0.1389738
7421.25  0.1212042
7422.5  0.115536
7423.75  0.1356544
7425.  0.1576738
7426.25  0.1651689
7427.5  0.131209
7428.75  0.1203209
7430.  0.1621914
7431.25  0.181384
7432.5  0.1770853
7433.75  0.1827849
7435.  0.1754708
7436.25  0.1360124
7437.5  0.1521024
7438.75  0.1950396
7440.  0.1508436
7441.25  0.1210941
7442.5  0.1504087
7443.75  0.2017003
7445.  0.1740537
7446.25  0.1204979
7447.5  0.1140621
7448.75  0.1141866
7450.  0.123896
7451.25  0.1357082
7452.5  0.1325516
7453.75  0.1209508
7455.  0.1280078
7456.25  0.1577319
7457.5  0.1761545
7458.75  0.1507381
7460.  0.1350757
7461.25  0.1389423
7462.5  0.1448388
7463.75  0.1592382
7465.  0.1622574
7466.25  0.1387758
7467.5  0.1175178
7468.75  0.1183609
7470.  0.1384232
7471.25  0.1532609
7472.5  0.1463341
7473.75  0.1503789
7475.  0.1691452
7476.25  0.1742851
7477.5  0.1726985
7478.75  0.1782078
7480.  0.1932166
7481.25  0.2080176
7482.5  0.2069977
7483.75  0.1981297
7485.  0.1921287
7486.25  0.1863846
7487.5  0.1813257
7488.75  0.1736341
7490.  0.1585044
7491.25  0.142389
7492.5  0.1383782
7493.75  0.1400408
7495.  0.130804
7496.25  0.1396977
7497.5  0.1531395
7498.75  0.1366505
7500.  0.1185723
7501.25  0.1173412
7502.5  0.1267876
7503.75  0.1342019
7505.  0.1394052
7506.25  0.1462079
7507.5  0.14096
7508.75  0.1221082
7510.  0.1282175
7511.25  0.1431203
7512.5  0.1327843
7513.75  0.1302271
7515.  0.1338985
7516.25  0.1355365
7517.5  0.1452462
7518.75  0.1406859
7520.  0.1310836
7521.25  0.1379355
7522.5  0.1578351
7523.75  0.1644711
7525.  0.1719697
7526.25  0.2140791
7527.5  0.2350436
7528.75  0.1909911
7530.  0.1407526
7531.25  0.1371566
7532.5  0.1614913
7533.75  0.161173
7535.  0.1347474
7536.25  0.1385144
7537.5  0.1346645
7538.75  0.1146748
7540.  0.1283841
7541.25  0.1392155
7542.5  0.1316821
7543.75  0.1257873
7545.  0.1178288
7546.25  0.1079131
7547.5  0.1076634
7548.75  0.1266172
7550.  0.1456402
7551.25  0.1438387
7552.5  0.1311199
7553.75  0.123903
7555.  0.1245569
7556.25  0.1309098
7557.5  0.1376595
7558.75  0.1379153
7560.  0.1325967
7561.25  0.1310052
7562.5  0.1410358
7563.75  0.1442565
7565.  0.1349383
7566.25  0.1337815
7567.5  0.142841
7568.75  0.1534243
7570.  0.1497421
7571.25  0.13731
7572.5  0.1483587
7573.75  0.1725885
7575.  0.1795924
7576.25  0.167355
7577.5  0.1618962
7578.75  0.1596667
7580.  0.1291012
7581.25  0.1167355
7582.5  0.1200896
7583.75  0.1158988
7585.  0.1198972
7586.25  0.1268636
7587.5  0.1282085
7588.75  0.1361597
7590.  0.165144
7591.25  0.1700201
7592.5  0.1276371
7593.75  0.1322277
7595.  0.1732437
7596.25  0.2131986
7597.5  0.2475765
7598.75  0.2598833
7600.  0.3026141
7601.25  0.3986386
7602.5  0.3903937
7603.75  0.3229866
7605.  0.2906522
7606.25  0.2912463
7607.5  0.310136
7608.75  0.3049711
7610.  0.2632163
7611.25  0.2469579
7612.5  0.2695809
7613.75  0.2797582
7615.  0.2201041
7616.25  0.1800478
7617.5  0.1583722
7618.75  0.1333471
7620.  0.1420887
7621.25  0.1617422
7622.5  0.1668364
7623.75  0.178254
7625.  0.1841176
7626.25  0.1940599
7627.5  0.2262875
7628.75  0.2320545
7630.  0.2303835
7631.25  0.2427836
7632.5  0.2422865
7633.75  0.2726839
7635.  0.2856722
7636.25  0.2128459
7637.5  0.1978493
7638.75  0.1950909
7640.  0.1531886
7641.25  0.1361549
7642.5  0.1424364
7643.75  0.1495342
7645.  0.1404381
7646.25  0.1331042
7647.5  0.1337599
7648.75  0.1463194
7650.  0.1837783
7651.25  0.1901584
7652.5  0.1490229
7653.75  0.1355182
7655.  0.1596646
7656.25  0.1790846
7657.5  0.1524504
7658.75  0.1169663
7660.  0.1108744
7661.25  0.1380793
7662.5  0.1631766
7663.75  0.1426956
7665.  0.124213
7666.25  0.1346698
7667.5  0.1373906
7668.75  0.1288461
7670.  0.1259742
7671.25  0.1243269
7672.5  0.1244269
7673.75  0.1293484
7675.  0.1424365
7676.25  0.1556425
7677.5  0.1343694
7678.75  0.1015739
7680.  0.1200196
7681.25  0.1503093
7682.5  0.1452148
7683.75  0.1312198
7685.  0.1245231
7686.25  0.1279222
7687.5  0.1345493
7688.75  0.1285094
7690.  0.1270245
7691.25  0.1427632
7692.5  0.1566706
7693.75  0.1572571
7695.  0.142434
7696.25  0.1236236
7697.5  0.1216417
7698.75  0.1223206
7700.  0.1153094
7701.25  0.1203161
7702.5  0.1316904
7703.75  0.1352779
7705.  0.130146
7706.25  0.1306565
7707.5  0.1345947
7708.75  0.1328373
7710.  0.137569
7711.25  0.1435526
7712.5  0.1509035
7713.75  0.1731357
7715.  0.2016207
7716.25  0.2271456
7717.5  0.2536831
7718.75  0.3181359
7720.  0.4343017
7721.25  0.4690433
7722.5  0.2907901
7723.75  0.1698911
7725.  0.1493394
7726.25  0.1306905
7727.5  0.1387977
7728.75  0.1775812
7730.  0.2117788
7731.25  0.220028
7732.5  0.1963908
7733.75  0.1641701
7735.  0.144531
7736.25  0.1388782
7737.5  0.150356
7738.75  0.1729809
7740.  0.1686619
7741.25  0.149036
7742.5  0.1466474
7743.75  0.133063
7745.  0.1184187
7746.25  0.1296974
7747.5  0.1617043
7748.75  0.1556013
7750.  0.1426908
7751.25  0.1892599
7752.5  0.3319536
7753.75  0.5173931
7755.  0.490685
7756.25  0.3871256
7757.5  0.2554364
7758.75  0.1628151
7760.  0.1469459
7761.25  0.1681256
7762.5  0.2203014
7763.75  0.3019406
7765.  0.2961176
7766.25  0.2028165
7767.5  0.1694424
7768.75  0.1439052
7770.  0.1305534
7771.25  0.1368899
7772.5  0.1370196
7773.75  0.1389166
7775.  0.1540405
7776.25  0.1662496
7777.5  0.1507036
7778.75  0.1355155
7780.  0.1585249
7781.25  0.1644954
7782.5  0.1518058
7783.75  0.1520759
7785.  0.1734947
7786.25  0.1864621
7787.5  0.1641343
7788.75  0.1447431
7790.  0.1435553
7791.25  0.1620902
7792.5  0.1922504
7793.75  0.2056892
7795.  0.2268033
7796.25  0.2784874
7797.5  0.347614
7798.75  0.3495454
7800.  0.2368635
7801.25  0.17491
7802.5  0.1545275
7803.75  0.1398368
7805.  0.1396602
7806.25  0.1532857
7807.5  0.1494985
7808.75  0.1291173
7810.  0.1275225
7811.25  0.1520092
7812.5  0.1836365
7813.75  0.1573437
7815.  0.1365227
7816.25  0.1656148
7817.5  0.1805356
7818.75  0.164413
7820.  0.1979295
7821.25  0.3516594
7822.5  0.4403045
7823.75  0.3588089
7825.  0.2705351
7826.25  0.3323109
7827.5  0.3891023
7828.75  0.1989431
7830.  0.1478969
7831.25  0.127115
7832.5  0.1095498
7833.75  0.1300828
7835.  0.142261
7836.25  0.1285841
7837.5  0.1263302
7838.75  0.135169
7840.  0.1558959
7841.25  0.1815168
7842.5  0.1890879
7843.75  0.2144464
7845.  0.2657174
7846.25  0.2238197
7847.5  0.1886896
7848.75  0.193094
7850.  0.155425
7851.25  0.1325106
7852.5  0.1525376
7853.75  0.2065754
7855.  0.2354755
7856.25  0.2798289
7857.5  0.4573876
7858.75  0.4867621
7860.  0.2232174
7861.25  0.1689363
7862.5  0.2010012
7863.75  0.2510232
7865.  0.2471509
7866.25  0.1850138
7867.5  0.1453298
7868.75  0.1741565
7870.  0.2841451
7871.25  0.2933599
7872.5  0.252268
7873.75  0.2979792
7875.  0.4085377
7876.25  0.340687
7877.5  0.1891264
7878.75  0.1564341
7880.  0.1952478
7881.25  0.2513325
7882.5  0.2658026
7883.75  0.2534574
7885.  0.2579921
7886.25  0.2690957
7887.5  0.2284392
7888.75  0.1656314
7890.  0.1520422
7891.25  0.2003879
7892.5  0.2484503
7893.75  0.2220009
7895.  0.1906824
7896.25  0.1881246
7897.5  0.1792729
7898.75  0.1503118
7900.  0.1252616
7901.25  0.1256838
7902.5  0.1575716
7903.75  0.1380643
7905.  0.1144397
7906.25  0.1559279
7907.5  0.1742979
7908.75  0.1553658
7910.  0.1708672
7911.25  0.2146074
7912.5  0.2592849
7913.75  0.2738162
7915.  0.2757338
7916.25  0.2730487
7917.5  0.2916552
7918.75  0.5356925
7920.  0.6118457
7921.25  0.2111444
7922.5  0.1883364
7923.75  0.2885342
7925.  0.8515278
7926.25  0.9106267
7927.5  0.3758162
7928.75  0.2391822
7930.  0.2768517
7931.25  0.2726826
7932.5  0.2394087
7933.75  0.2417136
7935.  0.2938043
7936.25  0.2697221
7937.5  0.163291
7938.75  0.1587098
7940.  0.1790059
7941.25  0.1301021
7942.5  0.1180178
7943.75  0.120555
7945.  0.120739
7946.25  0.1428285
7947.5  0.1538434
7948.75  0.1527694
7950.  0.195656
7951.25  0.2095495
7952.5  0.1832859
7953.75  0.1896246
7955.  0.1825461
7956.25  0.1527446
7957.5  0.1363124
7958.75  0.1242293
7960.  0.110093
7961.25  0.1033079
7962.5  0.1205704
7963.75  0.1631454
7965.  0.2118839
7966.25  0.2518437
7967.5  0.2813605
7968.75  0.3160364
7970.  0.3529354
7971.25  0.3190764
7972.5  0.2156225
7973.75  0.1576338
7975.  0.1410721
7976.25  0.1415584
7977.5  0.1444257
7978.75  0.181354
7980.  0.2130933
7981.25  0.181309
7982.5  0.1678058
7983.75  0.1921607
7985.  0.2259818
7986.25  0.2045943
7987.5  0.1579765
7988.75  0.1490182
7990.  0.1545308
7991.25  0.1453094
7992.5  0.1622622
7993.75  0.3790918
7995.  0.4694731
7996.25  0.3131141
7997.5  0.2784472
7998.75  0.3316789
8000.  0.2588433
8001.25  0.1591325
8002.5  0.1337096
8003.75  0.1468201
8005.  0.1419031
8006.25  0.1247844
8007.5  0.1256646
8008.75  0.1473825
8010.  0.1524993
8011.25  0.1338419
8012.5  0.1388699
8013.75  0.1599975
8015.  0.1933584
8016.25  0.2409495
8017.5  0.2430355
8018.75  0.1945376
8020.  0.1589899
8021.25  0.1580618
8022.5  0.1753238
8023.75  0.1944745
8025.  0.217752
8026.25  0.2434953
8027.5  0.252659
8028.75  0.2282677
8030.  0.2302298
8031.25  0.2921066
8032.5  0.2645137
8033.75  0.1945095
8035.  0.1930117
8036.25  0.1712197
8037.5  0.1325793
8038.75  0.113753
8040.  0.1119169
8041.25  0.1148865
8042.5  0.1149804
8043.75  0.1158483
8045.  0.1134964
8046.25  0.1101314
8047.5  0.1159736
8048.75  0.1232001
8050.  0.130625
8051.25  0.1522227
8052.5  0.1828388
8053.75  0.1922773
8055.  0.1709962
8056.25  0.1583343
8057.5  0.1508309
8058.75  0.1274741
8060.  0.131549
8061.25  0.1659197
8062.5  0.1861592
8063.75  0.236112
8065.  0.3031124
8066.25  0.2825142
8067.5  0.2018627
8068.75  0.1434811
8070.  0.1267923
8071.25  0.1376002
8072.5  0.146587
8073.75  0.1346465
8075.  0.1243715
8076.25  0.1295177
8077.5  0.1428653
8078.75  0.1438799
8080.  0.1338809
8081.25  0.1293405
8082.5  0.1332757
8083.75  0.1453684
8085.  0.156096
8086.25  0.1467057
8087.5  0.1390654
8088.75  0.150747
8090.  0.1621883
8091.25  0.1618497
8092.5  0.1526051
8093.75  0.1394289
8095.  0.1385396
8096.25  0.1572651
8097.5  0.1807561
8098.75  0.1715072
8100.  0.1362068
8101.25  0.1355008
8102.5  0.1587492
8103.75  0.1746718
8105.  0.1727201
8106.25  0.1596622
8107.5  0.1481192
8108.75  0.1490877
8110.  0.1544089
8111.25  0.1508562
8112.5  0.1400604
8113.75  0.1229035
8115.  0.1107447
8116.25  0.1204492
8117.5  0.1526686
8118.75  0.1776078
8120.  0.1540141
8121.25  0.12799
8122.5  0.1239239
8123.75  0.1290374
8125.  0.1360644
8126.25  0.1387253
8127.5  0.1334795
8128.75  0.1262969
8130.  0.1261827
8131.25  0.1363735
8132.5  0.1379796
8133.75  0.1253057
8135.  0.1226041
8136.25  0.1387699
8137.5  0.1658644
8138.75  0.176568
8140.  0.1697405
8141.25  0.167159
8142.5  0.1769462
8143.75  0.1669237
8145.  0.1380731
8146.25  0.1266298
8147.5  0.142395
8148.75  0.1602152
8150.  0.138886
8151.25  0.1347031
8152.5  0.1650233
8153.75  0.1591256
8155.  0.1406888
8156.25  0.1529624
8157.5  0.1703467
8158.75  0.1602571
8160.  0.1343513
8161.25  0.1317616
8162.5  0.134863
8163.75  0.1279327
8165.  0.1206516
8166.25  0.1132443
8167.5  0.10997
8168.75  0.1255521
8170.  0.1569965
8171.25  0.1757566
8172.5  0.163505
8173.75  0.1400525
8175.  0.133234
8176.25  0.1620214
8177.5  0.1758035
8178.75  0.1470055
8180.  0.1405718
8181.25  0.1430889
8182.5  0.1368663
8183.75  0.1446729
8185.  0.1491824
8186.25  0.1412795
8187.5  0.1599372
8188.75  0.1770514
8190.  0.1597518
8191.25  0.1577412
8192.5  0.1487552
8193.75  0.1232213
8195.  0.131267
8196.25  0.1504417
8197.5  0.1516442
8198.75  0.16442
8200.  0.170257
8201.25  0.1451872
8202.5  0.1303952
8203.75  0.1327005
8205.  0.1395081
8206.25  0.1558799
8207.5  0.1537252
8208.75  0.1242866
8210.  0.1123367
8211.25  0.123177
8212.5  0.1510158
8213.75  0.1849717
8215.  0.1846491
8216.25  0.1484242
8217.5  0.1340301
8218.75  0.1471631
8220.  0.1644623
8221.25  0.1450375
8222.5  0.1156443
8223.75  0.1213096
8225.  0.1389083
8226.25  0.143564
8227.5  0.1316499
8228.75  0.120069
8230.  0.1252323
8231.25  0.1568068
8232.5  0.1609497
8233.75  0.1424899
8235.  0.1638233
8236.25  0.2016392
8237.5  0.2097394
8238.75  0.1878471
8240.  0.1594652
8241.25  0.1438866
8242.5  0.1399124
8243.75  0.1417358
8245.  0.1506144
8246.25  0.1709701
8247.5  0.1818009
8248.75  0.1684654
8250.  0.1526538
8251.25  0.1392514
8252.5  0.1298704
8253.75  0.1312018
8255.  0.1330869
8256.25  0.1248775
8257.5  0.1137771
8258.75  0.1116823
8260.  0.1216355
8261.25  0.1315554
8262.5  0.1396566
8263.75  0.1490682
8265.  0.1477887
8266.25  0.1414052
8267.5  0.1402669
8268.75  0.138153
8270.  0.1302538
8271.25  0.1203453
8272.5  0.1168543
8273.75  0.1223942
8275.  0.1343768
8276.25  0.1418509
8277.5  0.1393661
8278.75  0.1397072
8280.  0.1559052
8281.25  0.1888063
8282.5  0.2279357
8283.75  0.2706771
8285.  0.3415524
8286.25  0.4981374
8287.5  0.5186728
8288.75  0.3324606
8290.  0.2088466
8291.25  0.1898107
8292.5  0.2132906
8293.75  0.2287647
8295.  0.2417161
8296.25  0.2903376
8297.5  0.3396458
8298.75  0.3980143
8300.  0.4316001
8301.25  0.3219699
8302.5  0.2531902
8303.75  0.2888228
8305.  0.2695603
8306.25  0.1801448
8307.5  0.1709524
8308.75  0.2011603
8310.  0.2132153
8311.25  0.1870961
8312.5  0.176949
8313.75  0.2091085
8315.  0.361386
8316.25  0.3780364
8317.5  0.2011214
8318.75  0.1252293
8320.  0.1276561
8321.25  0.1572902
8322.5  0.1693447
8323.75  0.1518742
8325.  0.1328764
8326.25  0.1295524
8327.5  0.1475803
8328.75  0.1749862
8330.  0.161386
8331.25  0.1391886
8332.5  0.1399856
8333.75  0.1385831
8335.  0.1321185
8336.25  0.133408
8337.5  0.1306289
8338.75  0.141795
8340.  0.2117758
8341.25  0.2474446
8342.5  0.2093729
8343.75  0.2605816
8345.  0.3607671
8346.25  0.3862346
8347.5  0.6812381
8348.75  -2.736339
8350.  44.20728
8351.25  22.79115
8352.5  -2.792837
8353.75  0.5800413
8355.  0.1824434
8356.25  0.1703577
8357.5  0.2403044
8358.75  0.2950348
8360.  0.2238274
8361.25  0.1946345
8362.5  0.2201282
8363.75  0.2433234
8365.  0.2157826
8366.25  0.1987522
8367.5  0.1984276
8368.75  0.1846645
8370.  0.1906555
8371.25  0.2189443
8372.5  0.2013656
8373.75  0.1677646
8375.  0.1635979
8376.25  0.1577028
8377.5  0.1580527
8378.75  0.1743224
8380.  0.1798386
8381.25  0.181284
8382.5  0.2078909
8383.75  0.2920394
8385.  0.3030063
8386.25  0.1947175
8387.5  0.1620239
8388.75  0.2237989
8390.  0.2268598
8391.25  0.1754726
8392.5  0.1543008
8393.75  0.1645506
8395.  0.1578015
8396.25  0.1324559
8397.5  0.252773
8398.75  0.6749215
8400.  0.7663959
8401.25  0.3551893
8402.5  0.3050524
8403.75  0.7199836
8405.  0.6787496
8406.25  0.1686269
8407.5  0.2089907
8408.75  0.2559473
8410.  0.1967462
8411.25  0.1619187
8412.5  0.1494796
8413.75  0.1626323
8415.  0.3060378
8416.25  0.3155668
8417.5  0.211651
8418.75  0.2407112
8420.  0.36033
8421.25  0.2737193
8422.5  0.1645784
8423.75  0.1363601
8425.  0.1540992
8426.25  0.192708
8427.5  0.2229724
8428.75  0.2511945
8430.  0.2951811
8431.25  0.3045661
8432.5  0.2662999
8433.75  0.2746298
8435.  0.6926809
8436.25  0.9662051
8437.5  0.51835
8438.75  0.2052027
8440.  0.1757882
8441.25  0.1687291
8442.5  0.1500945
8443.75  0.1443108
8445.  0.1599998
8446.25  0.1852185
8447.5  0.1909253
8448.75  0.1765701
8450.  0.1810317
8451.25  0.2523291
8452.5  0.3547361
8453.75  0.2994139
8455.  0.2349777
8456.25  0.2192668
8457.5  0.2100772
8458.75  0.1942383
8460.  0.1833465
8461.25  0.2033413
8462.5  0.2268478
8463.75  0.219253
8465.  0.288979
8466.25  0.3793532
8467.5  0.3356602
8468.75  0.2594987
8470.  0.2203287
8471.25  0.2285443
8472.5  0.2752829
8473.75  0.2437522
8475.  0.186441
8476.25  0.1500683
8477.5  0.1291056
8478.75  0.1407057
8480.  0.1739836
8481.25  0.1700046
8482.5  0.1475032
8483.75  0.1420939
8485.  0.1587881
8486.25  0.1766715
8487.5  0.1686531
8488.75  0.1554957
8490.  0.1551844
8491.25  0.1774369
8492.5  0.2318793
8493.75  0.3877594
8495.  0.5823343
8496.25  0.4347145
8497.5  0.2118199
8498.75  0.2069134
8500.  0.204577
8501.25  0.1565509
8502.5  0.1333962
8503.75  0.176229
8505.  0.271186
8506.25  0.2535736
8507.5  0.2005907
8508.75  0.1913057
8510.  0.2179802
8511.25  0.2419805
8512.5  0.1773211
8513.75  0.1426318
8515.  0.1556378
8516.25  0.1469498
8517.5  0.1381368
8518.75  0.1709027
8520.  0.2130655
8521.25  0.2510078
8522.5  0.3195798
8523.75  0.7655853
8525.  3.922678
8526.25  3.088224
8527.5  0.0961595
8528.75  0.1994111
8530.  0.1446297
8531.25  0.1409658
8532.5  0.1459682
8533.75  0.1672926
8535.  0.1791608
8536.25  0.1572032
8537.5  0.1537763
8538.75  0.1778804
8540.  0.1910534
8541.25  0.1843824
8542.5  0.1821081
8543.75  0.2468191
8545.  0.324729
8546.25  0.2512286
8547.5  0.3260176
8548.75  0.5497164
8550.  0.4988358
8551.25  0.272817
8552.5  0.1928689
8553.75  0.2432791
8555.  0.266767
8556.25  0.1909295
8557.5  0.1959051
8558.75  0.2303191
8560.  0.1913299
8561.25  0.162657
8562.5  0.1586773
8563.75  0.1388939
8565.  0.1256519
8566.25  0.1292267
8567.5  0.1411291
8568.75  0.1486512
8570.  0.1447381
8571.25  0.1411615
8572.5  0.1421493
8573.75  0.1477868
8575.  0.1637303
8576.25  0.1675006
8577.5  0.1372915
8578.75  0.1261253
8580.  0.1485898
8581.25  0.1735891
8582.5  0.173705
8583.75  0.1584508
8585.  0.153687
8586.25  0.1563122
8587.5  0.1577553
8588.75  0.1870538
8590.  0.2247937
8591.25  0.1996641
8592.5  0.1634738
8593.75  0.1544106
8595.  0.1506969
8596.25  0.1715911
8597.5  0.2326359
8598.75  0.2127333
8600.  0.1660774
8601.25  0.1777928
8602.5  0.1904119
8603.75  0.1546679
8605.  0.1263612
8606.25  0.1260822
8607.5  0.147112
8608.75  0.1524115
8610.  0.1437032
8611.25  0.1595441
8612.5  0.1812613
8613.75  0.1818074
8615.  0.1661431
8616.25  0.154563
8617.5  0.1630322
8618.75  0.2157151
8620.  0.2690561
8621.25  0.2501744
8622.5  0.2237692
8623.75  0.2387743
8625.  0.2800058
8626.25  0.243223
8627.5  0.1876512
8628.75  0.2368274
8630.  0.3151425
8631.25  0.2335531
8632.5  0.1990245
8633.75  0.2139635
8635.  0.2090005
8636.25  0.2577643
8637.5  0.3493551
8638.75  0.2844501
8640.  0.2123944
8641.25  0.264601
8642.5  0.2976827
8643.75  0.2557023
8645.  0.2284216
8646.25  0.2381563
8647.5  0.2581773
8648.75  0.2365293
8650.  0.1972021
8651.25  0.1825458
8652.5  0.2066839
8653.75  0.2250935
8655.  0.2018644
8656.25  0.247308
8657.5  0.3513692
8658.75  0.2201261
8660.  0.2063194
8661.25  0.4385734
8662.5  0.3763779
8663.75  0.2021772
8665.  0.2269011
8666.25  0.2405897
8667.5  0.2000979
8668.75  0.4779053
8670.  0.7060837
8671.25  0.3149616
8672.5  0.3397575
8673.75  0.3694416
8675.  0.2127019
8676.25  0.1840479
8677.5  0.2775311
8678.75  0.2963373
8680.  0.2713553
8681.25  0.2734109
8682.5  0.2091202
8683.75  0.1611951
8685.  0.1704332
8686.25  0.1754204
8687.5  0.1728139
8688.75  0.2041922
8690.  0.2096634
8691.25  0.1670204
8692.5  0.1669829
8693.75  0.2019316
8695.  0.2223267
8696.25  0.2427841
8697.5  0.2694577
8698.75  0.2587666
8700.  0.2157829
8701.25  0.1823916
8702.5  0.1776427
8703.75  0.190986
8705.  0.2061827
8706.25  0.2137655
8707.5  0.219876
8708.75  0.2375302
8710.  0.2420752
8711.25  0.2201309
8712.5  0.1973202
8713.75  0.1796788
8715.  0.1672675
8716.25  0.1732948
8717.5  0.1917735
8718.75  0.1930579
8720.  0.1782862
8721.25  0.1693268
8722.5  0.1814562
8723.75  0.204107
8725.  0.2102133
8726.25  0.2067977
8727.5  0.1974209
8728.75  0.1744876
8730.  0.1610056
8731.25  0.1701133
8732.5  0.1898642
8733.75  0.1835449
8735.  0.1490247
8736.25  0.1442233
8737.5  0.1795309
8738.75  0.2032168
8740.  0.1955812
8741.25  0.1830038
8742.5  0.1857486
8743.75  0.1936305
8745.  0.1882842
8746.25  0.2017191
8747.5  0.2303783
8748.75  0.1889577
8750.  0.1490347
8751.25  0.1626792
8752.5  0.1869334
8753.75  0.1848779
8755.  0.1697678
8756.25  0.1588386
8757.5  0.1735406
8758.75  0.2846962
8760.  0.4503818
8761.25  0.4623913
8762.5  0.3979158
8763.75  0.3820101
8765.  0.4025762
8766.25  0.4249525
8767.5  0.4437689
8768.75  0.5699932
8770.  0.5448738
8771.25  0.3405176
8772.5  0.260787
8773.75  0.3525784
8775.  0.4261511
8776.25  1.1269
8777.5  1.158411
8778.75  -18.94303
8780.  -1.602028
8781.25  0.9071127
8782.5  0.1271855
8783.75  0.2111386
8785.  0.2295443
8786.25  0.2369818
8787.5  0.2616044
8788.75  0.2470682
8790.  0.2085614
8791.25  0.7239543
8792.5  0.9624257
8793.75  0.3237312
8795.  0.3189107
8796.25  0.456916
8797.5  0.3465872
8798.75  0.1854892
8800.  0.1861117
8801.25  0.2279669
8802.5  0.246804
8803.75  0.2050271
8805.  0.1707829
8806.25  0.1887486
8807.5  0.3513499
8808.75  0.5304856
8810.  0.293983
8811.25  0.1933585
8812.5  0.1855131
8813.75  0.180842
8815.  0.1852329
8816.25  0.1954195
8817.5  0.1898938
8818.75  0.1990929
8820.  0.2762655
8821.25  0.3436351
8822.5  0.2922948
8823.75  0.178859
8825.  0.7527729
8826.25  -1.725461
8827.5  2.026336
8828.75  3.154739
8830.  0.292426
8831.25  0.4500239
8832.5  0.6524286
8833.75  0.4830754
8835.  0.2606431
8836.25  0.3471783
8837.5  0.6212351
8838.75  0.6117671
8840.  0.358862
8841.25  0.2634679
8842.5  0.3147433
8843.75  0.3550169
8845.  0.2831104
8846.25  0.3002466
8847.5  0.3113153
8848.75  0.2607353
8850.  0.3209188
8851.25  0.3844925
8852.5  0.3066403
8853.75  0.2608195
8855.  0.2710708
8856.25  0.2396626
8857.5  0.203106
8858.75  0.2117787
8860.  0.2227817
8861.25  0.2274534
8862.5  0.2507376
8863.75  0.2479112
8865.  0.2153531
8866.25  0.377658
8867.5  0.9239334
8868.75  -1.691312
8870.  0.4218212
8871.25  0.3443574
8872.5  0.1899339
8873.75  0.2664444
8875.  0.3038067
8876.25  0.2498999
8877.5  0.2117408
8878.75  0.2627725
8880.  0.4061547
8881.25  0.4586934
8882.5  0.2786151
8883.75  0.441489
8885.  0.005665353
8886.25  -0.5172477
8887.5  -0.6513704
8888.75  0.2048082
8890.  0.5102816
8891.25  0.1903622
8892.5  0.1949982
8893.75  0.1801325
8895.  0.2229826
8896.25  0.2632407
8897.5  0.2055489
8898.75  0.1916906
8900.  0.2603811
8901.25  0.3711525
8902.5  0.5356626
8903.75  0.6653
8905.  0.5776395
8906.25  0.3892111
8907.5  0.236923
8908.75  0.1913316
8910.  0.2684304
8911.25  0.3148535
8912.5  0.2343033
8913.75  0.2085406
8915.  0.2207047
8916.25  0.2361812
8917.5  0.1962073
8918.75  0.8652964
8920.  -1.942426
8921.25  -0.2748707
8922.5  0.8506621
8923.75  0.2256748
8925.  0.2380471
8926.25  0.3622433
8927.5  0.5867988
8928.75  0.3422247
8930.  0.3010676
8931.25  0.3589327
8932.5  0.274702
8933.75  0.2339214
8935.  0.2674127
8936.25  0.343384
8937.5  0.330538
8938.75  0.2218728
8940.  0.2251981
8941.25  0.284564
8942.5  0.2916302
8943.75  0.3966674
8945.  0.5831161
8946.25  0.4480299
8947.5  0.2285845
8948.75  0.1807454
8950.  0.1995975
8951.25  0.2918346
8952.5  0.264225
8953.75  0.1992932
8955.  0.2609428
8956.25  0.4112643
8957.5  1.048045
8958.75  3.441911
8960.  1.106393
8961.25  0.2242568
8962.5  0.2124552
8963.75  0.2662215
8965.  0.3005213
8966.25  0.2565462
8967.5  0.2329569
8968.75  0.2151358
8970.  0.202476
8971.25  0.2296454
8972.5  0.2454468
8973.75  0.222601
8975.  0.2508097
8976.25  0.3113942
8977.5  0.2759745
8978.75  0.2288591
8980.  0.2541608
8981.25  0.2621415
8982.5  0.2286754
8983.75  0.194544
8985.  0.179607
8986.25  0.1953885
8987.5  0.488202
8988.75  1.453049
8990.  0.8440268
8991.25  0.4531455
8992.5  0.386102
8993.75  0.3789849
8995.  0.3477567
8996.25  0.2463317
8997.5  0.2156488
8998.75  0.1810824
9000.  1.269268
9001.25  1.422625
9002.5  -1.802385
9003.75  -1.255036
9005.  0.4262767
9006.25  0.205165
9007.5  0.383918
9008.75  0.3331708
9010.  0.2177361
9011.25  0.2527499
9012.5  0.2621652
9013.75  0.2674877
9015.  0.3772027
9016.25  0.4234817
9017.5  0.3210672
9018.75  0.2402372
9020.  0.1962629
9021.25  0.1705314
9022.5  0.1741689
9023.75  0.193593
9025.  0.1852254
9026.25  0.1922027
9027.5  0.251876
9028.75  0.2384282
9030.  0.1549226
9031.25  0.1580211
9032.5  0.1818814
9033.75  0.1732367
9035.  0.189112
9036.25  0.2610182
9037.5  0.2853356
9038.75  0.2984092
9040.  0.4031632
9041.25  0.4575462
9042.5  0.4029928
9043.75  0.3432143
9045.  0.2801579
9046.25  0.2278332
9047.5  0.2341961
9048.75  0.3902437
9050.  0.9328993
9051.25  1.088573
9052.5  0.4730191
9053.75  0.3021953
9055.  0.3090869
9056.25  0.3312169
9057.5  0.3121299
9058.75  0.2538781
9060.  0.21702
9061.25  0.2105762
9062.5  0.2261787
9063.75  0.2492858
9065.  0.2640197
9066.25  0.2842243
9067.5  0.3283214
9068.75  0.4010325
9070.  0.4177573
9071.25  0.3523999
9072.5  0.3143731
9073.75  0.3386542
9075.  0.4056209
9076.25  0.3731877
9077.5  0.2526261
9078.75  0.2169131
9080.  0.2697074
9081.25  0.339322
9082.5  0.3263608
9083.75  0.2482089
9085.  0.2293662
9086.25  0.2732001
9087.5  0.2962451
9088.75  0.2719366
9090.  0.2554396
9091.25  0.2614587
9092.5  0.2749161
9093.75  0.2621483
9095.  0.2316089
9096.25  0.209719
9097.5  0.2112686
9098.75  0.2364095
9100.  0.2508453
9101.25  0.3030614
9102.5  0.5489386
9103.75  0.4570547
9105.  0.2483474
9106.25  0.2146701
9107.5  0.2690051
9108.75  0.3200935
9110.  0.280862
9111.25  0.2055763
9112.5  0.2117347
9113.75  0.2821244
9115.  0.2910635
9116.25  0.2402929
9117.5  0.2115879
9118.75  0.21648
9120.  0.2498016
9121.25  0.2951479
9122.5  0.3133462
9123.75  0.2886501
9125.  0.2716855
9126.25  0.2571416
9127.5  0.2170377
9128.75  0.1976233
9130.  0.2239103
9131.25  0.2543949
9132.5  0.2611144
9133.75  0.2556492
9135.  0.2438373
9136.25  0.2321354
9137.5  0.2351646
9138.75  0.2530258
9140.  0.2742347
9141.25  0.2743461
9142.5  0.2459392
9143.75  0.2631283
9145.  0.3317119
9146.25  0.3191749
9147.5  0.25477
9148.75  0.2355258
9150.  0.2195074
9151.25  0.1949648
9152.5  0.1843958
9153.75  0.2096853
9155.  0.3169802
9156.25  0.3916831
9157.5  0.3365146
9158.75  0.3157444
9160.  0.3591307
9161.25  0.3606898
9162.5  0.4038774
9163.75  0.5157171
9165.  0.3710693
9166.25  0.2269125
9167.5  0.2496045
9168.75  0.372109
9170.  0.3942223
9171.25  0.3360164
9172.5  0.2810026
9173.75  0.2331112
9175.  0.238586
9176.25  0.3801602
9177.5  0.5701413
9178.75  0.474167
9180.  0.2610535
9181.25  0.1967433
9182.5  0.2922782
9183.75  0.4573946
9185.  0.4532061
9186.25  0.3685891
9187.5  0.3262494
9188.75  0.2876578
9190.  0.3267796
9191.25  0.4899846
9192.5  0.3863586
9193.75  0.2455498
9195.  0.2939549
9196.25  0.3294863
9197.5  0.1281269
9198.75  -0.01790684
9200.  -0.01315602
9201.25  0.003327891
9202.5  0.001203342
